#    Model               GR#     GDT_TS   NP_P    RANK  Z-M1-GDT  Z-M1s-GDT  Z-MA-GDT  Z-MAs-GDT  GDT_HA   Z-M1s-GDT-HA  GDC_SC   GDC_ALL  RMS_CA   RMS_ALL  NP    err  PC01  PC05  AL0_P  AL4_P  Z-M1-AL0_p  Z-M1s-AL0_p  Z-MA-AL0_p   Z-MAs-AL0_p  ALI_P  LGA_S    RMSD[L]  Z-score[M]  Z-Score[D]  Al.Res.  RMSD[D]  MolPrb_Score  LDDT    SphGr     CAD_AA  RPF     CODM    DFM     Handed.  SOV     CE      QCS     CONTS   TMscore  Dali(raw)  FlexE    QSE      CAD_SS    MolPrb_clash  MolPrb_rotout  MolPrb_ramout  MolPrb_ramfv 

1    T0967TS368_1-D1     368s    93.67    100.00  1     1.15      1.15       1.12      1.12       80.70    1.66          53.28    72.36    1.132    1.737    79    0    0     0     96.20  100.00  0.65        0.65         0.68         0.68         100.00  96.952   1.13     7.13        15          79       1.1      0.50          0.82    98.10     0.77    0.86    0.99    0.09    0.96     100.00  5.46    97.54   93.35   0.91    554.00     0.47     96.66    0.62      0.00          0.00          0.00           100.00       
2    T0967TS368_4-D1     368s    93.35    100.00  2     N/A       N/A        1.10      1.10       81.01    N/A           53.99    70.02    1.286    1.835    79    0    0     0     94.94  98.73  N/A         N/A          0.64         0.64         98.73  96.053   1.06     6.99        14.7        79       1.3      0.50          0.82    97.47     0.79    0.87    0.99    0.09    0.95     100.00  5.33    97.07   91.96   0.91    544.80     0.51     96.30    0.66      0.00          0.00          0.00           98.73        
3    T0967TS407_5-D1     407s    92.41    100.00  3     N/A       N/A        1.05      1.05       76.58    N/A           50.76    69.59    1.491    2.209    79    0    0     0     93.67  96.20  N/A         N/A          0.60         0.60         96.20  95.808   1.18     6.85        13.8        79       1.5      0.50          0.78    93.67     0.76    0.84    0.97    0.11    0.95     99.30   5.33    94.94   90.11   0.90    517.30     1.29     95.70    0.57      0.00          0.00          0.00           100.00       
4    T0967TS368_2-D1     368s    92.41    100.00  3     N/A       N/A        1.05      1.05       77.22    N/A           53.31    69.40    1.178    1.73     79    0    0     0     96.20  100.00  N/A         N/A          0.68         0.68         100.00  96.835   1.18     7.13        14.9        79       1.2      0.50          0.82    98.10     0.78    0.87    0.99    0.07    0.95     100.00  5.33    97.26   93.26   0.90    552.20     0.45     96.11    0.63      0.00          0.00          0.00           98.73        
5    T0967TS368_5-D1     368s    92.41    100.00  3     N/A       N/A        1.05      1.05       80.38    N/A           55.91    70.39    1.263    1.78     79    0    0     0     93.67  98.73  N/A         N/A          0.60         0.60         98.73  95.764   1.09     6.99        14.6        79       1.3      0.61          0.83    97.47     0.79    0.87    0.99    0.09    0.95     100.00  5.33    96.95   91.55   0.90    543.20     0.57     96.34    0.66      0.00          0.00          0.00           97.47        
6    T0967TS368_3-D1     368s    91.46    100.00  6     N/A       N/A        1.00      1.00       77.53    N/A           51.06    69.96    1.205    1.875    79    0    0     0     97.47  98.73  N/A         N/A          0.72         0.72         98.73  96.38    1.21     6.99        14.9        78       1.1      0.99          0.81    98.10     0.77    0.86    0.99    0.09    0.95     100.00  5.33    97.35   93.57   0.90    550.30     0.44     96.74    0.61      0.75          0.00          0.00           96.20        
7    T0967TS004_1-D1     004s    90.19    100.00  7     0.92      0.92       0.93      0.93       73.10    1.11          43.53    64.34    1.176    2.173    79    0    0     0     97.47  100.00  0.70        0.70         0.72         0.72         100.00  95.947   1.18     7.13        14          79       1.2      0.50          0.75    96.20     0.73    0.80    0.98    0.10    0.95     99.40   5.33    96.00   89.56   0.90    522.30     0.72     95.76    0.53      0.00          0.00          0.00           100.00       
8    T0967TS407_2-D1     407s    88.29    100.00  8     N/A       N/A        0.82      0.82       70.25    N/A           43.74    62.38    1.948    2.801    79    0    0     0     91.14  96.20  N/A         N/A          0.52         0.52         96.20  94.304   1.34     6.71        13.3        79       1.9      0.61          0.75    94.30     0.72    0.80    0.98    0.16    0.93     95.60   5.33    95.81   88.92   0.86    499.50     0.78     93.63    0.52      0.00          0.00          0.00           97.47        
9    T0967TS246_1-D1     246s    87.97    100.00  9     0.77      0.77       0.81      0.81       69.30    0.84          31.87    59.29    1.392    2.42     79    0    0     0     94.94  98.73  0.59        0.59         0.64         0.64         98.73  94.82    1.34     6.99        13.6        79       1.4      3.31          0.71    98.10     0.69    0.79    0.98    0.07    0.94     100.00  5.33    95.97   92.13   0.88    510.40     0.49     94.90    0.46      109.27        4.05          2.53           94.94        
10   T0967TS347_2-D1     347s    87.34    98.73   10    N/A       N/A        0.77      0.77       68.67    N/A           37.11    60.20    1.316    2.218    78    0    0     0     97.47  97.47  N/A         N/A          0.72         0.72         97.47  94.093   1.32     6.94        13.3        78       1.3      3.17          0.72    94.43     0.70    0.80    0.96    0.14    0.94     98.73   5.33    96.25   90.87   0.87    493.00     0.64     95.35    0.48      67.45         2.82          1.32           90.79        
11   T0967TS347_5-D1     347s    87.03    98.73   11    N/A       N/A        0.76      0.76       68.03    N/A           39.74    59.89    1.346    2.281    78    0    0     0     96.20  97.47  N/A         N/A          0.68         0.68         97.47  93.515   1.35     6.94        13.5        78       1.3      3.09          0.73    94.43     0.70    0.80    0.96    0.15    0.92     98.73   5.33    96.29   91.46   0.86    497.60     0.57     94.61    0.49      50.20         7.04          3.95           96.05        
12   T0967TS347_1-D1     347s    87.03    98.73   11    0.71      0.71       0.76      0.76       69.62    0.86          39.87    62.01    1.332    2.306    78    0    0     0     93.67  97.47  0.54        0.54         0.60         0.60         97.47  93.477   1.33     7.08        13.5        78       1.3      3.19          0.70    95.06     0.69    0.79    0.96    0.14    0.92     98.73   5.33    96.20   90.66   0.87    499.10     0.56     95.40    0.46      52.55         5.63          1.32           93.42        
13   T0967TS243_5-D1     243s    87.03    100.00  11    N/A       N/A        0.76      0.76       68.99    N/A           39.37    61.08    1.286    2.094    79    0    0     0     96.20  100.00  N/A         N/A          0.68         0.68         100.00  94.676   1.29     7.13        13.8        79       1.3      2.46          0.75    98.10     0.73    0.82    0.98    0.07    0.94     100.00  5.33    96.23   92.82   0.88    515.00     0.41     86.59    0.52      76.87         0.00          1.27           97.47        
14   T0967TS347_4-D1     347s    87.03    98.73   11    N/A       N/A        0.76      0.76       69.62    N/A           41.15    60.25    1.367    2.387    78    0    0     0     94.94  97.47  N/A         N/A          0.64         0.64         97.47  92.449   1.32     6.94        13.4        78       1.4      3.46          0.73    93.16     0.71    0.80    0.96    0.14    0.92     98.73   5.33    96.34   90.93   0.86    493.30     0.62     94.75    0.50      38.43         11.27         2.63           88.16        
15   T0967TS441_1-D1     441s    86.71    100.00  15    0.69      0.69       0.74      0.74       68.35    0.77          30.33    56.63    1.545    2.69     79    0    0     0     96.20  97.47  0.65        0.65         0.68         0.68         97.47  93.049   1.35     6.85        13.3        79       1.5      3.67          0.68    94.94     0.65    0.75    0.98    0.14    0.94     84.50   5.33    95.76   90.39   0.86    499.80     0.66     51.17    0.35      88.92         10.81         2.53           92.41        
16   T0967TS347_3-D1     347s    86.71    98.73   15    N/A       N/A        0.74      0.74       68.98    N/A           44.71    61.13    1.418    2.274    78    0    0     0     93.67  96.20  N/A         N/A          0.60         0.60         96.20  92.277   1.33     6.80        13.3        78       1.4      3.14          0.73    94.43     0.72    0.81    0.95    0.13    0.92     98.14   5.33    96.35   91.55   0.86    490.60     0.54     95.00    0.51      54.12         5.63          2.63           94.74        
17   T0967TS261_4-D1     261s    86.71    100.00  15    N/A       N/A        0.74      0.74       67.72    N/A           23.86    53.41    1.497    2.618    79    0    0     0     96.20  98.73  N/A         N/A          0.68         0.68         98.73  93.787   1.47     6.99        13.4        79       1.5      2.72          0.68    94.94     0.66    0.78    0.98    0.12    0.94     98.70   5.33    96.37   92.10   0.85    503.50     0.61     95.37    0.42      3.02          20.27         7.59           86.08        
18   T0967TS058_4-D1     058s    86.71    100.00  15    N/A       N/A        0.74      0.74       68.99    N/A           39.19    58.99    1.411    2.364    79    0    0     0     94.94  98.73  N/A         N/A          0.64         0.64         98.73  93.854   1.41     6.99        13.2        79       1.4      2.50          0.73    96.83     0.71    0.80    0.98    0.14    0.94     100.00  5.33    96.00   91.60   0.86    497.40     0.54     90.80    0.45      83.71         0.00          1.27           97.47        
19   T0967TS337_1-D1     337s    86.71    100.00  15    0.69      0.69       0.74      0.74       68.35    0.77          30.33    56.63    1.545    2.69     79    0    0     0     96.20  97.47  0.65        0.65         0.68         0.68         97.47  93.049   1.35     6.85        13.3        79       1.5      3.67          0.68    94.94     0.65    0.75    0.98    0.14    0.94     84.50   5.33    95.76   90.39   0.86    499.80     0.66     51.17    0.35      88.92         10.81         2.53           92.41        
20   T0967TS023_5-D1     023s    86.39    100.00  20    N/A       N/A        0.72      0.72       69.62    N/A           32.35    57.04    1.431    2.419    79    0    0     0     94.94  98.73  N/A         N/A          0.64         0.64         98.73  93.849   1.43     6.99        13.6        79       1.4      2.83          0.72    94.94     0.69    0.80    0.98    0.11    0.94     100.00  5.33    96.38   92.15   0.86    508.50     0.48     87.53    0.42      101.73        1.35          0.00           96.20        
21   T0967TS243_3-D1     243s    86.39    100.00  20    N/A       N/A        0.72      0.72       69.62    N/A           41.87    60.38    1.431    2.201    79    0    0     0     94.94  98.73  N/A         N/A          0.64         0.64         98.73  93.849   1.43     6.99        13.6        79       1.4      2.50          0.73    97.47     0.72    0.82    0.98    0.11    0.94     100.00  5.33    96.38   92.15   0.86    508.50     0.48     89.14    0.50      58.87         0.00          0.00           96.20        
22   T0967TS488_5-D1     488s    86.39    100.00  20    N/A       N/A        0.72      0.72       67.72    N/A           43.61    60.02    1.512    2.343    79    0    0     0     96.20  100.00  N/A         N/A          0.68         0.68         100.00  93.849   1.41     6.99        13.7        79       1.5      0.74          0.76    98.10     0.75    0.83    0.98    0.08    0.94     96.20   5.33    96.98   93.59   0.86    512.20     0.42     N/A      0.56      0.75          0.00          0.00           98.73        
23   T0967TS058_2-D1     058s    86.39    100.00  20    N/A       N/A        0.72      0.72       68.36    N/A           35.98    58.00    1.43     2.338    79    0    0     0     94.94  98.73  N/A         N/A          0.64         0.64         98.73  93.849   1.43     6.99        13.2        79       1.4      2.56          0.73    97.47     0.70    0.80    0.98    0.14    0.94     100.00  5.33    95.93   91.85   0.86    496.10     0.54     90.82    0.46      97.21         0.00          1.27           97.47        
24   T0967TS243_1-D1     243s    86.08    100.00  24    0.65      0.65       0.70      0.70       67.09    0.68          39.70    59.58    1.526    2.525    79    0    0     0     92.41  97.47  0.48        0.48         0.56         0.56         97.47  93.443   1.40     6.85        13.3        79       1.5      2.55          0.70    96.20     0.71    0.80    0.98    0.14    0.94     100.00  5.33    96.13   91.59   0.86    499.50     0.52     89.08    0.46      66.31         0.00          0.00           96.20        
25   T0967TS004_2-D1     004s    86.08    100.00  24    N/A       N/A        0.70      0.70       66.77    N/A           33.81    56.70    1.535    2.623    79    0    0     0     96.20  98.73  N/A         N/A          0.68         0.68         98.73  93.738   1.45     6.85        13.3        79       1.5      0.61          0.72    94.94     0.70    0.79    0.98    0.13    0.94     100.00  5.33    96.01   89.70   0.86    500.50     0.71     93.88    0.47      0.00          0.00          0.00           97.47        
26   T0967TS324_5-D1     324s    86.08    100.00  24    N/A       N/A        0.70      0.70       66.46    N/A           37.42    58.44    1.408    2.353    79    0    0     0     97.47  100.00  N/A         N/A          0.72         0.72         100.00  93.671   1.41     7.13        13.4        79       1.4      2.96          0.73    96.83     0.71    0.79    0.98    0.11    0.94     98.70   5.33    95.56   89.26   0.86    504.00     0.71     94.81    0.46      15.07         13.51         2.53           93.67        
27   T0967TS058_1-D1     058s    85.76    100.00  27    0.63      0.63       0.69      0.69       68.36    0.77          36.84    57.94    1.446    2.291    79    0    0     0     94.94  98.73  0.59        0.59         0.64         0.64         98.73  93.665   1.45     6.99        13.2        79       1.5      2.47          0.73    96.83     0.72    0.80    0.98    0.14    0.94     100.00  5.33    96.00   92.21   0.86    496.00     0.52     90.83    0.48      100.23        0.00          0.00           100.00       
28   T0967TS110_5-D1     110s    85.76    100.00  27    N/A       N/A        0.69      0.69       66.77    N/A           36.64    58.42    1.673    2.654    79    1    0     0     96.20  97.47  N/A         N/A          0.68         0.68         97.47  93.438   1.35     6.85        13.2        78       1.4      2.96          0.66    95.57     0.67    0.78    0.98    0.16    0.93     100.00  5.33    95.29   89.20   0.86    495.10     0.72     N/A      0.38      94.34         0.00          2.53           91.14        
29   T0967TS488_4-D1     488s    85.76    100.00  27    N/A       N/A        0.69      0.69       66.77    N/A           42.40    59.03    1.667    2.423    79    0    0     0     88.61  97.47  N/A         N/A          0.44         0.44         97.47  92.544   1.49     6.99        13.5        79       1.7      0.76          0.75    97.47     0.72    0.82    0.98    0.10    0.93     96.20   5.33    96.08   92.20   0.84    506.30     0.43     N/A      0.51      0.00          0.00          0.00           96.20        
30   T0967TS110_1-D1     110s    85.76    100.00  27    0.63      0.63       0.69      0.69       66.77    0.65          37.20    58.20    1.658    2.496    79    0    0     0     96.20  97.47  0.65        0.65         0.68         0.68         97.47  92.955   1.37     6.85        13.4        79       1.7      2.98          0.73    96.20     0.69    0.79    0.98    0.14    0.93     98.10   5.33    95.83   90.40   0.86    501.40     0.68     N/A      0.45      92.69         0.00          0.00           89.87        
31   T0967TS110_2-D1     110s    85.44    100.00  31    N/A       N/A        0.67      0.67       66.45    N/A           35.71    57.28    1.655    2.599    79    0    0     0     96.20  97.47  N/A         N/A          0.68         0.68         97.47  92.844   1.39     6.85        13.1        79       1.7      3.02          0.71    95.57     0.68    0.79    0.98    0.15    0.93     99.40   5.33    95.37   89.41   0.85    494.60     0.67     N/A      0.42      87.48         0.00          5.06           87.34        
32   T0967TS488_2-D1     488s    85.44    100.00  31    N/A       N/A        0.67      0.67       66.45    N/A           40.76    58.56    1.545    2.283    79    0    0     0     96.20  100.00  N/A         N/A          0.68         0.68         100.00  93.671   1.44     6.99        13.8        79       1.5      1.20          0.77    98.10     0.75    0.83    0.98    0.08    0.94     96.20   5.33    97.31   93.83   0.85    515.20     0.36     N/A      0.55      3.01          0.00          1.27           97.47        
33   T0967TS149_3-D1     149s    85.44    100.00  31    N/A       N/A        0.67      0.67       65.50    N/A           35.81    57.48    1.384    2.584    79    0    0     0     96.20  100.00  N/A         N/A          0.68         0.68         100.00  93.532   1.38     7.13        13          79       1.4      3.65          0.69    94.30     0.67    0.76    0.98    0.13    0.94     99.40   5.33    95.21   88.51   0.86    489.20     0.78     93.26    0.39      119.91        8.11          2.53           93.67        
34   T0967TS058_5-D1     058s    85.13    100.00  34    N/A       N/A        0.65      0.65       67.09    N/A           35.56    57.31    1.462    2.375    79    0    0     0     94.94  98.73  N/A         N/A          0.64         0.64         98.73  93.199   1.46     6.99        13.2        79       1.5      2.36          0.73    96.83     0.71    0.79    0.98    0.14    0.94     100.00  5.33    96.02   92.18   0.85    497.90     0.51     91.06    0.43      78.43         0.00          0.00           98.73        
35   T0967TS243_2-D1     243s    85.13    100.00  34    N/A       N/A        0.65      0.65       66.14    N/A           40.13    57.72    1.51     2.382    79    0    0     0     93.67  98.73  N/A         N/A          0.60         0.60         98.73  93.182   1.51     7.13        13.4        79       1.5      2.44          0.71    96.83     0.71    0.81    0.98    0.12    0.94     100.00  5.33    96.03   91.60   0.84    501.70     0.50     90.01    0.47      72.34         0.00          0.00           97.47        
36   T0967TS110_3-D1     110s    84.81    100.00  36    N/A       N/A        0.64      0.64       65.50    N/A           36.92    56.81    1.744    2.685    79    0    0     0     94.94  97.47  N/A         N/A          0.64         0.64         97.47  92.766   1.42     6.85        13.1        79       1.7      3.12          0.69    95.57     0.67    0.79    0.98    0.15    0.93     99.40   5.33    95.31   89.09   0.84    491.90     0.74     N/A      0.43      109.35        0.00          3.80           87.34        
37   T0967TS407_4-D1     407s    84.81    100.00  36    N/A       N/A        0.64      0.64       67.09    N/A           30.88    55.88    1.818    2.725    79    0    0     0     87.34  93.67  N/A         N/A          0.40         0.40         93.67  92.239   1.64     6.58        12.3        79       1.8      1.00          0.70    94.30     0.69    0.77    0.97    0.14    0.93     100.00  5.19    93.69   87.50   0.83    465.80     0.77     92.75    0.47      1.51          0.00          0.00           97.47        
38   T0967TS058_3-D1     058s    84.81    100.00  36    N/A       N/A        0.64      0.64       67.09    N/A           34.72    55.65    1.512    2.39     79    0    0     0     94.94  98.73  N/A         N/A          0.64         0.64         98.73  92.921   1.51     6.99        13.1        79       1.5      2.52          0.73    96.83     0.71    0.80    0.98    0.14    0.93     100.00  5.33    95.83   91.75   0.85    493.60     0.51     91.43    0.45      88.92         0.00          1.27           97.47        
39   T0967TS266_3-D1     266s    84.49    100.00  39    N/A       N/A        0.62      0.62       65.19    N/A           33.08    55.18    1.512    2.53     79    0    0     0     94.94  97.47  N/A         N/A          0.64         0.64         97.47  92.799   1.51     6.85        12.9        79       1.5      2.84          0.70    94.30     0.69    0.77    0.98    0.14    0.94     100.00  5.33    96.09   91.17   0.85    485.10     0.52     N/A      0.41      85.97         2.70          0.00           97.47        
40   T0967TS488_3-D1     488s    84.49    100.00  39    N/A       N/A        0.62      0.62       65.19    N/A           38.36    55.25    1.911    2.674    79    0    0     0     89.87  96.20  N/A         N/A          0.48         0.48         96.20  91.8     1.63     6.71        13.1        79       1.9      0.50          0.76    98.10     0.73    0.81    0.98    0.10    0.93     96.20   5.33    96.13   91.68   0.82    494.50     0.50     N/A      0.50      0.00          0.00          0.00           100.00       
41   T0967TS149_5-D1     149s    84.49    100.00  39    N/A       N/A        0.62      0.62       64.87    N/A           30.10    54.67    1.679    2.847    79    0    0     0     94.94  98.73  N/A         N/A          0.64         0.64         98.73  92.022   1.46     6.99        12.9        79       1.7      3.62          0.67    92.41     0.66    0.75    0.98    0.13    0.93     100.00  5.33    95.23   88.83   0.84    485.20     0.83     91.08    0.38      152.34        6.76          0.00           94.94        
42   T0967TS488_1-D1     488s    84.49    100.00  39    0.54      0.54       0.62      0.62       65.19    0.54          38.36    55.25    1.911    2.674    79    0    0     0     89.87  96.20  0.38        0.38         0.48         0.48         96.20  91.8     1.63     6.71        13.1        79       1.9      0.50          0.76    98.10     0.73    0.81    0.98    0.10    0.93     96.20   5.33    96.13   91.68   0.82    494.50     0.50     N/A      0.50      0.00          0.00          0.00           100.00       
43   T0967TS266_5-D1     266s    84.49    100.00  39    N/A       N/A        0.62      0.62       64.56    N/A           30.13    52.90    1.545    2.607    79    0    0     0     93.67  98.73  N/A         N/A          0.60         0.60         98.73  92.622   1.55     6.99        12.7        79       1.5      3.10          0.70    93.67     0.68    0.77    0.97    0.14    0.93     98.70   5.33    95.77   90.65   0.84    479.60     0.59     N/A      0.43      76.92         2.70          2.53           93.67        
44   T0967TS365_2-D1     365s    84.18    100.00  44    N/A       N/A        0.60      0.60       66.45    N/A           29.77    51.46    1.672    2.597    79    0    0     0     92.41  96.20  N/A         N/A          0.56         0.56         96.20  92.444   1.67     6.85        12.4        79       1.7      1.93          0.68    93.04     0.67    0.76    0.97    0.13    0.93     89.80   5.19    95.27   86.94   0.83    468.50     0.87     N/A      0.47      0.75          5.41          6.33           86.08        
45   T0967TS324_4-D1     324s    84.18    100.00  44    N/A       N/A        0.60      0.60       64.56    N/A           33.41    55.62    1.537    2.454    79    0    0     0     96.20  98.73  N/A         N/A          0.68         0.68         98.73  92.749   1.54     6.99        13.2        79       1.5      3.03          0.71    96.83     0.70    0.78    0.98    0.11    0.94     98.70   5.33    95.42   88.58   0.84    495.70     0.73     94.29    0.47      10.55         25.68         2.53           93.67        
46   T0967TS145_3-D1     145s    84.18    100.00  44    N/A       N/A        0.60      0.60       64.56    N/A           24.90    52.34    1.52     2.612    79    0    0     0     94.94  98.73  N/A         N/A          0.64         0.64         98.73  93.21    1.52     6.99        13.3        79       1.5      2.72          0.68    93.67     0.66    0.77    0.98    0.12    0.94     100.00  5.33    96.21   91.95   0.84    498.00     0.54     94.60    0.42      3.02          20.27         3.80           86.08        
47   T0967TS266_1-D1     266s    84.18    100.00  44    0.52      0.52       0.60      0.60       64.56    0.49          31.46    53.47    1.545    2.566    79    0    0     0     93.67  97.47  0.54        0.54         0.60         0.60         97.47  92.427   1.55     6.99        12.6        79       1.5      2.99          0.69    93.67     0.68    0.78    0.97    0.15    0.93     100.00  5.19    95.54   90.09   0.84    475.50     0.61     N/A      0.42      87.48         2.70          1.27           96.20        
48   T0967TS149_4-D1     149s    83.86    100.00  48    N/A       N/A        0.58      0.58       64.56    N/A           29.72    54.73    1.729    2.929    79    0    0     0     91.14  96.20  N/A         N/A          0.52         0.52         96.20  91.966   1.50     6.85        12.4        77       1.4      3.40          0.67    89.87     0.64    0.73    0.97    0.16    0.92     99.40   5.19    93.62   85.64   0.84    469.40     1.15     92.37    0.38      113.12        6.76          1.27           96.20        
49   T0967TS402_5-D1     402s    83.86    100.00  48    N/A       N/A        0.58      0.58       64.87    N/A           30.50    53.16    1.859    2.928    79    0    0     0     94.94  96.20  N/A         N/A          0.64         0.64         96.20  90.656   1.51     6.71        12.3        79       1.9      3.18          0.68    89.24     0.67    0.76    0.97    0.19    0.92     99.40   5.33    95.43   89.33   0.83    467.20     0.72     18.89    0.41      112.28        5.41          0.00           97.47        
50   T0967TS149_2-D1     149s    83.86    100.00  48    N/A       N/A        0.58      0.58       64.24    N/A           25.73    52.06    1.598    2.703    79    0    0     0     92.41  98.73  N/A         N/A          0.56         0.56         98.73  92.527   1.55     6.85        12.6        79       1.6      3.39          0.68    93.04     0.66    0.76    0.97    0.15    0.93     100.00  5.33    95.36   89.94   0.83    478.00     0.56     94.67    0.39      155.35        6.76          1.27           97.47        
51   T0967TS324_1-D1     324s    83.54    100.00  51    0.48      0.48       0.57      0.57       63.29    0.40          32.10    53.84    1.601    2.628    79    0    0     0     94.94  98.73  0.59        0.59         0.64         0.64         98.73  92.239   1.52     6.99        12.8        79       1.6      2.65          0.70    95.57     0.68    0.79    0.98    0.14    0.93     99.40   5.33    95.54   89.92   0.84    482.50     0.55     93.48    0.46      83.65         0.00          0.00           96.20        
52   T0967TS221_1-D1     221s    83.54    100.00  51    0.48      0.48       0.57      0.57       63.29    0.40          32.10    53.84    1.601    2.628    79    0    0     0     94.94  98.73  0.59        0.59         0.64         0.64         98.73  92.239   1.52     6.99        12.8        79       1.6      2.65          0.70    95.57     0.68    0.79    0.98    0.14    0.93     99.40   5.33    95.54   89.92   0.84    482.50     0.55     93.48    0.46      83.65         0.00          0.00           96.20        
53   T0967TS261_3-D1     261s    83.23    100.00  53    N/A       N/A        0.55      0.55       64.56    N/A           25.83    52.77    2.219    3.147    79    0    0     0     93.67  94.94  N/A         N/A          0.60         0.60         94.94  90.306   1.38     6.71        12.7        79       2.2      2.79          0.70    93.67     0.66    0.77    0.97    0.16    0.92     100.00  5.33    95.52   90.06   0.83    480.60     1.04     92.12    0.44      2.26          21.62         11.39          77.22        
54   T0967TS110_4-D1     110s    83.23    100.00  53    N/A       N/A        0.55      0.55       63.92    N/A           31.54    53.99    1.748    2.756    79    0    0     0     93.67  97.47  N/A         N/A          0.60         0.60         97.47  92.1     1.48     6.85        12.8        79       1.8      2.88          0.68    94.94     0.66    0.76    0.97    0.16    0.93     100.00  5.33    94.72   87.90   0.84    484.10     0.75     N/A      0.38      79.19         0.00          3.80           91.14        
55   T0967TS402_1-D1     402s    83.23    100.00  53    0.46      0.46       0.55      0.55       64.24    0.47          26.62    49.90    1.759    2.747    79    0    0     0     96.20  97.47  0.65        0.65         0.68         0.68         97.47  91.817   1.62     6.85        12.4        79       1.8      3.49          0.68    90.51     0.66    0.76    0.97    0.15    0.93     99.40   5.33    95.23   89.61   0.82    470.20     0.70     19.36    0.38      131.88        5.41          1.27           94.94        
56   T0967TS246_2-D1     246s    83.23    100.00  53    N/A       N/A        0.55      0.55       63.61    N/A           36.06    55.83    1.585    2.648    79    0    0     0     93.67  98.73  N/A         N/A          0.60         0.60         98.73  92.655   1.53     6.99        12.9        79       1.6      2.36          0.66    94.94     0.71    0.80    0.98    0.13    0.94     100.00  5.19    96.07   91.83   0.84    486.80     0.57     94.72    0.43      61.09         1.35          0.00           100.00       
57   T0967TS164_1-D1     164s    83.23    100.00  53    0.46      0.46       0.55      0.55       63.92    0.45          33.56    54.34    1.6      2.568    79    0    0     0     93.67  98.73  0.54        0.54         0.60         0.60         98.73  92.244   1.60     6.99        12.8        79       1.6      2.69          0.65    96.83     0.69    0.80    0.98    0.14    0.94     100.00  5.19    95.64   90.64   0.83    482.20     0.61     94.46    0.43      78.43         2.70          0.00           100.00       
58   T0967TS402_4-D1     402s    82.91    100.00  58    N/A       N/A        0.53      0.53       64.87    N/A           29.27    52.22    1.833    2.813    79    0    0     0     93.67  96.20  N/A         N/A          0.60         0.60         96.20  89.996   1.53     6.71        12.3        79       1.8      3.12          0.68    89.87     0.67    0.77    0.97    0.18    0.92     99.40   5.33    95.29   89.54   0.82    468.10     0.76     19.08    0.40      104.75        6.76          0.00           100.00       
59   T0967TS004_3-D1     004s    82.91    100.00  58    N/A       N/A        0.53      0.53       63.60    N/A           32.32    53.16    1.689    2.582    79    0    0     0     93.67  97.47  N/A         N/A          0.60         0.60         97.47  91.833   1.61     6.85        13.4        79       1.7      1.16          0.73    96.83     0.71    0.79    0.98    0.12    0.93     100.00  5.33    95.88   91.67   0.83    501.80     0.49     92.06    0.44      0.00          5.41          1.27           97.47        
60   T0967TS324_2-D1     324s    82.91    100.00  58    N/A       N/A        0.53      0.53       62.34    N/A           34.27    53.21    1.618    2.484    79    0    0     0     91.14  98.73  N/A         N/A          0.52         0.52         98.73  91.583   1.62     6.99        12.8        79       1.6      3.38          0.70    94.94     0.70    0.79    0.98    0.14    0.93     100.00  5.33    95.83   90.66   0.82    482.50     0.50     92.80    0.45      57.27         6.76          2.53           91.14        
61   T0967TS246_4-D1     246s    82.91    100.00  58    N/A       N/A        0.53      0.53       63.29    N/A           33.23    52.70    1.611    2.573    79    0    0     0     94.94  98.73  N/A         N/A          0.64         0.64         98.73  92.183   1.61     6.99        13          79       1.6      2.70          0.70    94.94     0.70    0.79    0.98    0.13    0.93     100.00  5.33    95.55   90.65   0.83    489.10     0.56     94.31    0.45      107.76        1.35          2.53           97.47        
62   T0967TS221_2-D1     221s    82.91    100.00  58    N/A       N/A        0.53      0.53       62.34    N/A           34.27    53.21    1.618    2.484    79    0    0     0     91.14  98.73  N/A         N/A          0.52         0.52         98.73  91.583   1.62     6.99        12.8        79       1.6      3.38          0.70    94.94     0.70    0.79    0.98    0.14    0.93     100.00  5.33    95.83   90.66   0.82    482.50     0.50     92.80    0.45      57.27         6.76          2.53           91.14        
63   T0967TS085_4-D1     085s    82.91    100.00  58    N/A       N/A        0.53      0.53       63.61    N/A           33.03    53.54    1.657    2.558    79    0    0     0     93.67  98.73  N/A         N/A          0.60         0.60         98.73  91.878   1.66     6.99        12.8        79       1.7      2.37          0.65    96.20     0.70    0.80    0.98    0.13    0.93     99.40   5.19    95.76   90.89   0.83    482.60     0.60     N/A      0.44      63.30         1.35          0.00           98.73        
64   T0967TS023_1-D1     023s    82.91    100.00  58    0.44      0.44       0.53      0.53       63.61    0.43          31.94    52.47    1.629    2.756    79    0    0     0     92.41  97.47  0.48        0.48         0.56         0.56         97.47  91.467   1.53     6.85        12.6        79       1.6      3.10          0.68    94.30     0.67    0.76    0.97    0.16    0.93     100.00  5.19    95.48   90.52   0.84    477.40     0.55     90.22    0.38      116.80        4.05          1.27           97.47        
65   T0967TS023_2-D1     023s    82.91    100.00  58    N/A       N/A        0.53      0.53       63.61    N/A           31.94    52.47    1.629    2.756    79    0    0     0     92.41  97.47  N/A         N/A          0.56         0.56         97.47  91.467   1.53     6.85        12.6        79       1.6      3.10          0.68    94.30     0.67    0.76    0.97    0.16    0.93     100.00  5.19    95.48   90.52   0.84    477.40     0.55     90.22    0.38      116.80        4.05          1.27           97.47        
66   T0967TS156_3-D1     156s    82.91    100.00  58    N/A       N/A        0.53      0.53       63.61    N/A           40.73    53.88    1.703    2.468    79    0    0     0     93.67  97.47  N/A         N/A          0.60         0.60         97.47  91.767   1.70     6.85        12.7        79       1.7      1.65          0.74    96.20     0.75    0.81    0.97    0.15    0.93     95.60   5.19    95.26   90.46   0.82    480.60     0.71     88.15    0.53      10.55         0.00          0.00           97.47        
67   T0967TS007_2-D1     007s    82.91    100.00  58    N/A       N/A        0.53      0.53       62.34    N/A           27.60    50.07    1.697    2.711    79    0    0     0     93.67  97.47  N/A         N/A          0.60         0.60         97.47  91.628   1.70     6.58        12.4        79       1.7      3.01          0.68    94.30     0.67    0.77    0.97    0.15    0.93     100.00  5.19    95.45   89.98   0.82    469.40     0.59     19.34    0.38      122.83        4.05          0.00           98.73        
68   T0967TS261_1-D1     261s    82.91    100.00  58    0.44      0.44       0.53      0.53       64.56    0.49          27.70    52.16    1.708    2.779    79    0    0     0     93.67  97.47  0.54        0.54         0.60         0.60         97.47  91.85    1.62     6.85        13          79       1.7      3.17          0.69    95.57     0.66    0.78    0.98    0.15    0.93     83.00   5.33    95.86   91.14   0.83    490.20     0.68     94.96    0.44      6.79          21.62         11.39          75.95        
69   T0967TS441_3-D1     441s    82.59    100.00  69    N/A       N/A        0.52      0.52       63.29    N/A           30.38    52.22    1.627    2.522    79    0    0     0     94.94  98.73  N/A         N/A          0.64         0.64         98.73  91.889   1.63     6.99        12.5        79       1.6      3.28          0.69    96.83     0.68    0.78    0.97    0.14    0.93     100.00  5.19    95.16   90.84   0.83    475.00     0.54     18.66    0.42      120.57        6.76          0.00           97.47        
70   T0967TS441_4-D1     441s    82.59    100.00  69    N/A       N/A        0.52      0.52       62.98    N/A           29.85    52.63    1.72     2.747    79    0    0     0     93.67  97.47  N/A         N/A          0.60         0.60         97.47  91.578   1.61     6.85        12.7        79       1.7      2.43          0.63    95.57     0.68    0.78    0.98    0.15    0.93     100.00  5.19    95.89   91.44   0.82    479.90     0.61     93.99    0.41      73.15         1.35          0.00           98.73        
71   T0967TS246_3-D1     246s    82.59    100.00  69    N/A       N/A        0.52      0.52       63.61    N/A           30.00    55.32    1.531    2.572    79    0    0     0     94.94  98.73  N/A         N/A          0.64         0.64         98.73  91.989   1.53     6.99        12.7        79       1.5      3.15          0.69    96.20     0.65    0.75    0.98    0.14    0.93     100.00  5.19    94.47   87.82   0.84    481.10     0.87     93.38    0.39      87.42         9.46          0.00           98.73        
72   T0967TS312_5-D1     312s    82.59    100.00  69    N/A       N/A        0.52      0.52       64.24    N/A           29.29    51.55    1.63     2.675    79    0    0     0     94.94  98.73  N/A         N/A          0.64         0.64         98.73  91.633   1.63     6.99        12.4        79       1.6      4.20          0.56    97.47     0.67    0.77    0.97    0.15    0.93     100.00  5.19    95.04   90.12   0.83    470.80     0.55     N/A      0.39      258.11        8.11          2.53           86.08        
73   T0967TS324_3-D1     324s    82.59    100.00  69    N/A       N/A        0.52      0.52       62.98    N/A           33.81    53.88    2.041    2.671    79    0    0     0     91.14  94.94  N/A         N/A          0.52         0.52         94.94  90.673   1.64     6.85        12.6        78       1.7      2.20          0.73    95.57     0.70    0.81    0.97    0.17    0.92     100.00  5.19    95.49   89.02   0.82    476.10     0.99     93.80    0.46      52.75         0.00          0.00           98.73        
74   T0967TS221_3-D1     221s    82.59    100.00  69    N/A       N/A        0.52      0.52       62.98    N/A           33.81    53.88    2.041    2.671    79    0    0     0     91.14  94.94  N/A         N/A          0.52         0.52         94.94  90.673   1.64     6.85        12.6        78       1.7      2.20          0.73    95.57     0.70    0.81    0.97    0.17    0.92     100.00  5.19    95.49   89.02   0.82    476.10     0.99     93.80    0.46      52.75         0.00          0.00           98.73        
75   T0967TS337_3-D1     337s    82.59    100.00  69    N/A       N/A        0.52      0.52       63.29    N/A           30.38    52.22    1.627    2.522    79    0    0     0     94.94  98.73  N/A         N/A          0.64         0.64         98.73  91.889   1.63     6.99        12.5        79       1.6      3.28          0.69    96.83     0.68    0.78    0.97    0.14    0.93     100.00  5.19    95.16   90.84   0.83    475.00     0.54     18.66    0.42      120.57        6.76          0.00           97.47        
76   T0967TS266_2-D1     266s    82.59    100.00  69    N/A       N/A        0.52      0.52       62.98    N/A           28.81    51.37    1.628    2.636    79    0    0     0     93.67  97.47  N/A         N/A          0.60         0.60         97.47  91.789   1.63     6.99        12.5        79       1.6      2.85          0.68    94.30     0.68    0.76    0.97    0.14    0.93     100.00  5.19    95.52   90.44   0.83    474.50     0.52     N/A      0.41      88.99         2.70          0.00           97.47        
77   T0967TS164_5-D1     164s    82.59    100.00  69    N/A       N/A        0.52      0.52       62.98    N/A           27.60    50.70    1.678    2.608    79    0    0     0     93.67  97.47  N/A         N/A          0.60         0.60         97.47  91.628   1.68     6.85        12.6        79       1.7      2.97          0.69    94.94     0.69    0.78    0.97    0.13    0.93     100.00  5.19    95.78   90.68   0.82    475.20     0.58     93.13    0.44      117.56        2.70          0.00           97.47        
78   T0967TS261_2-D1     261s    82.59    100.00  69    N/A       N/A        0.52      0.52       63.92    N/A           28.76    51.75    1.641    2.816    79    0    0     0     94.94  98.73  N/A         N/A          0.64         0.64         98.73  92.089   1.57     6.99        12.9        79       1.6      3.14          0.69    93.67     0.67    0.78    0.98    0.14    0.93     91.00   5.33    96.13   91.85   0.83    487.40     0.60     94.80    0.44      9.80          17.57         6.33           83.54        
79   T0967TS246_5-D1     246s    82.28    100.00  79    N/A       N/A        0.50      0.50       62.34    N/A           27.15    51.30    1.757    2.694    79    0    0     0     93.67  97.47  N/A         N/A          0.60         0.60         97.47  91.667   1.63     6.85        12.3        79       1.8      3.45          0.68    93.67     0.68    0.77    0.97    0.15    0.93     88.80   5.19    94.30   88.52   0.82    466.20     0.73     94.41    0.43      137.91        9.46          0.00           97.47        
80   T0967TS407_1-D1     407s    82.28    100.00  79    0.40      0.40       0.50      0.50       63.61    0.43          37.48    54.03    1.747    2.527    79    0    0     0     89.87  97.47  0.38        0.38         0.48         0.48         97.47  91.506   1.68     6.85        12.4        79       1.7      1.00          0.72    95.57     0.71    0.79    0.97    0.13    0.93     99.20   5.19    94.25   86.56   0.82    470.50     0.89     92.90    0.50      2.26          0.00          0.00           98.73        
81   T0967TS160_1-D1     160s    82.28    100.00  79    0.40      0.40       0.50      0.50       62.98    0.38          32.55    51.35    1.72     2.506    79    0    0     0     93.67  98.73  0.54        0.54         0.60         0.60         98.73  91.578   1.72     6.99        12.4        79       1.7      2.35          0.64    97.47     0.71    0.80    0.97    0.15    0.93     99.40   5.19    95.45   90.44   0.82    471.10     0.62     94.09    0.45      76.17         0.00          0.00           98.73        
82   T0967TS312_3-D1     312s    82.28    100.00  79    N/A       N/A        0.50      0.50       63.92    N/A           30.43    51.24    1.668    2.74     79    0    0     0     93.67  98.73  N/A         N/A          0.60         0.60         98.73  91.367   1.67     6.99        12.5        79       1.7      3.98          0.54    96.83     0.67    0.78    0.97    0.15    0.93     99.30   5.19    95.11   90.36   0.82    472.10     0.62     N/A      0.39      239.06        5.41          7.59           88.61        
83   T0967TS156_1-D1     156s    82.28    100.00  79    0.40      0.40       0.50      0.50       62.66    0.36          39.44    53.96    1.689    2.53     79    0    0     0     92.41  97.47  0.48        0.48         0.56         0.56         97.47  90.556   1.65     6.99        12.6        79       1.7      1.55          0.73    96.83     0.73    0.80    0.97    0.16    0.93     99.40   5.19    94.88   88.78   0.82    477.20     0.71     88.64    0.52      8.29          0.00          1.27           97.47        
84   T0967TS402_3-D1     402s    82.28    100.00  79    N/A       N/A        0.50      0.50       63.29    N/A           29.22    51.62    1.684    2.59     79    0    0     0     94.94  96.20  N/A         N/A          0.64         0.64         96.20  91.506   1.58     6.71        12.4        79       1.7      3.11          0.68    93.67     0.67    0.77    0.97    0.13    0.93     99.40   5.33    95.30   89.40   0.82    468.60     0.65     18.93    0.44      122.83        5.41          0.00           98.73        
85   T0967TS145_1-D1     145s    81.96    100.00  85    0.38      0.38       0.48      0.48       63.61    0.43          27.07    50.39    1.787    2.801    79    0    0     0     93.67  96.20  0.54        0.54         0.60         0.60         96.20  91.272   1.64     6.85        12.9        79       1.8      2.98          0.69    94.94     0.68    0.79    0.98    0.14    0.93     100.00  5.19    96.25   92.30   0.82    486.80     0.64     94.37    0.43      4.52          25.68         6.33           83.54        
86   T0967TS004_5-D1     004s    81.96    100.00  85    N/A       N/A        0.48      0.48       62.66    N/A           34.04    53.45    1.718    2.54     79    0    0     0     93.67  98.73  N/A         N/A          0.60         0.60         98.73  91.694   1.64     6.85        12.5        79       1.7      2.17          0.71    95.57     0.71    0.78    0.97    0.14    0.93     100.00  5.33    95.75   90.94   0.82    475.00     0.49     92.52    0.47      5.28          6.76          0.00           96.20        
87   T0967TS004_4-D1     004s    81.96    100.00  85    N/A       N/A        0.48      0.48       63.29    N/A           28.74    51.89    1.736    2.61     79    0    0     0     93.67  97.47  N/A         N/A          0.60         0.60         97.47  91.267   1.63     6.85        12.7        79       1.7      2.26          0.71    97.47     0.71    0.78    0.97    0.14    0.93     100.00  5.19    95.34   91.14   0.82    478.50     0.49     91.74    0.43      8.29          4.05          1.27           94.94        
88   T0967TS498_1-D1     498s    81.96    100.00  85    0.38      0.38       0.48      0.48       61.08    0.24          31.84    51.58    1.852    2.66     79    0    0     0     89.87  97.47  0.38        0.38         0.48         0.48         97.47  90.268   1.51     6.99        12.4        79       1.9      2.93          0.69    97.47     0.68    0.75    0.98    0.12    0.93     99.40   5.19    93.05   84.15   0.82    469.00     1.01     92.82    0.42      11.30         14.86         2.53           92.41        
89   T0967TS156_5-D1     156s    81.65    100.00  89    N/A       N/A        0.46      0.46       62.34    N/A           37.88    52.54    1.822    2.669    79    0    0     0     93.67  97.47  N/A         N/A          0.60         0.60         97.47  90.54    1.65     6.85        12.6        79       1.8      1.39          0.73    96.83     0.73    0.79    0.97    0.17    0.92     99.40   5.19    95.06   90.31   0.81    475.50     0.68     88.01    0.49      5.28          0.00          0.00           97.47        
90   T0967TS149_1-D1     149s    81.65    100.00  89    0.36      0.36       0.46      0.46       62.66    0.36          26.77    51.70    1.745    2.825    79    0    0     0     92.41  97.47  0.48        0.48         0.56         0.56         97.47  90.989   1.58     6.99        12.4        79       1.8      3.38          0.69    93.67     0.65    0.77    0.97    0.16    0.92     100.00  5.19    95.07   90.64   0.82    471.10     0.63     93.90    0.40      152.34        6.76          0.00           97.47        
91   T0967TS164_2-D1     164s    81.65    100.00  89    N/A       N/A        0.46      0.46       62.97    N/A           28.08    50.75    1.831    2.808    79    0    0     0     92.41  96.20  N/A         N/A          0.56         0.56         96.20  91.372   1.69     5.05        12.4        79       1.8      2.86          0.68    94.30     0.67    0.78    0.97    0.16    0.92     100.00  5.19    95.26   90.80   0.82    469.30     0.59     92.58    0.37      116.80        2.70          1.27           98.73        
92   T0967TS337_5-D1     337s    81.65    100.00  89    N/A       N/A        0.46      0.46       63.29    N/A           28.28    50.88    1.769    2.824    79    0    0     0     91.14  97.47  N/A         N/A          0.52         0.52         97.47  90.462   1.64     6.85        12.4        78       1.7      3.59          0.68    93.67     0.66    0.77    0.97    0.16    0.93     100.00  5.19    95.14   90.82   0.82    468.90     0.60     19.36    0.39      134.89        9.46          1.27           96.20        
93   T0967TS023_3-D1     023s    81.65    100.00  89    N/A       N/A        0.46      0.46       62.34    N/A           33.79    52.69    1.719    2.633    79    1    0     0     91.14  97.47  N/A         N/A          0.52         0.52         97.47  91.445   1.64     6.85        12.2        77       1.5      3.25          0.69    93.04     0.67    0.77    0.97    0.18    0.93     88.80   5.19    94.47   88.52   0.82    462.50     0.77     88.81    0.42      110.78        2.70          1.27           93.67        
94   T0967TS160_2-D1     160s    81.65    100.00  89    N/A       N/A        0.46      0.46       62.97    N/A           28.08    50.75    1.831    2.808    79    0    0     0     92.41  96.20  N/A         N/A          0.56         0.56         96.20  91.372   1.69     5.05        12.4        79       1.8      2.86          0.68    94.30     0.67    0.78    0.97    0.16    0.92     100.00  5.19    95.26   90.80   0.82    469.30     0.59     91.29    0.37      116.80        2.70          1.27           98.73        
95   T0967TS160_3-D1     160s    81.65    100.00  89    N/A       N/A        0.46      0.46       62.97    N/A           28.08    50.75    1.831    2.808    79    0    0     0     92.41  96.20  N/A         N/A          0.56         0.56         96.20  91.372   1.69     5.05        12.4        79       1.8      2.86          0.68    94.30     0.67    0.78    0.97    0.16    0.92     100.00  5.19    95.26   90.80   0.82    469.30     0.59     91.29    0.37      116.80        2.70          1.27           98.73        
96   T0967TS160_5-D1     160s    81.65    100.00  89    N/A       N/A        0.46      0.46       62.97    N/A           28.08    50.75    1.831    2.808    79    0    0     0     92.41  96.20  N/A         N/A          0.56         0.56         96.20  91.372   1.69     5.05        12.4        79       1.8      2.86          0.68    94.30     0.67    0.78    0.97    0.16    0.92     100.00  5.19    95.26   90.80   0.82    469.30     0.59     91.29    0.37      116.80        2.70          1.27           98.73        
97   T0967TS156_2-D1     156s    81.33    100.00  97    N/A       N/A        0.45      0.45       62.02    N/A           38.64    52.26    1.822    2.642    79    0    0     0     92.41  96.20  N/A         N/A          0.56         0.56         96.20  90.157   1.75     6.71        12.4        79       1.8      1.54          0.73    96.20     0.73    0.79    0.97    0.16    0.92     99.40   5.19    94.59   88.13   0.81    469.00     0.81     88.33    0.50      5.28          0.00          0.00           96.20        
98   T0967TS498_5-D1     498s    81.33    100.00  97    N/A       N/A        0.45      0.45       61.39    N/A           29.22    52.09    1.878    2.734    79    0    0     0     91.14  97.47  N/A         N/A          0.52         0.52         97.47  89.996   1.48     6.85        12.2        79       1.9      2.69          0.68    94.30     0.68    0.74    0.98    0.12    0.93     99.40   5.19    93.08   83.72   0.82    464.20     0.99     92.94    0.41      6.03          21.62         1.27           94.94        
99   T0967TS145_2-D1     145s    81.33    100.00  97    N/A       N/A        0.45      0.45       62.97    N/A           25.81    49.67    1.738    2.899    79    0    0     0     92.41  98.73  N/A         N/A          0.56         0.56         98.73  91.35    1.66     6.99        12.9        79       1.7      2.77          0.69    93.04     0.67    0.77    0.98    0.14    0.93     91.00   5.19    96.04   91.61   0.82    484.90     0.62     94.13    0.40      3.77          16.22         7.59           83.54        
100  T0967TS498_4-D1     498s    81.33    100.00  97    N/A       N/A        0.45      0.45       61.08    N/A           29.42    52.51    1.883    2.689    79    0    0     0     92.41  97.47  N/A         N/A          0.56         0.56         97.47  89.996   1.49     6.85        12.2        79       1.9      2.62          0.69    95.57     0.69    0.75    0.98    0.12    0.93     99.40   5.19    93.12   83.85   0.81    465.20     0.99     92.79    0.43      4.52          18.92         1.27           93.67        
101  T0967TS337_4-D1     337s    81.01    100.00  101   N/A       N/A        0.43      0.43       62.34    N/A           31.01    50.78    1.75     2.579    79    0    0     0     94.94  98.73  N/A         N/A          0.64         0.64         98.73  90.934   1.75     6.99        12.4        79       1.8      3.21          0.70    96.20     0.69    0.79    0.97    0.15    0.92     100.00  5.19    95.11   90.74   0.81    469.50     0.64     19.80    0.43      122.08        5.41          0.00           97.47        
102  T0967TS124_2-D1     124s    81.01    100.00  101   N/A       N/A        0.43      0.43       61.39    N/A           24.44    46.28    2.415    3.236    79    0    0     0     84.81  93.67  N/A         N/A          0.31         0.31         93.67  88.769   1.64     6.44        11.3        77       1.9      3.11          0.65    89.87     0.62    0.74    0.95    0.22    0.90     98.60   5.04    94.67   85.99   0.78    434.20     1.30     87.94    0.35      120.57        4.05          0.00           97.47        
103  T0967TS145_4-D1     145s    81.01    100.00  101   N/A       N/A        0.43      0.43       62.02    N/A           24.67    49.52    1.874    3.005    79    0    0     0     89.87  96.20  N/A         N/A          0.48         0.48         96.20  90.423   1.59     6.71        13          79       1.9      3.17          0.68    93.04     0.65    0.77    0.98    0.14    0.92     90.50   5.33    96.01   91.92   0.82    489.70     0.59     92.99    0.41      6.03          22.97         7.59           73.42        
104  T0967TS402_2-D1     402s    81.01    100.00  101   N/A       N/A        0.43      0.43       61.39    N/A           26.59    48.78    1.775    2.78     79    0    0     0     93.67  97.47  N/A         N/A          0.60         0.60         97.47  90.59    1.69     6.58        12.2        79       1.8      2.96          0.68    91.14     0.68    0.77    0.97    0.17    0.92     99.20   5.19    95.06   88.99   0.81    463.10     0.69     19.88    0.40      108.52        4.05          0.00           98.73        
105  T0967TS337_2-D1     337s    81.01    100.00  101   N/A       N/A        0.43      0.43       62.02    N/A           31.06    51.40    1.632    2.6      79    0    0     0     94.94  98.73  N/A         N/A          0.64         0.64         98.73  91.117   1.63     6.99        12.5        79       1.6      3.34          0.69    95.57     0.68    0.77    0.97    0.17    0.93     100.00  5.19    95.27   90.05   0.82    472.60     0.61     18.81    0.40      116.05        5.41          1.27           96.20        
106  T0967TS023_4-D1     023s    81.01    100.00  101   N/A       N/A        0.43      0.43       61.39    N/A           23.43    48.19    1.74     2.8      79    0    0     0     92.41  97.47  N/A         N/A          0.56         0.56         97.47  90.59    1.74     6.85        12.3        79       1.7      3.13          0.66    92.41     0.65    0.75    0.97    0.15    0.92     100.00  5.19    95.35   90.39   0.81    467.60     0.55     88.18    0.38      125.85        4.05          0.00           97.47        
107  T0967TS156_4-D1     156s    81.01    100.00  101   N/A       N/A        0.43      0.43       61.39    N/A           37.80    51.56    1.753    2.618    79    0    0     0     92.41  98.73  N/A         N/A          0.56         0.56         98.73  90.673   1.75     6.99        12.4        79       1.8      1.59          0.73    96.83     0.73    0.79    0.97    0.16    0.92     99.40   5.19    94.50   88.03   0.81    471.30     0.74     88.65    0.51      9.04          0.00          0.00           97.47        
108  T0967TS441_2-D1     441s    81.01    100.00  101   N/A       N/A        0.43      0.43       62.02    N/A           31.06    51.40    1.632    2.6      79    0    0     0     94.94  98.73  N/A         N/A          0.64         0.64         98.73  91.117   1.63     6.99        12.5        79       1.6      3.34          0.69    95.57     0.68    0.77    0.97    0.17    0.93     100.00  5.19    95.27   90.05   0.82    472.60     0.61     18.81    0.40      116.05        5.41          1.27           96.20        
109  T0967TS365_1-D1     365s    81.01    100.00  101   0.32      0.32       0.43      0.43       60.76    0.22          24.52    48.57    1.934    2.909    79    0    0     0     89.87  97.47  0.38        0.38         0.48         0.48         97.47  88.757   1.66     6.85        12.8        78       1.7      1.85          0.67    91.14     0.66    0.75    0.96    0.16    0.92     98.60   5.19    94.68   86.70   0.80    480.50     0.93     N/A      0.44      0.00          9.46          3.80           87.34        
110  T0967TS243_4-D1     243s    81.01    100.00  101   N/A       N/A        0.43      0.43       61.71    N/A           34.98    53.01    1.739    2.549    79    0    0     0     91.14  96.20  N/A         N/A          0.52         0.52         96.20  91.111   1.68     6.85        12.5        79       1.7      2.65          0.68    94.94     0.69    0.79    0.97    0.14    0.93     99.40   5.19    94.46   88.64   0.82    474.90     0.88     89.79    0.45      83.65         0.00          0.00           96.20        
111  T0967TS160_4-D1     160s    80.70    100.00  111   N/A       N/A        0.41      0.41       61.39    N/A           28.66    49.73    1.815    2.729    79    0    0     0     93.67  97.47  N/A         N/A          0.60         0.60         97.47  90.195   1.69     6.85        12.3        79       1.8      3.21          0.68    94.30     0.68    0.78    0.97    0.15    0.92     100.00  5.19    95.20   90.79   0.81    468.50     0.61     91.08    0.40      129.62        6.76          1.27           98.73        
112  T0967TS312_2-D1     312s    80.70    100.00  111   N/A       N/A        0.41      0.41       60.76    N/A           31.82    49.97    2.111    2.895    79    0    0     0     91.14  94.94  N/A         N/A          0.52         0.52         94.94  89.085   1.63     6.58        11.7        79       2.1      4.07          0.51    94.94     0.66    0.76    0.96    0.16    0.92     94.70   5.19    94.48   87.50   0.80    446.80     0.87     N/A      0.38      206.79        9.46          5.06           89.87        
113  T0967TS164_4-D1     164s    80.70    100.00  111   N/A       N/A        0.41      0.41       61.39    N/A           28.66    49.73    1.815    2.729    79    0    0     0     93.67  97.47  N/A         N/A          0.60         0.60         97.47  90.195   1.69     6.85        12.3        79       1.8      3.21          0.68    94.30     0.68    0.78    0.97    0.15    0.92     100.00  5.19    95.20   90.79   0.81    468.50     0.61     92.21    0.40      129.62        6.76          1.27           98.73        
114  T0967TS312_4-D1     312s    80.38    100.00  114   N/A       N/A        0.40      0.40       60.76    N/A           28.33    49.48    2.094    2.933    79    0    0     0     91.14  94.94  N/A         N/A          0.52         0.52         94.94  89.152   1.61     6.58        11.8        79       2.1      4.19          0.50    95.57     0.65    0.76    0.96    0.15    0.92     83.80   5.19    94.56   87.81   0.80    449.30     0.89     N/A      0.37      242.08        8.11          10.13          84.81        
115  T0967TS312_1-D1     312s    80.38    100.00  114   0.27      0.27       0.40      0.40       59.81    0.15          31.06    49.01    2.089    2.87     79    0    0     0     91.14  94.94  0.43        0.43         0.52         0.52         94.94  88.963   1.63     6.58        11.7        79       2.1      4.21          0.56    94.94     0.67    0.76    0.96    0.16    0.92     100.00  5.19    94.54   87.77   0.80    448.40     0.85     N/A      0.37      213.42        9.46          7.59           83.54        
116  T0967TS124_3-D1     124s    80.06    100.00  116   N/A       N/A        0.38      0.38       61.71    N/A           24.82    46.83    2.302    3.014    79    0    0     0     83.54  94.94  N/A         N/A          0.27         0.27         94.94  88.824   1.72     6.58        11.5        79       2.3      3.41          0.66    89.87     0.67    0.76    0.95    0.20    0.90     98.60   5.19    93.67   84.50   0.78    440.60     1.38     87.06    0.42      140.92        8.11          1.27           97.47        
117  T0967TS007_1-D1     007s    79.75    100.00  117   0.23      0.23       0.36      0.36       59.18    0.11          29.70    49.79    2.341    3.107    79    0    0     0     89.87  94.94  0.38        0.38         0.48         0.48         94.94  89.396   1.64     6.02        11.4        77       1.8      3.43          0.66    86.71     0.66    0.75    0.94    0.23    0.90     99.20   5.19    93.30   85.93   0.79    438.70     1.71     22.30    0.42      121.33        4.05          0.00           93.67        
118  T0967TS498_2-D1     498s    79.75    100.00  117   N/A       N/A        0.36      0.36       58.55    N/A           31.89    51.67    1.925    2.699    79    0    0     0     92.41  97.47  N/A         N/A          0.56         0.56         97.47  89.424   1.55     6.99        11.8        79       1.9      2.48          0.68    96.20     0.69    0.74    0.97    0.12    0.93     99.40   5.19    91.54   81.38   0.81    449.10     1.03     92.04    0.43      3.77          18.92         1.27           94.94        
119  T0967TS164_3-D1     164s    79.75    100.00  117   N/A       N/A        0.36      0.36       58.23    N/A           26.87    48.99    1.991    2.997    79    0    0     0     87.34  96.20  N/A         N/A          0.40         0.40         96.20  89.64    1.73     6.71        11.8        79       2        3.43          0.67    94.30     0.64    0.76    0.97    0.16    0.92     81.80   5.19    92.99   84.78   0.80    451.90     1.15     94.09    0.39      107.76        4.05          2.53           92.41        
120  T0967TS365_5-D1     365s    79.43    100.00  120   N/A       N/A        0.34      0.34       58.86    N/A           23.13    46.70    1.987    3.121    79    0    0     0     89.87  93.67  N/A         N/A          0.48         0.48         93.67  88.602   1.65     6.58        11.6        77       1.8      2.39          0.65    87.97     0.62    0.71    0.96    0.18    0.92     83.20   5.19    94.05   84.30   0.79    441.20     1.08     N/A      0.39      1.51          13.51         3.80           86.08        
121  T0967TS498_3-D1     498s    78.80    100.00  121   N/A       N/A        0.31      0.31       57.59    N/A           29.57    51.41    1.977    2.751    79    0    0     0     92.41  97.47  N/A         N/A          0.56         0.56         97.47  88.996   1.62     6.99        11.6        79       2        2.78          0.68    96.20     0.69    0.75    0.97    0.13    0.93     99.40   5.19    91.27   80.99   0.80    445.20     1.06     91.74    0.43      9.04          17.57         1.27           94.94        
122  T0967TS124_1-D1     124s    77.53    100.00  122   0.09      0.09       0.24      0.24       57.59    -0.01         24.65    44.50    2.598    3.308    79    0    0     0     84.81  93.67  0.16        0.16         0.31         0.31         93.67  86.327   1.79     6.16        11.1        78       2.4      3.17          0.64    89.24     0.61    0.74    0.95    0.21    0.89     98.60   5.04    93.67   84.72   0.76    428.20     1.39     87.37    0.32      132.63        2.70          0.00           96.20        
123  T0967TS365_4-D1     365s    75.95    100.00  123   N/A       N/A        0.15      0.15       54.75    N/A           22.50    41.18    2.154    3.197    79    0    0     0     84.81  93.67  N/A         N/A          0.31         0.31         93.67  80.416   2.08     6.02        11.6        79       2.2      2.17          0.66    87.34     0.65    0.73    0.96    0.16    0.90     99.40   5.19    93.55   85.34   0.75    443.00     0.85     N/A      0.43      1.51          8.11          1.27           88.61        
124  T0967TS085_3-D1     085s    75.63    100.00  124   N/A       N/A        0.14      0.14       56.02    N/A           31.87    48.02    3.177    3.968    79    0    0     0     75.95  93.67  N/A         N/A          0.03         0.03         93.67  90.851   1.47     6.44        11.9        77       1.8      2.38          0.54    69.62     0.60    0.63    0.88    0.29    0.87     94.70   5.19    84.76   72.61   0.73    453.00     3.69     N/A      0.33      49.74         1.35          1.27           97.47        
125  T0967TS407_3-D1     407s    75.32    100.00  125   N/A       N/A        0.12      0.12       55.70    N/A           28.28    44.90    2.432    3.241    79    0    0     0     83.54  93.67  N/A         N/A          0.27         0.27         93.67  84.799   1.93     6.44        10.9        79       2.4      0.74          0.68    92.41     0.69    -0.20   0.96    0.16    0.90     96.20   5.19    93.63   84.71   0.75    421.50     0.95     89.78    0.42      0.75          0.00          0.00           100.00       
126  T0967TS365_3-D1     365s    75.32    100.00  125   N/A       N/A        0.12      0.12       55.70    N/A           20.83    42.30    2.429    3.547    79    0    0     0     83.54  91.14  N/A         N/A          0.27         0.27         91.14  77.959   1.92     5.74        10.9        79       2.4      2.24          0.62    83.54     0.62    0.69    0.96    0.21    0.88     97.70   5.19    92.09   84.14   0.74    419.60     0.91     N/A      0.38      0.75          14.86         0.00           87.34        
127  T0967TS152_5-D1     152s    74.68    100.00  127   N/A       N/A        0.09      0.09       54.12    N/A           18.66    40.37    2.711    3.703    79    0    0     0     83.54  91.14  N/A         N/A          0.27         0.27         91.14  83.615   1.85     6.44        10          75       2.2      3.15          0.62    81.65     0.61    0.69    0.93    0.29    0.89     89.90   5.04    91.42   81.68   0.73    393.30     1.58     87.73    0.31      15.07         12.16         5.06           86.08        
128  T0967TS152_4-D1     152s    74.05    100.00  128   N/A       N/A        0.05      0.05       53.17    N/A           21.24    39.81    2.615    3.597    79    0    0     0     86.08  92.41  N/A         N/A          0.35         0.35         92.41  84.317   1.91     6.58        10.1        76       2.1      3.14          0.60    81.65     0.62    0.67    0.93    0.24    0.89     98.60   5.04    91.31   81.34   0.73    395.80     1.24     87.97    0.31      12.81         18.92         6.33           89.87        
129  T0967TS152_3-D1     152s    73.73    100.00  129   N/A       N/A        0.03      0.03       53.48    N/A           18.61    38.80    2.603    3.588    79    0    0     0     56.96  91.14  N/A         N/A          -0.59        -0.59        91.14  68.095   2.05     6.44        10.1        75       2        3.27          0.63    84.18     0.62    0.70    0.93    0.25    0.89     99.40   5.04    91.69   81.12   0.73    395.50     1.49     88.23    0.34      14.32         17.57         5.06           84.81        
130  T0967TS085_5-D1     085s    72.47    100.00  130   N/A       N/A        -0.03     -0.03      52.53    N/A           24.87    36.91    2.961    3.76     79    0    0     0     74.68  97.47  N/A         N/A          -0.02        -0.02        97.47  89.463   1.57     6.85        11.9        77       1.6      1.98          0.51    74.68     0.61    0.62    0.89    0.24    0.90     97.10   5.19    85.44   71.90   0.71    453.30     2.55     N/A      0.30      31.65         0.00          1.27           98.73        
131  T0967TS085_1-D1     085s    72.15    100.00  131   -0.27     -0.27      -0.05     -0.05      50.95    -0.49         25.76    41.34    3.016    3.957    79    0    0     0     73.42  97.47  -0.32       -0.32        -0.06        -0.06        97.47  89.257   1.57     6.85        11.6        77       1.5      2.60          0.48    70.25     0.59    0.60    0.88    0.26    0.89     92.80   5.19    84.81   70.19   0.70    443.90     2.96     N/A      0.30      51.24         0.00          1.27           93.67        
132  T0967TS085_2-D1     085s    71.83    100.00  132   N/A       N/A        -0.07     -0.07      51.90    N/A           25.61    41.74    3.359    4.382    79    0    0     0     74.68  92.41  N/A         N/A          -0.02        -0.02        92.41  87.636   1.68     6.44        11.1        77       1.9      2.62          0.48    66.46     0.57    0.59    0.86    0.32    0.88     89.70   5.19    83.00   69.81   0.70    429.10     4.00     N/A      0.24      46.72         0.00          2.53           92.41        
133  T0967TS152_2-D1     152s    71.52    100.00  133   N/A       N/A        -0.09     -0.09      50.95    N/A           17.63    35.23    2.89     3.927    79    1    0     0     53.16  91.14  N/A         N/A          -0.71        -0.71        91.14  67.845   2.12     6.02        9.5         76       2.4      3.18          0.60    79.11     0.61    0.65    0.92    0.28    0.88     99.40   4.89    90.53   80.87   0.70    376.00     1.53     85.23    0.29      17.33         13.51         6.33           88.61        
134  T0967TS152_1-D1     152s    71.52    100.00  133   -0.31     -0.31      -0.09     -0.09      51.58    -0.44         17.93    35.77    2.624    3.662    79    2    0     0     81.01  91.14  -0.00       -0.00        0.19         0.19         91.14  81.479   1.79     5.74        9.5         78       2.5      3.35          0.60    82.28     0.60    0.67    0.93    0.30    0.89     98.00   4.89    90.24   80.24   0.72    376.90     1.70     86.17    0.29      18.84         13.51         11.39          81.01        
135  T0967TS116_5-D1     116s    67.41    100.00  135   N/A       N/A        -0.31     -0.31      46.52    N/A           15.23    31.37    3.724    4.501    79    1    0     0     65.82  86.08  N/A         N/A          -0.30        -0.30        86.08  71.231   2.05     6.02        8.8         75       2.7      3.50          0.59    76.58     0.60    0.68    0.89    0.41    0.84     85.00   3.50    80.05   76.22   0.64    351.90     4.49     33.27    0.30      169.56        4.05          2.53           94.94        
136  T0967TS116_4-D1     116s    65.82    100.00  136   N/A       N/A        -0.40     -0.40      45.25    N/A           17.10    33.74    3.791    4.45     79    1    0     0     65.82  89.87  N/A         N/A          -0.30        -0.30        89.87  67.912   2.17     6.16        9.1         76       2.8      3.46          0.60    79.75     0.60    0.69    0.90    0.40    0.84     85.00   3.50    79.41   76.34   0.65    361.00     4.33     32.31    0.30      155.24        4.05          1.27           94.94        
137  T0967TS261_5-D1     261s    65.19    100.00  137   N/A       N/A        -0.43     -0.43      44.94    N/A           19.27    29.38    3.737    4.526    79    0    0     0     49.37  96.20  N/A         N/A          -0.84        -0.84        96.20  87.825   1.63     6.58        12.1        78       2.1      2.79          0.56    73.42     0.59    0.63    0.86    0.29    0.86     99.20   5.04    86.10   75.97   0.59    461.30     2.22     78.66    0.33      3.77          16.22         5.06           82.28        
138  T0967TS266_4-D1     266s    64.87    100.00  138   N/A       N/A        -0.45     -0.45      48.10    N/A           23.71    41.90    7.563    8.168    79    0    0     0     75.95  77.22  N/A         N/A          0.03         0.03         88.61  81.984   1.52     5.88        9.8         71       1.7      3.39          0.50    45.57     0.55    0.47    0.40    0.70    0.75     82.90   4.74    57.48   63.02   0.67    384.40     27.07    N/A      0.22      88.99         5.41          1.27           93.67        
139  T0967TS497_1-D1     497s    64.56    100.00  139   -0.77     -0.77      -0.46     -0.46      44.62    -0.94         17.40    31.74    4.188    4.775    79    0    0     0     64.56  83.54  -0.70       -0.70        -0.34        -0.34        83.54  68.22    2.10     5.05        7.8         74       3.2      3.14          0.56    75.95     0.60    0.61    0.90    0.30    0.85     95.50   4.89    85.56   75.16   0.62    318.60     2.97     81.74    0.29      13.56         14.86         5.06           87.34        
140  T0967TS116_1-D1     116s    64.56    100.00  139   -0.77     -0.77      -0.46     -0.46      44.30    -0.97         14.44    30.32    3.939    4.636    79    1    0     0     65.82  87.34  -0.65       -0.65        -0.30        -0.30        87.34  65.832   2.22     5.88        9.1         76       3        3.49          0.59    76.58     0.59    0.68    0.90    0.45    0.83     85.00   3.70    80.01   76.74   0.62    363.50     4.54     34.15    0.28      133.38        5.41          2.53           94.94        
141  T0967TS116_2-D1     116s    64.24    100.00  141   N/A       N/A        -0.48     -0.48      43.99    N/A           16.24    31.04    4.054    4.903    79    1    0     0     65.82  88.61  N/A         N/A          -0.30        -0.30        88.61  65.751   2.29     5.74        9.2         76       3.1      3.08          0.59    74.68     0.59    0.68    0.90    0.41    0.83     85.00   3.50    79.78   76.79   0.62    366.70     4.24     34.69    0.29      146.95        1.35          1.27           94.94        
142  T0967TS116_3-D1     116s    63.92    100.00  142   N/A       N/A        -0.50     -0.50      43.67    N/A           15.33    29.93    4.051    4.753    79    2    0     0     63.29  84.81  N/A         N/A          -0.39        -0.39        86.08  65.481   2.28     5.88        9.1         76       3.1      3.42          0.59    77.85     0.59    0.68    0.89    0.40    0.83     63.40   3.50    78.70   75.91   0.62    362.90     4.61     34.58    0.29      177.09        4.05          0.00           96.20        
143  T0967TS145_5-D1     145s    63.92    100.00  142   N/A       N/A        -0.50     -0.50      43.67    N/A           15.46    24.79    4.048    5.128    79    0    0     0     49.37  94.94  N/A         N/A          -0.84        -0.84        94.94  87.12    1.73     6.58        11.6        78       2.2      3.21          0.53    66.46     0.56    0.58    0.84    0.37    0.83     84.40   5.04    84.87   73.18   0.56    442.50     2.65     76.61    0.27      7.54          21.62         10.13          75.95        
144  T0967TS497_5-D1     497s    63.61    100.00  144   N/A       N/A        -0.52     -0.52      45.25    N/A           14.24    29.43    4.137    4.854    79    1    0     0     58.23  78.48  N/A         N/A          -0.55        -0.55        78.48  59.048   2.19     4.77        6.3         73       3.1      2.86          0.55    74.05     0.58    0.60    0.90    0.32    0.85     95.50   4.89    85.59   74.70   0.60    272.60     3.01     79.86    0.26      11.30         12.16         3.80           92.41        
145  T0967TS041_1-D1     041s    63.29    100.00  145   -0.85     -0.85      -0.53     -0.53      43.04    -1.06         12.85    23.26    3.571    4.682    79    1    0     0     44.30  87.34  -1.56       -1.56        -1.00        -1.00        87.34  61.934   2.40     5.47        7.2         77       3.3      3.21          0.52    67.09     0.57    0.58    0.90    0.35    0.84     79.90   4.74    83.02   68.14   0.57    301.60     2.65     N/A      0.24      15.08         12.16         12.66          82.28        
146  T0967TS497_3-D1     497s    62.02    100.00  146   N/A       N/A        -0.60     -0.60      42.41    N/A           16.01    29.85    4.145    4.859    79    1    0     0     30.38  79.75  N/A         N/A          -1.45        -1.45        79.75  58.344   2.35     4.63        7.5         77       4        2.99          0.54    74.68     0.58    0.60    0.90    0.32    0.85     98.70   4.74    85.56   74.33   0.61    310.10     2.96     79.65    0.28      11.30         9.46          11.39          83.54        
147  T0967TS497_2-D1     497s    62.02    100.00  146   N/A       N/A        -0.60     -0.60      42.72    N/A           10.71    28.35    4.168    4.928    79    1    0     0     55.70  81.01  N/A         N/A          -0.63        -0.63        81.01  57.315   2.35     4.77        7.4         77       4        3.03          0.54    70.89     0.57    0.59    0.90    0.33    0.85     99.40   4.74    84.92   73.58   0.60    307.40     3.20     79.57    0.25      12.81         12.16         3.80           88.61        
148  T0967TS041_2-D1     041s    61.71    100.00  148   N/A       N/A        -0.62     -0.62      42.09    N/A           15.96    25.68    4.108    5.346    79    0    0     0     44.30  82.28  N/A         N/A          -1.00        -1.00        82.28  66.213   2.32     5.05        6.5         73       3.2      2.98          0.51    62.02     0.58    0.57    0.87    0.43    0.84     98.40   4.58    80.92   66.56   0.57    277.30     3.20     N/A      0.26      9.05          13.51         7.59           86.08        
149  T0967TS497_4-D1     497s    61.71    100.00  148   N/A       N/A        -0.62     -0.62      42.72    N/A           17.68    27.23    3.959    4.683    79    0    0     0     54.43  83.54  N/A         N/A          -0.67        -0.67        83.54  55.213   2.54     5.19        7           76       3.9      2.84          0.54    70.89     0.59    0.59    0.90    0.33    0.85     99.40   4.74    85.69   74.28   0.58    293.10     2.73     79.99    0.29      9.80          9.46          5.06           88.61        
150  T0967TS041_5-D1     041s    61.71    100.00  148   N/A       N/A        -0.62     -0.62      41.14    N/A           14.90    26.66    3.677    4.859    79    0    0     0     39.24  86.08  N/A         N/A          -1.17        -1.17        86.08  60.61    2.28     5.60        6.9         73       2.7      2.89          0.50    58.86     0.54    0.55    0.89    0.40    0.85     97.60   4.58    82.48   66.30   0.59    291.50     3.27     N/A      0.20      6.03          16.22         6.33           86.08        
151  T0967TS041_3-D1     041s    60.44    100.00  151   N/A       N/A        -0.69     -0.69      39.56    N/A           13.59    23.19    3.735    4.943    79    1    0     0     31.65  84.81  N/A         N/A          -1.41        -1.41        84.81  69.3     2.14     4.63        6.7         69       2.4      3.19          0.49    62.66     0.53    0.54    0.89    0.43    0.85     98.40   4.58    81.90   66.42   0.55    282.60     2.91     N/A      0.19      12.07         13.51         12.66          79.75        
152  T0967TS041_4-D1     041s    60.44    100.00  151   N/A       N/A        -0.69     -0.69      40.19    N/A           10.63    22.22    3.681    4.945    79    0    0     0     45.57  84.81  N/A         N/A          -0.96        -0.96        84.81  56.297   2.42     5.47        5.8         67       2.8      2.48          0.51    61.39     0.57    0.56    0.88    0.38    0.85     98.40   4.58    81.35   68.42   0.54    255.70     2.67     N/A      0.21      8.30          5.41          3.80           92.41        
153  T0967TS282_4-D1     282s    57.91    100.00  153   N/A       N/A        -0.83     -0.83      36.40    N/A           9.52     25.29    4.679    5.633    79    1    0     0     40.51  77.22  N/A         N/A          -1.13        -1.13        77.22  53.303   2.43     4.91        5.3         74       3.5      3.70          0.50    57.59     0.54    0.54    0.82    0.60    0.78     51.10   3.89    73.57   59.90   0.55    237.90     7.66     N/A      0.19      45.97         17.57         7.59           87.34        
154  T0967TS282_1-D1     282s    56.96    100.00  154   -1.27     -1.27      -0.88     -0.88      36.71    -1.51         15.13    27.91    4.961    6.025    79    3    0     0     54.43  77.22  -1.13       -1.13        -0.67        -0.67        77.22  58.077   2.28     4.77        4.9         73       3.9      3.50          0.49    58.86     0.50    0.54    0.79    0.63    0.81     52.00   3.89    71.97   58.13   0.56    226.10     8.34     N/A      0.20      24.87         13.51         5.06           78.48        
155  T0967TS441_5-D1     441s    55.70    100.00  155   N/A       N/A        -0.95     -0.95      42.72    N/A           21.92    36.33    9.722    10.183   79    0    0     0     58.23  58.23  N/A         N/A          -0.55        -0.55        63.29  60.326   1.58     3.11        4.6         54       2.5      0.50          0.47    51.90     0.58    0.49    0.41    0.95    0.64     80.30   4.58    53.25   64.20   0.55    208.60     26.56    N/A      0.28      0.00          0.00          0.00           98.73        
156  T0967TS348_1-D1     348s    55.38    100.00  156   -1.37     -1.37      -0.96     -0.96      32.28    -1.83         7.19     19.32    3.526    5.166    79    1    0     0     45.57  81.01  -1.51       -1.51        -0.96        -0.96        81.01  52.127   2.54     5.05        0           0        N/A      4.51          0.33    36.50     0.39    0.46    0.84    0.98    0.77     2.10    4.42    76.65   51.41   0.55    N/A        5.72     78.92    0.06      343.10        5.41          20.25          50.63        
157  T0967TS282_2-D1     282s    54.75    100.00  157   N/A       N/A        -1.00     -1.00      34.18    N/A           8.76     21.53    4.901    5.823    79    0    0     0     53.16  78.48  N/A         N/A          -0.71        -0.71        78.48  54.27    2.34     4.36        4.9         72       3.2      3.82          0.48    55.70     0.52    0.52    0.79    0.64    0.78     56.60   4.07    73.67   61.30   0.52    227.00     7.15     N/A      0.18      42.20         24.32         7.59           84.81        
158  T0967TS348_2-D1     348s    50.00    100.00  158   N/A       N/A        -1.25     -1.25      26.27    N/A           5.43     14.10    4.086    5.623    79    0    0     0     18.99  75.95  N/A         N/A          -1.82        -1.82        75.95  48.357   2.55     4.22        0           0        N/A      2.48          0.39    28.32     0.39    0.40    0.82    0.84    0.77     2.10    4.07    66.13   43.18   0.46    N/A        6.28     72.50    0.07      10.02         0.00          16.46          53.16        
159  T0967TS348_3-D1     348s    49.05    100.00  159   N/A       N/A        -1.31     -1.31      25.32    N/A           5.73     14.15    3.974    5.559    79    0    0     0     20.25  77.22  N/A         N/A          -1.78        -1.78        77.22  47.137   2.53     4.08        0           0        N/A      2.21          0.39    30.84     0.42    0.39    0.81    0.83    0.77     2.10    4.07    71.16   46.94   0.47    N/A        6.00     73.58    0.09      5.41          0.00          13.92          59.49        
160  T0967TS348_4-D1     348s    47.78    100.00  160   N/A       N/A        -1.38     -1.38      24.05    N/A           6.56     13.31    4.188    5.644    79    0    0     0     27.85  75.95  N/A         N/A          -1.54        -1.54        75.95  47.249   2.66     4.36        0           0        N/A      2.47          0.39    26.40     0.40    0.39    0.79    0.91    0.75     2.10    4.07    68.05   43.48   0.44    N/A        6.70     72.18    0.08      9.27          0.00          15.19          49.37        
161  T0967TS282_3-D1     282s    46.84    100.00  161   N/A       N/A        -1.43     -1.43      28.48    N/A           7.50     18.15    6.176    7.185    79    1    0     0     26.58  62.03  N/A         N/A          -1.58        -1.58        62.03  44.202   2.46     3.24        3.9         65       4.1      3.25          0.43    41.14     0.50    0.44    0.71    0.69    0.74     52.50   3.70    67.18   54.77   0.44    197.10     9.60     N/A      0.16      18.84         14.86         2.53           88.61        
162  T0967TS378_1-D1     378s    37.66    100.00  162   -2.54     -2.54      -1.92     -1.92      23.10    -2.49         6.59     11.75    9.044    9.587    79    0    0     0     22.78  32.91  -2.47       -2.47        -1.70        -1.70        39.24  33.339   2.02     -0.36       1.5         50       4.5      4.07          0.26    34.81     0.47    0.35    0.60    1.09    0.64     46.50   1.64    49.89   48.81   0.31    114.40     14.54    45.63    0.12      252.27        9.46          1.27           92.41        
163  T0967TS124_4-D1     124s    37.34    100.00  163   N/A       N/A        -1.94     -1.94      24.68    N/A           5.15     10.30    9.582    10.729   79    0    0     0     6.33   37.97  N/A         N/A          -2.24        -2.24        43.04  34.419   2.13     0.47        8.5         77       9.6      3.73          0.54    37.34     0.55    0.63    0.91    1.93    0.20     87.10   4.89    58.96   79.46   0.34    343.10     1.74     54.25    0.24      146.95        4.05          5.06           86.08        
164  T0967TS124_5-D1     124s    37.34    100.00  163   N/A       N/A        -1.94     -1.94      24.68    N/A           3.06     10.11    9.679    10.775   79    0    0     0     0.00   29.11  N/A         N/A          -2.44        -2.44        39.24  31.576   2.20     0.47        8.2         78       9.7      3.50          0.56    39.87     0.57    0.64    0.89    1.92    0.20     92.00   4.89    58.07   77.82   0.34    332.40     1.96     53.96    0.26      143.93        2.70          5.06           89.87        
165  T0967TS458_2-D1     458s    35.13    100.00  165   N/A       N/A        -2.06     -2.06      23.73    N/A           3.51     9.48     23.735   23.944   79    0    0     0     2.53   35.44  N/A         N/A          -2.36        -2.36        39.24  33.647   2.27     1.16        1.9         43       4.6      2.56          0.29    27.21     0.49    0.30    0.36    1.73    0.60     56.10   3.70    40.56   47.52   0.27    110.50     170.29   63.48    0.10      9.80          4.05          6.33           88.61        
166  T0967TS458_1-D1     458s    34.49    100.00  166   -2.74     -2.74      -2.10     -2.10      23.73    -2.45         7.70     14.20    23.718   23.858   79    1    0     0     1.27   35.44  -3.39       -3.39        -2.40        -2.40        39.24  31.234   2.02     0.05        2           45       4.8      2.67          0.29    27.21     0.47    0.32    0.38    1.71    0.58     60.20   3.70    41.12   48.61   0.28    116.70     179.39   57.87    0.08      6.78          9.46          3.80           89.87        
167  T0967TS282_5-D1     282s    33.23    100.00  167   N/A       N/A        -2.17     -2.17      20.57    N/A           2.02     6.29     8.556    9.382    79    0    0     0     6.33   41.77  N/A         N/A          -2.24        -2.24        45.57  32.842   2.41     0.05        1.2         43       6.8      2.91          0.35    35.44     0.47    0.35    0.66    1.01    0.67     49.70   3.29    56.97   50.63   0.26    103.80     13.62    N/A      0.09      15.83         8.11          1.27           91.14        
168  T0967TS348_5-D1     348s    31.96    100.00  168   N/A       N/A        -2.23     -2.23      17.41    N/A           3.75     8.48     9.42     10.384   79    0    0     0     5.06   36.71  N/A         N/A          -2.28        -2.28        43.04  31.207   2.50     0.19        0           0        N/A      4.27          0.38    28.34     0.43    0.48    0.85    2.03    0.23     8.50    4.58    50.18   54.97   0.30    N/A        5.23     52.58    0.09      243.45        6.76          6.33           74.68        
169  T0967TS458_3-D1     458s    30.70    100.00  169   N/A       N/A        -2.30     -2.30      22.15    N/A           7.32     13.69    24.434   24.651   79    1    0     0     1.27   37.97  N/A         N/A          -2.40        -2.40        40.51  35.216   2.21     -0.09       1.4         38       3.7      2.84          0.28    22.15     0.46    0.25    0.31    1.87    0.47     44.50   3.50    38.20   49.49   0.27    90.20      216.10   56.40    0.08      11.30         8.11          5.06           88.61        
170  T0967TS257_1-D1     257s    30.38    100.00  170   -3.01     -3.01      -2.32     -2.32      26.27    -2.26         7.70     16.45    35.97    36.374   79    1    0     0     29.11  31.65  -2.20       -2.20        -1.50        -1.50        31.65  30.618   1.60     -0.50       0           0        N/A      2.28          0.23    22.79     0.47    0.22    0.36    2.55    0.57     43.80   3.50    27.05   44.52   0.28    N/A        483.84   89.38    0.07      2.26          8.11          10.13          88.61        
171  T0967TS257_2-D1     257s    29.43    100.00  171   N/A       N/A        -2.37     -2.37      23.10    N/A           7.30     15.70    36.619   36.733   79    0    0     0     2.53   29.11  N/A         N/A          -2.36        -2.36        30.38  29.986   1.99     -0.36       0           0        N/A      1.91          0.24    25.32     0.48    0.24    0.38    1.98    0.63     43.80   3.07    28.90   43.86   0.28    N/A        487.30   96.37    0.09      0.75          5.41          7.59           87.34        
172  T0967TS257_4-D1     257s    29.43    100.00  171   N/A       N/A        -2.37     -2.37      23.73    N/A           6.09     13.89    35.518   35.708   79    2    0     0     26.58  30.38  N/A         N/A          -1.58        -1.58        30.38  30.369   1.98     -0.22       0           0        N/A      2.21          0.24    22.79     0.47    0.23    0.34    2.26    0.52     43.80   2.58    27.37   45.50   0.27    N/A        478.81   93.90    0.07      0.75          10.81         12.66          83.54        
173  T0967TS458_4-D1     458s    29.43    100.00  171   N/A       N/A        -2.37     -2.37      20.25    N/A           7.42     14.03    22.269   22.509   79    2    0     0     5.06   32.91  N/A         N/A          -2.28        -2.28        35.44  30.248   2.16     -1.06       0.2         31       7.1      3.10          0.29    24.05     0.48    0.31    0.40    2.02    0.42     44.00   3.70    37.39   47.46   0.25    59.30      102.27   55.80    0.08      13.56         12.16         3.80           86.08        
174  T0967TS378_3-D1     378s    29.11    100.00  174   N/A       N/A        -2.39     -2.39      18.67    N/A           3.56     9.56     11.11    11.988   79    0    0     0     1.27   22.78  N/A         N/A          -2.40        -2.40        37.97  26.932   2.30     0.19        0.2         36       5        4.47          0.25    32.28     0.45    0.29    0.41    1.32    0.54     41.70   1.64    45.58   44.61   0.24    72.00      22.07    35.80    0.08      362.75        17.57         2.53           91.14        
175  T0967TS257_3-D1     257s    28.80    100.00  175   N/A       N/A        -2.41     -2.41      23.42    N/A           7.63     16.44    37.126   37.153   79    1    0     0     30.38  30.38  N/A         N/A          -1.45        -1.45        30.38  30.019   1.42     -0.50       0           0        N/A      2.82          0.23    23.42     0.48    0.24    0.38    2.06    0.54     43.60   3.50    26.75   46.78   0.27    N/A        476.93   91.32    0.09      6.03          12.16         7.59           84.81        
176  T0967TS257_5-D1     257s    28.80    100.00  175   N/A       N/A        -2.41     -2.41      23.10    N/A           5.78     12.20    37.998   38.077   79    1    0     0     1.27   29.11  N/A         N/A          -2.40        -2.40        29.11  28.807   1.58     -0.78       0           0        N/A      1.85          0.24    23.42     0.47    0.23    0.37    2.42    0.48     43.40   2.58    25.87   45.89   0.26    N/A        545.56   89.82    0.07      0.00          9.46          5.06           87.34        
177  T0967TS378_5-D1     378s    28.80    100.00  175   N/A       N/A        -2.41     -2.41      16.77    N/A           6.44     9.80     9.93     10.53    79    0    0     0     0.00   25.32  N/A         N/A          -2.44        -2.44        43.04  32.558   2.71     -0.92       0.3         37       7.4      3.92          0.24    32.28     0.46    0.31    0.57    0.95    0.64     44.90   2.58    41.91   44.16   0.24    67.80      15.18    34.90    0.12      199.70        9.46          3.80           93.67        
178  T0967TS378_4-D1     378s    27.21    100.00  178   N/A       N/A        -2.49     -2.49      18.99    N/A           5.91     14.35    12.791   13.483   79    0    0     0     0.00   24.05  N/A         N/A          -2.44        -2.44        32.91  30.292   2.04     -0.36       0           0        N/A      4.11          0.25    26.58     0.49    0.30    0.39    1.67    0.46     49.40   2.30    37.90   47.11   0.25    N/A        28.78    35.33    0.10      212.51        9.46          7.59           88.61        
179  T0967TS007_5-D1     007s    27.21    100.00  178   N/A       N/A        -2.49     -2.49      19.94    N/A           4.70     10.88    13.151   13.921   79    0    0     0     0.00   27.85  N/A         N/A          -2.44        -2.44        56.96  43.202   2.37     2.27        2.4         50       3.4      3.44          0.27    14.56     0.39    0.14    0.13    1.61    0.56     53.80   3.07    31.74   35.41   0.24    151.50     47.35    77.64    0.06      108.52        2.70          1.27           87.34        
180  T0967TS378_2-D1     378s    26.27    100.00  180   N/A       N/A        -2.54     -2.54      19.30    N/A           8.38     13.60    15.163   15.81    79    0    0     0     0.00   18.99  N/A         N/A          -2.44        -2.44        32.91  27.143   2.29     -0.22       0           0        N/A      4.19          0.25    28.48     0.45    0.28    0.42    1.46    0.47     49.40   3.07    33.75   43.17   0.25    N/A        34.08    35.61    0.10      198.94        16.22         2.53           91.14        
181  T0967TS458_5-D1     458s    24.37    100.00  181   N/A       N/A        -2.65     -2.65      18.04    N/A           5.28     9.13     23.124   23.471   79    1    0     0     0.00   20.25  N/A         N/A          -2.44        -2.44        31.65  24.313   2.53     -1.06       0           0        N/A      3.12          0.25    24.68     0.42    0.21    0.17    2.20    0.50     44.10   3.07    30.62   44.01   0.20    N/A        132.01   54.13    0.07      12.06         13.51         8.86           84.81        
182  T0967TS007_4-D1     007s    22.15    100.00  182   N/A       N/A        -2.77     -2.77      13.61    N/A           4.44     7.36     12.358   13.041   79    0    0     0     0.00   0.00   N/A         N/A          -2.44        -2.44        44.30  33.346   2.41     -0.78       0           0        N/A      3.78          0.30    19.62     0.41    0.19    0.23    1.87    0.40     28.40   2.30    23.63   36.37   0.20    N/A        43.90    79.43    0.08      150.72        4.05          6.33           83.54        
183  T0967TS007_3-D1     007s    19.94    100.00  183   N/A       N/A        -2.89     -2.89      12.66    N/A           2.15     4.40     13.633   14.106   79    0    0     0     0.00   1.27   N/A         N/A          -2.44        -2.44        40.51  32.365   2.15     0.19        0.5         33       3.2      3.68          0.25    20.25     0.39    0.17    0.10    2.05    0.47     25.30   2.83    21.42   31.57   0.16    83.90      58.38    82.94    0.05      105.50        5.41          1.27           86.08        

