#    Model               GR#     GDT_TS   NP_P    RANK  Z-M1-GDT  Z-M1s-GDT  Z-MA-GDT  Z-MAs-GDT  GDT_HA   Z-M1s-GDT-HA  GDC_SC   GDC_ALL  RMS_CA   RMS_ALL  NP    err  PC01  PC05  AL0_P  AL4_P  Z-M1-AL0_p  Z-M1s-AL0_p  Z-MA-AL0_p   Z-MAs-AL0_p  ALI_P  LGA_S    RMSD[L]  Z-score[M]  Z-Score[D]  Al.Res.  RMSD[D]  MolPrb_Score  LDDT    SphGr     CAD_AA  RPF     CODM    DFM     Handed.  SOV     CE      QCS     CONTS   TMscore  Dali(raw)  FlexE    QSE      CAD_SS    MolPrb_clash  MolPrb_rotout  MolPrb_ramout  MolPrb_ramfv 

1    T0971TS368_2-D1     368s    96.35    100.00  1     N/A       N/A        1.01      1.01       83.46    N/A           62.08    79.10    0.941    1.482    130   0    0     0     98.46  99.23  N/A         N/A          0.84         0.84         99.23  98.205   0.73     19.11       23          130      0.9      0.79          0.85    98.08     0.80    0.87    0.99    0.04    0.97     98.80   6.81    98.00   94.45   0.97    1327.40    0.50     98.13    0.65      0.90          0.82          0.00           97.95        
2    T0971TS156_2-D1     156s    96.15    100.00  2     N/A       N/A        1.00      1.00       85.19    N/A           56.50    76.72    0.867    1.7      130   10   0     0     98.46  99.23  N/A         N/A          0.84         0.84         99.23  98.586   0.87     19.11       20.7        130      0.9      2.83          0.82    96.54     0.77    0.83    0.99    0.04    0.97     98.80   6.81    97.71   93.98   0.97    1332.20    0.48     97.04    0.63      101.79        1.99          1.63           97.28        
3    T0971TS368_1-D1     368s    96.15    100.00  2     0.79      0.79       1.00      1.00       84.04    0.95          63.74    79.51    0.728    1.372    130   0    0     0     99.23  100.00  0.70        0.70         0.86         0.86         100.00  98.91    0.73     19.11       23.3        130      0.7      0.64          0.86    99.61     0.80    0.88    1.00    0.03    0.98     98.10   6.81    98.23   95.10   0.97    1341.60    0.27     98.35    0.66      0.00          0.00          0.00           97.26        
4    T0971TS368_3-D1     368s    96.15    100.00  2     N/A       N/A        1.00      1.00       83.85    N/A           60.96    78.22    0.749    1.49     130   0    0     0     99.23  100.00  N/A         N/A          0.86         0.86         100.00  98.731   0.75     19.11       23.2        130      0.8      0.79          0.84    99.61     0.79    0.86    1.00    0.03    0.97     98.80   6.81    98.19   95.01   0.97    1337.20    0.27     98.19    0.66      0.90          0.00          0.00           97.95        
5    T0971TS156_5-D1     156s    96.15    100.00  2     N/A       N/A        1.00      1.00       83.84    N/A           61.78    77.67    0.885    1.564    130   6    0     0     98.46  99.23  N/A         N/A          0.84         0.84         99.23  98.482   0.89     19.11       20.6        130      0.9      2.95          0.82    97.31     0.77    0.84    0.99    0.04    0.97     98.80   6.81    97.69   93.93   0.97    1326.10    0.47     97.22    0.62      76.64         1.99          3.26           94.57        
6    T0971TS058_3-D1     058s    95.96    100.00  6     N/A       N/A        0.99      0.99       83.27    N/A           55.31    75.56    1.055    1.72     130   0    0     0     98.46  99.23  N/A         N/A          0.84         0.84         99.23  98.023   0.75     19.11       20.5        129      0.8      2.41          0.78    96.54     0.76    0.85    0.99    0.05    0.97     97.70   6.81    97.56   93.50   0.96    1316.30    0.57     80.48    0.59      63.12         0.00          1.09           97.28        
7    T0971TS156_1-D1     156s    95.96    100.00  6     0.78      0.78       0.99      0.99       85.00    0.99          58.81    77.09    0.841    1.631    130   0    0     0     98.46  99.23  0.68        0.68         0.84         0.84         99.23  98.644   0.84     19.11       21.7        130      0.8      1.07          0.82    96.92     0.77    0.84    0.99    0.04    0.97     98.80   6.81    97.70   93.94   0.97    1329.90    0.46     96.96    0.62      0.73          0.66          1.09           95.11        
8    T0971TS156_4-D1     156s    95.39    100.00  8     N/A       N/A        0.97      0.97       83.27    N/A           58.99    76.16    0.887    1.605    130   8    0     0     98.46  99.23  N/A         N/A          0.84         0.84         99.23  98.404   0.89     19.11       20.6        130      0.9      2.69          0.82    96.92     0.77    0.84    0.99    0.04    0.97     98.80   6.81    97.71   93.99   0.97    1322.10    0.46     96.96    0.62      82.88         0.00          2.17           95.65        
9    T0971TS243_3-D1     243s    95.39    100.00  8     N/A       N/A        0.97      0.97       83.46    N/A           54.37    75.32    0.897    1.59     130   0    0     0     98.46  99.23  N/A         N/A          0.84         0.84         99.23  98.512   0.90     19.11       20.5        130      0.9      2.01          0.82    98.08     0.76    0.85    0.99    0.04    0.97     100.00  6.81    97.68   93.89   0.96    1318.30    0.47     78.13    0.60      30.28         0.00          0.54           97.83        
10   T0971TS023_3-D1     023s    95.39    100.00  8     N/A       N/A        0.97      0.97       83.46    N/A           53.90    75.41    0.897    1.65     130   0    0     0     98.46  99.23  N/A         N/A          0.84         0.84         99.23  98.512   0.90     19.11       20.5        130      0.9      2.27          0.82    97.69     0.76    0.85    0.99    0.04    0.97     100.00  6.81    97.68   93.89   0.96    1318.30    0.47     78.59    0.61      46.33         1.32          0.54           97.83        
11   T0971TS221_1-D1     221s    95.19    100.00  11    0.75      0.75       0.96      0.96       81.92    0.86          54.74    75.21    0.918    1.624    130   0    0     0     97.69  100.00  0.66        0.66         0.82         0.82         100.00  98.182   0.92     19.11       23.2        130      0.9      2.21          0.80    98.85     0.76    0.84    0.99    0.05    0.97     98.50   6.70    97.18   92.70   0.96    1296.30    0.52     90.11    0.61      26.63         1.32          1.09           96.74        
12   T0971TS441_4-D1     441s    95.19    100.00  11    N/A       N/A        0.96      0.96       82.89    N/A           54.32    75.32    0.911    1.625    130   0    0     0     98.46  99.23  N/A         N/A          0.84         0.84         99.23  98.343   0.91     19.11       20.5        130      0.9      2.56          0.82    97.69     0.77    0.86    0.99    0.04    0.97     99.60   6.81    97.65   93.76   0.96    1315.80    0.50     12.71    0.63      44.14         3.31          0.00           97.83        
13   T0971TS266_3-D1     266s    95.19    100.00  11    N/A       N/A        0.96      0.96       81.35    N/A           55.84    74.79    0.907    1.603    130   6    0     0     98.46  99.23  N/A         N/A          0.84         0.84         99.23  98.33    0.91     19.11       20.3        130      0.9      2.54          0.82    97.31     0.76    0.85    0.99    0.04    0.97     100.00  6.81    97.57   93.55   0.96    1309.30    0.48     N/A      0.60      70.07         1.99          0.54           98.37        
14   T0971TS007_2-D1     007s    95.19    100.00  11    N/A       N/A        0.96      0.96       82.69    N/A           56.98    76.50    0.898    1.572    130   0    0     0     98.46  99.23  N/A         N/A          0.84         0.84         99.23  98.462   0.90     19.11       20.5        130      0.9      2.43          0.83    97.69     0.77    0.86    0.99    0.04    0.97     100.00  6.81    97.69   93.99   0.96    1317.20    0.45     12.67    0.61      43.05         2.65          0.00           98.91        
15   T0971TS324_1-D1     324s    95.19    100.00  11    0.75      0.75       0.96      0.96       81.92    0.86          54.74    75.21    0.918    1.624    130   0    0     0     97.69  100.00  0.66        0.66         0.82         0.82         100.00  98.182   0.92     19.11       23.2        130      0.9      2.21          0.80    98.85     0.76    0.84    0.99    0.05    0.97     98.50   6.70    97.18   92.70   0.96    1296.30    0.52     90.11    0.61      26.63         1.32          1.09           96.74        
16   T0971TS149_1-D1     149s    95.00    100.00  16    0.74      0.74       0.96      0.96       81.73    0.85          55.40    75.68    0.916    1.597    130   4    0     0     98.46  99.23  0.68        0.68         0.84         0.84         99.23  98.283   0.92     19.11       20.5        130      0.9      2.92          0.81    96.54     0.77    0.86    0.99    0.04    0.97     100.00  6.81    97.66   93.85   0.96    1316.00    0.47     93.57    0.62      60.28         3.97          0.00           96.70        
17   T0971TS266_1-D1     266s    95.00    100.00  16    0.74      0.74       0.96      0.96       81.16    0.83          51.14    74.17    0.925    1.719    130   0    0     0     98.46  99.23  0.68        0.68         0.84         0.84         99.23  98.283   0.93     19.11       20.5        130      0.9      2.44          0.81    98.08     0.75    0.85    0.99    0.04    0.97     99.20   6.81    97.67   93.91   0.96    1316.00    0.48     N/A      0.57      33.21         3.31          0.00           97.83        
18   T0971TS246_5-D1     246s    95.00    100.00  16    N/A       N/A        0.96      0.96       82.50    N/A           55.21    75.28    0.899    1.691    130   0    0     0     98.46  99.23  N/A         N/A          0.84         0.84         99.23  98.391   0.90     19.11       20.5        130      0.9      2.51          0.82    98.08     0.76    0.85    0.99    0.04    0.97     100.00  6.81    97.70   93.95   0.96    1317.30    0.45     94.57    0.59      40.13         1.99          1.09           96.74        
19   T0971TS246_4-D1     246s    95.00    100.00  16    N/A       N/A        0.96      0.96       82.50    N/A           55.21    75.28    0.899    1.691    130   0    0     0     98.46  99.23  N/A         N/A          0.84         0.84         99.23  98.391   0.90     19.11       20.5        130      0.9      2.51          0.82    98.08     0.76    0.85    0.99    0.04    0.97     100.00  6.81    97.70   93.95   0.96    1317.30    0.45     94.57    0.59      40.13         1.99          1.09           96.74        
20   T0971TS246_3-D1     246s    95.00    100.00  16    N/A       N/A        0.96      0.96       82.50    N/A           55.21    75.28    0.899    1.691    130   0    0     0     98.46  99.23  N/A         N/A          0.84         0.84         99.23  98.391   0.90     19.11       20.5        130      0.9      2.51          0.82    98.08     0.76    0.85    0.99    0.04    0.97     100.00  6.81    97.70   93.95   0.96    1317.30    0.45     94.57    0.59      40.13         1.99          1.09           96.74        
21   T0971TS246_2-D1     246s    95.00    100.00  16    N/A       N/A        0.96      0.96       82.50    N/A           55.21    75.28    0.899    1.691    130   0    0     0     98.46  99.23  N/A         N/A          0.84         0.84         99.23  98.391   0.90     19.11       20.5        130      0.9      2.51          0.82    98.08     0.76    0.85    0.99    0.04    0.97     100.00  6.81    97.70   93.95   0.96    1317.30    0.45     94.57    0.59      40.13         1.99          1.09           96.74        
22   T0971TS246_1-D1     246s    95.00    100.00  16    0.74      0.74       0.96      0.96       82.50    0.89          55.21    75.28    0.899    1.691    130   0    0     0     98.46  99.23  0.68        0.68         0.84         0.84         99.23  98.391   0.90     19.11       20.5        130      0.9      2.51          0.82    98.08     0.76    0.85    0.99    0.04    0.97     100.00  6.81    97.70   93.95   0.96    1317.30    0.45     94.57    0.59      40.13         1.99          1.09           96.74        
23   T0971TS156_3-D1     156s    95.00    100.00  16    N/A       N/A        0.96      0.96       81.92    N/A           58.51    76.05    0.808    1.541    130   0    0     0     99.23  100.00  N/A         N/A          0.86         0.86         100.00  98.435   0.81     19.11       20.6        130      0.8      0.83          0.82    98.08     0.78    0.84    1.00    0.03    0.97     98.80   6.81    97.86   94.55   0.97    1323.90    0.29     97.33    0.62      0.36          0.66          1.09           96.74        
24   T0971TS441_5-D1     441s    95.00    100.00  16    N/A       N/A        0.96      0.96       81.92    N/A           51.28    74.12    0.904    1.72     130   0    0     0     98.46  99.23  N/A         N/A          0.84         0.84         99.23  98.509   0.90     19.11       20.5        130      0.9      2.43          0.81    98.08     0.75    0.85    0.99    0.04    0.97     96.80   6.81    97.61   93.73   0.96    1316.50    0.48     12.69    0.60      39.04         1.99          0.54           97.28        
25   T0971TS266_2-D1     266s    94.81    100.00  25    N/A       N/A        0.95      0.95       81.15    N/A           52.24    74.23    0.935    1.648    130   1    0     0     98.46  99.23  N/A         N/A          0.84         0.84         99.23  98.283   0.93     19.11       20.4        130      0.9      2.31          0.82    98.46     0.76    0.86    0.99    0.04    0.97     100.00  6.81    97.64   93.85   0.96    1315.40    0.47     N/A      0.60      40.51         1.99          0.00           98.91        
26   T0971TS337_1-D1     337s    94.61    100.00  26    0.72      0.72       0.94      0.94       81.34    0.84          53.95    75.29    0.913    1.671    130   0    0     0     98.46  99.23  0.68        0.68         0.84         0.84         99.23  98.283   0.91     19.11       20.5        130      0.9      2.79          0.82    98.08     0.76    0.85    0.99    0.04    0.97     100.00  6.81    97.68   93.93   0.96    1316.80    0.47     12.76    0.59      49.25         2.65          1.09           95.65        
27   T0971TS488_3-D1     488s    94.61    100.00  26    N/A       N/A        0.94      0.94       80.00    N/A           55.96    73.35    0.844    1.64     130   1    0     0     99.23  100.00  N/A         N/A          0.86         0.86         100.00  98.31    0.84     19.11       20          130      0.8      0.81          0.79    99.23     0.75    0.83    0.99    0.05    0.97     97.20   6.70    97.39   93.19   0.96    1287.40    0.44     N/A      0.56      1.09          0.00          0.00           98.91        
28   T0971TS441_1-D1     441s    94.61    100.00  26    0.72      0.72       0.94      0.94       81.34    0.84          53.95    75.29    0.913    1.671    130   0    0     0     98.46  99.23  0.68        0.68         0.84         0.84         99.23  98.283   0.91     19.11       20.5        130      0.9      2.79          0.82    98.08     0.76    0.85    0.99    0.04    0.97     100.00  6.81    97.68   93.93   0.96    1316.80    0.47     12.76    0.59      49.25         2.65          1.09           95.65        
29   T0971TS488_1-D1     488s    94.23    100.00  29    0.71      0.71       0.93      0.93       79.42    0.76          54.06    72.52    0.998    1.87     130   1    0     0     96.92  99.23  0.63        0.63         0.79         0.79         99.23  97.513   1.00     19.11       19.7        130      1        0.50          0.77    95.39     0.73    0.81    0.99    0.09    0.97     96.00   6.70    97.15   92.03   0.96    1272.90    0.87     N/A      0.56      0.00          0.00          0.00           98.37        
30   T0971TS488_4-D1     488s    94.23    100.00  29    N/A       N/A        0.93      0.93       77.89    N/A           56.82    73.41    0.919    1.604    130   1    0     0     99.23  100.00  N/A         N/A          0.86         0.86         100.00  97.547   0.92     19.11       20          130      0.9      0.54          0.80    99.61     0.76    0.84    0.99    0.06    0.97     92.20   6.70    97.75   94.34   0.96    1288.50    0.43     N/A      0.59      0.00          0.00          0.00           97.83        
31   T0971TS145_3-D1     145s    94.04    100.00  31    N/A       N/A        0.92      0.92       77.88    N/A           43.23    68.56    1.088    2.06     130   0    0     0     97.69  99.23  N/A         N/A          0.82         0.82         99.23  97.247   0.89     19.11       19.7        129      0.9      2.51          0.76    95.77     0.70    0.81    0.99    0.07    0.96     83.50   6.70    96.80   91.35   0.95    1271.40    0.85     95.13    0.55      1.46          13.25         8.70           76.63        
32   T0971TS058_5-D1     058s    94.04    100.00  31    N/A       N/A        0.92      0.92       80.38    N/A           53.67    73.60    1.021    1.657    130   0    0     0     96.92  99.23  N/A         N/A          0.79         0.79         99.23  97.777   1.02     19.11       20          130      1        2.62          0.77    96.54     0.74    0.84    0.99    0.07    0.97     91.80   6.70    96.97   91.53   0.96    1287.30    0.86     82.38    0.60      55.82         0.00          0.54           94.02        
33   T0971TS007_1-D1     007s    93.85    100.00  33    0.69      0.69       0.91      0.91       80.58    0.81          48.18    70.65    1.19     2.1      130   0    0     0     93.85  98.46  0.53        0.53         0.71         0.71         98.46  97.132   1.19     19.11       19.3        130      1.2      2.71          0.79    93.85     0.73    0.83    0.99    0.09    0.96     93.40   6.70    96.28   89.13   0.95    1246.70    1.36     14.31    0.57      57.26         1.99          0.54           96.20        
34   T0971TS058_4-D1     058s    93.85    100.00  33    N/A       N/A        0.91      0.91       80.58    N/A           48.72    71.96    1.018    1.89     130   2    0     0     96.92  99.23  N/A         N/A          0.79         0.79         99.23  97.723   1.02     19.11       19.9        130      1        2.92          0.71    94.61     0.69    0.80    0.99    0.07    0.97     85.50   6.70    96.84   91.27   0.96    1282.00    0.86     81.83    0.49      101.82        0.66          0.54           92.93        
35   T0971TS243_1-D1     243s    93.27    100.00  35    0.67      0.67       0.89      0.89       79.23    0.75          51.38    71.09    1.273    1.851    130   0    0     0     96.15  98.46  0.61        0.61         0.77         0.77         98.46  96.717   1.01     19.11       22.8        129      1        2.47          0.78    94.23     0.73    0.82    0.99    0.10    0.96     91.00   6.70    95.95   89.70   0.95    1258.30    1.30     79.65    0.55      48.89         0.66          1.63           95.65        
36   T0971TS004_1-D1     004s    93.27    100.00  35    0.67      0.67       0.89      0.89       78.27    0.71          51.84    71.18    1.096    1.77     130   0    0     0     96.92  99.23  0.63        0.63         0.79         0.79         99.23  96.842   0.95     19.11       22.4        130      1.1      0.91          0.80    96.92     0.75    0.85    0.99    0.06    0.96     98.10   6.70    97.73   94.61   0.95    1272.40    0.47     95.83    0.61      0.00          3.45          0.00           99.29        
37   T0971TS058_1-D1     058s    93.27    100.00  35    0.67      0.67       0.89      0.89       79.23    0.75          51.38    71.09    1.273    1.851    130   0    0     0     96.15  98.46  0.61        0.61         0.77         0.77         98.46  96.717   1.01     19.11       22.8        129      1        2.47          0.78    94.23     0.73    0.82    0.99    0.10    0.96     91.00   6.70    95.95   89.70   0.95    1258.30    1.30     81.53    0.55      48.89         0.66          1.63           95.65        
38   T0971TS023_1-D1     023s    92.50    100.00  38    0.64      0.64       0.86      0.86       78.84    0.74          47.08    69.15    1.29     2.123    130   0    0     0     96.15  98.46  0.61        0.61         0.77         0.77         98.46  96.481   1.03     19.11       22.9        129      1        2.60          0.77    93.08     0.71    0.81    0.99    0.10    0.96     90.60   6.70    95.91   89.55   0.95    1253.80    1.35     80.39    0.54      49.25         1.99          0.54           96.74        
39   T0971TS243_2-D1     243s    92.50    100.00  38    N/A       N/A        0.86      0.86       77.50    N/A           51.43    69.93    1.382    1.98     130   0    0     0     94.62  97.69  N/A         N/A          0.73         0.73         97.69  95.665   1.06     19.11       19.1        129      1.2      2.42          0.78    91.15     0.72    0.82    0.98    0.12    0.96     83.50   6.70    96.21   89.51   0.94    1233.90    1.21     80.55    0.54      39.78         0.00          0.00           95.11        
40   T0971TS023_2-D1     023s    92.50    100.00  38    N/A       N/A        0.86      0.86       77.50    N/A           48.95    68.95    1.382    2.039    130   0    0     0     94.62  97.69  N/A         N/A          0.73         0.73         97.69  95.665   1.06     19.11       19.1        129      1.2      2.75          0.78    91.54     0.71    0.82    0.98    0.12    0.96     83.50   6.70    96.21   89.51   0.94    1233.90    1.21     80.95    0.52      51.81         1.99          0.00           95.11        
41   T0971TS164_1-D1     164s    91.15    100.00  41    0.58      0.58       0.81      0.81       74.04    0.54          45.24    65.90    1.207    2.16     130   0    0     0     95.38  99.23  0.58        0.58         0.75         0.75         99.23  95.847   1.21     19.11       18.8        130      1.2      2.84          0.67    92.69     0.68    0.79    0.99    0.09    0.96     89.50   6.70    96.00   89.55   0.94    1220.10    1.39     96.85    0.47      61.31         1.32          3.26           91.85        
42   T0971TS312_1-D1     312s    90.96    100.00  42    0.57      0.57       0.80      0.80       74.61    0.56          37.74    62.80    1.208    2.086    130   0    0     0     96.92  99.23  0.63        0.63         0.79         0.79         99.23  96.12    1.21     19.11       18.8        130      1.2      4.50          0.63    97.31     0.64    0.77    0.99    0.06    0.96     80.20   6.70    95.82   89.29   0.94    1221.00    0.87     N/A      0.41      195.83        19.21         10.33          76.63        
43   T0971TS488_2-D1     488s    90.77    100.00  43    N/A       N/A        0.79      0.79       72.11    N/A           49.65    67.26    1.15     1.966    130   0    0     0     96.92  99.23  N/A         N/A          0.79         0.79         99.23  96.245   1.15     19.11       18.6        130      1.2      0.72          0.74    95.00     0.71    0.79    0.99    0.10    0.97     91.40   6.58    96.22   90.88   0.94    1204.60    1.07     N/A      0.52      0.36          1.32          0.00           98.37        
44   T0971TS023_5-D1     023s    90.58    100.00  44    N/A       N/A        0.78      0.78       75.58    N/A           48.37    68.00    1.379    2.25     130   3    0     0     93.08  98.46  N/A         N/A          0.69         0.69         98.46  95.408   1.06     19.11       18.7        129      1.3      3.04          0.76    91.15     0.69    0.80    0.98    0.15    0.96     91.80   6.70    95.83   88.13   0.93    1213.70    1.43     80.53    0.52      72.24         4.64          0.54           96.74        
45   T0971TS337_2-D1     337s    90.19    100.00  45    N/A       N/A        0.77      0.77       73.46    N/A           50.14    67.78    1.266    1.834    130   1    0     0     95.38  98.46  N/A         N/A          0.75         0.75         98.46  95.769   1.27     19.11       18.9        130      1.3      3.12          0.77    96.92     0.73    0.83    0.99    0.08    0.95     95.40   6.70    96.08   89.93   0.93    1223.60    0.89     44.18    0.56      59.10         4.64          2.72           94.57        
46   T0971TS441_2-D1     441s    90.19    100.00  45    N/A       N/A        0.77      0.77       73.46    N/A           50.14    67.78    1.266    1.834    130   1    0     0     95.38  98.46  N/A         N/A          0.75         0.75         98.46  95.769   1.27     19.11       18.9        130      1.3      3.12          0.77    96.92     0.73    0.83    0.99    0.08    0.95     95.40   6.70    96.08   89.93   0.93    1223.60    0.89     44.18    0.56      59.10         4.64          2.72           94.57        
47   T0971TS261_5-D1     261s    89.81    100.00  47    N/A       N/A        0.75      0.75       70.77    N/A           37.38    61.56    1.18     2.082    130   0    0     0     96.92  99.23  N/A         N/A          0.79         0.79         99.23  95.752   1.18     19.11       18.8        130      1.2      2.88          0.70    95.77     0.69    0.79    0.99    0.08    0.95     86.50   6.70    96.14   89.90   0.94    1216.60    0.72     94.55    0.53      3.65          15.89         11.96          72.83        
48   T0971TS110_5-D1     110s    89.61    100.00  48    N/A       N/A        0.75      0.75       70.58    N/A           36.75    61.64    1.336    2.181    130   1    0     0     94.62  98.46  N/A         N/A          0.73         0.73         98.46  95.324   1.24     19.11       18          130      1.3      3.34          0.68    94.61     0.66    0.75    0.99    0.09    0.95     85.50   6.70    94.78   86.52   0.93    1174.30    1.06     N/A      0.43      111.31        1.32          12.50          79.89        
49   T0971TS261_4-D1     261s    89.04    100.00  49    N/A       N/A        0.72      0.72       69.23    N/A           39.04    61.52    1.27     2.034    130   0    0     0     97.69  99.23  N/A         N/A          0.82         0.82         99.23  95.202   1.27     19.11       18.8        130      1.3      3.07          0.74    99.23     0.70    0.82    0.99    0.08    0.95     86.50   6.70    95.87   90.18   0.93    1217.30    0.62     94.95    0.52      6.20          15.23         9.24           70.65        
50   T0971TS145_4-D1     145s    88.85    100.00  50    N/A       N/A        0.72      0.72       68.66    N/A           30.82    58.31    1.297    2.308    130   0    0     0     96.92  99.23  N/A         N/A          0.79         0.79         99.23  94.96    1.30     19.11       18.4        130      1.3      3.58          0.68    95.00     0.66    0.76    0.99    0.09    0.95     67.90   6.70    95.33   88.75   0.92    1192.70    0.80     95.53    0.42      21.90         17.22         10.33          73.37        
51   T0971TS347_2-D1     347s    88.27    100.00  51    N/A       N/A        0.69      0.69       69.42    N/A           52.38    65.76    1.288    1.917    130   0    0     0     95.38  99.23  N/A         N/A          0.75         0.75         99.23  94.872   1.29     19.11       21.7        130      1.3      2.78          0.79    97.69     0.74    0.84    0.99    0.08    0.95     90.60   6.70    96.06   90.29   0.93    1209.60    0.83     95.27    0.58      33.82         2.73          2.24           93.28        
52   T0971TS085_1-D1     085s    88.08    100.00  52    0.46      0.46       0.69      0.69       69.81    0.36          40.09    61.01    1.241    2.118    130   0    0     0     93.85  100.00  0.53        0.53         0.71         0.71         100.00  94.764   1.24     19.11       18.1        130      1.2      2.98          0.63    95.77     0.65    0.78    0.99    0.11    0.95     88.50   6.58    94.91   87.34   0.93    1178.90    1.65     N/A      0.45      82.45         0.00          3.26           88.04        
53   T0971TS085_2-D1     085s    88.08    100.00  52    N/A       N/A        0.69      0.69       70.19    N/A           40.35    63.38    1.248    2.102    130   0    0     0     95.38  99.23  N/A         N/A          0.75         0.75         99.23  95.081   1.25     19.11       18.2        130      1.3      3.13          0.67    93.85     0.67    0.79    0.99    0.11    0.96     90.10   6.70    95.48   87.98   0.93    1183.70    1.35     N/A      0.45      73.33         1.99          4.35           89.13        
54   T0971TS110_4-D1     110s    88.08    100.00  52    N/A       N/A        0.69      0.69       68.85    N/A           39.79    60.30    1.304    2.212    130   1    0     0     95.38  99.23  N/A         N/A          0.75         0.75         99.23  94.791   1.30     19.11       18.2        130      1.3      3.32          0.66    93.85     0.66    0.75    0.99    0.10    0.95     84.80   6.70    94.60   86.62   0.92    1185.80    1.03     N/A      0.41      140.61        0.66          9.78           81.52        
55   T0971TS488_5-D1     488s    87.89    100.00  55    N/A       N/A        0.68      0.68       71.15    N/A           43.39    64.07    1.219    1.978    130   1    0     0     97.69  99.23  N/A         N/A          0.82         0.82         99.23  94.973   1.22     19.11       18.6        130      1.2      0.77          0.74    96.92     0.71    0.80    0.99    0.09    0.96     97.20   6.70    96.28   91.04   0.93    1209.80    0.69     N/A      0.54      0.73          0.00          0.00           97.83        
56   T0971TS145_1-D1     145s    87.89    100.00  55    0.45      0.45       0.68      0.68       68.27    0.30          33.85    58.39    1.29     2.167    130   0    0     0     96.15  99.23  0.61        0.61         0.77         0.77         99.23  94.696   1.29     19.11       18.2        130      1.3      2.73          0.70    96.15     0.67    0.77    0.99    0.10    0.95     79.00   6.70    95.39   88.83   0.92    1182.50    0.78     94.51    0.45      2.92          12.58         9.24           72.83        
57   T0971TS243_4-D1     243s    87.69    100.00  57    N/A       N/A        0.67      0.67       71.54    N/A           45.89    63.91    1.811    2.359    130   0    0     0     90.77  96.15  N/A         N/A          0.62         0.62         96.15  93.462   1.39     19.11       18          128      1.4      2.39          0.73    91.54     0.70    0.80    0.97    0.15    0.94     91.40   6.70    94.89   87.07   0.91    1176.10    2.09     81.38    0.51      51.44         0.66          0.54           96.74        
58   T0971TS110_2-D1     110s    87.69    100.00  57    N/A       N/A        0.67      0.67       69.81    N/A           40.14    59.54    1.41     2.329    130   1    0     0     94.62  99.23  N/A         N/A          0.73         0.73         99.23  94.501   1.32     19.11       18.1        130      1.4      3.77          0.27    92.31     0.64    0.74    0.98    0.09    0.95     68.50   6.70    94.26   85.48   0.92    1174.90    1.18     N/A      0.42      299.20        0.66          17.39          70.11        
59   T0971TS347_1-D1     347s    87.69    100.00  57    0.44      0.44       0.67      0.67       69.23    0.34          50.45    65.56    1.323    1.869    130   0    0     0     95.38  99.23  0.58        0.58         0.75         0.75         99.23  94.271   1.32     19.11       21.8        130      1.3      3.06          0.78    98.85     0.73    0.84    0.99    0.08    0.95     94.70   6.70    96.04   90.36   0.92    1214.90    0.81     95.18    0.58      31.88         5.45          0.00           91.04        
60   T0971TS110_3-D1     110s    87.50    100.00  60    N/A       N/A        0.67      0.67       68.84    N/A           36.70    59.89    1.341    2.207    130   1    0     0     95.38  99.23  N/A         N/A          0.75         0.75         99.23  94.504   1.34     19.11       17.9        130      1.3      3.38          0.68    96.15     0.67    0.76    0.99    0.09    0.95     95.70   6.70    94.30   85.94   0.92    1167.10    1.05     N/A      0.47      146.98        0.00          11.41          78.80        
61   T0971TS058_2-D1     058s    87.50    100.00  60    N/A       N/A        0.67      0.67       70.96    N/A           45.33    62.62    1.795    2.387    130   0    0     0     90.77  96.15  N/A         N/A          0.62         0.62         96.15  93.134   1.42     19.11       17.8        128      1.4      2.53          0.74    90.00     0.68    0.79    0.97    0.16    0.94     82.20   6.58    94.37   86.27   0.91    1159.50    2.05     81.10    0.49      63.12         0.66          0.00           96.20        
62   T0971TS261_3-D1     261s    87.50    100.00  60    N/A       N/A        0.67      0.67       69.23    N/A           33.09    59.78    1.255    2.169    130   0    0     0     96.92  99.23  N/A         N/A          0.79         0.79         99.23  94.825   1.25     19.11       18.2        130      1.3      3.32          0.70    98.85     0.67    0.77    0.99    0.10    0.96     83.30   6.70    95.58   89.05   0.93    1185.80    0.75     94.06    0.46      15.33         12.58         8.15           74.46        
63   T0971TS145_2-D1     145s    87.50    100.00  60    N/A       N/A        0.67      0.67       67.31    N/A           32.41    58.74    1.332    2.316    130   0    0     0     93.85  99.23  N/A         N/A          0.71         0.71         99.23  94.46    1.33     19.11       18.2        130      1.3      3.46          0.70    94.23     0.66    0.76    0.99    0.10    0.95     87.80   6.70    95.27   88.59   0.92    1181.10    0.81     93.10    0.44      16.79         17.22         11.96          75.00        
64   T0971TS261_2-D1     261s    87.11    100.00  64    N/A       N/A        0.65      0.65       67.50    N/A           43.86    60.54    1.354    1.975    130   0    0     0     96.92  99.23  N/A         N/A          0.79         0.79         99.23  94.261   1.35     19.11       18.2        130      1.4      2.59          0.74    100.00    0.71    0.82    0.99    0.10    0.95     83.70   6.70    95.13   88.27   0.92    1185.00    0.79     95.31    0.55      2.19          13.25         7.07           79.35        
65   T0971TS110_1-D1     110s    87.11    100.00  64    0.42      0.42       0.65      0.65       68.08    0.29          36.12    59.17    1.424    2.261    130   1    0     0     93.08  98.46  0.51        0.51         0.69         0.69         98.46  94.146   1.42     19.11       17.9        130      1.4      3.31          0.68    92.31     0.65    0.75    0.98    0.10    0.95     88.50   6.70    94.47   86.65   0.92    1165.80    1.02     N/A      0.40      120.12        0.00          10.87          77.72        
66   T0971TS085_3-D1     085s    87.11    100.00  64    N/A       N/A        0.65      0.65       67.89    N/A           38.69    60.19    1.325    2.281    130   0    0     0     95.38  100.00  N/A         N/A          0.75         0.75         100.00  94.234   1.33     19.11       17.7        130      1.3      3.09          0.61    93.08     0.64    0.75    0.98    0.13    0.95     84.50   6.58    94.75   86.78   0.92    1154.30    1.84     N/A      0.41      66.76         1.99          3.80           89.13        
67   T0971TS347_3-D1     347s    87.11    100.00  64    N/A       N/A        0.65      0.65       67.50    N/A           47.43    63.73    1.303    1.943    130   0    0     0     94.62  100.00  N/A         N/A          0.73         0.73         100.00  94.332   1.30     19.11       21.7        130      1.3      2.67          0.77    99.23     0.72    0.83    0.99    0.07    0.95     96.00   6.70    96.47   91.37   0.92    1212.10    0.64     94.96    0.57      27.05         4.55          0.00           96.27        
68   T0971TS243_5-D1     243s    87.11    100.00  64    N/A       N/A        0.65      0.65       71.15    N/A           47.12    63.64    1.721    2.245    130   3    0     0     86.92  95.38  N/A         N/A          0.51         0.51         95.38  92.615   1.29     19.11       17.5        129      1.6      2.43          0.75    88.46     0.69    0.80    0.97    0.18    0.94     89.40   6.58    93.19   85.84   0.90    1142.60    2.33     81.35    0.52      44.51         0.00          0.00           95.65        
69   T0971TS023_4-D1     023s    87.11    100.00  64    N/A       N/A        0.65      0.65       71.15    N/A           44.28    62.38    1.721    2.378    130   3    0     0     86.92  95.38  N/A         N/A          0.51         0.51         95.38  92.615   1.29     19.11       17.5        129      1.6      2.98          0.74    88.46     0.68    0.79    0.97    0.18    0.94     89.40   6.58    93.19   85.84   0.90    1142.60    2.33     80.84    0.53      55.82         3.97          0.00           95.65        
70   T0971TS441_3-D1     441s    86.92    100.00  70    N/A       N/A        0.64      0.64       72.31    N/A           43.60    60.27    2.978    3.65     130   0    0     0     82.31  97.69  N/A         N/A          0.38         0.38         97.69  96.849   0.74     18.58       20          127      0.7      2.44          0.66    79.61     0.67    0.68    0.88    0.30    0.91     95.70   6.58    86.07   77.75   0.86    1289.50    7.21     22.75    0.45      50.35         1.99          1.09           97.83        
71   T0971TS337_3-D1     337s    86.92    100.00  70    N/A       N/A        0.64      0.64       72.31    N/A           43.60    60.27    2.978    3.65     130   0    0     0     82.31  97.69  N/A         N/A          0.38         0.38         97.69  96.849   0.74     18.58       20          127      0.7      2.44          0.66    79.61     0.67    0.68    0.88    0.30    0.91     95.70   6.58    86.07   77.75   0.86    1289.50    7.21     22.75    0.45      50.35         1.99          1.09           97.83        
72   T0971TS261_1-D1     261s    86.73    100.00  72    0.40      0.40       0.64      0.64       66.73    0.24          33.58    58.24    1.318    2.251    130   0    0     0     96.15  99.23  0.61        0.61         0.77         0.77         99.23  94.17    1.32     19.11       18          130      1.3      3.03          0.68    93.85     0.66    0.77    0.99    0.10    0.95     81.00   6.70    95.26   88.45   0.92    1174.40    0.82     94.45    0.45      7.66          13.25         6.52           78.26        
73   T0971TS347_5-D1     347s    86.35    100.00  73    N/A       N/A        0.62      0.62       67.31    N/A           46.80    62.33    1.413    2.027    130   0    0     0     93.08  99.23  N/A         N/A          0.69         0.69         99.23  93.472   1.41     19.11       21.4        130      1.4      3.09          0.77    98.85     0.72    0.83    0.98    0.09    0.95     97.60   6.58    95.99   90.19   0.91    1198.50    0.83     94.48    0.55      32.37         8.18          0.00           94.03        
74   T0971TS164_5-D1     164s    85.77    100.00  74    N/A       N/A        0.60      0.60       67.50    N/A           42.88    60.46    1.504    2.237    130   0    0     0     90.77  98.46  N/A         N/A          0.62         0.62         98.46  92.574   1.38     19.11       17.4        130      1.5      2.93          0.66    92.31     0.68    0.78    0.98    0.13    0.95     82.80   6.58    93.93   85.20   0.91    1139.50    1.77     82.94    0.47      83.21         1.32          1.63           92.93        
75   T0971TS164_3-D1     164s    85.58    100.00  75    N/A       N/A        0.59      0.59       65.00    N/A           34.72    56.63    1.354    2.253    130   0    0     0     95.38  100.00  N/A         N/A          0.75         0.75         100.00  93.583   1.35     19.11       17.3        130      1.4      3.33          0.60    94.23     0.64    0.76    0.98    0.14    0.95     83.20   6.58    94.17   84.77   0.91    1131.70    1.77     74.28    0.45      71.17         2.65          4.89           83.15        
76   T0971TS347_4-D1     347s    85.58    100.00  75    N/A       N/A        0.59      0.59       67.31    N/A           47.20    63.37    1.43     2.004    130   0    0     0     91.54  100.00  N/A         N/A          0.64         0.64         100.00  93.205   1.43     19.11       21.1        130      1.4      2.63          0.76    96.92     0.71    0.82    0.98    0.10    0.95     96.30   6.58    95.76   89.40   0.91    1183.20    0.97     94.74    0.56      21.74         2.73          0.75           92.54        
77   T0971TS145_5-D1     145s    85.39    100.00  77    N/A       N/A        0.58      0.58       64.81    N/A           31.61    56.01    1.38     2.341    130   0    0     0     95.38  99.23  N/A         N/A          0.75         0.75         99.23  93.384   1.38     19.11       17.4        130      1.4      3.52          0.66    94.23     0.65    0.77    0.98    0.12    0.95     79.00   6.58    94.97   87.40   0.91    1136.30    0.96     69.36    0.46      18.61         15.89         11.41          70.11        
78   T0971TS365_4-D1     365s    84.04    100.00  78    N/A       N/A        0.53      0.53       65.00    N/A           43.55    59.60    1.541    2.201    130   0    0     0     94.62  99.23  N/A         N/A          0.73         0.73         99.23  92.537   1.44     19.11       17          129      1.4      1.98          0.71    94.90     0.69    0.79    0.98    0.11    0.94     95.66   6.58    94.93   86.69   0.90    1112.90    1.15     N/A      0.54      0.36          7.95          4.35           84.78        
79   T0971TS124_2-D1     124s    83.85    100.00  79    N/A       N/A        0.52      0.52       64.23    N/A           26.43    51.74    1.913    2.728    130   0    0     0     89.23  95.38  N/A         N/A          0.58         0.58         95.38  89.754   1.54     19.11       19          130      1.9      2.87          0.66    94.23     0.64    0.74    0.97    0.16    0.94     94.00   6.35    95.21   91.22   0.88    1054.50    0.62     89.40    0.37      94.13         3.31          0.00           97.83        
80   T0971TS365_2-D1     365s    83.27    100.00  80    N/A       N/A        0.50      0.50       63.65    N/A           42.38    57.37    1.684    2.322    130   0    0     0     93.85  98.46  N/A         N/A          0.71         0.71         98.46  91.65    1.52     19.11       17.1        129      1.5      1.79          0.72    94.13     0.70    0.80    0.98    0.12    0.94     87.22   6.58    95.68   89.15   0.89    1117.80    1.02     N/A      0.54      0.73          3.31          6.52           84.78        
81   T0971TS365_1-D1     365s    83.08    100.00  81    0.25      0.25       0.49      0.49       62.88    0.08          38.65    54.75    1.764    2.404    130   1    0     0     93.08  98.46  0.51        0.51         0.69         0.69         98.46  91.363   1.61     19.11       16.8        129      1.6      1.84          0.71    93.36     0.68    0.78    0.98    0.14    0.94     84.64   6.58    94.99   87.31   0.88    1099.50    1.22     N/A      0.52      0.36          4.64          8.15           82.07        
82   T0971TS365_3-D1     365s    82.69    100.00  82    N/A       N/A        0.48      0.48       62.30    N/A           42.34    56.72    1.684    2.315    130   0    0     0     93.08  97.69  N/A         N/A          0.69         0.69         97.69  91.225   1.59     19.11       17.1        129      1.6      1.37          0.72    94.13     0.70    0.80    0.98    0.11    0.94     87.12   6.58    95.60   90.03   0.89    1118.30    0.87     N/A      0.53      0.00          1.99          3.80           85.87        
83   T0971TS365_5-D1     365s    82.69    100.00  82    N/A       N/A        0.48      0.48       62.69    N/A           41.78    57.25    1.643    2.304    130   0    0     0     95.38  99.23  N/A         N/A          0.75         0.75         99.23  91.363   1.45     19.11       16.9        129      1.5      1.59          0.71    94.52     0.69    0.79    0.98    0.12    0.94     97.44   6.58    94.94   87.48   0.90    1103.20    1.06     N/A      0.51      0.00          3.31          6.52           82.61        
84   T0971TS164_2-D1     164s    82.50    100.00  84    N/A       N/A        0.47      0.47       61.54    N/A           33.09    54.58    1.495    2.224    130   0    0     0     95.38  99.23  N/A         N/A          0.75         0.75         99.23  92.004   1.50     19.11       16.6        130      1.5      2.98          0.61    93.85     0.65    0.77    0.98    0.16    0.94     68.60   6.58    93.09   82.61   0.90    1088.80    1.80     87.06    0.44      83.21         0.66          3.26           88.04        
85   T0971TS124_1-D1     124s    82.11    100.00  85    0.21      0.21       0.46      0.46       63.08    0.08          26.00    50.20    1.821    2.731    130   0    0     0     90.00  96.92  0.41        0.41         0.60         0.60         96.92  90.304   1.66     19.11       19.1        130      1.8      3.31          0.65    92.31     0.62    0.74    0.98    0.15    0.94     88.60   6.58    95.18   90.71   0.88    1061.70    0.64     90.30    0.37      122.95        6.62          0.54           97.28        
86   T0971TS368_4-D1     368s    81.92    100.00  86    N/A       N/A        0.45      0.45       62.69    N/A           38.25    54.53    1.71     2.342    130   1    0     0     95.38  98.46  N/A         N/A          0.75         0.75         98.46  90.493   1.62     19.11       16.9        130      1.7      0.89          0.71    96.54     0.70    0.80    0.98    0.12    0.94     96.80   6.58    94.89   88.28   0.88    1109.50    1.09     92.17    0.51      0.36          0.00          0.54           96.20        
87   T0971TS498_1-D1     498s    81.54    100.00  87    0.19      0.19       0.43      0.43       61.34    0.01          32.53    51.28    2.112    2.767    130   3    0     0     86.15  95.38  0.29        0.29         0.49         0.49         95.38  89.599   1.61     18.93       15.9        129      1.9      3.62          0.67    90.77     0.63    0.74    0.97    0.18    0.93     88.50   6.35    93.01   82.94   0.86    1047.30    2.88     77.89    0.43      24.07         20.53         6.52           78.80        
88   T0971TS498_5-D1     498s    80.96    100.00  88    N/A       N/A        0.41      0.41       61.35    N/A           34.30    51.26    2.154    2.756    130   6    0     0     83.08  93.85  N/A         N/A          0.40         0.40         93.85  88.927   1.69     18.93       15.8        129      2        3.38          0.67    90.77     0.64    0.74    0.97    0.17    0.93     88.10   6.47    92.89   82.94   0.86    1045.10    2.69     78.39    0.45      17.88         18.54         5.43           84.78        
89   T0971TS498_4-D1     498s    80.58    100.00  89    N/A       N/A        0.40      0.40       60.58    N/A           30.87    50.66    2.305    3.037    130   6    0     0     86.15  94.62  N/A         N/A          0.49         0.49         94.62  89.022   1.67     18.93       15.5        127      1.8      3.27          0.66    88.08     0.64    0.73    0.96    0.19    0.93     89.30   6.47    92.88   83.21   0.85    1027.50    2.93     78.13    0.43      21.52         10.60         4.35           84.78        
90   T0971TS498_2-D1     498s    80.58    100.00  89    N/A       N/A        0.40      0.40       60.77    N/A           29.68    50.54    2.252    2.824    130   6    0     0     83.08  94.62  N/A         N/A          0.40         0.40         94.62  87.53    1.62     18.76       15.6        127      1.8      3.66          0.66    89.61     0.63    0.73    0.96    0.20    0.93     88.10   6.47    92.74   82.49   0.85    1029.00    2.47     78.55    0.45      24.44         25.83         8.70           82.07        
91   T0971TS498_3-D1     498s    80.39    100.00  91    N/A       N/A        0.39      0.39       61.16    N/A           31.94    50.98    2.242    2.993    130   4    0     0     86.15  94.62  N/A         N/A          0.49         0.49         94.62  88.391   1.61     18.76       15.6        127      1.8      3.60          0.67    88.85     0.64    0.74    0.96    0.20    0.93     88.50   6.47    92.91   83.11   0.86    1031.10    2.96     78.48    0.45      26.27         19.87         6.52           82.07        
92   T0971TS004_4-D1     004s    80.39    100.00  91    N/A       N/A        0.39      0.39       60.58    N/A           38.01    53.04    1.924    2.582    130   0    0     0     92.31  96.92  N/A         N/A          0.66         0.66         96.92  88.745   1.61     19.11       19.1        129      1.8      0.73          0.70    93.08     0.66    0.77    0.98    0.17    0.94     89.50   6.58    93.95   84.96   0.87    1087.90    2.01     92.10    0.46      0.00          1.77          0.00           97.81        
93   T0971TS368_5-D1     368s    79.23    100.00  93    N/A       N/A        0.35      0.35       58.84    N/A           41.66    52.89    1.897    2.389    130   1    0     0     87.69  97.69  N/A         N/A          0.53         0.53         97.69  88.671   1.76     19.11       16          130      1.9      0.94          0.72    94.23     0.70    0.79    0.97    0.18    0.94     98.80   6.47    93.42   86.53   0.86    1053.10    1.52     90.07    0.54      0.73          0.66          0.00           96.74        
94   T0971TS149_2-D1     149s    79.23    100.00  93    N/A       N/A        0.35      0.35       59.23    N/A           34.09    51.63    1.879    2.445    130   4    0     0     92.31  96.92  N/A         N/A          0.66         0.66         96.92  89.177   1.62     19.11       16.3        130      1.9      4.34          0.63    92.69     0.64    0.76    0.97    0.17    0.93     91.00   6.47    93.60   84.13   0.87    1069.60    1.83     90.43    0.47      211.40        13.91         5.98           83.15        
95   T0971TS149_3-D1     149s    78.85    100.00  95    N/A       N/A        0.33      0.33       59.23    N/A           29.63    49.79    2.159    3.117    130   1    0     0     86.15  94.62  N/A         N/A          0.49         0.49         94.62  87.271   1.78     18.76       15          128      1.9      4.21          0.64    85.00     0.61    0.73    0.96    0.25    0.92     79.00   6.23    92.90   81.11   0.85    994.10     3.53     88.62    0.44      186.52        10.60         7.61           82.61        
96   T0971TS124_3-D1     124s    78.85    100.00  95    N/A       N/A        0.33      0.33       57.88    N/A           26.14    47.01    2.057    3.18     130   0    0     0     86.92  95.38  N/A         N/A          0.51         0.51         95.38  87.915   1.73     19.11       17.7        129      2        2.98          0.62    83.85     0.60    0.70    0.97    0.20    0.93     87.30   6.47    93.09   85.62   0.85    991.70     1.35     90.28    0.31      98.50         1.32          0.54           93.48        
97   T0971TS004_3-D1     004s    78.65    100.00  97    N/A       N/A        0.32      0.32       59.81    N/A           39.21    51.42    2.343    3.102    130   0    0     0     83.85  92.31  N/A         N/A          0.43         0.43         92.31  84.669   1.67     18.40       16.7        127      2.1      0.92          0.66    84.61     0.65    0.74    0.96    0.27    0.92     72.10   6.23    92.18   79.74   0.84    963.90     4.23     90.22    0.49      0.00          3.54          0.00           98.54        
98   T0971TS337_4-D1     337s    78.27    100.00  98    N/A       N/A        0.31      0.31       58.65    N/A           29.37    48.20    2.046    2.844    130   0    0     0     90.00  96.15  N/A         N/A          0.60         0.60         96.15  86.913   1.67     19.11       15.7        128      1.9      3.30          0.65    88.46     0.61    0.72    0.97    0.22    0.93     95.20   6.47    93.28   83.65   0.85    1035.10    2.14     21.51    0.41      80.63         5.96          0.54           95.11        
99   T0971TS164_4-D1     164s    77.89    100.00  99    N/A       N/A        0.29      0.29       56.35    N/A           35.33    49.58    1.954    2.993    130   0    0     0     83.08  96.15  N/A         N/A          0.40         0.40         96.15  87.959   1.79     19.11       14.7        130      2        3.33          0.57    83.08     0.61    0.71    0.96    0.24    0.92     82.70   6.47    90.21   78.31   0.86    980.50     3.80     77.09    0.39      86.86         1.99          6.52           82.61        
100  T0971TS124_5-D1     124s    77.69    100.00  100   N/A       N/A        0.29      0.29       56.35    N/A           27.89    46.79    2.161    3.015    130   0    0     0     83.08  94.62  N/A         N/A          0.40         0.40         94.62  86.751   1.79     19.11       17.1        127      2        2.79          0.63    87.69     0.61    0.72    0.96    0.23    0.92     92.50   6.23    92.15   85.17   0.84    962.30     1.42     89.80    0.36      100.69        2.65          0.00           98.37        
101  T0971TS116_1-D1     116s    76.73    100.00  101   -0.00     -0.00      0.25      0.25       56.35    -0.19         27.05    48.29    2.763    3.541    130   4    0     0     83.08  92.31  0.19        0.19         0.40         0.40         92.31  85.267   1.71     18.23       14.1        127      2.3      2.55          0.62    83.46     0.60    0.69    0.94    0.30    0.91     77.10   6.35    91.38   81.09   0.83    942.60     4.54     23.66    0.35      74.79         0.66          0.00           96.74        
102  T0971TS004_2-D1     004s    76.54    100.00  102   N/A       N/A        0.24      0.24       56.54    N/A           33.90    49.23    2.456    3.169    130   0    0     0     80.77  93.08  N/A         N/A          0.34         0.34         93.08  79.342   1.84     19.11       17.6        126      2        0.82          0.67    85.00     0.67    0.74    0.96    0.23    0.92     87.80   6.35    91.84   84.53   0.83    1018.50    2.13     90.20    0.47      0.00          2.61          0.00           99.28        
103  T0971TS149_4-D1     149s    76.15    100.00  103   N/A       N/A        0.23      0.23       55.38    N/A           22.03    43.49    2.35     3.351    130   1    0     0     83.85  91.54  N/A         N/A          0.43         0.43         91.54  84.434   1.82     18.93       14.8        129      2.3      4.18          0.59    79.61     0.58    0.69    0.96    0.24    0.92     76.20   6.47    91.60   80.88   0.83    985.80     2.67     89.82    0.36      181.19        10.60         7.07           83.15        
104  T0971TS407_3-D1     407s    75.19    100.00  104   N/A       N/A        0.19      0.19       53.46    N/A           36.26    45.79    2.54     3.394    130   1    0     0     82.31  93.08  N/A         N/A          0.38         0.38         93.08  78.624   1.88     18.93       12.7        126      2.2      1.49          0.62    83.46     0.64    0.68    0.94    0.25    0.92     77.60   6.11    90.15   76.47   0.82    862.80     4.16     89.79    0.46      3.65          0.66          0.00           95.11        
105  T0971TS124_4-D1     124s    75.19    100.00  104   N/A       N/A        0.19      0.19       53.27    N/A           26.36    44.36    2.249    3.115    130   0    0     0     84.62  94.62  N/A         N/A          0.45         0.45         94.62  85.094   1.86     19.11       16.6        129      2.2      3.09          0.62    89.61     0.61    0.71    0.96    0.23    0.92     85.90   6.23    92.73   85.83   0.83    935.90     1.28     89.82    0.31      114.56        1.99          0.54           95.11        
106  T0971TS149_5-D1     149s    75.00    100.00  106   N/A       N/A        0.18      0.18       54.62    N/A           32.50    46.59    2.568    3.215    130   0    0     0     77.69  92.31  N/A         N/A          0.25         0.25         92.31  84.089   1.88     19.11       15.1        125      2        3.95          0.65    83.46     0.64    0.72    0.94    0.25    0.92     81.50   6.35    91.26   82.73   0.82    1004.50    3.28     91.24    0.41      129.70        11.92         4.35           89.67        
107  T0971TS337_5-D1     337s    74.42    100.00  107   N/A       N/A        0.16      0.16       53.84    N/A           25.59    42.08    2.669    3.573    130   0    0     0     73.08  93.08  N/A         N/A          0.12         0.12         93.08  85.395   1.79     18.76       14.5        126      2.1      2.71          0.59    72.31     0.59    0.67    0.94    0.33    0.91     88.10   6.23    87.51   71.42   0.81    967.30     5.19     25.92    0.34      70.41         1.32          1.09           95.65        
108  T0971TS116_3-D1     116s    74.23    100.00  108   N/A       N/A        0.15      0.15       53.65    N/A           27.87    45.77    2.83     3.714    130   3    0     0     79.23  92.31  N/A         N/A          0.30         0.30         92.31  74.602   1.77     18.58       13.7        126      2.3      2.80          0.63    85.00     0.61    0.71    0.94    0.29    0.91     81.70   6.35    90.75   79.72   0.82    922.10     4.25     24.97    0.38      79.53         3.31          1.09           97.83        
109  T0971TS116_5-D1     116s    71.92    100.00  109   N/A       N/A        0.06      0.06       50.96    N/A           22.75    41.37    2.922    3.895    130   6    0     0     76.15  88.46  N/A         N/A          0.21         0.21         88.46  75.524   1.94     18.58       12.4        125      2.6      3.13          0.57    77.31     0.56    0.65    0.93    0.34    0.90     86.90   6.23    89.90   76.91   0.80    842.30     4.66     26.45    0.28      78.07         3.31          0.54           94.57        
110  T0971TS116_4-D1     116s    71.54    100.00  110   N/A       N/A        0.05      0.05       51.92    N/A           21.91    41.63    2.917    3.815    130   2    0     0     76.15  87.69  N/A         N/A          0.21         0.21         87.69  72.056   1.88     18.58       13          129      2.8      2.67          0.58    78.46     0.58    0.66    0.94    0.33    0.90     75.10   6.23    90.38   78.20   0.79    878.20     3.98     26.93    0.29      71.14         1.32          0.54           96.20        
111  T0971TS266_5-D1     266s    68.08    100.00  111   N/A       N/A        -0.09     -0.09      45.96    N/A           19.98    35.82    3.29     3.942    130   1    0     0     68.46  90.77  N/A         N/A          -0.01        -0.01        90.77  68.994   2.15     18.40       12.5        124      2.4      2.26          0.58    76.92     0.58    0.66    0.93    0.28    0.89     87.60   6.11    89.01   76.15   0.76    847.60     3.99     N/A      0.33      60.95         0.66          0.54           98.91        
112  T0971TS407_2-D1     407s    66.54    100.00  112   N/A       N/A        -0.14     -0.14      46.92    N/A           22.73    36.76    3.487    4.225    130   0    0     0     71.54  86.15  N/A         N/A          0.08         0.08         86.15  67.825   2.16     17.88       10.9        121      2.5      1.49          0.59    78.08     0.64    0.66    0.91    0.34    0.87     80.10   6.23    86.45   76.79   0.75    753.40     4.62     86.06    0.42      3.65          0.66          0.00           95.11        
113  T0971TS407_1-D1     407s    65.96    100.00  113   -0.44     -0.44      -0.17     -0.17      45.00    -0.66         27.29    34.45    3.546    4.05     130   0    0     0     58.46  86.92  -0.60       -0.60        -0.29        -0.29        86.92  73.494   2.15     18.05       11.6        122      2.5      1.12          0.58    77.69     0.62    0.65    0.90    0.34    0.91     77.60   5.99    87.79   77.39   0.71    796.80     5.23     82.54    0.36      2.92          0.00          0.00           97.83        
114  T0971TS266_4-D1     266s    65.77    100.00  114   N/A       N/A        -0.17     -0.17      44.23    N/A           19.06    33.44    3.206    3.935    130   0    0     0     69.23  86.92  N/A         N/A          0.01         0.01         86.92  65.847   2.17     18.76       12          125      2.7      2.61          0.57    72.69     0.58    0.65    0.92    0.29    0.89     79.30   6.11    86.97   72.65   0.74    817.50     5.18     N/A      0.33      60.95         1.32          1.09           96.20        
115  T0971TS004_5-D1     004s    65.58    100.00  115   N/A       N/A        -0.18     -0.18      45.58    N/A           23.92    38.10    4.962    5.644    130   0    0     0     70.00  84.62  N/A         N/A          0.04         0.04         87.69  68.357   1.96     16.65       12.5        119      2.3      1.27          0.53    65.77     0.56    0.58    0.78    0.53    0.86     79.30   5.73    82.39   70.86   0.73    756.80     13.12    82.25    0.29      0.47          2.59          0.00           95.71        
116  T0971TS116_2-D1     116s    64.81    100.00  116   N/A       N/A        -0.21     -0.21      45.58    N/A           19.63    32.98    4.002    4.856    130   1    0     0     63.85  82.31  N/A         N/A          -0.14        -0.14        83.08  74.764   1.86     17.53       13.5        117      2.4      3.43          0.54    67.31     0.55    0.61    0.87    0.48    0.87     81.10   5.99    82.61   70.58   0.71    789.00     7.61     35.20    0.28      109.08        3.97          1.09           92.39        
117  T0971TS407_4-D1     407s    62.12    100.00  117   N/A       N/A        -0.32     -0.32      40.58    N/A           21.57    30.91    3.659    4.286    130   1    0     0     63.85  80.00  N/A         N/A          -0.14        -0.14        80.00  63.662   2.31     18.23       9.2         120      2.9      1.44          0.53    72.31     0.57    0.59    0.88    0.36    0.87     81.10   5.73    85.55   68.05   0.69    656.00     7.41     83.77    0.32      4.01          0.00          0.00           96.20        
118  T0971TS152_1-D1     152s    58.65    100.00  118   -0.74     -0.74      -0.45     -0.45      35.77    -1.04         13.20    25.00    3.64     4.514    130   7    0     0     55.38  80.00  -0.69       -0.69        -0.38        -0.38        80.00  52.972   2.39     18.40       9.6         121      3        3.35          0.51    64.23     0.52    0.57    0.87    0.49    0.87     62.20   5.86    84.15   71.50   0.68    607.70     6.00     86.20    0.23      17.14         15.89         5.98           82.07        
119  T0971TS152_2-D1     152s    58.27    100.00  119   N/A       N/A        -0.46     -0.46      35.38    N/A           14.70    24.59    3.595    4.709    130   6    0     0     55.38  79.23  N/A         N/A          -0.38        -0.38        79.23  52.727   2.44     18.40       7.6         115      2.9      3.41          0.50    52.31     0.52    0.57    0.87    0.61    0.86     59.70   5.99    84.66   70.56   0.68    567.60     6.28     85.09    0.22      18.97         13.91         7.07           77.17        
120  T0971TS152_3-D1     152s    55.00    100.00  120   N/A       N/A        -0.59     -0.59      33.66    N/A           12.13    23.29    4.104    5.101    130   8    0     0     50.77  78.46  N/A         N/A          -0.51        -0.51        79.23  54.109   2.59     17.70       7.7         122      3.1      3.67          0.48    59.23     0.51    0.54    0.85    0.55    0.85     70.60   5.86    80.24   69.00   0.65    567.50     7.28     87.02    0.19      31.74         16.56         9.24           78.26        
121  T0971TS152_5-D1     152s    54.04    100.00  121   N/A       N/A        -0.63     -0.63      32.88    N/A           9.58     23.23    4.899    5.963    130   7    0     0     53.85  74.62  N/A         N/A          -0.42        -0.42        74.62  48.142   2.39     16.12       7.7         112      3.1      3.46          0.48    55.00     0.51    0.52    0.78    0.69    0.81     69.40   5.86    83.44   69.48   0.64    568.70     7.35     85.25    0.20      23.35         13.91         8.70           80.43        
122  T0971TS407_5-D1     407s    52.12    100.00  122   N/A       N/A        -0.70     -0.70      38.84    N/A           20.45    27.31    11.506   11.799   130   1    0     0     49.23  56.15  N/A         N/A          -0.55        -0.55        57.69  53.355   1.68     11.92       5.1         92       2.9      1.08          0.45    50.00     0.54    0.49    0.59    0.84    0.58     76.90   5.19    72.35   69.67   0.55    415.90     46.56    66.93    0.23      1.82          0.66          0.00           97.28        
123  T0971TS402_2-D1     402s    51.92    100.00  123   N/A       N/A        -0.71     -0.71      31.54    N/A           9.70     17.86    4.721    5.49     130   2    0     0     31.54  73.85  N/A         N/A          -1.05        -1.05        76.15  57.85    1.98     16.48       9.7         110      2.8      2.72          0.48    58.08     0.52    0.54    0.83    0.55    0.82     73.30   5.33    80.81   65.54   0.57    686.70     9.64     N/A      0.25      75.66         0.00          1.63           94.57        
124  T0971TS152_4-D1     152s    51.92    100.00  123   N/A       N/A        -0.71     -0.71      29.61    N/A           12.85    22.51    5.024    6.03     130   8    0     0     51.54  70.77  N/A         N/A          -0.48        -0.48        70.77  47.583   2.44     15.77       6.3         106      3        3.80          0.46    48.08     0.48    0.49    0.70    0.84    0.80     72.40   5.04    78.31   65.90   0.61    488.30     8.76     85.26    0.17      43.05         15.23         11.96          75.00        
125  T0971TS402_5-D1     402s    51.73    100.00  125   N/A       N/A        -0.72     -0.72      30.00    N/A           10.47    18.43    4.664    5.404    130   1    0     0     34.62  79.23  N/A         N/A          -0.96        -0.96        79.23  66.398   1.97     16.65       10.6        115      2.7      2.45          0.47    60.77     0.52    0.54    0.86    0.53    0.82     73.10   5.46    80.30   66.36   0.57    737.90     7.49     N/A      0.24      59.85         0.66          1.63           96.74        
126  T0971TS348_1-D1     348s    50.77    100.00  126   -1.06     -1.06      -0.75     -0.75      27.11    -1.40         14.13    19.82    4.056    5.214    130   1    0     0     40.77  74.62  -1.16       -1.16        -0.79        -0.79        74.62  44.485   2.52     15.07       4.9         112      3.5      4.22          0.33    38.88     0.40    0.44    0.82    0.92    0.84     12.60   5.46    75.53   50.40   0.63    402.30     14.58    79.06    0.13      226.93        5.30          9.78           67.39        
127  T0971TS007_3-D1     007s    50.77    100.00  126   N/A       N/A        -0.75     -0.75      34.62    N/A           16.40    27.81    8.331    8.784    130   0    0     0     50.77  74.62  N/A         N/A          -0.51        -0.51        82.31  66.328   2.07     14.37       9.3         111      2.3      3.49          0.41    36.54     0.48    0.39    0.43    0.84    0.78     81.70   4.58    60.49   53.69   0.58    664.70     60.94    48.06    0.20      97.41         4.64          3.26           90.76        
128  T0971TS348_2-D1     348s    50.58    100.00  128   N/A       N/A        -0.76     -0.76      27.50    N/A           7.71     18.58    4.271    5.834    130   0    0     0     18.46  74.62  N/A         N/A          -1.41        -1.41        74.62  44.618   2.45     13.14       0           0        N/A      2.85          0.36    30.14     0.39    0.40    0.80    1.06    0.84     3.20    5.60    73.91   47.44   0.61    N/A        18.35    75.98    0.10      24.05         0.66          13.59          49.46        
129  T0971TS282_2-D1     282s    50.38    100.00  129   N/A       N/A        -0.77     -0.77      27.50    N/A           8.58     18.86    4.243    5.485    130   7    0     0     40.77  70.77  N/A         N/A          -0.79        -0.79        70.77  44.189   2.70     17.18       5.9         113      3.4      3.70          0.45    42.31     0.47    0.48    0.81    0.82    0.80     47.00   5.60    73.61   61.03   0.60    423.30     7.90     63.63    0.15      35.02         13.91         13.04          73.91        
130  T0971TS402_1-D1     402s    50.00    100.00  130   -1.09     -1.09      -0.78     -0.78      30.19    -1.27         9.91     17.36    6.613    7.162    130   1    0     0     33.08  73.85  -1.40       -1.40        -1.00        -1.00        73.85  57.475   1.99     16.12       9.7         110      3        2.77          0.45    56.92     0.50    0.53    0.71    0.73    0.78     71.80   5.33    76.61   65.85   0.55    684.50     14.07    N/A      0.25      85.04         0.00          1.63           94.57        
131  T0971TS402_4-D1     402s    50.00    100.00  130   N/A       N/A        -0.78     -0.78      30.19    N/A           10.09    17.40    6.613    7.156    130   4    0     0     33.08  73.85  N/A         N/A          -1.00        -1.00        73.85  57.475   1.99     16.12       9.7         110      3        2.84          0.45    56.92     0.50    0.53    0.71    0.73    0.78     71.80   5.33    76.61   65.85   0.55    683.90     14.07    N/A      0.25      100.04        0.00          1.63           94.57        
132  T0971TS402_3-D1     402s    50.00    100.00  130   N/A       N/A        -0.78     -0.78      30.19    N/A           9.48     17.26    6.613    7.178    130   15   0     0     32.31  73.85  N/A         N/A          -1.02        -1.02        73.85  56.118   1.93     16.12       10.9        110      3        2.94          0.43    56.15     0.50    0.52    0.71    0.73    0.78     72.20   5.33    76.61   65.85   0.55    685.00     14.07    N/A      0.24      128.11        0.00          1.63           94.57        
133  T0971TS348_3-D1     348s    49.23    100.00  133   N/A       N/A        -0.81     -0.81      25.96    N/A           6.07     15.64    4.57     6.006    130   0    0     0     36.15  68.46  N/A         N/A          -0.92        -0.92        68.46  43.17    2.56     8.41        0           0        N/A      2.88          0.35    24.34     0.39    0.37    0.80    1.11    0.82     0.40    5.19    69.92   44.07   0.58    N/A        19.00    74.82    0.12      16.92         1.99          14.67          57.61        
134  T0971TS007_4-D1     007s    49.23    100.00  133   N/A       N/A        -0.81     -0.81      35.00    N/A           14.82    26.38    8.404    8.998    130   1    0     0     47.69  56.92  N/A         N/A          -0.59        -0.59        90.77  80.497   1.90     16.48       12.8        122      2.1      3.08          0.41    34.62     0.48    0.36    0.32    0.99    0.71     70.10   5.99    52.42   52.24   0.55    865.90     84.59    51.09    0.20      103.94        1.99          0.00           94.57        
135  T0971TS282_3-D1     282s    48.46    100.00  135   N/A       N/A        -0.84     -0.84      27.50    N/A           5.70     18.27    5.146    6.347    130   7    0     0     24.62  63.85  N/A         N/A          -1.24        -1.24        63.85  41.64    2.54     16.12       6.6         116      3.9      3.16          0.42    42.31     0.47    0.46    0.83    0.85    0.81     40.70   5.60    75.97   60.57   0.58    434.30     10.35    55.55    0.13      12.77         11.92         9.24           80.98        
136  T0971TS282_4-D1     282s    48.46    100.00  135   N/A       N/A        -0.84     -0.84      25.77    N/A           5.26     17.15    4.873    6.061    130   8    0     0     36.15  70.77  N/A         N/A          -0.92        -0.92        70.77  47.308   2.44     17.00       6.3         115      3.5      3.83          0.43    37.31     0.44    0.48    0.80    0.79    0.80     45.00   5.46    72.03   55.36   0.58    445.80     8.60     57.25    0.14      46.70         12.58         15.22          68.48        
137  T0971TS348_4-D1     348s    48.27    100.00  137   N/A       N/A        -0.85     -0.85      25.00    N/A           8.64     17.83    4.452    5.778    130   0    0     0     38.46  67.69  N/A         N/A          -0.85        -0.85        67.69  43.528   2.58     16.30       4.5         110      3.5      2.72          0.36    29.34     0.40    0.41    0.82    0.96    0.84     6.00    5.46    71.17   44.34   0.59    377.90     17.89    74.27    0.12      15.45         1.32          18.48          57.07        
138  T0971TS085_4-D1     085s    47.69    100.00  138   N/A       N/A        -0.87     -0.87      25.19    N/A           0.77     9.83     4.212    6.219    130   0    0     0     7.69   93.08  N/A         N/A          -1.72        -1.72        93.08  77.577   1.92     18.93       13.6        126      2        2.63          0.32    18.46     0.44    0.36    0.79    1.15    0.81     75.00   6.23    74.28   47.11   0.54    912.60     17.57    N/A      0.11      51.08         0.66          0.54           92.93        
139  T0971TS497_1-D1     497s    47.50    100.00  139   -1.19     -1.19      -0.88     -0.88      27.89    -1.37         11.71    20.04    8.023    8.768    130   8    0     0     45.38  66.15  -1.01       -1.01        -0.66        -0.66        66.15  44.944   2.55     15.25       7.5         109      3.6      3.02          0.42    45.38     0.50    0.49    0.72    0.83    0.78     67.00   3.07    76.17   56.49   0.57    475.90     25.13    82.12    0.18      9.85          7.95          11.96          71.74        
140  T0971TS085_5-D1     085s    47.50    100.00  139   N/A       N/A        -0.88     -0.88      25.19    N/A           0.51     9.93     4.26     6.28     130   0    0     0     6.15   93.08  N/A         N/A          -1.76        -1.76        93.08  76.663   1.91     18.93       15.1        126      2.1      2.47          0.32    18.85     0.43    0.35    0.79    1.16    0.81     75.50   6.23    74.44   47.06   0.54    911.80     17.82    N/A      0.12      45.24         0.66          0.00           95.11        
141  T0971TS282_1-D1     282s    46.92    100.00  141   -1.21     -1.21      -0.90     -0.90      24.81    -1.50         7.18     15.71    4.844    6.219    130   7    0     0     27.69  65.38  -1.58       -1.58        -1.16        -1.16        66.92  42.344   2.63     16.12       6.4         112      3.6      3.49          0.43    45.00     0.47    0.47    0.84    0.71    0.79     46.40   5.60    72.41   61.60   0.54    454.70     6.91     63.67    0.15      25.54         13.91         6.52           80.43        
142  T0971TS497_2-D1     497s    44.81    100.00  142   N/A       N/A        -0.98     -0.98      24.61    N/A           7.36     15.59    7.577    8.4      130   10   0     0     33.85  61.54  N/A         N/A          -0.98        -0.98        63.85  39.671   2.72     15.07       5.5         101      3.8      3.01          0.39    42.31     0.48    0.46    0.71    0.89    0.80     54.90   5.19    72.67   57.81   0.53    395.10     24.68    82.88    0.13      10.58         8.61          8.15           78.26        
143  T0971TS497_3-D1     497s    42.88    100.00  143   N/A       N/A        -1.06     -1.06      24.61    N/A           8.58     17.68    7.159    7.88     130   8    0     0     24.62  56.92  N/A         N/A          -1.24        -1.24        57.69  39.228   2.51     13.32       5.1         101      3.8      2.92          0.40    43.46     0.48    0.44    0.68    0.90    0.75     50.30   5.46    67.66   54.90   0.51    353.30     17.12    82.23    0.13      10.94         5.96          10.33          76.63        
144  T0971TS497_5-D1     497s    40.77    100.00  144   N/A       N/A        -1.14     -1.14      23.27    N/A           6.28     14.18    8.969    9.507    130   5    0     0     26.15  56.92  N/A         N/A          -1.20        -1.20        56.92  34.914   2.72     12.97       3.7         97       3.9      3.01          0.37    37.31     0.46    0.41    0.61    1.05    0.73     50.20   4.58    65.21   52.44   0.48    338.00     24.58    86.01    0.14      13.13         6.62          9.24           78.26        
145  T0971TS497_4-D1     497s    38.65    100.00  145   N/A       N/A        -1.22     -1.22      20.19    N/A           5.46     10.18    7.775    8.402    130   9    0     0     3.85   37.69  N/A         N/A          -1.83        -1.83        46.15  30.844   2.56     12.62       2.4         88       3.7      3.38          0.36    33.46     0.43    0.35    0.51    1.07    0.72     60.00   4.07    59.57   50.75   0.47    270.10     22.34    84.40    0.08      20.07         11.92         11.96          77.72        
146  T0971TS041_4-D1     041s    35.00    100.00  146   N/A       N/A        -1.36     -1.36      19.61    N/A           4.35     8.92     8.978    9.806    130   7    0     0     20.00  52.31  N/A         N/A          -1.37        -1.37        53.85  35.991   2.58     10.34       2.2         63       4.3      3.13          0.31    25.00     0.43    0.29    0.40    1.17    0.72     39.10   4.07    51.59   44.72   0.39    174.20     91.37    N/A      0.09      15.69         7.95          9.24           78.80        
147  T0971TS041_1-D1     041s    30.77    100.00  147   -1.87     -1.87      -1.53     -1.53      18.07    -1.77         3.09     10.73    12.315   13.177   130   9    0     0     18.46  37.69  -1.87       -1.87        -1.41        -1.41        37.69  28.701   2.27     7.53        1.4         84       8.2      3.04          0.31    27.31     0.43    0.29    0.43    1.42    0.52     41.30   3.89    46.97   44.16   0.35    197.40     94.78    N/A      0.12      11.31         8.61          10.87          77.72        
148  T0971TS041_3-D1     041s    30.19    100.00  148   N/A       N/A        -1.55     -1.55      17.89    N/A           3.92     8.28     10.12    10.981   130   10   0     0     6.92   38.46  N/A         N/A          -1.74        -1.74        42.31  27.813   2.74     8.23        1.8         80       4.1      2.73          0.29    25.77     0.43    0.28    0.42    1.25    0.68     36.30   3.50    49.79   42.75   0.35    225.20     99.96    N/A      0.09      9.85          5.30          5.98           84.78        
149  T0971TS378_2-D1     378s    28.85    100.00  149   N/A       N/A        -1.60     -1.60      14.42    N/A           1.19     5.08     8.27     9.051    130   0    0     0     6.15   28.46  N/A         N/A          -1.76        -1.76        30.77  23.231   2.64     2.44        0.3         62       4.7      4.11          0.23    24.61     0.43    0.29    0.65    1.06    0.73     38.40   3.50    54.20   42.63   0.29    118.10     45.45    35.05    0.11      159.55        11.92         4.35           86.41        
150  T0971TS312_2-D1     312s    26.73    100.00  150   N/A       N/A        -1.68     -1.68      15.58    N/A           3.92     8.78     12.939   13.064   130   0    0     0     0.77   22.31  N/A         N/A          -1.91        -1.91        30.00  21.937   2.47     6.65        11.6        123      11.9     5.20          0.22    24.23     0.45    0.62    0.92    2.18    0.11     42.10   6.11    61.42   74.60   0.33    799.20     4.96     N/A      0.22      378.11        32.45         34.78          38.04        
151  T0971TS312_4-D1     312s    26.35    100.00  151   N/A       N/A        -1.70     -1.70      15.00    N/A           5.30     9.77     12.876   13.112   130   0    0     0     2.31   26.92  N/A         N/A          -1.87        -1.87        33.85  22.051   2.65     6.48        11.8        123      12       5.10          0.28    24.61     0.46    0.62    0.93    2.17    0.11     36.30   6.11    61.57   75.46   0.33    811.00     4.56     N/A      0.23      345.55        27.81         29.89          41.85        
152  T0971TS312_3-D1     312s    26.35    100.00  151   N/A       N/A        -1.70     -1.70      15.19    N/A           4.21     8.98     12.811   12.966   130   3    0     0     4.62   23.08  N/A         N/A          -1.80        -1.80        31.54  22.84    2.49     6.48        11.8        123      11.9     5.08          0.20    25.39     0.47    0.63    0.93    2.17    0.11     42.00   6.11    61.51   75.00   0.33    810.40     5.23     N/A      0.23      331.62        26.49         38.59          38.04        
153  T0971TS312_5-D1     312s    26.35    100.00  151   N/A       N/A        -1.70     -1.70      15.19    N/A           3.74     9.40     12.928   13.063   130   3    0     0     1.54   23.08  N/A         N/A          -1.89        -1.89        30.77  21.622   2.58     6.30        11.6        123      11.9     5.10          0.21    23.08     0.46    0.62    0.92    2.16    0.11     37.40   6.11    61.38   74.50   0.33    795.60     5.55     N/A      0.22      354.86        25.83         33.70          38.04        
154  T0971TS378_3-D1     378s    25.96    100.00  154   N/A       N/A        -1.71     -1.71      15.57    N/A           4.54     9.12     10.202   10.706   130   2    0     0     17.69  23.08  N/A         N/A          -1.44        -1.44        42.31  29.829   2.45     3.67        0.8         61       3.9      4.19          0.21    23.08     0.40    0.27    0.49    1.23    0.68     30.60   2.83    46.00   41.36   0.27    169.90     92.47    33.47    0.09      183.87        13.91         5.98           88.04        
155  T0971TS041_5-D1     041s    24.81    100.00  155   N/A       N/A        -1.76     -1.76      15.19    N/A           3.65     8.29     13.952   14.72    130   6    0     0     2.31   20.77  N/A         N/A          -1.87        -1.87        28.46  22.278   2.41     5.60        2.5         88       9        3.15          0.30    22.31     0.42    0.29    0.35    1.51    0.44     39.40   3.70    46.08   44.77   0.29    230.90     130.26   N/A      0.09      13.87         11.26         11.41          82.61        
156  T0971TS378_1-D1     378s    23.85    100.00  156   -2.15     -2.15      -1.79     -1.79      14.04    -1.94         2.64     7.30     13.051   13.756   130   1    0     0     7.69   23.08  -2.21       -2.21        -1.72        -1.72        28.46  18.217   2.45     4.55        0.2         65       8.3      4.14          0.23    18.85     0.42    0.31    0.51    1.83    0.42     37.40   1.99    43.94   43.41   0.27    130.20     71.25    33.64    0.10      162.35        11.26         4.35           84.24        
157  T0971TS348_5-D1     348s    23.27    100.00  157   N/A       N/A        -1.82     -1.82      12.12    N/A           2.37     6.39     13.023   13.272   130   0    0     0     4.62   8.46   N/A         N/A          -1.80        -1.80        26.15  17.35    2.71     5.25        0           0        N/A      4.57          0.32    17.96     0.37    0.43    0.79    1.73    0.17     3.40    5.19    51.77   47.76   0.29    N/A        16.40    49.64    0.09      261.82        8.61          19.02          46.74        
158  T0971TS041_2-D1     041s    23.08    100.00  158   N/A       N/A        -1.82     -1.82      14.23    N/A           5.94     8.10     13.879   14.484   130   6    0     0     4.62   17.69  N/A         N/A          -1.80        -1.80        33.08  21.965   2.56     3.85        0.3         67       7.8      3.42          0.28    16.54     0.42    0.24    0.33    1.74    0.45     43.10   3.70    47.64   40.18   0.27    151.10     101.00   N/A      0.12      27.01         9.27          13.59          77.17        
159  T0971TS378_4-D1     378s    22.31    100.00  159   N/A       N/A        -1.85     -1.85      11.73    N/A           2.87     5.69     11.241   11.967   130   2    0     0     6.92   21.54  N/A         N/A          -1.74        -1.74        34.62  23.456   2.41     3.32        0           0        N/A      4.14          0.24    18.08     0.38    0.23    0.40    1.40    0.60     35.30   2.83    43.52   39.65   0.28    N/A        71.91    34.76    0.09      170.01        10.60         4.89           84.24        
160  T0971TS282_5-D1     282s    20.96    100.00  160   N/A       N/A        -1.91     -1.91      12.31    N/A           3.15     6.82     13.038   13.559   130   6    0     0     0.00   3.85   N/A         N/A          -1.93        -1.93        30.77  20.113   2.68     3.15        1           80       11.3     2.61          0.34    20.77     0.43    0.36    0.66    1.63    0.28     40.10   2.83    53.69   49.87   0.24    155.00     24.92    66.08    0.10      6.20          5.30          7.61           80.98        
161  T0971TS458_2-D1     458s    19.81    100.00  161   N/A       N/A        -1.95     -1.95      11.54    N/A           3.55     6.43     16.681   17.111   130   9    0     0     3.08   8.46   N/A         N/A          -1.85        -1.85        28.46  20.397   2.54     0.87        0           0        N/A      3.08          0.24    11.92     0.41    0.21    0.19    1.78    0.49     44.40   1.99    38.05   40.32   0.23    N/A        130.38   67.81    0.07      13.50         7.95          11.96          78.26        
162  T0971TS378_5-D1     378s    19.61    100.00  162   N/A       N/A        -1.96     -1.96      11.35    N/A           3.04     6.87     12.336   12.761   130   0    0     0     5.38   14.62  N/A         N/A          -1.78        -1.78        26.92  19.323   2.50     2.27        0           0        N/A      4.19          0.22    17.69     0.40    0.24    0.48    1.53    0.59     40.20   1.64    45.12   39.38   0.22    N/A        74.60    29.23    0.09      145.93        15.89         4.89           85.33        
163  T0971TS458_5-D1     458s    18.65    100.00  163   N/A       N/A        -2.00     -2.00      11.54    N/A           2.43     7.75     17.416   17.867   130   4    0     0     6.92   14.62  N/A         N/A          -1.74        -1.74        30.00  20.989   2.35     2.80        0.5         57       5        3.03          0.23    13.08     0.39    0.17    0.10    1.92    0.52     43.30   1.99    36.48   36.83   0.23    159.40     144.83   65.35    0.07      14.96         6.62          5.98           80.43        
164  T0971TS458_3-D1     458s    18.08    100.00  164   N/A       N/A        -2.02     -2.02      11.92    N/A           4.65     7.97     16.12    16.665   130   7    0     0     1.54   6.92   N/A         N/A          -1.89        -1.89        27.69  19.197   2.65     1.57        0           0        N/A      3.16          0.24    12.31     0.40    0.20    0.12    1.81    0.49     45.40   2.83    38.24   39.18   0.20    N/A        144.14   67.85    0.07      14.23         8.61          13.04          75.54        
165  T0971TS458_4-D1     458s    17.50    100.00  165   N/A       N/A        -2.04     -2.04      12.69    N/A           1.85     3.56     17.292   18.01    130   4    0     0     1.54   3.85   N/A         N/A          -1.89        -1.89        30.77  19.394   2.63     0.52        0           0        N/A      3.13          0.23    10.38     0.41    0.19    0.14    1.78    0.48     39.80   2.30    32.41   39.13   0.17    N/A        142.23   58.73    0.07      13.13         9.27          10.87          77.17        
166  T0971TS458_1-D1     458s    16.54    100.00  166   -2.45     -2.45      -2.08     -2.08      11.35    -2.05         2.29     7.99     15.553   16.245   130   7    0     0     9.23   13.08  -2.16       -2.16        -1.67        -1.67        31.54  19.4     2.66     1.04        0           0        N/A      3.13          0.23    10.38     0.41    0.20    0.14    1.93    0.52     39.80   1.99    39.40   39.93   0.19    N/A        105.82   63.61    0.09      14.96         8.61          8.70           79.35        
167  T0971TS007_5-D1     007s    15.38    100.00  167   N/A       N/A        -2.12     -2.12      9.04     N/A           1.80     4.13     19.062   19.303   130   2    0     0     0.00   0.00   N/A         N/A          -1.93        -1.93        25.38  17.14    2.12     1.04        0           0        N/A      3.62          0.19    7.31      0.32    0.12    0.06    2.09    0.51     23.10   1.24    26.59   27.88   0.18    N/A        234.40   87.73    0.04      102.52        3.97          4.35           83.15        
168  T0971TS257_3-D1     257s    15.00    100.00  168   N/A       N/A        -2.14     -2.14      12.12    N/A           1.82     5.82     60.522   61.605   130   8    0     0     0.00   13.08  N/A         N/A          -1.93        -1.93        20.00  17.345   1.81     0.16        0           0        N/A      2.50          0.18    10.77     0.41    0.18    0.37    2.76    0.52     36.80   1.64    29.61   37.42   0.14    N/A        2872.87  74.61    0.08      2.92          9.27          10.33          83.70        
169  T0971TS257_5-D1     257s    14.81    100.00  169   N/A       N/A        -2.14     -2.14      12.12    N/A           1.29     3.54     59.759   60.765   130   7    0     0     0.00   0.00   N/A         N/A          -1.93        -1.93        16.92  16.24    2.05     -0.01       0           0        N/A      2.32          0.18    10.77     0.41    0.19    0.38    2.65    0.52     37.20   1.24    29.03   39.10   0.14    N/A        2656.94  80.39    0.08      1.82          6.62          9.24           78.80        
170  T0971TS257_4-D1     257s    14.62    100.00  170   N/A       N/A        -2.15     -2.15      11.35    N/A           1.94     7.54     59.299   60.45    130   8    0     0     0.00   0.77   N/A         N/A          -1.93        -1.93        16.92  15.046   1.95     0.34        0           0        N/A      2.40          0.18    12.69     0.41    0.18    0.36    2.59    0.55     36.80   1.64    27.37   36.86   0.15    N/A        2677.07  73.08    0.07      3.65          5.30          8.70           82.61        
171  T0971TS257_2-D1     257s    14.42    100.00  171   N/A       N/A        -2.16     -2.16      11.54    N/A           1.01     3.86     60.449   61.562   130   6    0     0     0.00   0.00   N/A         N/A          -1.93        -1.93        21.54  18.27    1.76     0.16        0           0        N/A      2.44          0.17    9.23      0.39    0.17    0.36    2.58    0.53     31.20   2.30    28.38   35.52   0.14    N/A        2783.34  83.66    0.07      2.92          6.62          9.78           79.89        
172  T0971TS257_1-D1     257s    14.42    100.00  171   -2.54     -2.54      -2.16     -2.16      11.73    -2.04         3.30     7.15     61.09    62.024   130   7    0     0     0.00   11.54  -2.46       -2.46        -1.93        -1.93        16.92  14.336   2.07     -0.01       0           0        N/A      2.26          0.18    10.00     0.41    0.17    0.39    2.58    0.51     37.20   1.24    25.42   37.34   0.14    N/A        2675.73  70.39    0.08      2.55          4.64          11.96          81.52        

