#    Model               GR#     GDT_TS   NP_P    RANK  Z-M1-GDT  Z-M1s-GDT  Z-MA-GDT  Z-MAs-GDT  GDT_HA   Z-M1s-GDT-HA  GDC_SC   GDC_ALL  RMS_CA   RMS_ALL  NP    err  PC01  PC05  AL0_P  AL4_P  Z-M1-AL0_p  Z-M1s-AL0_p  Z-MA-AL0_p   Z-MAs-AL0_p  ALI_P  LGA_S    RMSD[L]  Z-score[M]  Z-Score[D]  Al.Res.  RMSD[D]  MolPrb_Score  LDDT    SphGr     CAD_AA  RPF     CODM    DFM     Handed.  SOV     CE      QCS     CONTS   TMscore  Dali(raw)  FlexE    QSE      CAD_SS    MolPrb_clash  MolPrb_rotout  MolPrb_ramout  MolPrb_ramfv 

1    T0982TS261_3-D1     261s    83.52    100.00  1     N/A       N/A        0.98      0.98       63.70    N/A           33.53    55.16    1.976    3.164    135   0    0     0     90.37  94.81  N/A         N/A          1.00         1.00         94.81  89.987   1.44     8.62        20.2        131      1.6      2.76          0.65    78.89     0.62    0.71    0.97    0.21    0.94     95.90   6.58    93.40   85.03   0.89    1150.90    2.77     91.16    0.37      4.38          13.51         5.26           83.46        
2    T0982TS145_3-D1     145s    83.33    100.00  2     N/A       N/A        0.98      0.98       64.08    N/A           33.15    54.86    2.581    3.712    135   0    0     0     88.89  91.85  N/A         N/A          0.96         0.96         92.59  89.467   1.49     8.24        19.7        131      1.8      2.91          0.65    77.04     0.62    0.71    0.95    0.24    0.93     90.00   6.58    93.42   84.13   0.87    1125.30    3.56     94.02    0.42      3.89          18.92         10.53          77.44        
3    T0982TS261_4-D1     261s    83.15    100.00  3     N/A       N/A        0.97      0.97       64.07    N/A           34.02    55.60    3.33     4.171    135   0    0     0     88.15  93.33  N/A         N/A          0.93         0.93         93.33  89.558   1.50     8.52        19.8        131      1.8      2.60          0.66    78.15     0.63    0.72    0.94    0.26    0.93     90.50   6.58    93.42   83.98   0.87    1131.80    4.82     92.58    0.44      2.92          12.61         6.02           83.46        
4    T0982TS368_4-D1     368s    83.15    100.00  3     N/A       N/A        0.97      0.97       65.00    N/A           43.00    59.94    3.663    4.434    135   2    0     0     89.63  93.33  N/A         N/A          0.98         0.98         93.33  89.217   1.35     8.43        20.5        130      1.8      1.15          0.71    81.11     0.68    0.76    0.92    0.20    0.92     98.10   6.58    93.60   85.24   0.88    1164.80    7.00     93.09    0.50      0.97          0.00          0.75           94.74        
5    T0982TS261_1-D1     261s    83.15    100.00  3     0.89      0.89       0.97      0.97       62.96    0.91          32.30    54.47    1.894    2.91     135   0    0     0     94.07  96.30  1.05        1.05         1.13         1.13         96.30  90.406   1.55     8.90        20.3        134      1.8      2.81          0.66    82.96     0.64    0.73    0.97    0.19    0.94     95.00   6.58    93.76   86.15   0.89    1157.00    2.14     94.47    0.44      5.36          12.61         5.26           83.46        
6    T0982TS324_2-D1     324s    82.96    100.00  6     N/A       N/A        0.96      0.96       64.81    N/A           39.39    57.87    3.488    4.215    135   1    0     0     87.41  94.07  N/A         N/A          0.91         0.91         94.07  89.581   1.39     8.52        20.1        129      1.5      3.30          0.68    83.33     0.67    0.73    0.92    0.18    0.93     94.00   6.58    93.40   83.56   0.88    1144.70    7.81     93.02    0.46      15.08         19.82         5.26           86.47        
7    T0982TS246_1-D1     246s    82.96    100.00  6     0.89      0.89       0.96      0.96       66.85    1.12          36.15    58.40    3.087    4.117    135   0    0     0     85.19  91.85  0.76        0.76         0.83         0.83         91.85  89.165   1.48     8.15        20          128      1.6      2.84          0.69    74.44     0.66    0.74    0.93    0.21    0.93     90.50   6.58    92.47   83.65   0.87    1140.00    6.23     93.44    0.46      74.90         0.90          0.75           91.73        
8    T0982TS058_2-D1     058s    82.78    100.00  8     N/A       N/A        0.95      0.95       63.70    N/A           34.01    55.80    4.638    5.659    135   0    0     0     88.89  92.59  N/A         N/A          0.96         0.96         92.59  88.759   1.45     8.33        19.4        129      1.6      2.74          0.66    74.81     0.63    0.72    0.88    0.31    0.92     93.80   6.58    92.38   82.36   0.87    1109.80    11.47    74.71    0.43      62.74         0.00          1.50           92.48        
9    T0982TS324_5-D1     324s    82.78    100.00  8     N/A       N/A        0.95      0.95       63.88    N/A           37.92    57.45    2.489    3.258    135   1    0     0     88.15  96.30  N/A         N/A          0.93         0.93         96.30  90.461   1.36     8.52        20.1        132      1.8      3.23          0.69    85.19     0.67    0.75    0.96    0.18    0.94     93.30   6.58    93.32   84.06   0.88    1142.40    3.07     93.38    0.48      15.56         16.22         3.76           87.22        
10   T0982TS368_5-D1     368s    82.78    100.00  8     N/A       N/A        0.95      0.95       63.52    N/A           38.98    58.49    3.482    4.331    135   0    0     0     91.11  94.81  N/A         N/A          1.03         1.03         94.81  90.101   1.41     8.62        19.9        129      1.4      1.11          0.68    82.59     0.68    0.74    0.93    0.21    0.92     93.60   6.58    92.99   84.15   0.88    1136.90    6.28     92.45    0.50      0.49          0.00          0.00           93.23        
11   T0982TS243_3-D1     243s    82.78    100.00  8     N/A       N/A        0.95      0.95       63.70    N/A           34.01    55.80    4.638    5.659    135   0    0     0     88.89  92.59  N/A         N/A          0.96         0.96         92.59  88.759   1.45     8.33        19.4        129      1.6      2.74          0.66    74.81     0.63    0.72    0.88    0.31    0.92     93.80   6.58    92.38   82.36   0.87    1109.80    11.47    72.12    0.43      62.74         0.00          1.50           92.48        
12   T0982TS243_1-D1     243s    82.41    100.00  12    0.86      0.86       0.93      0.93       63.33    0.93          30.81    54.04    2.236    3.225    135   0    0     0     85.19  93.33  0.76        0.76         0.83         0.83         93.33  88.684   1.51     8.33        19.2        131      1.8      2.72          0.60    78.52     0.64    0.71    0.96    0.21    0.94     88.90   6.35    92.23   83.55   0.87    1098.90    3.06     72.62    0.42      64.69         0.00          3.01           93.23        
13   T0982TS085_1-D1     085s    82.41    100.00  12    0.86      0.86       0.93      0.93       62.41    0.88          39.30    56.16    2.138    3.017    135   0    0     0     88.89  93.33  0.88        0.88         0.96         0.96         93.33  89.519   1.52     8.43        18.2        129      1.7      3.00          0.59    80.00     0.63    0.73    0.95    0.24    0.94     95.70   6.47    91.58   80.40   0.87    1043.90    3.80     N/A      0.42      82.20         0.90          6.02           87.22        
14   T0982TS023_4-D1     023s    82.22    100.00  14    N/A       N/A        0.93      0.93       63.15    N/A           32.07    55.48    2.071    3.085    135   0    0     0     88.89  94.81  N/A         N/A          0.96         0.96         94.81  90.065   1.52     8.33        19.6        135      2.1      3.14          0.68    79.63     0.65    0.74    0.97    0.18    0.94     96.50   6.35    92.44   83.80   0.88    1118.40    2.33     70.88    0.44      108.95        2.70          0.00           95.49        
15   T0982TS023_1-D1     023s    82.04    100.00  15    0.84      0.84       0.92      0.92       62.78    0.90          30.17    54.27    2.266    3.177    135   0    0     0     85.93  94.07  0.78        0.78         0.86         0.86         94.07  89.425   1.52     8.43        19.1        131      1.8      3.35          0.66    79.63     0.62    0.72    0.96    0.22    0.94     89.40   6.35    92.20   83.41   0.87    1093.20    3.18     71.46    0.41      98.74         3.60          2.26           92.48        
16   T0982TS221_1-D1     221s    81.85    100.00  16    0.84      0.84       0.91      0.91       62.78    0.90          38.00    56.61    4.036    4.905    135   1    0     0     86.67  92.59  0.81        0.81         0.88         0.88         92.59  87.674   1.39     8.15        19.2        128      1.7      2.97          0.67    77.04     0.65    0.74    0.91    0.30    0.91     97.40   6.47    92.07   82.67   0.86    1097.30    8.08     91.20    0.47      60.92         1.80          3.01           90.98        
17   T0982TS368_3-D1     368s    81.85    100.00  16    N/A       N/A        0.91      0.91       63.52    N/A           42.62    58.10    3.569    4.302    135   1    0     0     85.93  89.63  N/A         N/A          0.86         0.86         89.63  87.885   1.48     8.24        19.1        128      1.8      1.52          0.69    77.41     0.67    0.75    0.92    0.26    0.92     98.50   6.58    92.89   82.94   0.86    1091.20    6.55     92.74    0.49      2.92          0.90          1.50           93.23        
18   T0982TS058_3-D1     058s    81.85    100.00  16    N/A       N/A        0.91      0.91       64.08    N/A           37.43    57.13    4.838    5.775    135   0    0     0     87.41  93.33  N/A         N/A          0.91         0.91         93.33  87.762   1.47     8.24        19.4        128      1.6      2.75          0.66    74.44     0.64    0.72    0.87    0.32    0.92     93.40   6.58    92.63   81.85   0.87    1110.10    12.46    74.07    0.45      76.36         0.00          0.75           93.98        
19   T0982TS324_4-D1     324s    81.67    100.00  19    N/A       N/A        0.90      0.90       62.22    N/A           39.07    57.30    2.753    3.546    135   1    0     0     87.41  95.56  N/A         N/A          0.91         0.91         95.56  89.477   1.50     8.62        19.8        130      1.7      3.24          0.69    83.70     0.67    0.75    0.95    0.19    0.94     94.00   6.58    93.12   83.28   0.87    1128.90    4.08     92.99    0.49      13.62         18.92         6.02           86.47        
20   T0982TS324_1-D1     324s    81.67    100.00  19    0.83      0.83       0.90      0.90       63.33    0.93          39.46    57.49    3.664    4.379    135   2    0     0     86.67  94.07  0.81        0.81         0.88         0.88         94.07  89.198   1.46     8.43        20.1        130      1.6      3.33          0.69    81.48     0.67    0.74    0.93    0.25    0.92     93.30   6.58    93.19   83.22   0.87    1144.80    6.55     93.05    0.48      17.02         18.02         7.52           85.71        
21   T0982TS023_5-D1     023s    81.67    100.00  19    N/A       N/A        0.90      0.90       63.52    N/A           34.91    55.73    4.261    5.279    135   0    0     0     86.67  93.33  N/A         N/A          0.88         0.88         93.33  87.801   1.47     8.24        19.3        129      1.7      2.78          0.66    74.07     0.63    0.72    0.89    0.30    0.92     93.40   6.58    92.50   81.71   0.86    1100.80    11.23    71.47    0.42      81.71         0.90          0.75           93.98        
22   T0982TS023_2-D1     023s    81.67    100.00  19    N/A       N/A        0.90      0.90       62.96    N/A           36.54    54.78    2.718    3.331    135   0    0     0     84.44  91.11  N/A         N/A          0.81         0.81         91.11  87.407   1.47     8.33        18.8        128      2        3.08          0.67    77.04     0.64    0.74    0.95    0.27    0.93     96.90   6.47    91.76   82.34   0.86    1079.90    4.64     71.47    0.44      75.39         1.80          3.76           90.23        
23   T0982TS243_2-D1     243s    81.48    100.00  23    N/A       N/A        0.89      0.89       62.41    N/A           36.99    55.75    2.664    3.373    135   0    0     0     85.19  91.85  N/A         N/A          0.83         0.83         91.85  88.275   1.50     8.33        18.9        128      1.9      2.67          0.67    76.30     0.66    0.72    0.95    0.26    0.93     95.40   6.47    91.85   82.36   0.86    1084.30    4.61     73.80    0.47      57.88         0.00          1.50           93.23        
24   T0982TS324_3-D1     324s    81.48    100.00  23    N/A       N/A        0.89      0.89       63.15    N/A           40.44    57.10    3.753    4.452    135   2    0     0     85.93  94.81  N/A         N/A          0.86         0.86         94.81  89.327   1.49     8.43        20          131      1.8      3.20          0.69    82.22     0.68    0.74    0.92    0.21    0.92     94.00   6.58    93.48   83.77   0.87    1138.80    6.55     92.76    0.50      16.54         15.32         3.76           88.72        
25   T0982TS145_2-D1     145s    81.30    100.00  25    N/A       N/A        0.89      0.89       61.30    N/A           31.01    52.91    2.602    3.457    135   0    0     0     89.63  94.81  N/A         N/A          0.98         0.98         94.81  88.431   1.58     8.62        19.4        131      1.8      2.36          0.65    78.52     0.63    0.72    0.95    0.23    0.93     94.10   6.58    92.95   83.87   0.87    1108.60    3.90     92.79    0.40      1.95          10.81         6.02           87.22        
26   T0982TS368_2-D1     368s    81.30    100.00  25    N/A       N/A        0.89      0.89       62.03    N/A           38.92    54.84    3.675    4.446    135   1    0     0     88.89  93.33  N/A         N/A          0.96         0.96         93.33  88.431   1.55     8.43        19.3        130      1.8      1.14          0.68    76.30     0.65    0.74    0.92    0.25    0.92     95.90   6.58    91.89   82.92   0.86    1103.10    7.37     92.30    0.45      1.46          0.00          0.75           96.24        
27   T0982TS058_1-D1     058s    81.30    100.00  25    0.81      0.81       0.89      0.89       62.22    0.87          35.53    55.15    4.906    5.835    135   0    0     0     86.67  91.11  0.81        0.81         0.88         0.88         91.11  87.999   1.56     8.05        19          129      1.8      2.67          0.63    75.93     0.63    0.71    0.87    0.32    0.91     93.80   6.58    91.95   81.60   0.86    1089.90    11.71    74.33    0.42      62.74         0.00          0.75           93.98        
28   T0982TS058_5-D1     058s    81.30    100.00  25    N/A       N/A        0.89      0.89       62.04    N/A           35.95    55.36    2.759    3.419    135   0    0     0     84.44  91.85  N/A         N/A          0.81         0.81         91.85  87.81    1.44     8.24        18.9        128      2        2.60          0.67    76.30     0.65    0.73    0.95    0.27    0.93     95.40   6.47    91.77   82.28   0.86    1083.90    4.67     73.34    0.46      53.02         0.00          1.50           93.98        
29   T0982TS145_1-D1     145s    81.11    100.00  29    0.80      0.80       0.88      0.88       62.03    0.86          30.93    53.31    3.299    4.291    135   0    0     0     88.89  94.81  0.88        0.88         0.96         0.96         94.81  88.311   1.48     8.62        19.6        130      1.7      2.86          0.64    78.52     0.63    0.72    0.92    0.22    0.93     95.00   6.58    93.14   84.11   0.87    1120.00    7.60     94.23    0.41      4.86          13.51         8.27           78.95        
30   T0982TS004_5-D1     004s    81.11    100.00  29    N/A       N/A        0.88      0.88       61.66    N/A           39.05    55.36    2.899    3.689    135   0    0     0     85.93  94.07  N/A         N/A          0.86         0.86         94.07  88.782   1.63     8.71        18.5        131      1.7      1.39          0.67    78.15     0.66    0.72    0.95    0.24    0.93     93.00   6.47    91.26   79.45   0.86    1064.20    4.09     89.38    0.49      0.00          3.60          3.01           92.48        
31   T0982TS149_3-D1     149s    81.11    100.00  29    N/A       N/A        0.88      0.88       62.03    N/A           34.17    54.60    4.226    5.012    135   0    0     0     86.67  92.59  N/A         N/A          0.88         0.88         92.59  87.667   1.52     8.24        19          128      1.8      3.37          0.66    75.19     0.63    0.73    0.89    0.29    0.92     98.10   6.58    92.11   82.30   0.86    1087.40    10.17    89.44    0.43      87.06         3.60          1.50           90.23        
32   T0982TS347_4-D1     347s    81.11    100.00  29    N/A       N/A        0.88      0.88       61.67    N/A           40.30    56.29    2.746    3.533    135   0    0     0     85.93  94.07  N/A         N/A          0.86         0.86         94.07  88.278   1.55     8.24        19.1        129      1.7      3.03          0.69    78.89     0.66    0.75    0.94    0.23    0.93     96.90   6.58    92.54   83.07   0.86    1092.80    4.59     86.40    0.47      38.42         4.50          0.00           92.48        
33   T0982TS243_5-D1     243s    80.93    100.00  33    N/A       N/A        0.87      0.87       62.22    N/A           34.69    54.39    5.066    6.16     135   0    0     0     85.93  92.59  N/A         N/A          0.86         0.86         92.59  87.469   1.56     8.33        18.9        129      1.8      2.71          0.65    74.07     0.63    0.71    0.87    0.34    0.91     87.70   6.47    92.17   80.53   0.86    1082.10    12.73    72.55    0.42      58.37         0.00          0.75           92.48        
34   T0982TS261_2-D1     261s    80.74    100.00  34    N/A       N/A        0.86      0.86       60.37    N/A           29.21    52.56    3.454    4.477    135   0    0     0     88.89  93.33  N/A         N/A          0.96         0.96         93.33  88.483   1.56     8.33        19.4        131      1.8      2.63          0.65    77.41     0.63    0.72    0.93    0.27    0.92     94.80   6.58    92.92   83.77   0.86    1106.10    5.39     92.63    0.40      3.89          11.71         6.02           85.71        
35   T0982TS347_5-D1     347s    80.74    100.00  34    N/A       N/A        0.86      0.86       63.70    N/A           38.67    56.74    3.339    4.176    135   0    0     0     85.19  90.37  N/A         N/A          0.83         0.83         90.37  87.927   1.45     8.15        19.1        127      1.7      3.35          0.68    74.07     0.65    0.74    0.93    0.28    0.92     93.80   6.47    92.11   82.19   0.86    1093.60    6.36     91.76    0.46      43.33         7.21          4.51           88.72        
36   T0982TS347_3-D1     347s    80.74    100.00  34    N/A       N/A        0.86      0.86       62.22    N/A           38.03    56.57    3.287    4.107    135   0    0     0     86.67  92.59  N/A         N/A          0.88         0.88         92.59  88.45    1.47     8.33        19.2        129      1.7      3.48          0.68    75.56     0.67    0.74    0.93    0.26    0.92     93.80   6.58    91.97   82.24   0.86    1096.90    6.13     91.43    0.50      41.38         10.81         2.26           87.97        
37   T0982TS347_1-D1     347s    80.74    100.00  34    0.79      0.79       0.86      0.86       62.03    0.86          37.58    55.43    2.816    3.638    135   1    0     0     85.19  93.33  0.76        0.76         0.83         0.83         93.33  88.418   1.61     8.24        19.2        129      1.7      3.27          0.67    78.15     0.64    0.74    0.95    0.24    0.93     95.40   6.47    92.07   82.94   0.86    1098.90    4.81     88.46    0.44      45.72         5.41          5.26           88.72        
38   T0982TS441_4-D1     441s    80.56    100.00  38    N/A       N/A        0.85      0.85       61.66    N/A           33.38    52.45    2.605    3.46     135   0    0     0     85.93  89.63  N/A         N/A          0.86         0.86         89.63  87.843   1.59     8.05        18.3        129      2        3.79          0.63    75.93     0.63    0.71    0.95    0.27    0.93     82.70   6.47    90.94   81.00   0.85    1052.00    4.15     38.89    0.44      67.64         11.71         7.52           84.21        
39   T0982TS337_1-D1     337s    80.56    100.00  38    0.78      0.78       0.85      0.85       61.66    0.84          33.38    52.45    2.605    3.46     135   0    0     0     85.93  89.63  0.78        0.78         0.86         0.86         89.63  87.843   1.59     8.05        18.3        129      2        3.79          0.63    75.93     0.63    0.71    0.95    0.27    0.93     82.70   6.47    90.94   81.00   0.85    1052.00    4.15     38.89    0.44      67.64         11.71         7.52           84.21        
40   T0982TS023_3-D1     023s    80.37    100.00  40    N/A       N/A        0.84      0.84       60.55    N/A           32.74    52.58    4.797    5.68     135   1    0     0     86.67  93.33  N/A         N/A          0.88         0.88         93.33  87.927   1.51     8.24        18.4        129      1.7      4.02          0.58    74.44     0.59    0.69    0.88    0.33    0.91     81.90   6.47    90.86   78.93   0.86    1057.50    11.97    69.55    0.36      136.19        11.71         2.26           87.22        
41   T0982TS347_2-D1     347s    80.37    100.00  40    N/A       N/A        0.84      0.84       62.41    N/A           37.45    56.27    3.273    4.17     135   1    0     0     84.44  92.59  N/A         N/A          0.81         0.81         92.59  87.658   1.47     8.33        19.2        130      1.9      3.39          0.67    74.81     0.65    0.73    0.93    0.26    0.92     95.90   6.58    92.60   82.53   0.86    1100.00    6.16     91.35    0.47      40.90         9.91          1.50           90.23        
42   T0982TS058_4-D1     058s    80.37    100.00  40    N/A       N/A        0.84      0.84       61.11    N/A           33.35    54.00    5.109    6.107    135   0    0     0     85.93  92.59  N/A         N/A          0.86         0.86         92.59  87.277   1.59     8.33        18.7        129      1.8      2.72          0.65    73.70     0.63    0.71    0.86    0.34    0.91     87.70   6.47    92.03   80.30   0.85    1072.70    13.06    75.22    0.43      60.80         0.00          0.75           92.48        
43   T0982TS441_2-D1     441s    80.19    100.00  43    N/A       N/A        0.84      0.84       61.66    N/A           32.70    53.03    3.578    4.34     135   0    0     0     84.44  90.37  N/A         N/A          0.81         0.81         90.37  86.439   1.43     7.96        18.4        126      1.9      3.23          0.65    74.44     0.63    0.72    0.90    0.28    0.93     92.60   6.47    91.41   81.51   0.85    1057.90    8.39     23.01    0.42      91.93         2.70          2.26           92.48        
44   T0982TS243_4-D1     243s    80.19    100.00  43    N/A       N/A        0.84      0.84       60.92    N/A           31.73    53.24    2.534    3.421    135   0    0     0     83.70  92.59  N/A         N/A          0.78         0.78         92.59  87.93    1.60     8.24        18.5        129      1.9      2.61          0.65    79.63     0.63    0.71    0.95    0.24    0.93     90.00   6.47    90.69   81.69   0.85    1064.20    4.37     73.63    0.41      66.63         0.00          0.75           95.49        
45   T0982TS368_1-D1     368s    79.63    100.00  45    0.74      0.74       0.81      0.81       60.74    0.79          40.66    55.05    4.188    4.866    135   0    0     0     88.15  93.33  0.86        0.86         0.93         0.93         93.33  87.346   1.55     8.24        18.7        130      1.8      0.92          0.69    80.00     0.68    0.76    0.88    0.23    0.92     100.00  6.58    92.40   83.01   0.86    1071.50    11.26    93.13    0.54      0.49          0.90          0.00           96.24        
46   T0982TS110_3-D1     110s    79.63    100.00  45    N/A       N/A        0.81      0.81       60.19    N/A           27.78    48.77    2.388    3.447    135   0    0     0     82.22  91.11  N/A         N/A          0.73         0.73         91.11  87.333   1.73     8.24        18.4        130      1.9      3.25          0.47    75.93     0.59    0.66    0.96    0.25    0.93     96.50   6.47    90.80   78.53   0.85    1055.90    3.83     N/A      0.35      168.86        0.00          5.26           89.47        
47   T0982TS441_1-D1     441s    79.07    100.00  47    0.71      0.71       0.79      0.79       59.81    0.74          32.32    53.36    4.344    5.313    135   0    0     0     83.70  91.11  0.71        0.71         0.78         0.78         91.11  86.371   1.51     7.96        18.3        126      1.8      2.95          0.65    73.70     0.63    0.72    0.86    0.30    0.93     96.60   6.47    91.22   80.94   0.85    1053.30    12.64    23.16    0.42      65.66         1.80          2.26           92.48        
48   T0982TS110_5-D1     110s    78.89    100.00  48    N/A       N/A        0.78      0.78       58.15    N/A           31.29    50.61    2.339    3.379    135   0    0     0     84.44  91.11  N/A         N/A          0.81         0.81         91.11  87.45    1.69     8.24        18.2        129      1.8      3.13          0.56    78.52     0.60    0.68    0.96    0.28    0.93     72.90   6.47    89.70   77.91   0.85    1047.40    3.43     N/A      0.38      97.76         0.00          9.02           84.21        
49   T0982TS246_2-D1     246s    78.89    100.00  48    N/A       N/A        0.78      0.78       59.07    N/A           34.89    52.13    3.262    4.199    135   0    0     0     83.70  91.11  N/A         N/A          0.78         0.78         91.11  86.511   1.70     8.05        18.4        129      2        2.82          0.66    78.52     0.63    0.73    0.93    0.25    0.92     87.60   6.47    91.05   82.30   0.84    1058.70    4.88     93.63    0.44      82.68         0.90          1.50           93.23        
50   T0982TS441_5-D1     441s    78.52    100.00  50    N/A       N/A        0.76      0.76       59.81    N/A           30.20    52.40    5.784    6.628    135   0    0     0     84.44  90.37  N/A         N/A          0.81         0.81         90.37  85.936   1.45     8.05        18.3        126      1.8      3.32          0.64    73.33     0.63    0.71    0.80    0.35    0.92     96.20   6.47    91.38   81.11   0.84    1050.50    21.05    23.75    0.43      71.50         4.50          1.50           91.73        
51   T0982TS337_3-D1     337s    78.52    100.00  50    N/A       N/A        0.76      0.76       59.81    N/A           30.20    52.40    5.784    6.628    135   0    0     0     84.44  90.37  N/A         N/A          0.81         0.81         90.37  85.936   1.45     8.05        18.3        126      1.8      3.32          0.64    73.33     0.63    0.71    0.80    0.35    0.92     96.20   6.47    91.38   81.11   0.84    1050.50    21.05    23.75    0.43      71.50         4.50          1.50           91.73        
52   T0982TS441_3-D1     441s    78.15    100.00  52    N/A       N/A        0.75      0.75       58.89    N/A           31.93    52.12    5.192    5.994    135   0    0     0     82.22  88.15  N/A         N/A          0.73         0.73         88.15  84.211   1.46     7.77        18.2        126      1.9      2.87          0.64    72.22     0.62    0.70    0.85    0.35    0.90     96.20   6.35    91.83   81.03   0.84    1047.40    13.06    24.14    0.43      72.47         0.00          6.02           90.23        
53   T0982TS164_1-D1     164s    77.96    100.00  53    0.66      0.66       0.74      0.74       56.48    0.56          33.55    51.33    2.171    3.097    135   0    0     0     85.19  95.56  0.76        0.76         0.83         0.83         95.56  87.466   1.71     8.62        18.6        131      1.8      2.89          0.55    81.85     0.62    0.73    0.96    0.23    0.94     95.10   6.47    91.37   81.32   0.86    1065.80    3.49     94.69    0.41      72.99         1.80          2.29           94.66        
54   T0982TS160_1-D1     160s    77.96    100.00  53    0.66      0.66       0.74      0.74       56.48    0.56          33.55    51.33    2.203    3.139    135   0    0     0     85.19  94.81  0.76        0.76         0.83         0.83         94.81  87.372   1.69     8.62        18.6        131      1.8      2.88          0.55    81.85     0.62    0.73    0.96    0.23    0.94     95.10   6.47    91.33   81.19   0.86    1065.50    3.73     94.73    0.41      70.56         1.80          2.29           94.66        
55   T0982TS246_5-D1     246s    77.78    100.00  55    N/A       N/A        0.73      0.73       57.41    N/A           29.34    48.29    3.433    4.414    135   0    0     0     84.44  91.11  N/A         N/A          0.81         0.81         91.11  84.909   1.56     7.96        17.4        129      2.2      3.39          0.63    73.70     0.60    0.71    0.93    0.29    0.91     77.70   6.35    89.86   78.35   0.83    1006.40    5.53     93.75    0.38      107.98        2.70          3.76           89.47        
56   T0982TS110_4-D1     110s    77.59    100.00  56    N/A       N/A        0.72      0.72       56.11    N/A           30.78    49.38    2.598    3.516    135   2    0     0     82.22  89.63  N/A         N/A          0.73         0.73         89.63  85.858   1.73     7.96        17.4        127      1.9      3.26          0.59    72.96     0.61    0.68    0.95    0.30    0.93     77.10   6.23    89.42   76.55   0.84    1005.20    11.52    N/A      0.40      119.34        0.00          9.77           81.20        
57   T0982TS337_2-D1     337s    77.59    100.00  56    N/A       N/A        0.72      0.72       55.92    N/A           32.30    48.72    2.498    3.555    135   3    0     0     82.96  91.11  N/A         N/A          0.76         0.76         91.11  86.634   1.70     8.05        17.1        130      2.1      3.58          0.62    73.70     0.60    0.69    0.95    0.27    0.93     80.10   6.35    87.95   78.36   0.84    989.60     3.81     23.63    0.34      128.89        3.60          3.76           88.72        
58   T0982TS110_2-D1     110s    77.41    100.00  58    N/A       N/A        0.71      0.71       56.48    N/A           29.80    48.85    2.542    3.359    135   1    0     0     82.96  94.07  N/A         N/A          0.76         0.76         94.07  85.991   1.71     8.24        17.8        130      2        2.92          0.59    81.11     0.60    0.69    0.96    0.27    0.93     90.10   6.35    89.80   78.34   0.84    1024.70    10.31    N/A      0.38      73.93         0.00          5.26           88.72        
59   T0982TS116_1-D1     116s    77.41    100.00  58    0.64      0.64       0.71      0.71       59.81    0.74          30.71    48.92    3.842    4.775    135   0    0     0     74.07  86.67  0.39        0.39         0.46         0.46         86.67  83.376   1.59     7.68        17.1        128      2.7      3.19          0.64    70.74     0.61    0.71    0.91    0.31    0.90     90.80   6.23    89.85   79.36   0.81    992.00     7.37     26.35    0.42      78.79         2.70          4.51           91.73        
60   T0982TS261_5-D1     261s    77.04    100.00  60    N/A       N/A        0.70      0.70       57.96    N/A           27.68    48.60    3.714    4.842    135   0    0     0     85.19  91.85  N/A         N/A          0.83         0.83         91.85  85.991   1.69     8.24        18          128      1.8      2.82          0.61    71.48     0.59    0.68    0.91    0.26    0.92     92.70   6.47    91.49   80.87   0.84    1033.70    7.64     89.87    0.35      4.86          17.12         1.50           86.47        
61   T0982TS402_1-D1     402s    77.04    100.00  60    0.62      0.62       0.70      0.70       59.26    0.71          30.24    48.02    4.515    5.34     135   0    0     0     76.30  85.19  0.46        0.46         0.54         0.54         85.19  82.896   1.68     7.49        17          125      2.2      3.10          0.62    70.37     0.61    0.68    0.88    0.36    0.90     93.50   6.23    89.07   78.24   0.81    982.50     10.16    26.54    0.41      87.06         2.70          2.26           94.74        
62   T0982TS498_4-D1     498s    76.85    100.00  62    N/A       N/A        0.69      0.69       56.66    N/A           31.65    47.75    2.434    3.445    135   1    0     0     80.74  93.33  N/A         N/A          0.68         0.68         93.33  85.519   1.82     8.33        17.9        132      2.2      3.54          0.65    80.74     0.65    0.73    0.96    0.20    0.93     93.60   6.47    91.23   81.33   0.83    1029.70    3.08     81.86    0.44      28.21         18.92         4.51           86.47        
63   T0982TS498_5-D1     498s    76.67    100.00  63    N/A       N/A        0.68      0.68       56.66    N/A           32.99    47.55    2.455    3.189    135   2    0     0     76.30  91.85  N/A         N/A          0.54         0.54         91.85  83.304   1.79     8.33        17.9        134      2.4      3.71          0.64    84.07     0.64    0.73    0.96    0.19    0.93     95.50   6.35    91.45   82.25   0.83    1029.00    3.06     82.55    0.43      35.02         21.62         6.77           84.21        
64   T0982TS246_4-D1     246s    76.48    100.00  64    N/A       N/A        0.67      0.67       54.63    N/A           30.50    48.49    2.326    3.209    135   0    0     0     85.19  92.59  N/A         N/A          0.83         0.83         92.59  87.537   1.64     8.24        17.6        129      1.8      3.54          0.54    77.78     0.61    0.70    0.96    0.25    0.93     84.10   6.35    91.28   79.13   0.85    1015.30    3.74     93.17    0.41      84.14         4.50          5.26           85.71        
65   T0982TS402_5-D1     402s    76.48    100.00  64    N/A       N/A        0.67      0.67       57.59    N/A           26.42    46.50    4.952    5.929    135   1    0     0     74.07  89.63  N/A         N/A          0.46         0.46         89.63  82.622   1.67     7.58        17.1        126      2.2      3.29          0.61    71.11     0.60    0.68    0.85    0.32    0.91     92.70   6.35    89.92   78.49   0.81    988.10     13.48    26.56    0.39      95.82         2.70          3.76           90.98        
66   T0982TS160_4-D1     160s    76.30    100.00  66    N/A       N/A        0.67      0.67       54.63    N/A           24.75    46.61    2.171    3.235    135   0    0     0     83.70  94.81  N/A         N/A          0.78         0.78         94.81  86.552   1.80     8.43        17.3        134      2.1      2.97          0.51    78.52     0.58    0.68    0.96    0.24    0.93     86.90   6.35    89.08   76.39   0.85    1000.60    3.57     86.75    0.34      79.77         0.90          2.26           87.97        
67   T0982TS110_1-D1     110s    76.30    100.00  66    0.59      0.59       0.67      0.67       55.74    0.52          33.20    50.79    2.611    3.343    135   1    0     0     81.48  88.89  0.63        0.63         0.71         0.71         88.89  85.981   1.65     7.96        17.8        128      1.9      3.18          0.59    77.04     0.64    0.70    0.95    0.28    0.93     92.60   6.35    87.72   77.83   0.84    1026.20    20.15    N/A      0.42      103.65        0.90          8.27           82.71        
68   T0982TS402_4-D1     402s    76.30    100.00  66    N/A       N/A        0.67      0.67       58.15    N/A           27.96    48.30    5.342    6.406    135   1    0     0     80.74  88.89  N/A         N/A          0.68         0.68         88.89  84.35    1.64     7.77        17.5        126      2        2.95          0.62    70.37     0.59    0.68    0.83    0.33    0.92     93.10   6.35    90.31   78.64   0.82    1009.10    16.22    25.32    0.38      96.79         0.00          3.01           91.73        
69   T0982TS145_4-D1     145s    75.93    100.00  69    N/A       N/A        0.65      0.65       54.81    N/A           31.73    47.39    2.12     3.051    135   0    0     0     81.48  95.56  N/A         N/A          0.71         0.71         95.56  87.336   1.84     8.33        18.7        133      1.9      3.25          0.64    80.37     0.62    0.72    0.96    0.19    0.93     87.60   6.35    92.22   83.71   0.85    1071.30    2.16     88.84    0.41      12.16         18.92         6.77           83.46        
70   T0982TS498_3-D1     498s    75.93    100.00  69    N/A       N/A        0.65      0.65       54.81    N/A           32.09    46.72    2.46     3.226    135   2    0     0     80.00  93.33  N/A         N/A          0.66         0.66         93.33  84.93    1.84     8.52        17.6        131      2.2      3.64          0.64    82.22     0.63    0.72    0.96    0.20    0.93     94.60   6.35    91.11   81.16   0.83    1020.00    3.26     82.58    0.39      32.10         24.32         6.77           87.97        
71   T0982TS337_5-D1     337s    75.93    100.00  69    N/A       N/A        0.65      0.65       57.59    N/A           27.83    46.08    4.601    5.493    135   0    0     0     78.52  85.19  N/A         N/A          0.61         0.61         85.19  81.923   1.68     7.40        17          125      2.2      3.13          0.62    70.37     0.61    0.69    0.88    0.35    0.89     92.00   6.35    88.85   78.86   0.81    985.10     9.07     26.88    0.39      79.28         2.70          0.75           93.23        
72   T0982TS498_2-D1     498s    75.74    100.00  72    N/A       N/A        0.64      0.64       55.19    N/A           31.61    46.48    2.568    3.515    135   1    0     0     80.00  92.59  N/A         N/A          0.66         0.66         92.59  84.763   1.82     8.33        17.6        132      2.3      3.54          0.64    78.15     0.63    0.71    0.96    0.20    0.93     90.30   6.35    91.28   80.94   0.83    1017.10    3.45     81.51    0.42      26.75         18.92         7.52           84.96        
73   T0982TS402_2-D1     402s    75.74    100.00  72    N/A       N/A        0.64      0.64       58.89    N/A           28.60    48.33    5.155    6.232    135   0    0     0     79.26  87.41  N/A         N/A          0.64         0.64         87.41  83.324   1.71     7.49        16.9        126      2.1      3.19          0.61    68.89     0.61    0.66    0.83    0.39    0.91     89.10   6.35    87.83   77.20   0.81    977.10     16.05    26.50    0.40      88.04         1.80          3.01           88.72        
74   T0982TS004_4-D1     004s    75.56    100.00  74    N/A       N/A        0.63      0.63       58.15    N/A           38.97    51.63    5.14     6.127    135   1    0     0     77.78  85.19  N/A         N/A          0.59         0.59         85.19  83.538   1.45     7.58        17          123      1.8      1.43          0.62    60.74     0.62    0.67    0.85    0.44    0.90     89.70   6.11    88.51   73.20   0.81    982.60     14.47    85.00    0.43      0.00          4.50          1.50           93.23        
75   T0982TS160_5-D1     160s    75.56    100.00  74    N/A       N/A        0.63      0.63       53.70    N/A           28.73    47.35    2.227    3.159    135   0    0     0     86.67  94.81  N/A         N/A          0.88         0.88         94.81  86.589   1.71     8.52        17.9        133      2        3.44          0.51    80.00     0.59    0.68    0.96    0.23    0.93     91.20   6.47    90.62   77.44   0.85    1030.20    2.97     89.95    0.38      77.82         2.70          8.27           78.20        
76   T0982TS145_5-D1     145s    75.56    100.00  74    N/A       N/A        0.63      0.63       56.48    N/A           29.19    47.24    3.864    4.905    135   0    0     0     84.44  90.37  N/A         N/A          0.81         0.81         90.37  85.065   1.68     7.96        17.1        126      1.8      2.73          0.59    68.52     0.60    0.67    0.90    0.30    0.91     92.50   6.35    89.92   77.08   0.83    987.00     8.35     90.67    0.38      3.40          13.51         6.02           79.70        
77   T0982TS160_2-D1     160s    75.37    100.00  77    N/A       N/A        0.62      0.62       53.89    N/A           30.71    47.82    3.682    4.68     135   0    0     0     85.19  90.37  N/A         N/A          0.83         0.83         90.37  85.377   1.65     8.05        16.7        130      2        3.30          0.52    71.85     0.58    0.65    0.93    0.37    0.91     98.50   6.47    89.79   75.65   0.83    970.10     6.11     89.40    0.33      79.77         1.80          7.52           79.70        
78   T0982TS085_5-D1     085s    75.37    100.00  77    N/A       N/A        0.62      0.62       54.81    N/A           31.86    47.47    2.399    3.215    135   0    0     0     79.26  88.89  N/A         N/A          0.64         0.64         88.89  83.651   1.78     8.15        16.6        133      2.2      3.37          0.55    78.52     0.58    0.69    0.95    0.29    0.93     90.40   6.35    88.42   75.40   0.83    961.60     3.88     N/A      0.37      89.98         2.70          4.51           87.22        
79   T0982TS149_4-D1     149s    75.37    100.00  77    N/A       N/A        0.62      0.62       55.92    N/A           28.99    45.88    5.129    6.121    135   0    0     0     80.74  88.89  N/A         N/A          0.68         0.68         88.89  82.414   1.66     7.77        17.1        125      2        3.21          0.62    70.37     0.61    0.69    0.85    0.36    0.91     94.30   6.35    90.83   79.89   0.81    991.90     12.73    85.03    0.39      83.17         2.70          2.26           91.73        
80   T0982TS488_3-D1     488s    75.37    100.00  77    N/A       N/A        0.62      0.62       57.04    N/A           32.02    48.85    4.441    5.148    135   1    0     0     77.04  87.41  N/A         N/A          0.56         0.56         87.41  82.479   1.70     6.65        16.8        127      2.2      1.40          0.62    73.33     0.63    0.69    0.88    0.40    0.89     96.00   6.35    89.68   79.26   0.81    973.20     10.56    N/A      0.40      2.92          0.00          0.75           95.49        
81   T0982TS116_3-D1     116s    75.37    100.00  77    N/A       N/A        0.62      0.62       57.04    N/A           23.78    43.58    4.145    5.109    135   4    0     0     71.11  85.93  N/A         N/A          0.36         0.36         85.93  81.085   1.61     7.40        16.5        125      2.3      3.37          0.59    68.52     0.58    0.66    0.90    0.28    0.89     92.10   6.23    86.94   77.45   0.79    957.10     8.20     28.24    0.32      102.14        2.70          1.50           89.47        
82   T0982TS402_3-D1     402s    75.00    100.00  82    N/A       N/A        0.61      0.61       56.30    N/A           29.99    47.22    5.379    6.121    135   1    0     0     74.07  87.41  N/A         N/A          0.46         0.46         87.41  83.402   1.56     7.49        16.9        126      2.3      2.74          0.62    71.85     0.62    0.68    0.85    0.38    0.90     92.70   6.23    88.96   78.12   0.80    978.00     12.68    27.03    0.42      81.71         0.90          2.26           94.74        
83   T0982TS004_1-D1     004s    75.00    100.00  82    0.53      0.53       0.61      0.61       55.93    0.53          36.82    50.79    3.837    4.584    135   0    0     0     82.22  89.63  0.66        0.66         0.73         0.73         89.63  84.214   1.60     7.77        17.1        125      1.9      0.87          0.63    75.56     0.63    0.69    0.91    0.27    0.91     93.10   6.35    90.17   78.91   0.82    990.60     7.69     86.84    0.43      0.00          1.80          0.00           96.99        
84   T0982TS488_5-D1     488s    75.00    100.00  82    N/A       N/A        0.61      0.61       55.37    N/A           28.80    45.76    2.974    3.725    135   1    0     0     74.81  85.93  N/A         N/A          0.49         0.49         85.93  76.139   1.86     7.30        16.2        129      2.7      0.75          0.62    80.37     0.62    0.68    0.94    0.32    0.91     95.00   6.11    87.56   78.43   0.80    943.90     4.05     N/A      0.39      0.00          0.00          0.75           96.24        
85   T0982TS004_2-D1     004s    74.81    100.00  85    N/A       N/A        0.60      0.60       56.48    N/A           35.69    48.36    3.686    4.467    135   0    0     0     81.48  88.89  N/A         N/A          0.71         0.71         88.89  83.363   1.78     7.68        17          125      2        1.24          0.63    74.81     0.64    0.68    0.91    0.23    0.91     93.10   6.35    88.95   80.30   0.81    984.10     7.16     86.69    0.43      0.00          3.60          0.75           95.49        
86   T0982TS498_1-D1     498s    74.44    100.00  86    0.50      0.50       0.58      0.58       54.45    0.45          29.37    45.76    2.661    3.419    135   2    0     0     78.52  92.59  0.53        0.53         0.61         0.61         92.59  84.025   1.81     8.43        17.4        131      2.2      3.62          0.64    81.11     0.63    0.71    0.95    0.21    0.93     93.50   6.35    90.90   80.68   0.82    1007.20    3.70     82.27    0.42      29.18         20.72         3.76           84.21        
87   T0982TS164_3-D1     164s    74.07    100.00  87    N/A       N/A        0.57      0.57       52.96    N/A           29.76    45.72    3.298    4.186    135   0    0     0     77.04  88.89  N/A         N/A          0.56         0.56         88.89  82.453   1.85     7.87        15.9        128      2.1      3.21          0.53    70.74     0.56    0.64    0.93    0.32    0.91     92.60   6.35    88.16   73.18   0.81    928.90     5.52     90.84    0.33      79.77         1.80          5.26           85.71        
88   T0982TS004_3-D1     004s    73.89    100.00  88    N/A       N/A        0.56      0.56       55.56    N/A           31.97    45.23    4.809    5.965    135   0    0     0     70.37  91.11  N/A         N/A          0.34         0.34         91.11  86.585   1.53     8.05        18.7        126      1.7      0.81          0.60    70.00     0.62    0.63    0.85    0.48    0.89     99.30   6.47    90.50   78.34   0.78    1071.80    12.25    82.32    0.37      0.00          0.90          1.50           95.49        
89   T0982TS246_3-D1     246s    73.70    100.00  89    N/A       N/A        0.55      0.55       55.00    N/A           28.58    46.79    3.571    4.752    135   2    0     0     72.59  86.67  N/A         N/A          0.41         0.41         86.67  81.034   1.85     7.02        17          125      2.2      3.65          0.62    72.59     0.62    0.70    0.90    0.30    0.90     88.90   6.23    85.95   79.03   0.79    981.70     6.78     91.51    0.43      122.08        4.50          2.26           87.97        
90   T0982TS149_5-D1     149s    73.70    100.00  89    N/A       N/A        0.55      0.55       54.08    N/A           22.96    44.69    3.33     4.38     135   0    0     0     78.52  88.15  N/A         N/A          0.61         0.61         88.15  76.819   1.76     7.77        17.4        130      2.3      3.24          0.59    74.07     0.61    0.67    0.94    0.31    0.90     92.00   6.35    88.73   77.69   0.81    1006.50    4.92     89.97    0.38      84.63         2.70          1.50           90.98        
91   T0982TS085_4-D1     085s    72.96    100.00  91    N/A       N/A        0.52      0.52       51.66    N/A           25.50    43.22    3.07     3.974    135   0    0     0     72.59  84.44  N/A         N/A          0.41         0.41         84.44  80.699   1.80     7.12        15.4        128      2.5      3.00          0.48    70.37     0.56    0.62    0.94    0.35    0.91     91.20   6.35    86.63   74.42   0.79    901.90     5.58     N/A      0.30      73.44         0.90          4.51           84.96        
92   T0982TS337_4-D1     337s    72.78    100.00  92    N/A       N/A        0.51      0.51       53.15    N/A           23.62    39.91    3.312    4.064    135   0    0     0     72.59  82.22  N/A         N/A          0.41         0.41         82.22  67.751   1.95     6.93        15.9        126      2.4      3.07          0.59    74.81     0.59    0.67    0.93    0.34    0.90     95.30   6.23    87.11   75.87   0.78    927.00     4.95     29.07    0.34      82.20         1.80          2.26           91.73        
93   T0982TS164_4-D1     164s    72.78    100.00  92    N/A       N/A        0.51      0.51       50.92    N/A           24.00    42.50    2.465    3.282    135   0    0     0     80.00  91.85  N/A         N/A          0.66         0.66         91.85  74.89    1.91     8.15        16          134      2.4      3.22          0.51    72.96     0.55    0.66    0.95    0.28    0.92     87.60   6.35    88.17   74.15   0.82    932.00     4.16     86.73    0.31      76.36         1.80          6.02           84.21        
94   T0982TS160_3-D1     160s    72.59    100.00  94    N/A       N/A        0.50      0.50       50.00    N/A           29.06    44.47    2.438    3.509    135   0    0     0     83.70  91.85  N/A         N/A          0.78         0.78         91.85  76.915   1.87     8.15        16.1        133      2.3      3.28          0.49    76.67     0.58    0.66    0.95    0.30    0.93     87.60   6.35    90.30   76.78   0.82    938.70     3.39     85.77    0.33      80.78         1.80          6.77           81.95        
95   T0982TS164_2-D1     164s    72.41    100.00  95    N/A       N/A        0.49      0.49       51.11    N/A           30.57    46.37    4.024    4.817    135   0    0     0     87.41  92.59  N/A         N/A          0.91         0.91         92.59  83.288   1.75     8.33        16.9        128      1.8      3.18          0.53    72.59     0.59    0.68    0.91    0.30    0.90     96.70   6.47    89.77   76.35   0.82    980.70     7.98     89.86    0.40      76.44         1.80          5.26           86.47        
96   T0982TS164_5-D1     164s    70.93    100.00  96    N/A       N/A        0.43      0.43       49.63    N/A           25.52    42.34    2.82     4.088    135   0    0     0     79.26  90.37  N/A         N/A          0.64         0.64         90.37  81.057   2.00     7.96        15.9        130      2.2      2.91          0.50    71.48     0.55    0.65    0.94    0.32    0.92     89.70   6.35    88.00   74.19   0.81    928.70     5.50     90.69    0.30      69.59         0.00          3.76           87.97        
97   T0982TS488_1-D1     488s    70.37    100.00  97    0.32      0.32       0.40      0.40       49.45    0.18          28.83    42.53    2.716    3.475    135   0    0     0     74.07  91.11  0.39        0.39         0.46         0.46         91.11  74.737   2.04     7.58        15.3        131      2.5      1.28          0.61    80.74     0.64    0.68    0.94    0.29    0.91     88.70   6.23    87.59   76.84   0.79    897.50     4.08     N/A      0.43      2.43          0.00          1.50           96.24        
98   T0982TS124_2-D1     124s    70.19    100.00  98    N/A       N/A        0.40      0.40       51.11    N/A           26.49    37.25    4.471    5.435    135   0    0     0     65.93  85.19  N/A         N/A          0.19         0.19         85.19  73.504   1.87     7.87        15.4        128      2.4      3.07          0.59    75.19     0.58    0.68    0.88    0.31    0.89     93.90   6.23    89.32   79.65   0.77    900.90     9.85     85.96    0.36      123.05        0.90          4.51           90.98        
99   T0982TS149_2-D1     149s    70.19    100.00  98    N/A       N/A        0.40      0.40       50.19    N/A           21.97    40.81    4.502    5.592    135   2    0     0     71.11  85.19  N/A         N/A          0.36         0.36         85.19  67.744   1.73     7.12        15.2        124      2.3      3.07          0.56    60.74     0.55    0.63    0.89    0.46    0.88     92.30   6.23    86.85   73.38   0.77    893.30     8.11     86.14    0.32      115.27        0.00          1.50           90.23        
100  T0982TS312_1-D1     312s    69.81    100.00  100   0.29      0.29       0.38      0.38       50.74    0.25          21.69    39.96    5.047    6.393    135   0    0     0     71.85  86.67  0.31        0.31         0.39         0.39         86.67  68.775   1.80     7.49        14.7        121      2.1      4.36          0.41    55.93     0.52    0.58    0.84    0.43    0.87     97.00   6.23    85.24   68.22   0.76    866.00     14.78    N/A      0.27      210.22        12.61         9.77           78.95        
101  T0982TS085_2-D1     085s    69.26    100.00  101   N/A       N/A        0.35      0.35       50.00    N/A           28.37    41.89    3.619    4.273    135   0    0     0     69.63  82.22  N/A         N/A          0.32         0.32         82.96  67.891   1.80     7.12        13.3        124      2.5      2.55          0.49    63.70     0.59    0.61    0.88    0.43    0.90     80.30   5.99    82.38   69.78   0.77    795.10     12.27    N/A      0.37      42.80         0.00          2.26           93.23        
102  T0982TS124_3-D1     124s    68.33    100.00  102   N/A       N/A        0.31      0.31       48.70    N/A           23.34    35.57    4.615    5.78     135   0    0     0     65.93  85.19  N/A         N/A          0.19         0.19         85.19  72.237   1.91     7.77        14.8        128      2.6      3.40          0.57    70.37     0.56    0.65    0.86    0.30    0.89     95.80   6.23    88.59   78.34   0.75    868.60     10.95    84.81    0.31      131.81        2.70          5.26           91.73        
103  T0982TS085_3-D1     085s    68.15    100.00  103   N/A       N/A        0.31      0.31       47.41    N/A           27.54    41.92    3.584    4.288    135   0    0     0     70.37  82.22  N/A         N/A          0.34         0.34         82.96  67.53    1.81     6.55        13          118      2.4      3.19          0.47    64.44     0.57    0.61    0.88    0.44    0.91     79.70   5.99    82.07   70.97   0.77    775.80     11.06    N/A      0.33      65.18         2.70          2.26           88.72        
104  T0982TS124_4-D1     124s    67.96    100.00  104   N/A       N/A        0.30      0.30       47.03    N/A           25.09    36.27    4.408    5.302    135   0    0     0     65.93  85.19  N/A         N/A          0.19         0.19         85.19  65.937   2.04     7.87        15.3        127      2.4      3.02          0.58    70.74     0.59    0.67    0.88    0.32    0.89     94.40   6.23    89.49   78.45   0.76    894.00     9.11     86.74    0.36      108.95        0.90          4.51           90.98        
105  T0982TS312_4-D1     312s    67.96    100.00  104   N/A       N/A        0.30      0.30       48.89    N/A           20.66    37.95    4.435    5.612    135   0    0     0     68.15  84.44  N/A         N/A          0.27         0.27         84.44  68.013   1.78     7.30        14          120      2.1      4.32          0.37    53.70     0.50    0.56    0.85    0.42    0.88     84.10   6.11    82.26   63.14   0.75    828.60     15.68    N/A      0.27      208.29        9.01          12.03          72.18        
106  T0982TS312_5-D1     312s    67.59    100.00  106   N/A       N/A        0.28      0.28       46.30    N/A           21.92    38.45    3.644    4.504    135   0    0     0     66.67  83.70  N/A         N/A          0.22         0.22         83.70  65.408   1.95     6.83        12.5        122      2.7      4.26          0.34    64.44     0.54    0.57    0.88    0.43    0.90     78.40   5.86    80.36   68.03   0.75    749.20     11.68    N/A      0.25      189.94        9.91          9.77           77.44        
107  T0982TS149_1-D1     149s    67.22    100.00  107   0.18      0.18       0.26      0.26       46.67    0.03          18.62    36.94    4.257    5.353    135   1    0     0     69.63  85.19  0.24        0.24         0.32         0.32         85.19  64.407   2.05     7.58        14.4        124      2.3      2.94          0.54    63.70     0.56    0.63    0.89    0.43    0.89     89.10   6.11    86.48   72.49   0.76    847.30     8.16     87.48    0.33      94.36         0.90          3.01           91.73        
108  T0982TS156_2-D1     156s    66.85    100.00  108   N/A       N/A        0.25      0.25       47.59    N/A           26.11    40.45    4.505    5.609    135   0    0     0     67.41  84.44  N/A         N/A          0.24         0.24         84.44  78.129   1.83     7.40        14.9        123      2.2      1.20          0.55    62.96     0.57    0.61    0.87    0.43    0.87     86.00   6.23    85.37   71.07   0.74    873.70     8.64     86.48    0.32      1.46          0.00          0.75           95.49        
109  T0982TS156_5-D1     156s    66.48    100.00  109   N/A       N/A        0.23      0.23       47.59    N/A           25.78    40.03    4.514    5.638    135   0    0     0     67.41  85.19  N/A         N/A          0.24         0.24         85.19  78.268   1.87     7.40        15          123      2.2      1.10          0.55    61.11     0.57    0.61    0.87    0.43    0.87     88.20   6.23    85.30   71.15   0.74    880.80     8.66     87.47    0.32      0.97          0.00          0.75           95.49        
110  T0982TS156_3-D1     156s    66.48    100.00  109   N/A       N/A        0.23      0.23       46.48    N/A           25.85    40.16    4.5      5.599    135   0    0     0     67.41  83.70  N/A         N/A          0.24         0.24         83.70  71.611   1.87     7.30        15          123      2.2      1.58          0.55    63.70     0.57    0.62    0.88    0.44    0.87     89.70   6.23    85.40   70.93   0.74    878.60     8.27     87.49    0.33      2.92          0.00          0.75           91.73        
111  T0982TS124_1-D1     124s    66.30    100.00  111   0.13      0.13       0.22      0.22       45.00    -0.06         23.47    34.92    4.288    5.138    135   0    0     0     64.44  85.93  0.06        0.06         0.14         0.14         86.67  62.913   2.00     7.77        14.6        128      2.5      3.23          0.58    71.11     0.59    0.66    0.89    0.34    0.89     93.80   6.23    88.98   77.49   0.75    858.00     7.67     85.77    0.36      106.03        1.80          6.02           90.23        
112  T0982TS156_1-D1     156s    66.30    100.00  111   0.13      0.13       0.22      0.22       46.11    0.00          26.63    40.26    4.513    5.604    135   0    0     0     65.93  84.44  0.11        0.11         0.19         0.19         84.44  71.403   1.84     7.49        15          124      2.3      1.52          0.55    63.33     0.57    0.61    0.87    0.44    0.87     88.20   6.23    85.72   71.20   0.74    881.60     8.36     87.17    0.32      2.43          0.00          0.75           91.73        
113  T0982TS007_4-D1     007s    66.11    100.00  113   N/A       N/A        0.22      0.22       46.11    N/A           18.03    35.08    3.62     4.653    135   0    0     0     57.04  88.89  N/A         N/A          -0.10        -0.10        88.89  86.28    1.53     7.68        18.6        128      1.9      3.03          0.49    57.04     0.53    0.54    0.86    0.47    0.88     93.10   6.35    80.09   62.19   0.72    1069.70    10.26    34.22    0.27      73.93         1.80          1.50           91.73        
114  T0982TS156_4-D1     156s    65.56    100.00  114   N/A       N/A        0.19      0.19       45.74    N/A           26.21    40.19    4.531    5.643    135   0    0     0     67.41  83.70  N/A         N/A          0.24         0.24         83.70  71.836   1.85     7.49        15          123      2.2      1.52          0.55    62.22     0.57    0.61    0.87    0.43    0.87     90.40   6.23    85.43   71.04   0.74    878.20     8.58     87.00    0.33      2.43          0.00          0.75           91.73        
115  T0982TS116_4-D1     116s    62.96    100.00  115   N/A       N/A        0.08      0.08       44.63    N/A           23.14    36.58    5.361    6.565    135   1    0     0     60.74  85.19  N/A         N/A          0.02         0.02         85.19  79.045   1.84     6.93        14.4        122      2.2      3.44          0.48    46.67     0.51    0.51    0.74    0.57    0.83     81.00   6.11    74.28   60.20   0.70    848.50     21.94    36.68    0.24      108.95        3.60          2.26           90.98        
116  T0982TS312_3-D1     312s    62.22    100.00  116   N/A       N/A        0.04      0.04       42.22    N/A           17.41    32.76    4.424    5.529    135   6    0     0     61.48  80.00  N/A         N/A          0.04         0.04         80.00  59.146   2.06     6.46        12.6        119      2.5      4.50          0.34    54.81     0.50    0.57    0.87    0.52    0.87     81.50   5.99    82.67   64.14   0.71    755.40     13.95    N/A      0.23      261.08        10.81         12.78          69.17        
117  T0982TS124_5-D1     124s    61.30    100.00  117   N/A       N/A        0.00      0.00       40.37    N/A           17.59    28.35    4.931    6.008    135   0    0     0     55.56  76.30  N/A         N/A          -0.15        -0.15        77.04  57.263   2.28     6.93        10.7        123      2.8      3.72          0.51    57.41     0.53    0.58    0.83    0.43    0.87     93.90   5.99    82.61   70.75   0.69    658.10     10.24    82.54    0.25      142.51        6.31          5.26           91.73        
118  T0982TS312_2-D1     312s    60.74    100.00  118   N/A       N/A        -0.02     -0.02      41.11    N/A           12.71    22.64    4.776    5.921    135   0    0     0     54.07  79.26  N/A         N/A          -0.20        -0.20        79.26  57.492   1.96     6.83        12.6        119      2.5      4.49          0.34    57.41     0.51    0.57    0.86    0.48    0.86     95.00   5.99    83.82   66.36   0.65    758.50     11.29    N/A      0.26      257.55        14.41         12.78          79.70        
119  T0982TS116_2-D1     116s    59.07    100.00  119   N/A       N/A        -0.10     -0.10      40.37    N/A           16.87    30.17    5.286    6.276    135   2    0     0     54.81  79.26  N/A         N/A          -0.18        -0.18        80.00  62.205   1.88     6.74        13          121      2.5      3.47          0.46    44.07     0.50    0.51    0.78    0.61    0.83     74.90   5.86    75.18   56.40   0.67    775.60     17.21    39.68    0.24      100.19        3.60          3.01           88.72        
120  T0982TS152_3-D1     152s    58.15    100.00  120   N/A       N/A        -0.14     -0.14      36.30    N/A           13.87    24.61    4.17     5.073    135   5    0     0     49.63  73.33  N/A         N/A          -0.35        -0.35        73.33  50.61    2.24     5.61        9.9         114      3        3.94          0.51    56.30     0.52    0.56    0.80    0.54    0.86     81.90   5.99    75.89   66.55   0.65    617.00     8.08     82.02    0.25      51.07         19.82         7.52           76.69        
121  T0982TS266_5-D1     266s    57.22    100.00  121   N/A       N/A        -0.18     -0.18      38.70    N/A           21.16    30.86    7.268    7.992    135   1    0     0     60.00  74.81  N/A         N/A          -0.00        -0.00        74.81  55.869   2.03     6.08        10.6        110      2.5      3.11          0.47    49.26     0.51    0.52    0.66    0.63    0.81     85.30   4.89    76.80   63.56   0.65    651.50     33.53    N/A      0.27      101.65        2.70          1.50           95.49        
122  T0982TS116_5-D1     116s    57.22    100.00  121   N/A       N/A        -0.18     -0.18      37.96    N/A           17.82    30.23    5.363    6.305    135   1    0     0     57.04  80.00  N/A         N/A          -0.10        -0.10        80.74  60.495   1.98     6.93        12.5        117      2.4      2.98          0.46    43.33     0.48    0.51    0.78    0.55    0.83     82.90   5.73    75.86   56.77   0.66    749.40     17.86    39.61    0.19      93.39         0.90          3.01           90.23        
123  T0982TS266_3-D1     266s    55.93    100.00  123   N/A       N/A        -0.23     -0.23      38.15    N/A           21.11    31.02    9.079    9.31     135   2    0     0     50.37  67.41  N/A         N/A          -0.32        -0.32        69.63  54.841   2.07     5.71        9.1         108      3.2      2.85          0.45    45.93     0.51    0.47    0.54    0.83    0.68     81.30   5.19    71.79   60.15   0.62    575.30     33.08    N/A      0.27      89.01         0.90          3.01           93.23        
124  T0982TS152_1-D1     152s    55.37    100.00  124   -0.36     -0.36      -0.26     -0.26      36.48    -0.52         14.56    22.59    5.249    6.048    135   2    0     0     47.41  67.41  -0.51       -0.51        -0.42        -0.42        69.63  49.054   2.23     4.68        9.4         105      3.1      3.54          0.48    57.78     0.53    0.52    0.68    0.57    0.82     90.50   5.33    72.18   65.24   0.62    592.20     12.59    82.67    0.26      30.64         12.61         9.02           80.45        
125  T0982TS266_1-D1     266s    54.81    100.00  125   -0.38     -0.38      -0.28     -0.28      36.30    -0.53         18.57    27.81    8.06     8.431    135   0    0     0     49.63  68.89  -0.43       -0.43        -0.35        -0.35        71.11  53.702   2.00     4.96        9.8         106      2.6      3.11          0.46    44.44     0.49    0.49    0.66    0.67    0.74     67.30   5.04    73.70   60.95   0.62    611.10     34.76    N/A      0.25      133.27        0.00          0.75           90.98        
126  T0982TS152_4-D1     152s    52.04    100.00  126   N/A       N/A        -0.41     -0.41      32.04    N/A           15.87    21.92    5.697    6.561    135   0    0     0     45.93  63.70  N/A         N/A          -0.47        -0.47        63.70  45.327   2.35     4.02        8.5         106      3.5      4.00          0.47    51.11     0.50    0.49    0.69    0.70    0.80     77.10   5.60    72.60   65.84   0.59    544.40     12.67    79.62    0.21      61.77         20.72         9.02           79.70        
127  T0982TS266_4-D1     266s    51.85    100.00  127   N/A       N/A        -0.41     -0.41      34.44    N/A           19.23    27.73    9.206    9.614    135   4    0     0     48.15  67.41  N/A         N/A          -0.40        -0.40        70.37  51.47    2.03     4.96        8.7         106      3.2      3.24          0.44    43.33     0.49    0.44    0.49    0.99    0.69     80.10   5.04    68.23   59.38   0.60    552.30     35.08    N/A      0.25      114.30        1.80          1.50           90.98        
128  T0982TS266_2-D1     266s    51.30    100.00  128   N/A       N/A        -0.44     -0.44      32.78    N/A           15.68    26.96    8.034    8.395    135   4    0     0     52.59  66.67  N/A         N/A          -0.25        -0.25        68.15  52.101   2.08     4.40        8.8         107      3        3.27          0.46    49.26     0.50    0.50    0.63    0.75    0.73     79.30   5.04    74.34   60.67   0.60    559.10     27.31    N/A      0.25      183.85        0.90          3.76           90.23        
129  T0982TS497_1-D1     497s    50.00    100.00  129   -0.60     -0.60      -0.50     -0.50      31.48    -0.79         12.66    21.67    7.26     8.102    135   6    0     0     46.67  65.19  -0.53       -0.53        -0.45        -0.45        65.19  44.852   2.34     5.24        6.8         104      3        3.27          0.42    36.67     0.49    0.44    0.66    0.82    0.76     52.20   4.42    65.98   58.14   0.60    457.00     25.81    52.59    0.16      20.43         9.91          7.52           81.95        
130  T0982TS152_2-D1     152s    49.63    100.00  130   N/A       N/A        -0.51     -0.51      31.11    N/A           13.96    21.62    6.455    7.188    135   9    0     0     42.22  62.96  N/A         N/A          -0.60        -0.60        62.96  46.479   2.20     4.58        7.5         98       3        4.17          0.43    49.63     0.49    0.47    0.58    0.75    0.74     64.80   4.89    65.01   58.93   0.57    490.80     12.91    81.37    0.22      81.23         19.82         15.79          73.68        
131  T0982TS152_5-D1     152s    48.15    100.00  131   N/A       N/A        -0.58     -0.58      28.34    N/A           14.92    19.99    5.659    6.182    135   2    0     0     41.48  54.81  N/A         N/A          -0.62        -0.62        60.00  39.022   2.25     3.36        6.5         98       3.9      3.86          0.47    53.33     0.51    0.50    0.68    0.62    0.81     81.50   4.58    72.60   61.17   0.56    439.40     10.73    82.43    0.24      46.69         19.82         8.27           80.45        
132  T0982TS282_2-D1     282s    47.41    100.00  132   N/A       N/A        -0.61     -0.61      26.85    N/A           8.16     15.30    5.541    6.395    135   5    0     0     26.67  60.74  N/A         N/A          -1.11        -1.11        60.74  41.958   2.54     4.11        5.4         103      3.4      4.20          0.42    40.37     0.45    0.46    0.72    0.81    0.78     44.70   5.46    64.69   53.12   0.54    394.90     17.72    66.13    0.15      71.50         21.62         14.29          67.67        
133  T0982TS282_1-D1     282s    45.19    100.00  133   -0.82     -0.82      -0.71     -0.71      24.26    -1.18         7.24     15.74    5.66     6.689    135   2    0     0     31.85  64.44  -1.03       -1.03        -0.94        -0.94        65.19  39.544   2.56     4.11        3.9         94       3.5      4.23          0.41    37.78     0.45    0.45    0.75    0.79    0.80     34.00   5.04    67.40   54.93   0.55    340.80     16.66    63.01    0.15      67.61         23.42         14.29          63.91        
134  T0982TS497_2-D1     497s    44.26    100.00  134   N/A       N/A        -0.75     -0.75      27.41    N/A           10.25    19.97    8.378    9.028    135   3    0     0     37.04  57.04  N/A         N/A          -0.77        -0.77        57.78  37.154   2.41     3.74        4.7         94       3.7      3.45          0.39    33.33     0.47    0.43    0.60    1.05    0.70     59.40   3.07    61.52   55.59   0.53    355.20     30.67    56.03    0.15      19.46         17.12         8.27           80.45        
135  T0982TS497_5-D1     497s    43.89    100.00  135   N/A       N/A        -0.77     -0.77      24.82    N/A           6.68     16.18    7.604    8.704    135   5    0     0     25.19  57.04  N/A         N/A          -1.16        -1.16        57.04  39.338   2.53     3.27        4.6         98       3.6      3.56          0.39    32.96     0.45    0.42    0.67    1.02    0.71     78.40   4.07    63.33   54.63   0.53    343.20     20.95    56.51    0.12      21.89         18.02         10.53          76.69        
136  T0982TS348_4-D1     348s    40.74    100.00  136   N/A       N/A        -0.90     -0.90      19.45    N/A           7.55     13.08    6.483    7.597    135   4    0     0     28.89  58.52  N/A         N/A          -1.04        -1.04        62.22  37.328   2.57     3.64        3.6         108      3.5      3.58          0.32    22.86     0.39    0.38    0.72    1.27    0.78     9.60    5.46    66.09   43.92   0.50    311.40     25.17    77.11    0.08      140.96        0.00          21.05          49.62        
137  T0982TS497_4-D1     497s    39.81    100.00  137   N/A       N/A        -0.95     -0.95      23.52    N/A           5.37     10.40    9.616    10.552   135   1    0     0     17.78  44.44  N/A         N/A          -1.41        -1.41        44.44  32.869   2.35     1.68        3.1         81       3.8      3.79          0.36    28.89     0.45    0.38    0.54    1.13    0.65     68.00   3.89    57.35   52.84   0.43    255.80     45.46    64.30    0.12      42.32         17.12         12.03          78.95        
138  T0982TS007_2-D1     007s    39.26    100.00  138   N/A       N/A        -0.97     -0.97      27.23    N/A           14.46    21.82    64.425   65.86    135   6    0     0     42.22  49.63  N/A         N/A          -0.60        -0.60        49.63  43.269   1.94     2.80        3.6         70       2.1      4.49          0.12    18.52     0.33    0.29    0.29    2.30    0.86     26.70   4.74    32.81   36.91   0.44    288.10     3132.00  60.10    0.11      218.37        12.61         12.78          68.42        
139  T0982TS348_3-D1     348s    39.07    100.00  139   N/A       N/A        -0.98     -0.98      17.78    N/A           6.58     11.64    6.564    8        135   9    0     0     23.70  52.59  N/A         N/A          -1.21        -1.21        55.56  36.411   2.70     3.27        0           0        N/A      3.54          0.31    19.93     0.38    0.34    0.71    1.35    0.77     15.40   5.46    64.42   40.84   0.49    N/A        29.67    77.10    0.09      132.04        0.90          24.06          52.63        
140  T0982TS348_1-D1     348s    38.70    100.00  140   -1.11     -1.11      -0.99     -0.99      17.96    -1.52         4.19     9.98     6.551    8.006    135   8    0     0     19.26  60.00  -1.45       -1.45        -1.36        -1.36        60.74  35.944   2.80     2.89        0           0        N/A      3.52          0.32    18.77     0.39    0.36    0.72    1.29    0.77     18.10   5.33    65.35   41.53   0.49    N/A        26.73    77.36    0.09      124.04        0.00          25.56          51.13        
141  T0982TS348_2-D1     348s    37.96    100.00  141   N/A       N/A        -1.03     -1.03      17.41    N/A           5.42     10.68    6.629    8.071    135   13   0     0     14.81  45.93  N/A         N/A          -1.51        -1.51        51.11  33.185   2.61     2.89        1.7         81       3.9      3.67          0.28    17.35     0.35    0.34    0.68    1.34    0.76     11.30   5.33    63.05   39.04   0.48    211.60     28.75    73.57    0.08      145.26        0.00          37.59          33.83        
142  T0982TS407_5-D1     407s    36.48    100.00  142   N/A       N/A        -1.09     -1.09      24.07    N/A           11.55    17.52    14.155   14.886   135   1    0     0     31.85  45.19  N/A         N/A          -0.94        -0.94        46.67  37.283   2.35     1.86        4.7         81       4.9      3.05          0.36    35.56     0.52    0.44    0.50    1.32    0.67     63.80   4.25    57.13   59.37   0.41    290.50     95.26    61.37    0.24      51.07         11.71         0.00           97.74        
143  T0982TS282_3-D1     282s    36.11    100.00  143   N/A       N/A        -1.11     -1.11      20.74    N/A           7.62     13.67    9.721    10.541   135   4    0     0     25.19  46.67  N/A         N/A          -1.16        -1.16        54.81  35.297   2.39     3.64        4.1         95       4.1      3.64          0.36    32.59     0.44    0.36    0.58    1.36    0.59     40.20   3.50    53.41   50.13   0.44    318.50     32.03    61.17    0.12      23.35         18.92         12.03          73.68        
144  T0982TS407_3-D1     407s    33.52    100.00  144   N/A       N/A        -1.22     -1.22      20.18    N/A           9.93     12.04    12.152   13.08    135   0    0     0     26.67  36.30  N/A         N/A          -1.11        -1.11        42.22  31.969   2.59     1.39        4.6         72       3.6      3.46          0.35    36.30     0.51    0.44    0.44    1.39    0.64     75.90   4.42    58.45   58.63   0.39    270.00     113.34   59.65    0.23      96.30         12.61         0.75           96.99        
145  T0982TS365_4-D1     365s    32.22    100.00  145   N/A       N/A        -1.28     -1.28      20.37    N/A           6.96     13.39    14.734   15.267   135   3    0     0     24.44  36.30  N/A         N/A          -1.19        -1.19        36.30  30.592   2.13     0.64        2           66       3.7      2.40          0.32    25.56     0.47    0.34    0.29    1.54    0.61     70.00   3.89    50.96   50.41   0.36    198.90     168.59   N/A      0.18      1.95          8.11          6.77           78.95        
146  T0982TS365_2-D1     365s    32.04    100.00  146   N/A       N/A        -1.29     -1.29      19.82    N/A           6.55     13.38    14.735   15.268   135   3    0     0     24.44  36.30  N/A         N/A          -1.19        -1.19        40.00  31.842   2.09     0.92        1.5         56       4.5      1.89          0.31    27.04     0.45    0.33    0.29    1.57    0.60     67.70   3.89    52.67   50.65   0.37    168.00     158.32   N/A      0.17      0.97          3.60          3.76           84.21        
147  T0982TS407_2-D1     407s    31.48    100.00  147   N/A       N/A        -1.31     -1.31      19.81    N/A           10.45    14.16    13.337   13.544   135   0    0     0     29.63  34.81  N/A         N/A          -1.01        -1.01        40.00  29.492   2.50     1.02        2.7         65       3.5      1.10          0.36    34.44     0.50    0.40    0.46    1.21    0.68     74.10   4.07    56.24   58.71   0.38    242.20     81.99    56.27    0.23      0.97          0.00          0.00           95.49        
148  T0982TS407_4-D1     407s    31.30    100.00  148   N/A       N/A        -1.32     -1.32      20.74    N/A           12.06    17.09    13.358   14.413   135   0    0     0     25.93  31.11  N/A         N/A          -1.14        -1.14        33.33  29.942   2.00     0.55        1.7         45       2.2      3.32          0.36    30.74     0.50    0.41    0.41    1.50    0.61     81.40   3.89    56.35   57.38   0.32    149.90     120.62   50.93    0.20      64.69         9.01          0.75           95.49        
149  T0982TS365_5-D1     365s    31.11    100.00  149   N/A       N/A        -1.33     -1.33      20.74    N/A           9.04     13.58    14.687   15.222   135   3    0     0     26.67  34.07  N/A         N/A          -1.11        -1.11        38.52  29.607   2.13     1.11        1.4         65       4.1      1.77          0.32    26.67     0.46    0.34    0.31    1.49    0.61     66.60   4.07    52.62   51.00   0.35    188.50     160.47   N/A      0.19      0.49          3.60          6.02           84.21        
150  T0982TS365_3-D1     365s    30.37    100.00  150   N/A       N/A        -1.36     -1.36      20.93    N/A           7.44     13.99    14.671   15.254   135   1    0     0     23.70  34.81  N/A         N/A          -1.21        -1.21        41.48  29.36    2.30     0.55        1.7         65       3.7      1.84          0.31    27.04     0.46    0.33    0.31    1.53    0.61     68.00   3.89    51.53   51.29   0.35    177.80     160.04   N/A      0.16      0.00          7.21          4.51           83.46        
151  T0982TS365_1-D1     365s    29.44    100.00  151   -1.53     -1.53      -1.40     -1.40      17.96    -1.52         7.34     11.76    14.568   15.096   135   3    0     0     22.96  39.26  -1.32       -1.32        -1.24        -1.24        39.26  27.886   2.48     1.21        1.9         68       4.4      2.15          0.31    24.82     0.46    0.33    0.25    1.67    0.60     68.80   3.89    50.95   49.66   0.35    191.90     166.51   N/A      0.17      1.46          6.31          5.26           84.96        
152  T0982TS497_3-D1     497s    28.70    100.00  152   N/A       N/A        -1.44     -1.44      17.78    N/A           4.37     11.48    11.463   12.321   135   7    0     0     21.48  33.33  N/A         N/A          -1.28        -1.28        33.33  26.837   2.57     1.02        3           91       8        3.77          0.34    22.59     0.42    0.33    0.46    1.53    0.45     83.00   4.42    56.38   49.40   0.34    261.20     46.80    73.18    0.09      53.02         10.81         12.03          75.94        
153  T0982TS007_1-D1     007s    26.48    100.00  153   -1.66     -1.66      -1.53     -1.53      18.52    -1.49         9.71     15.03    38.988   40.392   135   23   0     0     27.41  30.37  -1.17       -1.17        -1.09        -1.09        40.74  31.736   2.07     1.86        1.7         55       2.2      4.45          0.10    6.30      0.28    0.12    0.13    2.35    0.56     28.40   3.29    23.56   24.63   0.29    192.20     941.98   74.77    0.07      219.32        9.01          27.48          57.25        
154  T0982TS007_5-D1     007s    25.56    100.00  154   N/A       N/A        -1.57     -1.57      18.33    N/A           10.30    13.54    20.096   20.545   135   0    0     0     19.26  27.41  N/A         N/A          -1.36        -1.36        41.48  33.573   2.13     1.02        2           60       2.7      3.62          0.19    7.41      0.34    0.12    0.13    2.13    0.51     23.40   3.07    21.44   29.42   0.28    208.10     215.61   76.58    0.07      80.25         7.21          1.50           87.97        
155  T0982TS407_1-D1     407s    25.37    100.00  155   -1.71     -1.71      -1.58     -1.58      16.85    -1.58         7.08     11.68    15.22    15.429   135   0    0     0     17.78  28.89  -1.50       -1.50        -1.41        -1.41        36.30  26.93    2.43     -0.29       1.3         66       7.7      1.21          0.32    25.93     0.48    0.38    0.35    1.60    0.62     77.00   2.58    50.91   54.57   0.28    143.80     216.40   45.94    0.19      1.95          0.00          0.75           96.24        
156  T0982TS007_3-D1     007s    24.63    100.00  156   N/A       N/A        -1.62     -1.62      16.85    N/A           5.70     9.31     44.941   45.21    135   24   0     0     22.96  32.59  N/A         N/A          -1.24        -1.24        34.07  30.728   1.82     0.36        0           0        N/A      4.63          0.14    7.04      0.29    0.09    0.19    2.47    0.64     10.00   4.07    23.57   24.26   0.26    N/A        2103.29  77.56    0.09      267.42        14.41         12.71          66.10        
157  T0982TS282_4-D1     282s    24.63    100.00  156   N/A       N/A        -1.62     -1.62      14.81    N/A           4.59     8.00     13.541   13.937   135   5    0     0     14.81  23.70  N/A         N/A          -1.51        -1.51        28.15  23.5     2.23     -0.39       0.2         60       5.5      4.43          0.34    27.78     0.40    0.35    0.44    1.59    0.39     40.00   3.29    47.04   49.66   0.30    152.00     38.44    61.55    0.09      100.68        25.23         21.05          63.16        
158  T0982TS458_1-D1     458s    22.59    100.00  158   -1.84     -1.84      -1.71     -1.71      15.55    -1.65         3.34     8.92     21.693   22.562   135   2    0     0     0.00   0.00   -2.09       -2.09        -2.00        -2.00        28.89  19.904   2.41     -0.95       0           0        N/A      3.73          0.23    12.96     0.41    0.23    0.16    2.17    0.50     51.80   3.29    38.56   40.44   0.22    N/A        271.01   61.75    0.08      29.67         20.72         12.03          77.44        
159  T0982TS282_5-D1     282s    22.22    100.00  159   N/A       N/A        -1.72     -1.72      13.52    N/A           3.92     7.34     15.519   16.182   135   2    0     0     1.48   8.15   N/A         N/A          -1.95        -1.95        29.63  21.287   2.68     -0.01       1.4         68       10.8     3.02          0.31    23.33     0.43    0.33    0.60    1.44    0.39     29.50   2.30    48.26   49.05   0.27    173.70     36.22    58.86    0.09      10.21         8.11          12.78          74.44        
160  T0982TS348_5-D1     348s    22.04    100.00  160   N/A       N/A        -1.73     -1.73      11.48    N/A           2.96     6.25     15.696   15.951   135   0    0     0     4.44   16.30  N/A         N/A          -1.85        -1.85        29.63  19.918   2.75     -0.29       2.8         94       13.8     3.23          0.30    19.16     0.39    0.33    0.71    1.78    0.22     10.10   4.89    45.10   40.80   0.29    246.40     29.53    61.97    0.09      37.87         1.80          24.06          48.12        
161  T0982TS378_1-D1     378s    21.48    100.00  161   -1.89     -1.89      -1.75     -1.75      12.22    -1.83         4.83     8.03     15.12    15.935   135   0    0     0     11.11  22.22  -1.72       -1.72        -1.63        -1.63        28.89  19.244   2.67     -0.48       0           0        N/A      4.16          0.18    12.59     0.40    0.25    0.40    1.90    0.55     43.50   3.07    39.91   38.05   0.24    N/A        141.51   25.16    0.09      217.24        9.01          3.01           85.71        
162  T0982TS041_4-D1     041s    21.30    100.00  162   N/A       N/A        -1.76     -1.76      13.71    N/A           2.90     9.24     15.78    16.287   135   3    0     0     0.00   4.44   N/A         N/A          -2.00        -2.00        33.33  22.607   2.64     -0.95       0.3         63       6.3      2.60          0.24    13.70     0.40    0.16    0.16    1.79    0.51     55.20   3.50    36.07   37.33   0.21    112.70     131.24   N/A      0.07      7.30          5.41          5.26           85.71        
163  T0982TS041_2-D1     041s    21.11    100.00  163   N/A       N/A        -1.77     -1.77      16.11    N/A           4.93     12.39    14.978   15.56    135   5    0     0     0.00   1.48   N/A         N/A          -2.00        -2.00        28.15  18.771   1.96     -0.39       0.4         62       8        3.14          0.25    14.44     0.41    0.16    0.17    1.83    0.50     49.30   3.07    36.23   38.64   0.22    123.90     145.51   N/A      0.08      17.02         9.01          11.28          83.46        
164  T0982TS458_4-D1     458s    20.93    100.00  164   N/A       N/A        -1.78     -1.78      17.78    N/A           4.32     10.76    23.148   23.553   135   1    0     0     0.00   0.00   N/A         N/A          -2.00        -2.00        25.19  17.352   2.70     -0.76       0           0        N/A      3.59          0.23    11.48     0.40    0.21    0.15    2.00    0.49     54.00   1.99    34.31   39.86   0.21    N/A        407.00   57.17    0.09      33.56         12.61         12.78          78.95        
165  T0982TS458_5-D1     458s    20.74    100.00  165   N/A       N/A        -1.79     -1.79      16.67    N/A           5.91     11.92    24.479   24.68    135   5    0     0     0.74   14.81  N/A         N/A          -1.97        -1.97        26.67  17.367   2.37     -0.95       0           0        N/A      3.58          0.22    12.59     0.38    0.17    0.13    2.20    0.52     45.90   3.07    34.77   37.40   0.20    N/A        374.12   60.95    0.07      26.26         17.12         9.77           79.70        
166  T0982TS257_4-D1     257s    20.56    100.00  166   N/A       N/A        -1.80     -1.80      16.67    N/A           5.95     12.21    66.63    67.307   135   2    0     0     20.74  21.48  N/A         N/A          -1.31        -1.31        21.48  20.214   1.34     -0.67       0.8         68       81.1     2.09          0.18    13.70     0.40    0.18    0.28    2.87    0.60     36.30   1.99    27.11   36.48   0.21    147.30     4932.47  84.39    0.07      1.46          6.31          4.51           87.97        
167  T0982TS041_3-D1     041s    19.82    100.00  167   N/A       N/A        -1.83     -1.83      15.37    N/A           3.83     9.94     14.97    15.516   135   3    0     0     17.04  17.78  N/A         N/A          -1.43        -1.43        27.41  24.362   1.74     -1.04       0.3         49       5.4      2.86          0.23    12.22     0.39    0.14    0.08    1.92    0.54     57.30   2.83    31.79   36.76   0.21    117.20     153.91   N/A      0.06      11.19         7.21          8.27           85.71        
168  T0982TS488_2-D1     488s    19.82    100.00  167   N/A       N/A        -1.83     -1.83      12.96    N/A           4.77     5.87     16.616   17.121   135   0    0     0     6.67   20.74  N/A         N/A          -1.78        -1.78        27.41  21.234   2.29     0.08        1.5         55       6.8      0.92          0.24    11.48     0.39    0.20    0.18    2.06    0.58     56.40   3.07    37.66   34.38   0.23    131.90     249.39   N/A      0.10      0.49          0.00          0.00           96.24        
169  T0982TS257_3-D1     257s    19.63    100.00  169   N/A       N/A        -1.84     -1.84      15.93    N/A           5.41     11.23    67.187   67.946   135   5    0     0     20.74  21.48  N/A         N/A          -1.31        -1.31        21.48  20.75    1.69     -0.58       0.3         58       75.9     1.67          0.17    12.59     0.40    0.17    0.28    2.73    0.56     36.20   3.50    26.18   35.54   0.20    119.50     5106.08  84.17    0.07      0.00          6.31          4.51           89.47        
170  T0982TS488_4-D1     488s    19.63    100.00  169   N/A       N/A        -1.84     -1.84      12.04    N/A           3.24     5.79     14.273   15.16    135   6    0     0     12.59  23.70  N/A         N/A          -1.58        -1.58        30.37  22.952   2.21     -1.14       1.2         62       4.5      1.80          0.26    10.00     0.40    0.22    0.19    1.69    0.52     58.50   2.58    38.59   38.61   0.24    167.00     140.44   N/A      0.12      4.87          0.00          2.26           90.23        
171  T0982TS458_2-D1     458s    19.44    100.00  171   N/A       N/A        -1.84     -1.84      14.81    N/A           3.83     9.64     18.99    19.063   135   6    0     0     0.74   19.26  N/A         N/A          -1.97        -1.97        26.67  21.868   2.15     -1.14       0           0        N/A      3.50          0.22    13.33     0.39    0.18    0.07    2.27    0.49     31.40   1.24    32.89   35.41   0.19    N/A        248.94   56.33    0.05      28.21         12.61         6.77           80.45        
172  T0982TS257_2-D1     257s    19.07    100.00  172   N/A       N/A        -1.86     -1.86      15.56    N/A           4.39     10.54    65.614   66.194   135   5    0     0     0.00   20.74  N/A         N/A          -2.00        -2.00        21.48  20.598   1.43     -0.95       0.4         65       72.2     2.29          0.17    11.85     0.40    0.16    0.28    2.56    0.56     35.60   0.73    26.36   34.90   0.19    122.70     4734.54  N/A      0.07      1.46          8.11          10.53          81.20        
173  T0982TS257_1-D1     257s    19.07    100.00  172   -1.99     -1.99      -1.86     -1.86      15.74    -1.64         4.46     11.48    65.37    66.337   135   4    0     0     0.00   20.74  -2.09       -2.09        -2.00        -2.00        20.74  20.302   1.36     -0.76       0.6         65       74.5     2.32          0.18    12.22     0.41    0.18    0.29    2.96    0.50     36.20   3.50    25.28   36.67   0.19    135.50     4844.27  85.46    0.08      2.92          5.41          11.28          83.46        
174  T0982TS041_1-D1     041s    18.89    100.00  174   -2.00     -2.00      -1.87     -1.87      12.59    -1.81         3.15     8.90     15.842   16.425   135   3    0     0     0.00   0.00   -2.09       -2.09        -2.00        -2.00        28.15  21.003   2.26     -0.86       0           0        N/A      3.19          0.24    12.22     0.41    0.20    0.17    2.14    0.47     53.30   3.07    37.64   39.40   0.20    N/A        138.01   N/A      0.09      18.00         8.11          9.77           78.95        
175  T0982TS257_5-D1     257s    18.89    100.00  174   N/A       N/A        -1.87     -1.87      15.00    N/A           3.52     10.91    66.593   67.232   135   2    0     0     18.52  20.74  N/A         N/A          -1.38        -1.38        20.74  19.73    1.51     -0.86       0.6         63       77.8     2.21          0.18    13.33     0.41    0.18    0.27    2.81    0.59     36.50   3.50    24.81   37.56   0.20    133.10     4881.53  85.12    0.09      2.43          5.41          6.77           86.47        
176  T0982TS378_2-D1     378s    18.52    100.00  176   N/A       N/A        -1.89     -1.89      10.37    N/A           2.47     6.07     16.296   16.602   135   0    0     0     8.15   12.59  N/A         N/A          -1.73        -1.73        28.15  17.237   2.62     -1.51       0           0        N/A      4.04          0.20    15.19     0.40    0.23    0.40    1.94    0.56     28.80   1.24    40.17   38.94   0.22    N/A        132.52   27.44    0.07      157.10        10.81         3.76           87.97        
177  T0982TS041_5-D1     041s    18.52    100.00  176   N/A       N/A        -1.89     -1.89      13.15    N/A           3.16     9.02     13.313   14.327   135   2    0     0     0.00   14.81  N/A         N/A          -2.00        -2.00        34.07  23.649   2.44     -0.48       0           0        N/A      2.83          0.24    12.96     0.39    0.15    0.10    1.77    0.56     53.30   2.83    37.04   35.88   0.21    N/A        122.05   N/A      0.08      10.70         5.41          12.03          80.45        
178  T0982TS378_4-D1     378s    18.33    100.00  178   N/A       N/A        -1.89     -1.89      12.22    N/A           1.74     5.70     19.211   20.201   135   0    0     0     0.00   1.48   N/A         N/A          -2.00        -2.00        23.70  16.743   2.44     -1.51       0.1         52       6.2      4.03          0.18    13.70     0.40    0.23    0.36    1.87    0.56     42.20   2.83    41.18   39.82   0.19    99.20      309.04   25.28    0.08      154.67        13.51         3.76           90.98        
179  T0982TS378_5-D1     378s    17.96    100.00  179   N/A       N/A        -1.91     -1.91      12.04    N/A           2.77     5.28     19.451   19.572   135   0    0     0     0.74   0.00   N/A         N/A          -1.97        -1.97        25.93  17.718   2.59     -0.86       0           0        N/A      4.20          0.17    11.11     0.41    0.24    0.25    1.99    0.49     37.50   1.64    35.72   39.03   0.19    N/A        217.79   26.57    0.08      257.55        11.71         1.50           90.98        
180  T0982TS378_3-D1     378s    17.22    100.00  180   N/A       N/A        -1.94     -1.94      11.30    N/A           2.47     4.37     18.327   19.036   135   1    0     0     2.22   16.30  N/A         N/A          -1.92        -1.92        30.37  19.117   2.65     -0.20       0.2         56       7.3      3.80          0.18    12.96     0.42    0.25    0.37    1.97    0.41     41.80   3.07    39.56   39.47   0.18    104.20     199.32   25.72    0.07      200.39        10.81         2.26           96.24        
181  T0982TS458_3-D1     458s    15.37    100.00  181   N/A       N/A        -2.02     -2.02      9.26     N/A           1.13     3.51     19.179   19.979   135   3    0     0     0.74   0.00   N/A         N/A          -1.97        -1.97        24.44  15.507   2.74     -1.51       0           0        N/A      3.69          0.22    11.85     0.38    0.21    0.17    2.10    0.48     25.60   2.30    33.32   36.37   0.18    N/A        180.62   63.05    0.09      35.02         13.51         9.77           73.68        

