#    Model               GR#     GDT_TS   NP_P    RANK  Z-M1-GDT  Z-M1s-GDT  Z-MA-GDT  Z-MAs-GDT  GDT_HA   Z-M1s-GDT-HA  GDC_SC   GDC_ALL  RMS_CA   RMS_ALL  NP    err  PC01  PC05  AL0_P  AL4_P  Z-M1-AL0_p  Z-M1s-AL0_p  Z-MA-AL0_p   Z-MAs-AL0_p  ALI_P  LGA_S    RMSD[L]  Z-score[M]  Z-Score[D]  Al.Res.  RMSD[D]  MolPrb_Score  LDDT    SphGr     CAD_AA  RPF     CODM    DFM     Handed.  SOV     CE      QCS     CONTS   TMscore  Dali(raw)  FlexE    QSE    

1    T0867TS382_1-D1     382s    97.60    100.00  1     0.64      0.64       0.82      0.82       90.63    0.71          65.09    82.81    0.774    1.255    104   0    0     0     98.08  99.04  1.22        1.22         1.36         1.36         99.04  98.828   0.77     15.76       21.1        104      0.8      0.67          0.87    99.52     0.80    0.89    0.99    0.04    0.97     99.50   6.23    97.81   94.71   0.97    950.10     0.58     N/A    
2    T0867TS313_5-D1     313s    97.60    100.00  1     N/A       N/A        0.82      0.82       88.94    N/A           55.92    78.53    0.719    1.625    104   0    0     0     98.08  100.00  N/A         N/A          1.36         1.36         100.00  99.034   0.72     15.76       21.2        104      0.7      1.94          0.83    97.60     0.76    0.85    1.00    0.03    0.97     100.00  6.23    98.20   95.93   0.97    955.10     0.38     20.67  
3    T0867TS313_2-D1     313s    97.60    100.00  1     N/A       N/A        0.82      0.82       89.67    N/A           54.20    78.95    0.701    1.577    104   0    0     0     98.08  100.00  N/A         N/A          1.36         1.36         100.00  99.11    0.70     15.76       21.3        104      0.7      2.10          0.84    97.12     0.77    0.86    1.00    0.03    0.97     100.00  6.23    98.24   95.96   0.97    956.60     0.40     20.58  
4    T0867TS005_3-D1     005s    97.60    100.00  1     N/A       N/A        0.82      0.82       90.14    N/A           71.96    84.13    0.675    1.114    104   0    0     0     99.04  100.00  N/A         N/A          1.38         1.38         100.00  99.03    0.67     15.76       21.2        104      0.7      1.01          0.90    100.00    0.83    0.91    1.00    0.03    0.98     100.00  6.23    98.31   95.57   0.97    953.30     0.53     71.55  
5    T0867TS048_1-D1     048s    97.60    100.00  1     0.64      0.64       0.82      0.82       89.19    0.66          54.93    79.86    0.676    1.536    104   0    0     0     99.04  100.00  1.24        1.24         1.38         1.38         100.00  99.182   0.68     15.76       21.1        104      0.7      1.87          0.85    98.08     0.76    0.87    0.99    0.04    0.97     98.60   6.23    98.06   94.83   0.97    950.50     0.58     11.65  
6    T0867TS005_1-D1     005s    97.60    100.00  1     0.64      0.64       0.82      0.82       89.91    0.69          70.14    83.32    0.687    1.154    104   0    0     0     99.04  100.00  -0.89       -0.89        -0.80        -0.80        100.00  99.03    0.69     15.76       21.2        104      0.7      1.26          0.89    100.00    0.82    0.90    1.00    0.03    0.97     100.00  6.23    98.31   95.55   0.97    953.10     0.53     81.76  
7    T0867TS092_1-D1     092s    97.60    100.00  1     0.64      0.64       0.82      0.82       89.19    0.66          54.93    79.86    0.676    1.536    104   0    0     0     99.04  100.00  -0.89       -0.89        -0.80        -0.80        100.00  99.182   0.68     15.76       21.1        104      0.7      1.87          0.85    98.08     0.76    0.87    0.99    0.04    0.97     98.60   6.23    98.06   94.83   0.97    950.50     0.58     11.65  
8    T0867TS382_3-D1     382s    97.60    100.00  1     N/A       N/A        0.82      0.82       90.63    N/A           62.47    81.92    0.849    1.446    104   0    0     0     98.08  99.04  N/A         N/A          -0.80        -0.80        99.04  98.857   0.85     15.76       21.1        104      0.9      0.94          0.87    97.60     0.79    0.88    0.99    0.05    0.97     99.00   6.23    97.71   94.46   0.97    950.00     0.54     N/A    
9    T0867TS425_1-D1     425s    97.36    100.00  9     0.63      0.63       0.82      0.82       89.18    0.66          50.99    78.96    0.697    1.463    104   0    0     0     99.04  100.00  1.24        1.24         1.38         1.38         100.00  99.034   0.70     15.76       21.1        104      0.7      2.51          0.85    100.00    0.76    0.87    0.99    0.04    0.97     99.50   6.23    97.91   95.06   0.97    949.60     0.50     11.88  
10   T0867TS077_4-D1     077s    97.36    100.00  9     N/A       N/A        0.82      0.82       88.46    N/A           53.45    79.22    0.757    1.394    104   0    0     0     98.08  100.00  N/A         N/A          -0.80        -0.80        100.00  98.958   0.76     15.76       21.1        104      0.8      2.56          0.85    100.00    0.77    0.88    0.99    0.04    0.97     99.00   6.23    97.93   95.22   0.97    948.70     0.45     12.01  
11   T0867TS005_2-D1     005s    97.36    100.00  9     N/A       N/A        0.82      0.82       88.70    N/A           67.86    81.91    0.717    1.192    104   0    0     0     99.04  100.00  N/A         N/A          1.38         1.38         100.00  98.954   0.72     15.76       20.9        104      0.7      1.19          0.88    100.00    0.81    0.90    0.99    0.03    0.97     100.00  6.23    98.06   95.01   0.97    943.40     0.56     90.77  
12   T0867TS313_4-D1     313s    97.36    100.00  9     N/A       N/A        0.82      0.82       88.46    N/A           55.94    79.14    0.712    1.605    104   0    0     0     98.08  100.00  N/A         N/A          -0.80        -0.80        100.00  98.958   0.71     15.76       21.2        104      0.7      1.86          0.83    97.60     0.76    0.85    1.00    0.03    0.97     100.00  6.23    98.16   95.81   0.97    956.10     0.40     20.64  
13   T0867TS421_1-D1     421s    97.36    100.00  9     0.63      0.63       0.82      0.82       89.90    0.69          41.09    72.52    0.712    1.865    104   0    0     0     98.08  100.00  1.22        1.22         1.36         1.36         100.00  98.958   0.71     15.76       21.1        104      0.7      4.26          0.52    95.67     0.66    0.78    1.00    0.04    0.97     82.80   6.23    97.98   95.46   0.97    949.00     0.44     N/A    
14   T0867TS382_5-D1     382s    97.36    100.00  9     N/A       N/A        0.82      0.82       90.14    N/A           63.56    82.69    0.714    1.282    104   0    0     0     98.08  100.00  N/A         N/A          1.36         1.36         100.00  99.043   0.71     15.76       21.2        104      0.7      0.84          0.88    100.00    0.80    0.89    0.99    0.04    0.97     99.50   6.23    97.97   95.12   0.97    955.70     0.49     N/A    
15   T0867TS005_5-D1     005s    97.36    100.00  9     N/A       N/A        0.82      0.82       89.90    N/A           70.30    83.74    0.671    1.112    104   0    0     0     99.04  100.00  N/A         N/A          1.38         1.38         100.00  99.026   0.67     15.76       21.2        104      0.7      1.01          0.89    100.00    0.82    0.91    1.00    0.03    0.98     100.00  6.23    98.35   95.70   0.97    954.20     0.51     81.55  
16   T0867TS005_4-D1     005s    97.36    100.00  9     N/A       N/A        0.82      0.82       89.90    N/A           71.41    84.14    0.675    1.055    104   0    0     0     99.04  100.00  N/A         N/A          1.38         1.38         100.00  98.954   0.67     15.76       21.2        104      0.7      1.01          0.90    100.00    0.82    0.91    1.00    0.03    0.98     100.00  6.23    98.33   95.63   0.97    953.50     0.51     82.79  
17   T0867TS382_4-D1     382s    97.36    100.00  9     N/A       N/A        0.82      0.82       90.14    N/A           59.80    81.42    0.753    1.307    104   0    0     0     98.08  100.00  N/A         N/A          -0.80        -0.80        100.00  98.823   0.75     15.76       21.2        104      0.8      1.11          0.87    99.52     0.79    0.88    0.99    0.04    0.97     99.50   6.23    97.95   95.16   0.97    953.70     0.47     N/A    
18   T0867TS220_1-D1     220s    97.11    100.00  18    0.63      0.63       0.81      0.81       88.94    0.66          58.57    80.03    0.742    1.473    104   0    0     0     98.08  100.00  -0.89       -0.89        -0.80        -0.80        100.00  98.895   0.74     15.76       21.3        104      0.7      1.18          0.86    99.52     0.81    0.88    1.00    0.04    0.97     99.50   6.23    98.06   95.59   0.97    958.70     0.61     19.50  
19   T0867TS275_4-D1     275s    97.11    100.00  18    N/A       N/A        0.81      0.81       87.74    N/A           58.36    79.60    0.714    1.405    104   0    0     0     99.04  100.00  N/A         N/A          1.38         1.38         100.00  98.95    0.71     15.76       21.1        104      0.7      2.17          0.86    99.52     0.78    0.88    0.99    0.04    0.97     99.50   6.23    97.91   95.11   0.97    948.60     0.51     N/A    
20   T0867TS275_1-D1     275s    97.11    100.00  18    0.63      0.63       0.81      0.81       88.94    0.66          56.69    80.08    0.713    1.282    104   0    0     0     99.04  100.00  1.24        1.24         1.38         1.38         100.00  98.815   0.71     15.76       21.1        104      0.7      2.19          0.86    100.00    0.77    0.88    0.99    0.04    0.97     99.50   6.23    97.86   94.94   0.97    950.10     0.54     N/A    
21   T0867TS425_2-D1     425s    97.11    100.00  18    N/A       N/A        0.81      0.81       87.98    N/A           53.92    78.53    0.774    1.443    104   0    0     0     98.08  100.00  N/A         N/A          1.36         1.36         100.00  98.887   0.77     15.76       20.9        104      0.8      2.25          0.85    99.52     0.78    0.89    0.99    0.04    0.97     99.50   6.23    97.79   94.80   0.96    943.40     0.57     12.14  
22   T0867TS313_1-D1     313s    97.11    100.00  18    0.63      0.63       0.81      0.81       88.22    0.63          56.34    78.61    0.729    1.596    104   0    0     0     98.08  100.00  1.22        1.22         1.36         1.36         100.00  98.882   0.73     15.76       21.1        104      0.7      1.66          0.83    96.63     0.75    0.84    1.00    0.04    0.97     100.00  6.23    98.16   95.80   0.97    952.40     0.41     20.73  
23   T0867TS313_3-D1     313s    97.11    100.00  18    N/A       N/A        0.81      0.81       87.50    N/A           56.04    78.98    0.718    1.575    104   0    0     0     99.04  100.00  N/A         N/A          0.76         0.76         100.00  98.882   0.72     15.76       21.2        104      0.7      1.69          0.83    97.12     0.76    0.84    1.00    0.04    0.97     100.00  6.23    98.22   95.93   0.97    953.90     0.40     20.69  
24   T0867TS425_3-D1     425s    97.11    100.00  18    N/A       N/A        0.81      0.81       87.98    N/A           58.32    79.22    0.744    1.396    104   0    0     0     99.04  100.00  N/A         N/A          1.38         1.38         100.00  98.811   0.74     15.76       20.9        104      0.8      2.29          0.85    99.04     0.78    0.88    0.99    0.04    0.97     99.50   6.23    97.83   94.90   0.97    944.10     0.48     12.02  
25   T0867TS425_4-D1     425s    97.11    100.00  18    N/A       N/A        0.81      0.81       88.46    N/A           48.59    77.69    0.767    1.492    104   0    0     0     98.08  100.00  N/A         N/A          -0.80        -0.80        100.00  98.811   0.77     15.76       21.1        104      0.8      2.81          0.84    99.52     0.75    0.87    0.99    0.04    0.97     99.00   6.23    97.96   95.22   0.97    950.30     0.45     12.32  
26   T0867TS382_2-D1     382s    97.11    100.00  18    N/A       N/A        0.81      0.81       89.90    N/A           63.31    81.86    0.762    1.307    104   0    0     0     98.08  99.04  N/A         N/A          1.36         1.36         99.04  98.819   0.76     15.76       21.1        104      0.8      0.84          0.87    100.00    0.80    0.89    0.99    0.04    0.97     99.50   6.23    97.80   94.65   0.97    949.80     0.55     N/A    
27   T0867TS430_1-D1     430s    97.11    100.00  18    0.63      0.63       0.81      0.81       86.30    0.57          56.26    77.67    0.769    1.408    104   0    0     0     98.08  100.00  0.85        0.85         0.98         0.98         100.00  98.815   0.77     15.76       20.8        104      0.8      1.64          0.82    100.00    0.78    0.87    0.99    0.04    0.97     100.00  6.23    97.51   94.86   0.96    939.70     0.67     20.85  
28   T0867TS349_1-D1     349s    97.11    100.00  18    0.63      0.63       0.81      0.81       88.70    0.65          59.19    79.98    0.759    1.425    104   0    0     0     98.08  100.00  -0.89       -0.89        -0.80        -0.80        100.00  98.811   0.76     15.76       21          104      0.8      2.20          0.85    99.52     0.77    0.86    0.99    0.04    0.97     100.00  6.23    97.87   95.00   0.97    947.90     0.45     48.75  
29   T0867TS119_1-D1     119s    97.11    100.00  18    0.63      0.63       0.81      0.81       88.70    0.65          55.07    79.02    0.759    1.501    104   0    0     0     98.08  100.00  -0.89       -0.89        -0.80        -0.80        100.00  98.811   0.76     15.76       21          104      0.8      2.99          0.78    100.00    0.76    0.87    0.99    0.04    0.97     100.00  6.23    97.87   95.00   0.97    947.90     0.45     48.75  
30   T0867TS236_1-D1     236s    96.88    100.00  30    0.62      0.62       0.80      0.80       88.22    0.63          56.24    78.89    0.761    1.438    104   0    0     0     98.08  100.00  1.22        1.22         1.36         1.36         100.00  98.823   0.76     15.76       21          104      0.8      2.12          0.84    100.00    0.76    0.87    0.99    0.04    0.97     99.50   6.23    97.86   95.01   0.97    944.30     0.49     87.89  
31   T0867TS250_5-D1     250s    96.88    100.00  30    N/A       N/A        0.80      0.80       87.50    N/A           54.06    78.28    1.366    2.117    104   0    0     0     98.08  98.08  N/A         N/A          1.36         1.36         98.08  97.946   0.63     15.57       20.6        102      0.6      1.55          0.82    92.79     0.76    0.83    0.98    0.09    0.96     99.50   6.23    97.18   94.26   0.96    929.20     2.35     91.23  
32   T0867TS077_1-D1     077s    96.88    100.00  30    0.62      0.62       0.80      0.80       87.98    0.63          53.41    78.16    0.726    1.434    104   0    0     0     99.04  100.00  0.87        0.87         1.00         1.00         100.00  98.874   0.73     15.76       21          104      0.7      2.29          0.84    100.00    0.75    0.87    0.99    0.04    0.97     99.00   6.23    97.94   95.22   0.97    948.10     0.50     11.96  
33   T0867TS446_4-D1     446s    96.88    100.00  30    N/A       N/A        0.80      0.80       87.74    N/A           59.23    78.49    0.755    1.41     104   0    0     0     99.04  100.00  N/A         N/A          1.38         1.38         100.00  98.887   0.76     15.76       20.7        104      0.8      1.16          0.84    100.00    0.76    0.86    0.99    0.04    0.97     100.00  6.11    97.98   94.74   0.97    935.60     0.58     93.84  
34   T0867TS236_3-D1     236s    96.88    100.00  30    N/A       N/A        0.80      0.80       88.22    N/A           55.90    79.32    0.761    1.482    104   0    0     0     98.08  100.00  N/A         N/A          1.36         1.36         100.00  98.811   0.76     15.76       21          104      0.8      2.17          0.84    99.52     0.75    0.86    0.99    0.04    0.97     99.50   6.23    97.88   95.15   0.97    944.50     0.46     87.93  
35   T0867TS236_5-D1     236s    96.88    100.00  30    N/A       N/A        0.80      0.80       88.22    N/A           55.90    79.32    0.761    1.482    104   0    0     0     98.08  100.00  N/A         N/A          -0.80        -0.80        100.00  98.811   0.76     15.76       21          104      0.8      2.17          0.84    99.52     0.75    0.86    0.99    0.04    0.97     99.50   6.23    97.88   95.15   0.97    944.50     0.46     87.93  
36   T0867TS258_2-D1     258s    96.88    100.00  30    N/A       N/A        0.80      0.80       87.26    N/A           46.83    73.94    0.834    1.623    104   0    0     0     97.12  100.00  N/A         N/A          1.34         1.34         100.00  98.608   0.83     15.76       20.6        104      0.8      3.08          0.79    98.08     0.72    0.85    0.99    0.05    0.97     99.50   6.23    97.37   93.84   0.96    929.30     0.66     12.44  
37   T0867TS077_3-D1     077s    96.88    100.00  30    N/A       N/A        0.80      0.80       87.74    N/A           52.38    77.62    0.788    1.483    104   0    0     0     98.08  100.00  N/A         N/A          -0.80        -0.80        100.00  98.807   0.79     15.76       20.9        104      0.8      2.77          0.84    100.00    0.77    0.88    0.99    0.04    0.97     99.50   6.23    97.80   94.83   0.96    943.20     0.49     12.20  
38   T0867TS446_1-D1     446s    96.88    100.00  30    0.62      0.62       0.80      0.80       87.26    0.60          61.62    80.69    0.94     1.559    104   0    0     0     99.04  99.04  1.24        1.24         1.38         1.38         99.04  98.802   0.67     15.76       20.8        104      0.9      1.07          0.87    97.12     0.80    0.89    0.99    0.06    0.97     100.00  6.23    98.08   95.11   0.96    936.50     0.59     93.44  
39   T0867TS421_3-D1     421s    96.88    100.00  30    N/A       N/A        0.80      0.80       87.50    N/A           42.10    71.91    0.743    1.999    104   0    0     0     98.08  100.00  N/A         N/A          -0.80        -0.80        100.00  98.882   0.74     15.76       21          104      0.7      4.07          0.47    90.87     0.63    0.78    0.99    0.04    0.97     91.50   6.23    97.93   95.29   0.97    945.50     0.43     N/A    
40   T0867TS421_2-D1     421s    96.88    100.00  30    N/A       N/A        0.80      0.80       87.50    N/A           42.10    71.91    0.743    1.999    104   0    0     0     98.08  100.00  N/A         N/A          -0.80        -0.80        100.00  98.882   0.74     15.76       21          104      0.7      4.07          0.47    90.87     0.63    0.78    0.99    0.04    0.97     91.50   6.23    97.93   95.29   0.97    945.50     0.43     N/A    
41   T0867TS275_3-D1     275s    96.88    100.00  30    N/A       N/A        0.80      0.80       86.54    N/A           52.48    77.75    0.714    1.495    104   0    0     0     99.04  100.00  N/A         N/A          1.38         1.38         100.00  98.946   0.71     15.76       20.9        104      0.7      2.21          0.83    100.00    0.76    0.87    0.99    0.04    0.97     99.00   6.23    97.90   95.25   0.97    943.70     0.46     N/A    
42   T0867TS284_2-D1     284s    96.88    100.00  30    N/A       N/A        0.80      0.80       86.54    N/A           49.58    77.55    0.741    1.465    104   0    0     0     98.08  100.00  N/A         N/A          1.36         1.36         100.00  98.882   0.74     15.76       20.9        104      0.7      2.41          0.83    100.00    0.76    0.87    0.99    0.04    0.97     99.00   6.23    97.88   95.19   0.97    942.50     0.46     12.16  
43   T0867TS275_2-D1     275s    96.88    100.00  30    N/A       N/A        0.80      0.80       89.42    N/A           54.87    78.77    0.744    1.414    104   0    0     0     98.08  100.00  N/A         N/A          1.36         1.36         100.00  98.672   0.74     15.76       21.1        104      0.7      2.21          0.85    99.52     0.76    0.88    0.99    0.05    0.97     99.50   6.23    97.84   94.88   0.97    948.50     0.52     N/A    
44   T0867TS077_2-D1     077s    96.88    100.00  30    N/A       N/A        0.80      0.80       87.98    N/A           52.22    77.82    0.776    1.486    104   0    0     0     98.08  100.00  N/A         N/A          -0.80        -0.80        100.00  98.68    0.78     15.76       21          104      0.8      2.44          0.84    100.00    0.77    0.88    0.99    0.04    0.97     99.50   6.23    97.80   94.84   0.97    944.20     0.53     12.10  
45   T0867TS359_5-D1     359s    96.88    100.00  30    N/A       N/A        0.80      0.80       86.30    N/A           50.09    76.52    0.712    1.482    104   0    0     0     99.04  100.00  N/A         N/A          -0.80        -0.80        100.00  99.017   0.71     15.76       20.9        104      0.7      2.55          0.82    100.00    0.76    0.86    0.99    0.04    0.97     99.00   6.23    97.92   95.35   0.97    943.00     0.47     11.93  
46   T0867TS430_3-D1     430s    96.88    100.00  30    N/A       N/A        0.80      0.80       88.70    N/A           62.71    79.89    1.395    1.806    104   0    0     0     97.12  98.08  N/A         N/A          -0.80        -0.80        98.08  97.136   0.79     15.57       20.6        102      0.7      1.34          0.86    94.71     0.80    0.87    0.98    0.07    0.96     99.50   6.23    97.20   94.34   0.95    930.80     2.33     20.94  
47   T0867TS359_2-D1     359s    96.88    100.00  30    N/A       N/A        0.80      0.80       89.42    N/A           50.54    76.61    0.819    1.504    104   0    0     0     98.08  100.00  N/A         N/A          1.36         1.36         100.00  98.672   0.82     15.76       20.9        104      0.8      2.34          0.83    99.52     0.75    0.86    0.99    0.04    0.97     99.50   6.23    97.51   94.48   0.96    943.00     0.53     12.33  
48   T0867TS425_5-D1     425s    96.88    100.00  30    N/A       N/A        0.80      0.80       87.98    N/A           51.27    76.94    0.814    1.617    104   0    0     0     98.08  99.04  N/A         N/A          1.36         1.36         99.04  98.676   0.81     15.76       20.9        104      0.8      2.23          0.84    99.04     0.75    0.87    0.99    0.05    0.97     99.50   6.23    97.70   94.53   0.96    941.70     0.53     12.26  
49   T0867TS287_5-D1     287s    96.64    100.00  49    N/A       N/A        0.80      0.80       87.98    N/A           55.15    77.87    0.827    1.456    104   0    0     0     97.12  100.00  N/A         N/A          1.34         1.34         100.00  98.591   0.83     15.76       20.8        104      0.8      2.26          0.84    100.00    0.75    0.86    0.99    0.04    0.97     99.00   6.23    97.83   94.93   0.96    940.00     0.51     88.72  
50   T0867TS464_3-D1     464s    96.64    100.00  49    N/A       N/A        0.80      0.80       86.78    N/A           50.16    77.42    0.754    1.597    104   0    0     0     98.08  100.00  N/A         N/A          1.36         1.36         100.00  98.587   0.75     15.76       20.8        104      0.8      2.52          0.83    99.04     0.76    0.87    0.99    0.04    0.97     99.00   6.23    97.83   94.97   0.96    940.00     0.50     12.09  
51   T0867TS275_5-D1     275s    96.64    100.00  49    N/A       N/A        0.80      0.80       87.74    N/A           56.73    79.12    0.723    1.36     104   0    0     0     99.04  100.00  N/A         N/A          -0.80        -0.80        100.00  98.874   0.72     15.76       21          104      0.7      2.33          0.85    100.00    0.78    0.88    0.99    0.04    0.97     99.50   6.23    97.92   95.19   0.97    946.00     0.46     N/A    
52   T0867TS284_1-D1     284s    96.64    100.00  49    0.61      0.61       0.80      0.80       89.18    0.66          53.62    77.92    0.808    1.544    104   0    0     0     98.08  99.04  -0.89       -0.89        -0.80        -0.80        99.04  98.747   0.81     15.76       20.9        104      0.8      2.52          0.84    100.00    0.75    0.87    0.99    0.05    0.97     99.50   6.23    97.52   94.46   0.96    942.10     0.52     12.37  
53   T0867TS446_2-D1     446s    96.64    100.00  49    N/A       N/A        0.80      0.80       86.06    N/A           62.57    79.97    0.9      1.57     104   0    0     0     97.12  99.04  N/A         N/A          1.34         1.34         99.04  98.511   0.90     15.76       20.7        104      0.9      1.17          0.86    96.15     0.79    0.88    0.99    0.06    0.96     100.00  6.23    97.89   95.10   0.96    933.20     0.47     93.57  
54   T0867TS421_5-D1     421s    96.64    100.00  49    N/A       N/A        0.80      0.80       88.70    N/A           40.65    71.73    0.799    1.923    104   0    0     0     98.08  99.04  N/A         N/A          1.36         1.36         99.04  98.747   0.80     15.76       21          104      0.8      4.17          0.41    93.75     0.64    0.79    0.99    0.04    0.97     96.40   6.23    97.73   94.60   0.96    945.50     0.50     N/A    
55   T0867TS421_4-D1     421s    96.64    100.00  49    N/A       N/A        0.80      0.80       88.70    N/A           40.65    71.73    0.799    1.923    104   0    0     0     98.08  99.04  N/A         N/A          0.98         0.98         99.04  98.747   0.80     15.76       21          104      0.8      4.17          0.41    93.75     0.64    0.79    0.99    0.04    0.97     96.40   6.23    97.73   94.60   0.96    945.50     0.50     N/A    
56   T0867TS028_1-D1     028s    96.64    100.00  49    0.61      0.61       0.80      0.80       87.50    0.61          53.72    77.47    0.807    1.526    104   0    0     0     98.08  100.00  1.22        1.22         1.36         1.36         100.00  98.608   0.81     15.76       20.9        104      0.8      2.30          0.84    100.00    0.77    0.88    0.99    0.04    0.97     99.00   6.23    97.84   95.10   0.96    941.50     0.49     12.26  
57   T0867TS479_1-D1     479s    96.64    100.00  49    0.61      0.61       0.80      0.80       86.30    0.57          42.99    72.25    0.78     1.815    104   0    0     0     99.04  100.00  -0.89       -0.89        -0.80        -0.80        100.00  98.739   0.78     15.76       20.8        104      0.8      1.65          0.79    97.60     0.71    0.84    0.99    0.05    0.97     100.00  6.23    97.81   94.92   0.96    938.10     0.50     93.71  
58   T0867TS287_3-D1     287s    96.64    100.00  49    N/A       N/A        0.80      0.80       88.22    N/A           56.48    79.10    0.758    1.441    104   0    0     0     98.08  100.00  N/A         N/A          -0.80        -0.80        100.00  98.811   0.76     15.76       20.9        104      0.8      2.23          0.84    100.00    0.75    0.86    0.99    0.04    0.97     99.50   6.23    97.78   94.81   0.97    941.00     0.52     88.31  
59   T0867TS287_1-D1     287s    96.64    100.00  49    0.61      0.61       0.80      0.80       88.22    0.63          56.75    78.70    0.771    1.437    104   0    0     0     98.08  100.00  1.22        1.22         1.36         1.36         100.00  98.663   0.77     15.76       20.9        104      0.8      2.33          0.85    100.00    0.75    0.86    0.99    0.04    0.97     99.50   6.23    97.82   94.91   0.96    941.40     0.52     88.37  
60   T0867TS077_5-D1     077s    96.64    100.00  49    N/A       N/A        0.80      0.80       87.26    N/A           53.27    78.47    0.78     1.45     104   0    0     0     98.08  100.00  N/A         N/A          -0.80        -0.80        100.00  98.604   0.78     15.76       20.9        104      0.8      2.27          0.84    100.00    0.74    0.86    0.99    0.04    0.97     99.50   6.23    97.76   94.71   0.97    942.40     0.51     12.18  
61   T0867TS405_5-D1     405s    96.64    100.00  49    N/A       N/A        0.80      0.80       89.18    N/A           48.95    77.00    0.832    1.614    104   0    0     0     98.08  99.04  N/A         N/A          -0.80        -0.80        99.04  98.549   0.83     15.76       20.9        104      0.8      2.84          0.84    99.52     0.76    0.87    0.99    0.05    0.97     99.00   6.23    97.68   94.45   0.96    941.60     0.56     90.41  
62   T0867TS287_2-D1     287s    96.39    100.00  62    N/A       N/A        0.79      0.79       88.46    N/A           56.77    78.70    0.87     1.501    104   0    0     0     97.12  100.00  N/A         N/A          1.34         1.34         100.00  98.279   0.87     15.76       20.9        104      0.9      2.23          0.85    99.52     0.76    0.87    0.99    0.05    0.97     99.00   6.23    97.79   94.87   0.96    940.20     0.54     88.26  
63   T0867TS236_2-D1     236s    96.39    100.00  62    N/A       N/A        0.79      0.79       88.22    N/A           55.88    78.93    0.844    1.521    104   1    0     0     98.08  99.04  N/A         N/A          1.36         1.36         99.04  98.473   0.84     15.76       20.8        104      0.8      2.22          0.85    98.08     0.76    0.86    0.99    0.05    0.97     99.50   6.23    97.61   94.27   0.96    938.20     0.75     87.81  
64   T0867TS287_4-D1     287s    96.39    100.00  62    N/A       N/A        0.79      0.79       87.74    N/A           56.51    78.04    0.816    1.423    104   0    0     0     97.12  100.00  N/A         N/A          1.34         1.34         100.00  98.591   0.82     15.76       20.9        104      0.8      2.23          0.85    100.00    0.76    0.86    0.99    0.04    0.97     99.00   6.23    97.83   94.96   0.96    952.60     0.52     88.72  
65   T0867TS183_1-D1     183s    96.39    100.00  62    0.60      0.60       0.79      0.79       87.26    0.60          46.71    74.42    0.738    1.68     104   0    0     0     99.04  100.00  -0.89       -0.89        -0.80        -0.80        100.00  98.874   0.74     15.76       20.9        104      0.7      1.99          0.81    100.00    0.74    0.85    0.99    0.04    0.97     100.00  6.23    97.77   94.88   0.97    940.50     0.53     93.34  
66   T0867TS359_1-D1     359s    96.39    100.00  62    0.60      0.60       0.79      0.79       88.70    0.65          49.57    76.33    0.888    1.604    104   0    0     0     97.12  99.04  1.20        1.20         1.34         1.34         99.04  98.49    0.89     15.76       20.8        104      0.9      2.33          0.82    99.04     0.75    0.85    0.99    0.05    0.97     99.50   6.23    97.41   94.20   0.96    938.90     0.54     12.46  
67   T0867TS258_1-D1     258s    96.39    100.00  62    0.60      0.60       0.79      0.79       85.34    0.54          41.03    71.72    0.819    1.839    104   0    0     0     98.08  100.00  -0.89       -0.89        -0.80        -0.80        100.00  98.583   0.82     15.76       20.5        104      0.8      3.47          0.76    97.60     0.68    0.81    0.99    0.06    0.97     99.00   6.23    97.28   94.36   0.96    925.20     0.58     12.42  
68   T0867TS258_3-D1     258s    96.39    100.00  62    N/A       N/A        0.79      0.79       86.06    N/A           39.27    71.08    0.804    1.872    104   0    0     0     98.08  100.00  N/A         N/A          1.36         1.36         100.00  98.44    0.80     15.76       20.5        104      0.8      3.47          0.76    98.08     0.67    0.81    0.99    0.06    0.97     92.60   6.23    97.33   94.51   0.96    924.60     0.56     12.36  
69   T0867TS220_4-D1     220s    96.39    100.00  62    N/A       N/A        0.79      0.79       87.98    N/A           65.01    79.43    0.887    1.413    104   0    0     0     97.12  99.04  N/A         N/A          -0.80        -0.80        99.04  98.532   0.89     15.76       21          104      0.9      1.23          0.87    98.56     0.81    0.89    0.99    0.04    0.97     99.00   6.23    97.72   94.87   0.96    946.30     0.80     19.41  
70   T0867TS405_1-D1     405s    96.39    100.00  62    0.60      0.60       0.79      0.79       88.22    0.63          51.53    77.39    0.817    1.539    104   0    0     0     97.12  100.00  1.20        1.20         1.34         1.34         100.00  98.461   0.82     15.76       20.9        104      0.8      2.89          0.83    100.00    0.75    0.86    0.99    0.05    0.97     99.50   6.23    97.73   94.67   0.96    943.30     0.49     91.38  
71   T0867TS405_2-D1     405s    96.39    100.00  62    N/A       N/A        0.79      0.79       87.98    N/A           49.94    77.37    0.785    1.602    104   0    0     0     97.12  100.00  N/A         N/A          -0.80        -0.80        100.00  98.532   0.78     15.76       21          104      0.8      2.60          0.83    99.04     0.75    0.87    0.99    0.05    0.97     99.50   6.23    97.79   94.83   0.96    945.50     0.52     91.22  
72   T0867TS444_3-D1     444s    96.15    100.00  72    N/A       N/A        0.78      0.78       83.42    N/A           52.42    73.99    1.491    2.074    104   0    0     0     98.08  98.08  N/A         N/A          -0.80        -0.80        98.08  97.967   0.92     15.57       19.9        102      0.7      1.21          0.80    95.19     0.74    0.82    0.96    0.09    0.96     99.50   6.23    96.94   93.70   0.95    901.70     1.88     13.34  
73   T0867TS345_1-D1     345s    96.15    100.00  72    0.60      0.60       0.78      0.78       86.54    0.58          52.55    76.25    1.036    1.816    104   0    0     0     98.08  99.04  -0.89       -0.89        -0.80        -0.80        99.04  98.267   0.80     15.76       20.7        104      1        2.72          0.82    96.63     0.73    0.84    0.99    0.06    0.96     97.10   6.23    97.83   94.46   0.96    934.50     0.58     87.41  
74   T0867TS345_2-D1     345s    96.15    100.00  72    N/A       N/A        0.78      0.78       86.54    N/A           52.55    76.25    1.036    1.816    104   0    0     0     98.08  99.04  N/A         N/A          1.36         1.36         99.04  98.267   0.80     15.76       20.7        104      1        2.72          0.82    96.63     0.73    0.84    0.99    0.06    0.96     97.10   6.23    97.83   94.46   0.96    934.50     0.58     87.41  
75   T0867TS405_4-D1     405s    96.15    100.00  72    N/A       N/A        0.78      0.78       87.50    N/A           45.66    75.33    0.847    1.674    104   0    0     0     97.12  100.00  N/A         N/A          -0.80        -0.80        100.00  98.322   0.85     15.76       20.9        104      0.8      2.62          0.82    99.52     0.74    0.85    0.99    0.05    0.97     99.50   6.23    97.69   94.50   0.96    940.20     0.52     90.97  
76   T0867TS220_2-D1     220s    96.15    100.00  72    N/A       N/A        0.78      0.78       87.50    N/A           62.00    78.72    1.079    1.749    104   0    0     0     97.12  99.04  N/A         N/A          1.34         1.34         99.04  97.718   0.82     15.76       20.9        104      1.1      1.07          0.86    93.27     0.80    0.88    0.99    0.07    0.96     99.50   6.23    97.72   94.67   0.95    940.90     0.92     20.87  
77   T0867TS345_4-D1     345s    95.91    100.00  77    N/A       N/A        0.78      0.78       87.02    N/A           51.68    75.60    0.842    1.609    104   0    0     0     98.08  100.00  N/A         N/A          1.36         1.36         100.00  98.313   0.84     15.76       20.7        104      0.8      2.21          0.80    100.00    0.72    0.84    0.99    0.04    0.97     100.00  6.23    97.38   93.80   0.96    931.90     0.64     87.18  
78   T0867TS250_2-D1     250s    95.91    100.00  77    N/A       N/A        0.78      0.78       86.06    N/A           51.92    76.70    1.453    2.181    104   0    0     0     98.08  98.08  N/A         N/A          1.36         1.36         98.08  96.689   0.79     15.57       20.5        102      0.7      1.55          0.81    92.79     0.75    0.83    0.98    0.09    0.96     99.50   6.23    96.93   93.97   0.95    924.30     2.42     91.38  
79   T0867TS430_4-D1     430s    95.91    100.00  77    N/A       N/A        0.78      0.78       86.54    N/A           62.77    79.11    0.856    1.427    104   0    0     0     97.12  100.00  N/A         N/A          -0.80        -0.80        100.00  98.44    0.86     15.76       20.8        104      0.9      2.20          0.82    98.56     0.79    0.88    0.99    0.04    0.97     99.00   6.23    97.56   94.39   0.96    936.30     0.92     20.25  
80   T0867TS405_3-D1     405s    95.91    100.00  77    N/A       N/A        0.78      0.78       85.34    N/A           46.63    74.06    1.088    1.881    104   0    0     0     99.04  99.04  N/A         N/A          -0.80        -0.80        99.04  98.165   0.79     15.57       20.7        104      1.1      2.47          0.82    96.15     0.74    0.87    0.99    0.08    0.96     99.00   6.23    97.69   94.71   0.95    932.80     0.66     90.97  
81   T0867TS446_3-D1     446s    95.67    100.00  81    N/A       N/A        0.77      0.77       86.30    N/A           60.42    79.30    1.237    1.7      104   0    0     0     98.08  98.08  N/A         N/A          1.36         1.36         98.08  97.508   0.73     15.76       20.3        103      0.9      1.10          0.85    95.67     0.78    0.87    0.98    0.05    0.96     100.00  6.23    97.55   93.66   0.95    918.00     2.46     93.45  
82   T0867TS220_3-D1     220s    95.67    100.00  81    N/A       N/A        0.77      0.77       87.02    N/A           57.78    78.53    1.44     1.978    104   0    0     0     97.12  98.08  N/A         N/A          1.34         1.34         98.08  97.36    0.80     15.57       20.6        102      0.8      1.33          0.85    96.15     0.80    0.87    0.98    0.07    0.96     99.50   6.23    97.07   94.08   0.95    930.20     2.30     21.93  
83   T0867TS220_5-D1     220s    95.67    100.00  81    N/A       N/A        0.77      0.77       87.26    N/A           60.24    79.12    1.55     1.967    104   0    0     0     95.19  97.12  N/A         N/A          -0.80        -0.80        97.12  95.909   0.82     15.76       20.4        102      1        2.00          0.86    95.19     0.79    0.88    0.99    0.08    0.96     99.00   5.99    97.36   94.59   0.95    922.20     1.02     22.33  
84   T0867TS430_2-D1     430s    95.67    100.00  81    N/A       N/A        0.77      0.77       86.06    N/A           62.63    78.06    1.068    1.743    104   0    0     0     98.08  99.04  N/A         N/A          -0.80        -0.80        99.04  97.794   0.84     15.76       20.7        104      1.1      0.70          0.85    93.27     0.78    0.87    0.99    0.08    0.96     98.50   6.23    97.49   94.32   0.95    933.80     0.81     19.63  
85   T0867TS430_5-D1     430s    95.43    100.00  85    N/A       N/A        0.76      0.76       85.82    N/A           59.92    77.48    1.371    1.88     104   0    0     0     96.15  97.12  N/A         N/A          -0.80        -0.80        97.12  96.158   0.79     15.57       20.3        104      1.4      2.37          0.81    95.19     0.78    0.87    0.99    0.08    0.96     99.00   6.11    97.38   94.90   0.95    918.60     0.93     20.70  
86   T0867TS258_4-D1     258s    95.43    100.00  85    N/A       N/A        0.76      0.76       86.54    N/A           41.64    71.44    1.247    2.148    104   0    0     0     98.08  98.08  N/A         N/A          1.36         1.36         98.08  97.744   1.05     15.76       20.2        103      1        3.33          0.76    91.35     0.68    0.80    0.99    0.06    0.96     99.00   6.23    96.82   92.30   0.95    913.00     1.65     13.45  
87   T0867TS250_3-D1     250s    95.43    100.00  85    N/A       N/A        0.76      0.76       85.58    N/A           53.70    77.63    1.438    2.03     104   0    0     0     98.08  98.08  N/A         N/A          1.36         1.36         98.08  97.457   0.67     15.57       20.5        102      0.7      1.51          0.82    92.31     0.75    0.83    0.98    0.09    0.96     99.50   6.23    97.02   94.06   0.95    926.70     2.62     91.42  
88   T0867TS250_4-D1     250s    95.43    100.00  85    N/A       N/A        0.76      0.76       86.30    N/A           55.53    77.69    1.458    2.042    104   0    0     0     97.12  98.08  N/A         N/A          1.34         1.34         98.08  97.541   0.72     15.57       20.5        102      0.7      1.49          0.82    95.19     0.75    0.83    0.98    0.10    0.96     99.50   6.23    96.97   94.15   0.95    926.10     2.17     91.20  
89   T0867TS345_3-D1     345s    95.19    100.00  89    N/A       N/A        0.76      0.76       84.86    N/A           53.29    74.27    0.966    1.841    104   0    0     0     96.15  100.00  N/A         N/A          1.31         1.31         100.00  97.777   0.97     15.76       20.3        104      1        2.35          0.79    96.63     0.72    0.84    0.99    0.06    0.96     97.10   6.23    97.15   93.21   0.95    917.80     0.71     87.54  
90   T0867TS345_5-D1     345s    95.19    100.00  89    N/A       N/A        0.76      0.76       84.86    N/A           46.71    73.86    0.991    1.864    104   0    0     0     97.12  99.04  N/A         N/A          1.34         1.34         99.04  97.824   0.99     15.76       20.3        104      1        2.31          0.80    96.63     0.70    0.83    0.99    0.07    0.96     97.10   6.23    97.16   93.33   0.95    916.80     0.69     87.67  
91   T0867TS250_1-D1     250s    95.19    100.00  89    0.57      0.57       0.76      0.76       85.34    0.54          55.09    76.65    1.426    1.994    104   0    0     0     97.12  98.08  1.20        1.20         1.34         1.34         98.08  97.385   0.74     15.57       20.3        102      0.7      1.56          0.82    93.27     0.75    0.84    0.98    0.09    0.96     99.50   6.23    96.94   93.73   0.95    919.20     2.19     91.39  
92   T0867TS407_1-D1     407s    95.19    100.00  89    0.57      0.57       0.76      0.76       86.30    0.57          48.87    72.82    1.341    2.161    104   0    0     0     97.12  97.12  -0.89       -0.89        -0.80        -0.80        97.12  97.465   0.90     15.57       20          103      1.2      2.55          0.78    91.83     0.69    0.80    0.99    0.08    0.96     98.54   6.23    96.33   91.71   0.94    901.00     1.60     13.86  
93   T0867TS407_3-D1     407s    94.95    100.00  93    N/A       N/A        0.75      0.75       86.30    N/A           48.71    73.25    1.793    2.464    104   0    0     0     96.15  96.15  N/A         N/A          -0.80        -0.80        96.15  95.901   0.91     15.76       19.9        101      0.9      2.44          0.77    89.90     0.69    0.80    0.97    0.07    0.95     97.95   6.23    95.61   91.12   0.94    895.10     4.81     14.42  
94   T0867TS258_5-D1     258s    94.95    100.00  93    N/A       N/A        0.75      0.75       84.14    N/A           37.76    69.53    1.236    2.184    104   0    0     0     97.12  97.12  N/A         N/A          1.34         1.34         97.12  97.073   0.88     15.76       20          103      1        3.11          0.74    91.83     0.65    0.78    0.99    0.07    0.96     99.50   6.23    96.45   91.86   0.94    905.70     1.65     13.72  
95   T0867TS444_1-D1     444s    94.95    100.00  93    0.56      0.56       0.75      0.75       85.58    0.55          55.17    74.96    1.089    1.841    104   0    0     0     96.15  99.04  -0.89       -0.89        -0.80        -0.80        99.04  97.322   1.09     15.76       20.5        104      1.1      0.70          0.83    96.15     0.76    0.85    0.99    0.05    0.96     97.10   6.23    97.30   93.51   0.94    925.30     0.71     13.66  
96   T0867TS444_2-D1     444s    94.95    100.00  93    N/A       N/A        0.75      0.75       82.21    N/A           57.49    75.39    1.307    1.656    104   0    0     0     98.08  98.08  N/A         N/A          -0.80        -0.80        98.08  97.293   1.00     15.76       19.6        103      1        0.84          0.82    96.63     0.77    0.84    0.98    0.06    0.96     99.00   6.23    96.30   92.18   0.95    888.20     2.45     13.64  
97   T0867TS444_5-D1     444s    94.95    100.00  93    N/A       N/A        0.75      0.75       85.10    N/A           54.57    74.56    1.034    1.914    104   0    0     0     96.15  100.00  N/A         N/A          -0.80        -0.80        100.00  97.571   1.03     15.76       20.3        104      1        1.03          0.81    96.15     0.74    0.84    0.99    0.05    0.96     97.10   6.11    97.26   93.41   0.95    919.10     0.70     13.43  
98   T0867TS444_4-D1     444s    94.71    100.00  98    N/A       N/A        0.74      0.74       84.14    N/A           50.95    75.09    0.967    1.817    104   0    0     0     97.12  100.00  N/A         N/A          -0.80        -0.80        100.00  97.702   0.97     15.76       20.6        104      1        0.94          0.82    96.63     0.74    0.84    0.99    0.05    0.96     97.60   6.23    97.57   94.49   0.95    929.30     0.71     13.12  
99   T0867TS407_5-D1     407s    94.71    100.00  98    N/A       N/A        0.74      0.74       85.10    N/A           49.48    72.60    1.185    1.961    104   2    0     0     96.15  97.12  N/A         N/A          -0.80        -0.80        97.12  96.47    0.91     15.76       20          103      1.1      2.91          0.78    92.79     0.71    0.83    0.99    0.07    0.96     83.49   6.23    96.56   92.23   0.94    899.40     1.46     13.84  
100  T0867TS407_2-D1     407s    94.71    100.00  98    N/A       N/A        0.74      0.74       84.86    N/A           50.28    74.14    1.945    2.418    104   0    0     0     96.15  97.12  N/A         N/A          -0.80        -0.80        97.12  96.441   0.93     15.38       19.5        101      0.9      2.53          0.80    91.83     0.72    0.83    0.96    0.08    0.95     97.95   6.23    95.34   91.23   0.94    882.30     5.42     14.36  
101  T0867TS236_4-D1     236s    94.71    100.00  98    N/A       N/A        0.74      0.74       85.58    N/A           51.29    75.19    1.191    1.887    104   0    0     0     96.15  98.08  N/A         N/A          -0.80        -0.80        98.08  97.482   1.01     15.76       20.1        104      1.2      2.21          0.80    94.71     0.72    0.83    0.99    0.05    0.96     99.50   6.23    97.03   92.83   0.94    910.50     1.69     87.95  
102  T0867TS452_1-D1     452s    94.71    100.00  98    0.55      0.55       0.74      0.74       87.02    0.60          46.30    74.53    1.421    1.976    104   0    0     0     96.15  98.08  1.18        1.18         1.31         1.31         98.08  96.765   0.86     15.76       20.2        102      0.9      2.39          0.80    95.67     0.74    0.85    0.98    0.07    0.96     99.00   6.23    96.50   92.58   0.95    913.70     2.69     94.58  
103  T0867TS359_3-D1     359s    94.47    100.00  103   N/A       N/A        0.74      0.74       86.30    N/A           45.95    73.88    1.841    2.559    104   0    0     0     95.19  96.15  N/A         N/A          1.29         1.29         96.15  96.099   0.72     15.57       19.6        101      0.9      2.58          0.79    90.38     0.71    0.80    0.98    0.14    0.95     98.90   6.23    95.53   90.64   0.94    889.60     2.47     14.55  
104  T0867TS407_4-D1     407s    94.23    100.00  104   N/A       N/A        0.73      0.73       84.38    N/A           50.77    73.68    1.871    2.35     104   0    0     0     96.15  96.15  N/A         N/A          -0.80        -0.80        96.15  96.314   0.84     15.57       19.7        101      0.8      2.63          0.78    93.75     0.71    0.82    0.97    0.08    0.95     98.54   6.23    95.26   90.94   0.94    888.70     4.80     14.45  
105  T0867TS359_4-D1     359s    94.23    100.00  104   N/A       N/A        0.73      0.73       83.89    N/A           49.59    74.18    1.872    2.472    104   0    0     0     96.15  96.15  N/A         N/A          1.31         1.31         96.15  95.728   0.83     15.57       19.7        102      1.1      2.92          0.79    91.83     0.72    0.82    0.97    0.11    0.95     98.40   6.23    95.34   90.80   0.94    891.40     3.26     14.51  
106  T0867TS166_1-D1     166s    93.03    95.19   106   0.50      0.50       0.70      0.70       84.14    0.51          52.49    74.83    0.653    1.371    99    0    0     0     95.19  95.19  1.16        1.16         1.29         1.29         95.19  94.366   0.65     15.09       19.7        99       0.7      2.33          0.78    95.19     0.70    0.80    0.90    0.12    0.97     94.72   6.23    84.33   88.43   0.93    875.50     0.48     11.61  
107  T0867TS495_5-D1     495s    93.03    100.00  106   N/A       N/A        0.70      0.70       81.25    N/A           43.64    68.16    1.518    2.453    104   0    0     0     94.23  96.15  N/A         N/A          1.27         1.27         96.15  95.555   1.10     15.57       18.6        103      1.3      2.92          0.76    87.50     0.69    0.79    0.97    0.10    0.95     84.60   6.23    94.04   88.55   0.92    847.60     2.28     94.03  
108  T0867TS495_2-D1     495s    92.55    100.00  108   N/A       N/A        0.68      0.68       80.29    N/A           53.15    70.49    1.372    2.103    104   0    0     0     95.19  97.12  N/A         N/A          1.29         1.29         97.12  95.239   1.06     15.76       18.9        103      1.2      1.59          0.77    91.35     0.72    0.80    0.98    0.08    0.95     84.20   6.11    94.82   90.12   0.92    861.40     1.75     93.71  
109  T0867TS495_4-D1     495s    92.31    100.00  109   N/A       N/A        0.68      0.68       83.17    N/A           45.31    68.01    2.624    3.12     104   0    0     0     92.31  94.23  N/A         N/A          1.23         1.23         94.23  93.674   1.04     15.38       18.2        101      1.3      3.13          0.76    87.50     0.71    0.78    0.88    0.15    0.94     84.20   6.23    90.25   87.83   0.91    830.00     8.49     94.03  
110  T0867TS495_3-D1     495s    92.07    100.00  110   N/A       N/A        0.67      0.67       82.94    N/A           44.71    67.86    2.627    3.123    104   0    0     0     91.35  94.23  N/A         N/A          1.21         1.21         94.23  93.543   1.05     15.38       18.1        101      1.3      3.11          0.76    87.50     0.71    0.78    0.88    0.15    0.94     84.20   6.23    90.08   87.77   0.91    828.80     8.50     93.98  
111  T0867TS495_1-D1     495s    91.83    100.00  111   0.46      0.46       0.66      0.66       82.69    0.46          58.99    73.42    2.641    3.008    104   0    0     0     93.27  96.15  -0.89       -0.89        -0.80        -0.80        96.15  94.016   1.04     15.38       18.4        101      1.3      1.99          0.80    88.46     0.76    0.81    0.88    0.15    0.94     84.20   6.23    90.24   88.95   0.92    837.70     8.38     93.72  
112  T0867TS251_2-D1     251s    91.11    100.00  112   N/A       N/A        0.64      0.64       72.83    N/A           48.47    67.51    1.264    2.025    104   0    0     0     98.08  98.08  N/A         N/A          1.36         1.36         98.08  96.238   1.26     15.76       18.6        104      1.3      1.70          0.77    93.27     0.73    0.83    0.99    0.10    0.95     90.90   5.99    95.54   90.65   0.92    847.60     0.93     50.92  
113  T0867TS251_1-D1     251s    90.14    100.00  113   0.41      0.41       0.61      0.61       70.92    0.09          48.08    65.38    1.315    2.115    104   0    0     0     96.15  98.08  1.18        1.18         1.31         1.31         98.08  95.521   1.31     15.76       18.4        104      1.3      1.69          0.76    92.79     0.71    0.82    0.99    0.11    0.95     85.20   5.99    95.94   91.19   0.91    837.50     0.98     51.55  
114  T0867TS464_1-D1     464s    80.53    100.00  114   0.11      0.11       0.34      0.34       67.07    -0.03         34.08    57.47    6.028    6.297    104   5    0     0     80.77  81.73  -0.89       -0.89        -0.80        -0.80        81.73  82.806   1.39     13.32       13.9        87       1.1      4.24          0.67    79.33     0.60    0.68    0.49    0.61    0.80     70.00   4.58    72.02   82.79   0.80    653.40     9.59     26.88  
115  T0867TS464_4-D1     464s    80.53    100.00  114   N/A       N/A        0.34      0.34       67.07    N/A           34.08    57.47    6.028    6.297    104   5    0     0     80.77  81.73  N/A         N/A          -0.80        -0.80        81.73  82.806   1.39     13.32       13.9        87       1.1      4.24          0.67    79.33     0.60    0.68    0.49    0.61    0.80     70.00   4.58    72.02   82.79   0.80    653.40     9.59     26.88  
116  T0867TS479_2-D1     479s    61.30    100.00  116   N/A       N/A        -0.20     -0.20      41.10    N/A           14.10    26.48    4.758    5.461    104   0    0     0     15.38  88.46  N/A         N/A          -0.46        -0.46        88.46  70.457   2.00     14.44       10.9        93       2        2.94          0.48    46.63     0.50    0.50    0.72    0.47    0.84     66.90   5.19    71.27   60.58   0.74    532.70     16.94    68.26  
117  T0867TS183_2-D1     183s    61.06    100.00  117   N/A       N/A        -0.20     -0.20      40.62    N/A           12.46    25.03    4.726    5.467    104   0    0     0     13.46  87.50  N/A         N/A          -0.80        -0.80        87.50  72.504   1.94     14.26       11.1        92       1.9      2.77          0.47    47.12     0.49    0.49    0.72    0.47    0.84     73.30   5.04    71.04   60.42   0.74    537.50     17.19    68.47  
118  T0867TS479_4-D1     479s    53.12    100.00  118   N/A       N/A        -0.43     -0.43      37.98    N/A           15.84    23.49    7.341    7.98     104   0    0     0     44.23  60.58  N/A         N/A          0.17         0.17         61.54  55.029   2.11     11.06       7.9         78       4.4      2.96          0.48    53.85     0.54    0.51    0.68    0.61    0.77     50.20   5.04    57.80   66.12   0.56    379.70     23.01    74.01  
119  T0867TS183_4-D1     183s    52.40    100.00  119   N/A       N/A        -0.45     -0.45      37.26    N/A           14.91    23.64    7.33     7.984    104   0    0     0     43.27  59.62  N/A         N/A          -0.80        -0.80        60.58  55.962   2.12     10.68       7.3         72       3.9      3.08          0.47    50.48     0.52    0.48    0.68    0.58    0.77     49.40   4.89    57.06   64.62   0.56    356.40     23.20    75.11  
120  T0867TS452_2-D1     452s    32.93    100.00  120   N/A       N/A        -1.00     -1.00      19.95    N/A           5.94     12.96    14.363   14.874   104   0    0     0     24.04  41.35  N/A         N/A          -0.27        -0.27        46.15  31.697   2.28     5.04        2           58       3.4      3.19          0.27    17.31     0.39    0.21    0.19    1.47    0.56     23.30   2.58    30.39   35.44   0.42    144.10     133.02   48.77  
121  T0867TS380_1-D1     380s    30.29    100.00  121   -1.45     -1.45      -1.07     -1.07      19.47    -1.51         6.28     11.45    12.571   12.884   104   0    0     0     19.23  33.65  -0.89       -0.89        -0.80        -0.80        37.50  31.46    2.70     3.16        0.7         46       3.3      3.75          0.27    13.46     0.40    0.20    0.13    1.57    0.64     61.80   2.30    35.03   38.09   0.32    113.00     207.45   N/A    
122  T0867TS026_2-D1     026s    30.29    100.00  121   N/A       N/A        -1.07     -1.07      19.47    N/A           6.28     11.45    12.571   12.884   104   0    0     0     19.23  33.65  N/A         N/A          -0.38        -0.38        37.50  31.46    2.70     3.16        0.7         46       3.3      3.75          0.27    13.46     0.40    0.20    0.13    1.57    0.64     61.80   2.30    35.03   38.09   0.32    113.00     207.45   N/A    
123  T0867TS026_1-D1     026s    30.29    100.00  121   -1.45     -1.45      -1.07     -1.07      19.47    -1.51         6.28     11.45    12.571   12.884   104   0    0     0     19.23  33.65  -0.47       -0.47        -0.38        -0.38        37.50  31.46    2.70     3.16        0.7         46       3.3      3.75          0.27    13.46     0.40    0.20    0.13    1.57    0.64     61.80   2.30    35.03   38.09   0.32    113.00     207.45   N/A    
124  T0867TS380_2-D1     380s    30.29    100.00  121   N/A       N/A        -1.07     -1.07      19.47    N/A           6.28     11.45    12.571   12.884   104   0    0     0     19.23  33.65  N/A         N/A          -0.38        -0.38        37.50  31.46    2.70     3.16        0.7         46       3.3      3.75          0.27    13.46     0.40    0.20    0.13    1.57    0.64     61.80   2.30    35.03   38.09   0.32    113.00     207.45   N/A    
125  T0867TS479_5-D1     479s    29.81    100.00  125   N/A       N/A        -1.08     -1.08      16.35    N/A           3.39     6.96     9.963    11.04    104   0    0     0     0.96   28.85  N/A         N/A          -0.78        -0.78        36.54  30.447   2.15     5.04        0.8         45       3.6      3.07          0.33    14.90     0.43    0.30    0.47    1.44    0.56     53.10   1.99    46.65   43.79   0.35    127.30     47.15    50.45  
126  T0867TS183_5-D1     183s    29.57    100.00  126   N/A       N/A        -1.09     -1.09      16.35    N/A           2.32     6.82     9.887    10.961   104   0    0     0     0.00   28.85  N/A         N/A          -0.80        -0.80        37.50  32.841   1.96     5.42        1.1         46       3.2      3.11          0.33    12.98     0.41    0.29    0.48    1.40    0.56     42.10   2.30    46.64   44.01   0.35    140.00     44.71    49.49  
127  T0867TS026_5-D1     026s    28.36    100.00  127   N/A       N/A        -1.12     -1.12      15.14    N/A           1.98     7.50     14.563   14.739   104   1    0     0     5.77   33.65  N/A         N/A          -0.67        -0.67        42.31  22.721   2.64     5.80        0.3         49       4.2      4.04          0.26    7.69      0.39    0.15    0.01    1.53    0.63     60.20   3.07    34.68   28.60   0.38    97.00      292.94   N/A    
128  T0867TS380_5-D1     380s    28.36    100.00  127   N/A       N/A        -1.12     -1.12      15.14    N/A           1.98     7.50     14.563   14.739   104   1    0     0     5.77   33.65  N/A         N/A          -0.67        -0.67        42.31  22.721   2.64     5.80        0.3         49       4.2      4.04          0.26    7.69      0.39    0.15    0.01    1.53    0.63     60.20   3.07    34.68   28.60   0.38    97.00      292.94   N/A    
129  T0867TS357_4-D1     357s    26.68    100.00  129   N/A       N/A        -1.17     -1.17      16.59    N/A           4.99     9.59     13.537   14.295   104   0    0     0     23.08  25.96  N/A         N/A          -0.29        -0.29        44.23  33.609   2.41     4.29        2.4         55       3.3      2.46          0.27    14.90     0.39    0.19    0.13    1.62    0.53     31.10   3.89    33.06   36.73   0.38    162.60     72.94    N/A    
130  T0867TS467_4-D1     467s    26.20    100.00  130   N/A       N/A        -1.19     -1.19      13.22    N/A           2.93     5.92     13.202   13.361   104   0    0     0     11.54  26.92  N/A         N/A          -0.55        -0.55        47.12  28.421   2.57     2.79        0.1         50       6.3      1.51          0.27    10.58     0.39    0.17    0.07    1.52    0.55     44.30   2.30    32.70   29.05   0.38    85.10      131.56   76.01  
131  T0867TS251_3-D1     251s    25.96    100.00  131   N/A       N/A        -1.19     -1.19      15.87    N/A           5.17     9.66     12.755   13.733   104   1    0     0     3.85   27.88  N/A         N/A          -0.72        -0.72        34.62  24.76    2.45     2.98        0.3         34       2.2      1.32          0.27    10.10     0.40    0.14    0.15    1.72    0.51     38.50   1.99    29.70   32.75   0.31    91.30      82.77    79.42  
132  T0867TS357_1-D1     357s    25.96    100.00  131   -1.59     -1.59      -1.19     -1.19      16.11    -1.62         5.03     8.75     14.443   15.028   104   0    0     0     20.19  25.96  -0.45       -0.45        -0.36        -0.36        40.38  29.993   2.38     2.60        2           58       3.7      2.52          0.27    11.54     0.39    0.16    0.08    1.64    0.55     32.80   3.70    31.19   35.97   0.38    170.60     100.88   N/A    
133  T0867TS357_5-D1     357s    25.48    100.00  133   N/A       N/A        -1.21     -1.21      15.14    N/A           3.68     7.89     14.797   15.502   104   0    0     0     22.12  25.00  N/A         N/A          -0.31        -0.31        41.35  30.832   2.64     3.35        1.5         56       3.8      2.78          0.25    9.62      0.37    0.15    0.14    1.65    0.55     17.10   3.07    33.20   33.64   0.36    144.90     134.64   N/A    
134  T0867TS357_3-D1     357s    25.24    100.00  134   N/A       N/A        -1.21     -1.21      15.62    N/A           3.94     8.71     13.768   14.536   104   0    0     0     18.27  27.88  N/A         N/A          -0.40        -0.40        43.27  30.344   2.45     2.79        1.8         52       4.7      2.31          0.27    12.98     0.39    0.16    0.09    1.43    0.57     32.30   3.70    33.93   35.73   0.37    140.00     117.25   N/A    
135  T0867TS467_3-D1     467s    25.24    100.00  134   N/A       N/A        -1.21     -1.21      12.98    N/A           1.92     6.62     10.197   11.113   104   0    0     0     2.88   25.00  N/A         N/A          -0.80        -0.80        36.54  23.419   2.54     4.29        0           0        N/A      1.65          0.29    8.65      0.38    0.20    0.30    1.55    0.60     57.90   1.99    42.47   32.45   0.35    N/A        64.11    74.63  
136  T0867TS357_2-D1     357s    24.52    100.00  136   N/A       N/A        -1.23     -1.23      15.14    N/A           5.37     8.51     14.455   15.177   104   0    0     0     0.00   23.08  N/A         N/A          -0.80        -0.80        37.50  28.372   2.54     3.35        1.6         52       4.1      2.50          0.27    12.02     0.40    0.17    0.18    1.56    0.53     28.10   2.30    34.64   35.02   0.34    144.10     85.08    N/A    
137  T0867TS284_4-D1     284s    24.52    100.00  136   N/A       N/A        -1.23     -1.23      12.98    N/A           3.80     7.56     12.274   13.04    104   0    0     0     4.81   32.69  N/A         N/A          -0.69        -0.69        39.42  24.547   2.91     3.35        0           0        N/A      3.65          0.25    9.13      0.36    0.12    0.10    1.36    0.63     29.60   2.58    30.68   27.26   0.38    N/A        161.71   77.74  
138  T0867TS467_2-D1     467s    24.52    100.00  136   N/A       N/A        -1.23     -1.23      14.18    N/A           2.36     4.77     10.949   12.074   104   0    0     0     0.96   0.00   N/A         N/A          -0.80        -0.80        25.96  17.846   2.69     2.41        0           0        N/A      1.24          0.28    9.13      0.40    0.21    0.26    1.44    0.60     44.30   2.30    40.38   33.74   0.32    N/A        88.31    74.31  
139  T0867TS432_2-D1     432s    23.80    100.00  139   N/A       N/A        -1.25     -1.25      15.62    N/A           4.83     8.09     15.237   15.627   104   0    0     0     0.96   17.31  N/A         N/A          -0.80        -0.80        30.77  17.143   2.47     3.92        1.2         62       9.9      1.04          0.26    10.10     0.41    0.14    0.07    1.75    0.45     50.30   3.29    27.14   29.47   0.28    122.80     108.87   N/A    
140  T0867TS016_1-D1     016s    23.80    100.00  139   -1.65     -1.65      -1.25     -1.25      13.46    -1.70         2.30     4.05     11.932   12.417   104   0    0     0     9.62   22.12  -0.68       -0.68        -0.59        -0.59        41.35  28.959   2.80     2.79        0.4         44       3.8      3.70          0.26    9.13      0.38    0.19    0.20    1.61    0.54     47.80   3.29    32.92   31.40   0.35    104.20     110.63   78.49  
141  T0867TS284_5-D1     284s    23.56    100.00  141   N/A       N/A        -1.26     -1.26      12.26    N/A           4.73     6.77     16.223   16.887   104   0    0     0     7.69   29.81  N/A         N/A          -0.63        -0.63        36.54  21.734   2.63     0.91        0           0        N/A      3.35          0.22    5.77      0.36    0.09    -0.03   1.88    0.53     29.80   3.07    22.81   24.00   0.32    N/A        265.35   79.49  
142  T0867TS451_2-D1     451s    23.32    100.00  142   N/A       N/A        -1.27     -1.27      14.18    N/A           3.66     6.32     16.182   16.693   104   1    0     0     0.00   4.81   N/A         N/A          -0.80        -0.80        30.77  22.848   2.62     3.35        0           0        N/A      3.31          0.27    8.65      0.38    0.18    0.09    1.66    0.49     37.00   2.83    31.80   34.12   0.29    N/A        183.72   N/A    
143  T0867TS451_3-D1     451s    23.08    100.00  143   N/A       N/A        -1.27     -1.27      14.19    N/A           4.91     6.80     14.735   15.147   104   1    0     0     16.35  25.00  N/A         N/A          -0.44        -0.44        31.73  22.005   2.43     2.60        0           0        N/A      3.20          0.28    8.17      0.39    0.18    0.12    1.68    0.52     33.30   1.99    34.16   33.74   0.31    N/A        152.33   N/A    
144  T0867TS452_4-D1     452s    23.08    100.00  143   N/A       N/A        -1.27     -1.27      14.42    N/A           2.77     7.22     13.108   13.784   104   0    0     0     0.00   0.00   N/A         N/A          -0.80        -0.80        40.38  29.639   2.15     2.60        1.1         43       2.7      3.64          0.21    12.02     0.37    0.18    0.06    1.61    0.57     50.00   2.58    29.69   33.15   0.36    140.00     90.32    36.13  
145  T0867TS251_5-D1     251s    22.60    100.00  145   N/A       N/A        -1.29     -1.29      12.98    N/A           4.22     6.47     17.838   18.487   104   0    0     0     1.92   10.58  N/A         N/A          -0.76        -0.76        33.65  23.934   2.38     -0.22       0           0        N/A      1.73          0.22    8.65      0.38    0.13    0.12    1.90    0.50     34.70   1.99    22.64   30.60   0.26    N/A        136.99   85.49  
146  T0867TS432_1-D1     432s    22.60    100.00  145   -1.69     -1.69      -1.29     -1.29      13.94    -1.68         3.09     6.89     13.262   13.872   104   0    0     0     1.92   1.92   -0.89       -0.89        -0.80        -0.80        28.85  18.609   2.52     0.72        0.5         38       2.7      1.30          0.26    7.21      0.38    0.15    0.13    1.69    0.52     41.50   1.99    31.31   34.54   0.29    108.20     100.64   N/A    
147  T0867TS434_3-D1     434s    22.36    100.00  147   N/A       N/A        -1.29     -1.29      12.74    N/A           3.46     5.18     12.316   12.974   104   0    0     0     0.00   0.00   N/A         N/A          -0.80        -0.80        29.81  19.094   2.61     1.85        0           0        N/A      2.25          0.26    8.17      0.39    0.17    0.24    1.78    0.56     16.60   1.64    31.93   32.33   0.29    N/A        115.19   70.51  
148  T0867TS452_5-D1     452s    22.36    100.00  147   N/A       N/A        -1.29     -1.29      12.50    N/A           0.48     3.89     12.767   13.848   104   4    0     0     0.00   25.00  N/A         N/A          -0.80        -0.80        37.50  29.154   2.14     2.04        1.5         45       4.5      3.77          0.25    9.13      0.38    0.19    0.03    1.48    0.51     56.70   2.83    35.85   35.10   0.34    133.60     108.39   35.30  
149  T0867TS451_4-D1     451s    22.11    100.00  149   N/A       N/A        -1.30     -1.30      13.46    N/A           2.24     5.57     15.274   15.592   104   2    0     0     0.00   3.85   N/A         N/A          -0.80        -0.80        29.81  20.415   2.45     1.85        0           0        N/A      3.16          0.26    8.65      0.37    0.17    0.12    1.72    0.51     21.30   2.30    32.84   33.78   0.29    N/A        183.86   N/A    
150  T0867TS451_1-D1     451s    21.88    100.00  150   -1.71     -1.71      -1.31     -1.31      14.19    -1.68         2.61     5.04     16.475   16.913   104   0    0     0     0.00   13.46  -0.89       -0.89        -0.80        -0.80        29.81  20.809   2.75     1.10        0           0        N/A      2.78          0.25    9.13      0.37    0.13    0.07    1.63    0.49     22.60   1.64    31.50   32.75   0.27    N/A        182.10   N/A    
151  T0867TS467_5-D1     467s    21.39    100.00  151   N/A       N/A        -1.32     -1.32      13.22    N/A           1.54     6.06     14.792   15.574   104   0    0     0     0.00   4.81   N/A         N/A          -0.80        -0.80        33.65  24.683   2.53     1.66        0           0        N/A      1.18          0.25    7.21      0.41    0.15    0.07    1.83    0.51     58.40   2.30    31.03   31.92   0.32    N/A        111.65   75.66  
152  T0867TS451_5-D1     451s    21.39    100.00  151   N/A       N/A        -1.32     -1.32      13.71    N/A           2.67     5.30     16.059   16.475   104   1    0     0     0.96   15.38  N/A         N/A          -0.78        -0.78        32.69  22.528   2.40     2.04        0           0        N/A      3.04          0.26    9.13      0.37    0.15    0.06    1.61    0.51     14.10   1.64    32.42   34.18   0.27    N/A        190.11   N/A    
153  T0867TS432_5-D1     432s    21.15    100.00  153   N/A       N/A        -1.33     -1.33      14.18    N/A           4.22     6.45     14.745   15.303   104   0    0     0     0.00   0.00   N/A         N/A          -0.80        -0.80        26.92  17.831   2.66     1.85        0.3         39       6.9      0.90          0.27    10.58     0.40    0.16    0.14    1.76    0.43     34.80   3.07    28.01   34.52   0.25    86.30      122.97   N/A    
154  T0867TS180_5-D1     180s    20.91    100.00  154   N/A       N/A        -1.33     -1.33      13.70    N/A           4.40     7.26     13.435   13.904   104   1    0     0     0.00   1.92   N/A         N/A          -0.80        -0.80        33.65  18.46    2.60     2.41        0           0        N/A      3.76          0.20    9.13      0.37    0.21    0.19    1.50    0.55     18.60   1.99    30.40   32.51   0.32    N/A        140.68   32.59  
155  T0867TS432_4-D1     432s    20.91    100.00  154   N/A       N/A        -1.33     -1.33      13.46    N/A           3.76     5.90     13.82    14.141   104   0    0     0     0.00   11.54  N/A         N/A          -0.80        -0.80        26.92  17.507   2.96     0.34        0.2         37       3.5      0.87          0.24    7.21      0.40    0.12    0.11    1.77    0.55     30.50   1.99    29.14   28.10   0.27    73.10      135.61   N/A    
156  T0867TS180_1-D1     180s    20.67    100.00  156   -1.75     -1.75      -1.34     -1.34      11.06    -1.77         2.24     4.61     12.85    13.701   104   1    0     0     0.96   0.00   -0.87       -0.87        -0.78        -0.78        39.42  33.308   2.03     1.66        1.1         42       4.4      3.24          0.22    8.65      0.36    0.19    0.23    1.97    0.44     44.80   2.30    34.80   29.92   0.26    126.00     83.45    31.95  
157  T0867TS434_5-D1     434s    20.43    100.00  157   N/A       N/A        -1.35     -1.35      13.22    N/A           2.26     4.75     15.522   15.865   104   0    0     0     0.00   0.96   N/A         N/A          -0.80        -0.80        29.81  20.695   2.57     1.10        0           0        N/A      2.54          0.22    6.73      0.38    0.13    0.17    1.64    0.48     17.20   1.24    27.96   29.64   0.27    N/A        161.26   75.01  
158  T0867TS434_2-D1     434s    19.95    100.00  158   N/A       N/A        -1.36     -1.36      12.02    N/A           1.43     4.63     12.578   13.191   104   0    0     0     0.00   0.00   N/A         N/A          -0.80        -0.80        24.04  16.021   2.59     0.91        0           0        N/A      2.23          0.23    8.65      0.39    0.13    0.12    1.85    0.54     16.50   1.64    29.84   28.27   0.26    N/A        162.82   72.68  
159  T0867TS432_3-D1     432s    19.47    100.00  159   N/A       N/A        -1.37     -1.37      11.54    N/A           2.44     4.51     15.364   15.873   104   0    0     0     3.85   15.38  N/A         N/A          -0.80        -0.80        28.85  20.109   2.88     0.53        0.3         39       3.8      1.34          0.24    7.69      0.37    0.10    0.06    1.89    0.49     27.70   2.58    26.82   29.66   0.26    89.60      119.75   N/A    
160  T0867TS434_1-D1     434s    19.47    100.00  159   -1.79     -1.79      -1.37     -1.37      12.50    -1.73         1.66     4.66     15.998   16.398   104   0    0     0     3.85   13.46  -0.89       -0.89        -0.80        -0.80        29.81  21.259   2.55     0.53        0           0        N/A      2.40          0.22    7.69      0.40    0.15    0.17    1.76    0.51     15.50   2.58    28.03   31.25   0.27    N/A        121.33   72.47  
161  T0867TS455_4-D1     455s    19.23    100.00  161   N/A       N/A        -1.38     -1.38      10.10    N/A           1.03     4.40     14.969   15.616   104   0    0     0     0.00   7.69   N/A         N/A          -0.80        -0.80        32.69  17.109   2.60     1.10        0           0        N/A      3.60          0.23    5.29      0.35    0.10    0.04    2.03    0.51     14.90   1.99    26.54   27.61   0.27    N/A        166.81   80.63  
162  T0867TS467_1-D1     467s    19.23    100.00  161   -1.80     -1.80      -1.38     -1.38      10.58    -1.79         4.04     4.96     13.478   14.264   104   0    0     0     0.00   0.00   -0.89       -0.89        -0.80        -0.80        32.69  21.714   2.61     0.72        0           0        N/A      1.18          0.24    4.81      0.37    0.12    0.02    1.97    0.49     33.00   2.30    27.19   25.74   0.29    N/A        157.64   70.42  
163  T0867TS434_4-D1     434s    19.23    100.00  161   N/A       N/A        -1.38     -1.38      12.74    N/A           1.90     4.59     15.606   16.056   104   0    0     0     1.92   5.77   N/A         N/A          -0.80        -0.80        25.96  17.431   2.42     1.10        0           0        N/A      2.54          0.24    7.21      0.38    0.11    0.07    2.08    0.48     18.90   1.24    27.51   28.18   0.25    N/A        148.54   70.41  
164  T0867TS321_3-D1     321s    18.75    100.00  164   N/A       N/A        -1.39     -1.39      12.02    N/A           2.10     4.06     16.59    17.107   104   6    0     0     0.00   0.00   N/A         N/A          -0.80        -0.80        32.69  20.509   2.87     1.28        0           0        N/A      3.45          0.19    5.77      0.37    0.09    -0.01   1.87    0.50     37.40   1.24    24.74   28.32   0.24    N/A        222.47   25.02  
165  T0867TS380_3-D1     380s    18.51    100.00  165   N/A       N/A        -1.40     -1.40      12.02    N/A           1.54     5.36     16.783   16.959   104   0    0     0     0.96   23.08  N/A         N/A          -0.80        -0.80        40.38  27.217   2.59     1.10        0.1         44       9.3      3.89          0.23    4.33      0.36    0.03    -0.14   1.88    0.54     45.80   2.83    26.28   24.38   0.32    86.90      288.97   N/A    
166  T0867TS380_4-D1     380s    18.51    100.00  165   N/A       N/A        -1.40     -1.40      12.02    N/A           1.54     5.36     16.783   16.959   104   0    0     0     0.96   23.08  N/A         N/A          -0.80        -0.80        40.38  27.217   2.59     1.10        0.1         44       9.3      3.89          0.23    4.33      0.36    0.03    -0.14   1.88    0.54     45.80   2.83    26.28   24.38   0.32    86.90      288.97   N/A    
167  T0867TS026_4-D1     026s    18.51    100.00  165   N/A       N/A        -1.40     -1.40      12.02    N/A           1.54     5.36     16.783   16.959   104   0    0     0     0.96   23.08  N/A         N/A          -0.80        -0.80        40.38  27.217   2.59     1.10        0.1         44       9.3      3.89          0.23    4.33      0.36    0.03    -0.14   1.88    0.54     45.80   2.83    26.28   24.38   0.32    86.90      288.97   N/A    
168  T0867TS026_3-D1     026s    18.51    100.00  165   N/A       N/A        -1.40     -1.40      12.02    N/A           1.54     5.36     16.783   16.959   104   0    0     0     0.96   23.08  N/A         N/A          -0.78        -0.78        40.38  27.217   2.59     1.10        0.1         44       9.3      3.89          0.23    4.33      0.36    0.03    -0.14   1.88    0.54     45.80   2.83    26.28   24.38   0.32    86.90      288.97   N/A    
169  T0867TS321_5-D1     321s    18.27    100.00  169   N/A       N/A        -1.41     -1.41      13.46    N/A           2.12     5.76     19.116   19.378   104   3    0     0     0.00   5.77   N/A         N/A          -0.80        -0.80        31.73  25.22    2.23     0.34        0.1         37       6        3.33          0.18    7.21      0.37    0.13    0.01    1.88    0.52     53.30   1.64    27.31   33.27   0.22    78.50      469.33   27.10  
170  T0867TS455_3-D1     455s    18.27    100.00  169   N/A       N/A        -1.41     -1.41      11.30    N/A           5.33     7.61     16.708   17.356   104   1    0     0     0.00   8.65   N/A         N/A          -0.80        -0.80        34.62  27.384   2.07     0.53        0           0        N/A      3.49          0.20    2.88      0.34    0.06    -0.10   2.00    0.49     13.40   1.99    21.92   22.94   0.31    N/A        292.32   82.96  
171  T0867TS464_5-D1     464s    18.27    100.00  169   N/A       N/A        -1.41     -1.41      11.54    N/A           3.84     6.29     22.108   22.366   104   1    0     0     10.58  15.38  N/A         N/A          -0.80        -0.80        26.92  18.812   2.19     0.34        0           0        N/A      1.92          0.16    5.29      0.35    0.10    0.03    2.52    0.53     24.90   1.24    19.22   26.12   0.23    N/A        721.19   28.33  
172  T0867TS452_3-D1     452s    17.79    100.00  172   N/A       N/A        -1.42     -1.42      10.58    N/A           1.27     4.42     15.671   16.201   104   1    0     0     1.92   9.62   N/A         N/A          -0.80        -0.80        37.50  26.799   2.38     -0.03       0           0        N/A      3.18          0.24    6.73      0.35    0.08    -0.04   2.04    0.46     45.40   1.64    25.53   27.05   0.25    N/A        165.41   30.69  
173  T0867TS321_4-D1     321s    17.79    100.00  172   N/A       N/A        -1.42     -1.42      12.02    N/A           2.10     3.97     16.572   16.773   104   8    0     0     1.92   0.00   N/A         N/A          -0.80        -0.80        27.88  20.567   2.41     0.91        0           0        N/A      3.39          0.17    5.29      0.37    0.09    -0.10   1.91    0.45     34.00   1.64    23.66   27.62   0.25    N/A        331.40   25.07  
174  T0867TS183_3-D1     183s    17.55    100.00  174   N/A       N/A        -1.43     -1.43      10.34    N/A           1.72     4.68     16.266   16.711   104   0    0     0     2.88   4.81   N/A         N/A          -0.74        -0.74        21.15  12.103   2.20     0.53        0           0        N/A      2.66          0.21    5.29      0.38    0.13    0.12    1.98    0.51     21.80   0.73    25.55   26.75   0.29    N/A        217.47   32.27  
175  T0867TS321_1-D1     321s    17.55    100.00  174   -1.85     -1.85      -1.43     -1.43      12.02    -1.74         1.72     3.69     16.967   17.42    104   6    0     0     0.00   0.00   -0.89       -0.89        -0.80        -0.80        26.92  19.82    2.28     1.10        0           0        N/A      3.48          0.18    6.25      0.38    0.11    -0.00   2.12    0.44     37.40   1.99    23.22   29.31   0.25    N/A        242.35   27.44  
176  T0867TS455_2-D1     455s    17.07    100.00  176   N/A       N/A        -1.44     -1.44      9.62     N/A           2.36     4.64     15.38    15.952   104   1    0     0     0.00   0.00   N/A         N/A          -0.80        -0.80        40.38  26.656   2.37     0.91        0           0        N/A      3.54          0.24    5.77      0.33    0.05    -0.14   2.07    0.49     13.50   1.99    22.08   24.00   0.34    N/A        142.44   83.54  
177  T0867TS321_2-D1     321s    17.07    100.00  176   N/A       N/A        -1.44     -1.44      12.02    N/A           2.10     3.94     17.548   17.797   104   7    0     0     0.00   2.88   N/A         N/A          -0.80        -0.80        34.62  21.593   2.63     1.47        0           0        N/A      3.39          0.17    5.77      0.36    0.07    -0.09   1.96    0.47     37.40   1.24    22.45   27.54   0.28    N/A        358.90   25.00  
178  T0867TS180_2-D1     180s    17.07    100.00  176   N/A       N/A        -1.44     -1.44      9.38     N/A           2.06     4.88     14.586   15.068   104   1    0     0     0.96   0.96   N/A         N/A          -0.78        -0.78        28.85  22.591   2.29     3.16        0.3         32       2.9      3.62          0.20    6.25      0.35    0.10    -0.04   1.85    0.51     40.30   1.99    30.03   27.82   0.36    69.60      121.43   26.07  
179  T0867TS180_4-D1     180s    17.07    100.00  176   N/A       N/A        -1.44     -1.44      9.14     N/A           2.14     3.35     16.35    16.995   104   1    0     0     4.81   19.23  N/A         N/A          -0.69        -0.69        29.81  20.652   2.51     1.47        0.7         39       6.7      3.02          0.17    5.29      0.35    0.13    0.12    2.30    0.47     40.50   1.64    27.14   28.52   0.30    112.20     139.67   28.75  
180  T0867TS251_4-D1     251s    16.83    100.00  180   N/A       N/A        -1.45     -1.45      11.30    N/A           4.91     8.04     14.598   15.254   104   2    0     0     0.96   2.88   N/A         N/A          -0.78        -0.78        35.58  23.632   2.67     -0.03       0           0        N/A      1.24          0.24    7.69      0.38    0.11    0.08    1.89    0.51     39.20   0.73    24.74   27.89   0.31    N/A        105.98   83.72  
181  T0867TS479_3-D1     479s    16.83    100.00  180   N/A       N/A        -1.45     -1.45      8.41     N/A           2.00     3.18     16.304   16.666   104   0    0     0     0.00   0.96   N/A         N/A          -0.80        -0.80        33.65  20.958   2.82     0.72        0           0        N/A      2.85          0.21    4.81      0.36    0.12    0.12    1.96    0.52     17.60   0.73    25.44   24.72   0.28    N/A        212.14   33.68  
182  T0867TS180_3-D1     180s    16.59    100.00  182   N/A       N/A        -1.46     -1.46      9.62     N/A           1.72     3.81     18.198   18.398   104   0    0     0     0.00   3.85   N/A         N/A          -0.80        -0.80        31.73  22.872   2.41     -0.03       0           0        N/A      3.00          0.17    5.29      0.35    0.12    0.01    1.85    0.48     40.40   2.58    28.31   28.63   0.26    N/A        319.40   26.03  
183  T0867TS455_1-D1     455s    15.87    100.00  183   -1.90     -1.90      -1.48     -1.48      8.89     -1.84         1.01     4.17     14.779   15.263   104   2    0     0     0.00   0.00   -0.89       -0.89        -0.80        -0.80        46.15  30.831   2.70     -0.03       0.5         50       3.1      3.53          0.22    3.85      0.33    0.03    -0.14   2.00    0.51     26.30   1.99    21.85   24.10   0.39    84.70      161.77   84.06  
184  T0867TS455_5-D1     455s    15.38    100.00  184   N/A       N/A        -1.49     -1.49      8.65     N/A           0.93     3.59     16.345   16.954   104   0    0     0     1.92   3.85   N/A         N/A          -0.80        -0.80        28.85  19.101   2.48     -0.03       0           0        N/A      3.28          0.21    9.13      0.33    0.11    0.06    2.12    0.48     7.40    1.24    22.71   28.29   0.27    N/A        204.38   85.56  
185  T0867TS284_3-D1     284s    13.94    100.00  185   N/A       N/A        -1.53     -1.53      7.45     N/A           2.16     3.51     17.462   17.905   104   0    0     0     1.92   0.96   N/A         N/A          -0.80        -0.80        20.19  10.113   2.28     0.16        0           0        N/A      3.64          0.20    4.81      0.33    0.09    -0.01   2.37    0.51     14.80   1.64    22.43   26.58   0.23    N/A        283.85   90.02  
186  T0867TS464_2-D1     464s    13.46    100.00  186   N/A       N/A        -1.54     -1.54      8.41     N/A           0.57     3.65     23.689   24.075   104   4    0     0     0.00   0.96   N/A         N/A          -0.80        -0.80        29.81  19.338   2.56     0.16        0           0        N/A      4.00          0.15    3.37      0.33    0.03    -0.10   2.49    0.49     10.20   1.64    17.64   22.05   0.21    N/A        689.05   23.65  

