#    Model               GR#     GDT_TS   NP_P    RANK  Z-M1-GDT  Z-M1s-GDT  Z-MA-GDT  Z-MAs-GDT  GDT_HA   Z-M1s-GDT-HA  GDC_SC   GDC_ALL  RMS_CA   RMS_ALL  NP    err  PC01  PC05  AL0_P  AL4_P  Z-M1-AL0_p  Z-M1s-AL0_p  Z-MA-AL0_p   Z-MAs-AL0_p  ALI_P  LGA_S    RMSD[L]  Z-score[M]  Z-Score[D]  Al.Res.  RMSD[D]  MolPrb_Score  LDDT    SphGr     CAD_AA  RPF     CODM    DFM     Handed.  SOV     CE      QCS     CONTS   TMscore  Dali(raw)  FlexE    QSE    

1    T0860TS005_1-D1     005s    81.80    100.00  1     1.03      1.03       1.18      1.18       62.50    1.12          43.52    57.00    2.098    2.654    136   1    0     0     85.29  93.38  1.17        1.17         1.29         1.29         93.38  89.545   1.63     19.84       18.6        135      2        1.63          0.72    86.03     0.68    0.77    0.96    0.22    0.93     83.60   6.47    91.23   82.75   0.87    1075.10    3.53     22.58  
2    T0860TS005_5-D1     005s    81.62    100.00  2     N/A       N/A        1.18      1.18       62.13    N/A           37.52    53.63    2        2.663    136   1    0     0     88.24  94.12  N/A         N/A          1.38         1.38         94.12  89.335   1.59     19.84       19.3        133      1.7      1.41          0.70    85.66     0.67    0.76    0.97    0.20    0.93     90.30   6.58    93.05   85.79   0.88    1114.30    3.25     21.23  
3    T0860TS430_1-D1     430s    79.96    100.00  3     0.96      0.96       1.12      1.12       62.68    1.12          35.56    54.31    2.194    3.134    136   3    0     0     80.88  91.91  1.03        1.03         1.16         1.16         91.91  88.842   1.65     19.84       18.8        134      1.9      2.21          0.69    76.47     0.66    0.72    0.96    0.25    0.93     79.70   6.47    90.68   81.56   0.87    1089.60    3.93     29.06  
4    T0860TS430_2-D1     430s    79.78    100.00  4     N/A       N/A        1.11      1.11       62.69    N/A           32.35    51.37    2.288    3.366    136   2    0     0     81.62  90.44  N/A         N/A          1.18         1.18         90.44  87.977   1.69     19.67       18.3        132      1.9      1.80          0.67    69.12     0.64    0.71    0.95    0.27    0.92     85.00   6.47    89.48   79.45   0.86    1064.40    4.67     30.09  
5    T0860TS430_3-D1     430s    79.41    100.00  5     N/A       N/A        1.10      1.10       60.48    N/A           33.45    51.89    2.258    3.276    136   2    0     0     83.82  92.65  N/A         N/A          1.25         1.25         92.65  88.693   1.65     19.67       18.7        132      1.8      1.71          0.67    73.90     0.64    0.70    0.95    0.28    0.93     81.70   6.47    90.28   80.93   0.87    1081.80    4.36     30.17  
6    T0860TS005_4-D1     005s    79.41    100.00  5     N/A       N/A        1.10      1.10       58.64    N/A           39.55    51.57    2.412    3.171    136   0    0     0     86.03  94.12  N/A         N/A          1.31         1.31         94.12  88.055   1.78     19.50       18.3        133      2        1.14          0.68    77.21     0.65    0.74    0.96    0.25    0.92     81.70   6.35    90.37   81.98   0.85    1063.70    3.71     23.62  
7    T0860TS430_4-D1     430s    79.41    100.00  5     N/A       N/A        1.10      1.10       60.66    N/A           33.20    50.81    2.281    3.231    136   2    0     0     79.41  91.18  N/A         N/A          1.12         1.12         91.18  87.619   1.74     19.84       18.4        131      1.8      1.74          0.67    72.79     0.65    0.71    0.95    0.27    0.92     83.00   6.35    89.61   80.27   0.86    1066.70    4.47     30.36  
8    T0860TS220_1-D1     220s    79.41    100.00  5     0.94      0.94       1.10      1.10       61.58    1.07          37.42    53.66    2.232    3.166    136   2    0     0     83.82  91.91  1.12        1.12         1.25         1.25         91.91  87.639   1.61     19.84       18.8        132      1.8      1.66          0.70    75.00     0.68    0.74    0.96    0.26    0.93     84.60   6.47    90.28   81.12   0.87    1089.50    4.07     29.74  
9    T0860TS430_5-D1     430s    79.23    100.00  9     N/A       N/A        1.09      1.09       61.21    N/A           35.59    51.69    2.225    3.197    136   2    0     0     81.62  91.18  N/A         N/A          1.18         1.18         91.18  87.864   1.73     19.84       18.6        132      1.9      1.78          0.69    73.16     0.67    0.73    0.96    0.25    0.92     85.20   6.35    90.34   82.29   0.86    1074.90    4.22     30.15  
10   T0860TS313_3-D1     313s    79.04    100.00  10    N/A       N/A        1.09      1.09       60.84    N/A           36.64    50.81    2.354    3.351    136   0    0     0     80.15  91.18  N/A         N/A          1.14         1.14         91.18  86.745   1.72     19.50       18.3        130      1.9      1.92          0.68    72.06     0.66    0.71    0.95    0.27    0.92     85.10   6.35    89.00   79.56   0.85    1063.60    5.05     N/A    
11   T0860TS313_5-D1     313s    79.04    100.00  10    N/A       N/A        1.09      1.09       61.03    N/A           34.88    50.55    2.368    3.383    136   0    0     0     80.15  91.18  N/A         N/A          1.14         1.14         91.18  86.411   1.79     19.67       18.4        130      1.9      1.84          0.67    70.59     0.66    0.71    0.95    0.28    0.92     83.20   6.35    89.00   79.57   0.85    1067.70    5.05     N/A    
12   T0860TS313_4-D1     313s    78.86    100.00  12    N/A       N/A        1.08      1.08       61.03    N/A           33.77    50.26    2.367    3.389    136   0    0     0     80.88  91.18  N/A         N/A          1.16         1.16         91.18  86.345   1.78     19.50       18.4        130      1.9      1.89          0.67    70.96     0.64    0.71    0.95    0.28    0.92     87.90   6.35    88.99   79.51   0.85    1066.50    5.02     N/A    
13   T0860TS313_2-D1     313s    78.68    100.00  13    N/A       N/A        1.07      1.07       60.66    N/A           34.21    49.80    2.36     3.376    136   0    0     0     80.88  90.44  N/A         N/A          1.16         1.16         90.44  86.161   1.79     19.50       18.3        130      1.9      2.00          0.67    71.32     0.64    0.71    0.95    0.28    0.92     85.10   6.35    89.01   79.46   0.85    1062.40    4.98     N/A    
14   T0860TS220_4-D1     220s    78.68    100.00  13    N/A       N/A        1.07      1.07       60.11    N/A           32.83    50.09    2.282    3.234    136   2    0     0     80.88  91.91  N/A         N/A          1.16         1.16         91.91  87.445   1.80     19.84       18.4        131      1.8      1.95          0.67    72.43     0.67    0.71    0.95    0.26    0.92     82.70   6.35    89.68   80.01   0.86    1067.60    4.39     30.80  
15   T0860TS220_3-D1     220s    78.31    100.00  15    N/A       N/A        1.06      1.06       60.29    N/A           34.53    51.88    2.297    3.254    136   2    0     0     82.35  92.65  N/A         N/A          1.20         1.20         92.65  87.893   1.70     19.84       18.6        132      1.8      1.91          0.68    74.26     0.67    0.72    0.95    0.28    0.92     83.90   6.47    90.12   80.65   0.86    1075.80    4.25     29.94  
16   T0860TS313_1-D1     313s    78.31    100.00  15    0.90      0.90       1.06      1.06       60.48    1.02          34.98    50.09    2.37     3.353    136   0    0     0     80.88  91.18  1.03        1.03         1.16         1.16         91.18  86.02    1.79     19.50       18.3        130      1.9      1.95          0.67    70.96     0.65    0.71    0.95    0.28    0.92     85.10   6.35    89.05   79.53   0.85    1061.90    5.02     N/A    
17   T0860TS220_2-D1     220s    78.31    100.00  15    N/A       N/A        1.06      1.06       60.85    N/A           35.03    51.61    2.299    3.312    136   2    0     0     80.88  91.18  N/A         N/A          1.16         1.16         91.18  87.539   1.66     19.84       18.3        134      2        1.86          0.68    70.59     0.66    0.71    0.95    0.29    0.92     86.70   6.47    89.97   80.26   0.86    1062.40    4.33     30.97  
18   T0860TS275_3-D1     275s    78.12    100.00  18    N/A       N/A        1.05      1.05       59.74    N/A           31.09    49.90    2.343    3.283    136   0    0     0     80.88  91.18  N/A         N/A          1.16         1.16         91.18  86.566   1.74     19.67       18.2        130      1.9      2.66          0.66    71.69     0.63    0.71    0.95    0.27    0.92     88.80   6.35    88.79   79.34   0.85    1056.40    4.98     N/A    
19   T0860TS220_5-D1     220s    78.12    100.00  18    N/A       N/A        1.05      1.05       59.19    N/A           35.54    50.76    2.238    3.19     136   2    0     0     80.88  91.91  N/A         N/A          1.16         1.16         91.91  87.561   1.73     19.84       18.2        135      2.1      1.93          0.68    73.90     0.68    0.72    0.96    0.25    0.92     82.30   6.35    90.06   80.85   0.86    1054.40    4.27     30.38  
20   T0860TS349_1-D1     349s    77.94    100.00  20    0.89      0.89       1.05      1.05       59.38    0.97          34.72    49.48    2.393    3.436    136   7    0     0     80.15  89.71  1.01        1.01         1.14         1.14         89.71  81.437   1.80     19.67       18.2        132      2.1      3.01          0.63    70.59     0.63    0.70    0.95    0.28    0.92     83.20   6.35    88.53   78.30   0.85    1057.00    6.19     57.10  
21   T0860TS275_5-D1     275s    77.94    100.00  20    N/A       N/A        1.05      1.05       59.01    N/A           33.20    49.31    2.362    3.368    136   1    0     0     80.15  88.97  N/A         N/A          1.14         1.14         88.97  86.454   1.76     19.67       17.7        132      2.2      2.72          0.67    72.06     0.63    0.71    0.95    0.27    0.92     85.10   6.35    89.34   80.14   0.84    1029.40    4.95     N/A    
22   T0860TS119_1-D1     119s    77.94    100.00  20    0.89      0.89       1.05      1.05       59.38    0.97          29.22    47.46    2.393    3.487    136   7    0     0     80.15  89.71  1.01        1.01         1.14         1.14         89.71  81.437   1.80     19.67       18.2        132      2.1      3.74          0.62    70.96     0.62    0.69    0.95    0.28    0.92     83.20   6.35    88.53   78.30   0.85    1057.00    6.19     57.10  
23   T0860TS077_1-D1     077s    77.94    100.00  20    0.89      0.89       1.05      1.05       59.38    0.97          26.91    46.16    2.421    3.439    136   0    0     0     80.88  91.18  1.03        1.03         1.16         1.16         91.18  78.847   1.86     19.50       17.8        130      2        3.42          0.63    70.96     0.60    0.68    0.95    0.29    0.91     85.10   6.35    88.24   79.26   0.84    1037.80    5.08     24.15  
24   T0860TS425_3-D1     425s    77.94    100.00  20    N/A       N/A        1.05      1.05       58.45    N/A           29.59    47.34    2.321    3.343    136   2    0     0     81.62  91.91  N/A         N/A          1.18         1.18         91.91  87.19    1.78     19.50       18          132      1.9      3.21          0.66    73.53     0.63    0.71    0.95    0.25    0.92     76.80   6.35    90.05   80.99   0.85    1045.30    4.77     23.26  
25   T0860TS425_4-D1     425s    77.76    100.00  25    N/A       N/A        1.04      1.04       58.82    N/A           30.45    48.99    2.33     3.338    136   2    0     0     79.41  88.97  N/A         N/A          1.12         1.12         88.97  86.562   1.74     19.84       17.7        132      2        2.98          0.65    75.00     0.62    0.71    0.95    0.27    0.92     86.10   6.35    89.84   80.37   0.85    1033.00    4.91     23.28  
26   T0860TS275_4-D1     275s    77.57    100.00  26    N/A       N/A        1.04      1.04       58.82    N/A           33.58    48.70    2.343    3.368    136   1    0     0     77.94  90.44  N/A         N/A          1.07         1.07         90.44  87.074   1.69     19.67       18          130      1.9      2.78          0.66    73.16     0.64    0.72    0.95    0.26    0.92     90.30   6.35    89.79   80.43   0.85    1047.80    4.66     N/A    
27   T0860TS359_2-D1     359s    77.39    100.00  27    N/A       N/A        1.03      1.03       58.64    N/A           27.18    45.87    2.437    3.419    136   2    0     0     76.47  89.71  N/A         N/A          1.03         1.03         89.71  86.214   1.73     19.67       17.8        133      2.2      2.87          0.63    71.32     0.61    0.68    0.95    0.29    0.92     90.80   6.35    88.35   78.91   0.84    1035.30    5.20     24.41  
28   T0860TS275_2-D1     275s    77.39    100.00  27    N/A       N/A        1.03      1.03       58.83    N/A           32.54    48.63    2.411    3.444    136   1    0     0     78.68  89.71  N/A         N/A          1.10         1.10         89.71  84.203   1.79     19.67       18.2        130      1.9      3.13          0.65    70.22     0.62    0.70    0.95    0.28    0.92     88.30   6.35    88.15   78.73   0.85    1056.00    5.23     N/A    
29   T0860TS005_2-D1     005s    77.39    100.00  27    N/A       N/A        1.03      1.03       57.91    N/A           36.74    50.37    2.262    3.017    136   1    0     0     81.62  93.38  N/A         N/A          1.18         1.18         93.38  87.41    1.81     19.84       18.4        135      2.1      1.12          0.69    80.88     0.65    0.75    0.96    0.22    0.92     90.90   6.35    90.92   82.39   0.85    1065.10    2.56     24.39  
30   T0860TS077_2-D1     077s    77.39    100.00  27    N/A       N/A        1.03      1.03       58.27    N/A           29.49    46.24    2.47     3.409    136   1    0     0     77.94  89.71  N/A         N/A          1.07         1.07         89.71  76.802   1.87     19.67       17.8        131      2        2.91          0.65    72.79     0.62    0.70    0.95    0.26    0.92     83.40   6.35    88.91   79.77   0.83    1035.40    4.90     24.52  
31   T0860TS077_3-D1     077s    77.39    100.00  27    N/A       N/A        1.03      1.03       58.64    N/A           25.75    45.36    2.4      3.431    136   2    0     0     77.21  90.44  N/A         N/A          1.05         1.05         90.44  81.427   1.85     19.67       18          130      1.9      3.37          0.64    72.06     0.61    0.69    0.95    0.28    0.92     88.30   6.35    87.92   79.07   0.84    1047.60    5.26     24.15  
32   T0860TS077_4-D1     077s    77.39    100.00  27    N/A       N/A        1.03      1.03       58.64    N/A           27.54    46.27    2.387    3.463    136   2    0     0     79.41  90.44  N/A         N/A          1.12         1.12         90.44  80.907   1.83     19.67       18          130      1.9      2.98          0.63    69.12     0.61    0.69    0.95    0.29    0.92     85.20   6.35    88.38   78.50   0.84    1044.20    5.20     24.05  
33   T0860TS359_3-D1     359s    77.39    100.00  27    N/A       N/A        1.03      1.03       59.01    N/A           32.00    47.68    2.315    3.253    136   1    0     0     80.15  90.44  N/A         N/A          1.14         1.14         90.44  82.164   1.71     19.67       17.7        132      2.1      3.32          0.64    75.00     0.61    0.70    0.95    0.27    0.92     86.10   6.35    89.42   79.31   0.85    1028.80    4.79     23.37  
34   T0860TS077_5-D1     077s    77.21    100.00  34    N/A       N/A        1.02      1.02       58.64    N/A           28.36    45.72    2.405    3.26     136   1    0     0     80.15  91.18  N/A         N/A          1.14         1.14         91.18  79.223   1.87     19.50       18.1        131      2        3.22          0.65    74.63     0.61    0.71    0.95    0.26    0.92     91.50   6.35    88.94   79.97   0.84    1049.70    4.79     24.16  
35   T0860TS359_5-D1     359s    77.21    100.00  34    N/A       N/A        1.02      1.02       58.82    N/A           29.87    46.97    2.359    3.299    136   1    0     0     80.15  90.44  N/A         N/A          1.14         1.14         90.44  86.313   1.79     19.67       17.8        132      2.1      3.28          0.64    73.53     0.62    0.69    0.95    0.27    0.92     88.30   6.35    89.02   79.05   0.84    1033.50    5.20     23.76  
36   T0860TS359_1-D1     359s    76.65    100.00  36    0.84      0.84       1.00      1.00       58.09    0.91          31.07    46.41    2.455    3.342    136   1    0     0     80.15  88.97  1.01        1.01         1.14         1.14         88.97  81.292   1.75     19.67       17.7        133      2.3      2.85          0.64    75.00     0.61    0.69    0.95    0.27    0.92     87.80   6.35    88.88   79.22   0.83    1028.10    5.17     24.43  
37   T0860TS425_1-D1     425s    76.65    100.00  36    0.84      0.84       1.00      1.00       57.53    0.88          24.96    44.53    2.419    3.479    136   2    0     0     77.94  90.44  0.94        0.94         1.07         1.07         90.44  79.138   1.81     19.67       17.8        130      1.9      3.45          0.63    70.96     0.60    0.68    0.95    0.29    0.91     88.30   6.35    87.79   78.62   0.84    1037.90    5.07     24.47  
38   T0860TS275_1-D1     275s    76.65    100.00  36    0.84      0.84       1.00      1.00       58.45    0.92          31.16    46.99    2.596    3.596    136   0    0     0     77.21  88.24  0.91        0.91         1.05         1.05         88.24  75.203   1.83     19.67       17.9        132      2.3      2.77          0.65    69.85     0.61    0.69    0.95    0.30    0.91     88.00   6.23    87.43   78.98   0.83    1039.40    5.29     N/A    
39   T0860TS425_5-D1     425s    76.47    100.00  39    N/A       N/A        1.00      1.00       57.72    N/A           25.51    45.86    2.437    3.479    136   3    0     0     78.68  88.97  N/A         N/A          1.10         1.10         88.97  79.249   1.86     19.67       17.7        130      2        3.45          0.64    72.06     0.60    0.70    0.95    0.29    0.91     85.70   6.35    88.37   77.62   0.84    1030.00    5.36     24.49  
40   T0860TS425_2-D1     425s    76.10    100.00  40    N/A       N/A        0.98      0.98       57.72    N/A           28.99    46.51    2.531    3.413    136   1    0     0     77.94  87.50  N/A         N/A          1.07         1.07         87.50  75.456   1.79     19.33       17.9        131      2.1      3.14          0.66    74.26     0.62    0.72    0.95    0.26    0.92     83.50   6.35    88.27   79.67   0.83    1042.40    4.94     24.90  
41   T0860TS005_3-D1     005s    75.92    100.00  41    N/A       N/A        0.98      0.98       55.52    N/A           35.98    48.93    2.201    3.026    136   0    0     0     82.35  92.65  N/A         N/A          1.20         1.20         92.65  84.475   1.78     19.84       17.3        134      2.1      1.59          0.67    79.04     0.65    0.73    0.96    0.27    0.92     81.70   6.35    88.67   78.90   0.84    1008.60    3.12     23.73  
42   T0860TS359_4-D1     359s    72.98    100.00  42    N/A       N/A        0.88      0.88       53.86    N/A           27.61    41.21    2.555    3.742    136   1    0     0     66.91  91.18  N/A         N/A          0.75         0.75         91.18  86.874   1.68     19.50       17.9        130      1.9      3.09          0.59    62.50     0.56    0.64    0.94    0.40    0.91     92.30   6.35    85.01   69.75   0.85    1040.40    6.46     26.40  
43   T0860TS495_5-D1     495s    72.98    100.00  42    N/A       N/A        0.88      0.88       54.96    N/A           32.92    46.16    3.92     4.559    136   0    0     0     74.26  89.71  N/A         N/A          0.97         0.97         89.71  84.824   1.81     18.29       17.5        129      2        1.69          0.60    62.50     0.60    0.63    0.86    0.37    0.88     76.50   6.23    77.71   71.11   0.83    1017.50    10.36    80.84  
44   T0860TS405_1-D1     405s    72.79    100.00  44    0.70      0.70       0.87      0.87       52.39    0.64          23.17    39.71    2.528    3.76     136   0    0     0     63.97  92.65  0.50        0.50         0.66         0.66         92.65  86.362   1.89     19.50       17.1        132      2        2.71          0.51    59.19     0.53    0.63    0.94    0.42    0.90     78.50   6.23    84.28   68.89   0.85    1000.60    6.65     83.34  
45   T0860TS250_2-D1     250s    72.79    100.00  44    N/A       N/A        0.87      0.87       55.33    N/A           35.15    47.50    3.976    4.558    136   0    0     0     73.53  88.24  N/A         N/A          0.94         0.94         88.24  84.926   1.73     18.81       17.6        128      2.1      1.87          0.62    61.76     0.61    0.63    0.85    0.40    0.88     77.80   6.23    77.33   71.36   0.84    1022.90    11.13    80.11  
46   T0860TS250_4-D1     250s    72.61    100.00  46    N/A       N/A        0.86      0.86       54.96    N/A           35.69    47.82    3.947    4.579    136   0    0     0     73.53  88.97  N/A         N/A          0.94         0.94         88.97  84.656   1.76     18.63       17.5        128      2.1      1.89          0.62    59.93     0.62    0.63    0.85    0.41    0.88     77.80   6.23    77.43   71.23   0.83    1020.20    11.10    80.32  
47   T0860TS479_1-D1     479s    72.61    100.00  46    0.69      0.69       0.86      0.86       53.31    0.68          20.60    39.68    2.575    3.859    136   0    0     0     66.91  90.44  0.59        0.59         0.75         0.75         90.44  84.613   1.81     19.50       17.3        130      1.8      2.70          0.56    55.51     0.54    0.61    0.93    0.46    0.90     81.60   6.23    84.30   67.90   0.85    1010.10    5.95     88.56  
48   T0860TS345_4-D1     345s    72.61    100.00  46    N/A       N/A        0.86      0.86       52.20    N/A           27.05    42.37    2.598    3.829    136   1    0     0     71.32  91.91  N/A         N/A          0.88         0.88         91.91  86.597   1.77     19.33       17.3        134      2.2      2.97          0.54    61.03     0.54    0.64    0.94    0.38    0.91     75.40   6.35    84.75   70.04   0.85    1009.00    6.27     79.21  
49   T0860TS495_4-D1     495s    72.61    100.00  46    N/A       N/A        0.86      0.86       54.05    N/A           32.55    46.03    3.913    4.591    136   0    0     0     73.53  89.71  N/A         N/A          0.94         0.94         89.71  84.118   1.84     18.46       17.1        129      2.1      1.73          0.60    59.56     0.60    0.62    0.85    0.38    0.88     69.10   6.23    77.75   70.32   0.83    1001.50    10.78    80.78  
50   T0860TS250_1-D1     250s    72.61    100.00  46    0.69      0.69       0.86      0.86       54.59    0.74          33.86    47.00    3.987    4.562    136   0    0     0     73.53  88.24  0.80        0.80         0.94         0.94         88.24  84.926   1.77     19.15       17.6        128      2.1      1.67          0.62    61.40     0.62    0.63    0.85    0.40    0.88     77.80   6.23    77.13   71.07   0.83    1023.10    11.05    80.46  
51   T0860TS250_5-D1     250s    72.43    100.00  51    N/A       N/A        0.86      0.86       54.05    N/A           32.24    45.81    3.972    4.53     136   0    0     0     74.26  88.97  N/A         N/A          0.97         0.97         88.97  84.474   1.79     18.81       17.3        128      2.1      2.00          0.62    62.13     0.62    0.63    0.85    0.41    0.88     75.60   6.23    77.44   71.23   0.83    1011.90    11.08    80.69  
52   T0860TS284_1-D1     284s    72.43    100.00  51    0.68      0.68       0.86      0.86       53.49    0.69          28.02    44.34    3.76     4.354    136   3    0     0     72.79  88.97  0.78        0.78         0.92         0.92         88.97  85.321   1.76     18.46       17.6        128      1.9      3.41          0.59    59.93     0.59    0.62    0.85    0.41    0.88     76.80   6.23    78.28   70.40   0.83    1023.20    11.74    N/A    
53   T0860TS183_1-D1     183s    72.43    100.00  51    0.68      0.68       0.86      0.86       52.02    0.62          21.79    39.51    2.567    3.919    136   0    0     0     69.12  91.18  0.66        0.66         0.81         0.81         91.18  78.591   1.77     19.33       17          129      1.9      3.20          0.55    56.25     0.52    0.60    0.94    0.44    0.90     71.90   6.23    84.50   68.34   0.84    1000.40    5.80     88.49  
54   T0860TS250_3-D1     250s    72.43    100.00  51    N/A       N/A        0.86      0.86       54.04    N/A           35.87    47.34    4.044    4.594    136   0    0     0     73.53  86.76  N/A         N/A          0.94         0.94         88.24  84.211   1.73     18.12       17.2        128      2.2      1.81          0.62    62.13     0.62    0.63    0.85    0.40    0.88     77.80   6.23    77.30   71.03   0.82    1005.20    10.72    79.96  
55   T0860TS183_2-D1     183s    72.24    100.00  55    N/A       N/A        0.85      0.85       52.76    N/A           18.93    38.62    2.628    3.959    136   0    0     0     63.97  91.18  N/A         N/A          0.66         0.66         91.18  78.792   1.79     19.50       17          131      2.1      2.66          0.55    55.15     0.53    0.60    0.93    0.45    0.90     73.90   6.23    84.06   68.09   0.84    994.70     6.04     88.01  
56   T0860TS405_2-D1     405s    72.06    100.00  56    N/A       N/A        0.84      0.84       51.65    N/A           25.64    39.75    2.583    3.771    136   2    0     0     63.97  91.91  N/A         N/A          0.66         0.66         91.91  87.026   1.83     19.50       17.7        132      2        3.15          0.58    58.46     0.55    0.64    0.93    0.42    0.91     88.60   6.23    83.98   67.28   0.85    1028.60    6.59     83.47  
57   T0860TS382_3-D1     382s    71.88    100.00  57    N/A       N/A        0.84      0.84       54.04    N/A           31.50    45.66    4.058    4.716    136   2    0     0     72.06  88.24  N/A         N/A          0.90         0.90         88.24  84.892   1.72     18.81       17.5        131      2.2      1.62          0.61    59.56     0.60    0.62    0.85    0.39    0.88     74.60   6.23    77.24   72.46   0.83    1017.90    11.60    N/A    
58   T0860TS382_4-D1     382s    71.88    100.00  57    N/A       N/A        0.84      0.84       54.78    N/A           32.10    46.04    4.062    4.712    136   2    0     0     72.06  88.24  N/A         N/A          0.90         0.90         88.24  84.708   1.67     18.81       17.5        131      2.2      1.43          0.61    59.93     0.61    0.62    0.85    0.39    0.88     70.60   6.23    77.24   72.44   0.83    1018.10    11.64    N/A    
59   T0860TS382_5-D1     382s    71.88    100.00  57    N/A       N/A        0.84      0.84       54.41    N/A           31.61    45.79    4.062    4.725    136   2    0     0     72.06  87.50  N/A         N/A          0.90         0.90         87.50  84.815   1.67     18.63       17.5        131      2.2      1.67          0.61    59.93     0.60    0.62    0.85    0.39    0.88     70.60   6.23    77.23   72.41   0.83    1019.10    11.61    N/A    
60   T0860TS382_2-D1     382s    71.69    100.00  60    N/A       N/A        0.83      0.83       54.23    N/A           30.56    45.48    4.054    4.724    136   2    0     0     71.32  87.50  N/A         N/A          0.88         0.88         87.50  84.802   1.72     18.81       17.5        129      2        1.41          0.60    59.19     0.60    0.62    0.85    0.39    0.88     70.60   6.11    77.31   72.54   0.83    1022.20    11.58    N/A    
61   T0860TS382_1-D1     382s    71.69    100.00  60    0.65      0.65       0.83      0.83       54.05    0.72          32.23    45.63    4.056    4.718    136   2    0     0     71.32  87.50  0.73        0.73         0.88         0.88         87.50  84.808   1.72     18.81       17.5        129      2.1      1.41          0.61    59.56     0.60    0.62    0.85    0.39    0.88     73.40   6.23    77.28   72.49   0.83    1020.00    11.57    N/A    
62   T0860TS405_3-D1     405s    71.51    100.00  62    N/A       N/A        0.82      0.82       51.84    N/A           22.05    39.27    2.62     3.8      136   1    0     0     61.03  91.18  N/A         N/A          0.58         0.58         91.18  86.026   1.72     19.50       17.7        133      2.1      3.19          0.58    59.56     0.55    0.63    0.93    0.44    0.90     92.30   6.35    84.37   68.46   0.85    1031.00    6.30     83.34  
63   T0860TS495_1-D1     495s    71.51    100.00  62    0.65      0.65       0.82      0.82       52.57    0.64          31.69    44.04    3.997    4.554    136   0    0     0     73.53  88.24  0.80        0.80         0.94         0.94         88.24  77.608   1.86     18.63       17          128      2.1      2.10          0.60    60.29     0.60    0.63    0.85    0.38    0.87     77.80   6.23    77.59   69.34   0.82    991.90     11.73    80.28  
64   T0860TS405_4-D1     405s    71.51    100.00  62    N/A       N/A        0.82      0.82       51.84    N/A           22.05    39.27    2.62     3.8      136   1    0     0     61.03  91.18  N/A         N/A          0.58         0.58         91.18  86.026   1.72     19.50       17.7        133      2.1      3.19          0.58    59.56     0.55    0.63    0.93    0.44    0.90     92.30   6.35    84.37   68.46   0.85    1031.00    6.30     83.34  
65   T0860TS405_5-D1     405s    71.51    100.00  62    N/A       N/A        0.82      0.82       51.84    N/A           22.05    39.27    2.62     3.8      136   1    0     0     61.03  91.18  N/A         N/A          0.58         0.58         91.18  86.026   1.72     19.50       17.7        133      2.1      3.19          0.58    59.56     0.55    0.63    0.93    0.44    0.90     92.30   6.35    84.37   68.46   0.85    1031.00    6.30     83.34  
66   T0860TS479_2-D1     479s    71.32    100.00  66    N/A       N/A        0.82      0.82       52.39    N/A           19.22    38.31    2.574    3.972    136   0    0     0     64.71  91.91  N/A         N/A          0.69         0.69         91.91  85.253   1.84     19.50       17.1        131      2.1      3.02          0.55    55.51     0.52    0.60    0.94    0.45    0.90     81.30   6.23    83.84   67.46   0.85    997.00     5.84     88.29  
67   T0860TS446_2-D1     446s    71.32    100.00  66    N/A       N/A        0.82      0.82       51.29    N/A           27.39    40.79    2.798    3.731    136   0    0     0     64.71  91.18  N/A         N/A          0.69         0.69         91.18  86.026   1.82     19.50       17.9        129      1.8      0.81          0.60    63.60     0.57    0.64    0.92    0.40    0.90     78.50   6.23    81.60   68.22   0.84    1038.70    7.80     87.97  
68   T0860TS446_1-D1     446s    71.32    100.00  66    0.64      0.64       0.82      0.82       50.92    0.57          27.46    40.70    2.8      3.732    136   0    0     0     64.71  91.18  0.52        0.52         0.69         0.69         91.18  85.823   1.83     19.50       17.8        129      1.8      0.86          0.60    63.24     0.57    0.64    0.92    0.40    0.90     78.50   6.23    81.63   68.23   0.84    1038.10    7.80     88.06  
69   T0860TS258_4-D1     258s    70.77    100.00  69    N/A       N/A        0.80      0.80       50.55    N/A           21.50    38.16    2.756    4.06     136   0    0     0     62.50  92.65  N/A         N/A          0.62         0.62         92.65  87.729   1.69     19.33       18.3        130      1.8      3.61          0.53    54.41     0.51    0.58    0.92    0.51    0.90     78.30   6.35    81.81   62.77   0.86    1064.20    6.42     28.36  
70   T0860TS495_3-D1     495s    70.77    100.00  69    N/A       N/A        0.80      0.80       52.02    N/A           28.36    44.34    4.007    4.805    136   0    0     0     71.32  86.76  N/A         N/A          0.88         0.88         86.76  73.66    1.78     18.63       16.5        128      2.1      2.19          0.58    58.46     0.59    0.61    0.84    0.39    0.88     69.10   6.23    75.49   68.55   0.82    966.00     11.18    81.90  
71   T0860TS236_1-D1     236s    70.77    100.00  69    0.62      0.62       0.80      0.80       50.37    0.54          26.60    39.67    2.652    3.818    136   1    0     0     62.50  91.91  0.45        0.45         0.62         0.62         91.91  86.355   1.74     19.50       17.5        132      2.1      2.76          0.58    58.46     0.55    0.63    0.93    0.43    0.90     82.80   6.23    83.75   67.59   0.85    1021.30    6.29     87.07  
72   T0860TS287_5-D1     287s    70.77    100.00  69    N/A       N/A        0.80      0.80       50.19    N/A           26.67    39.76    2.64     3.815    136   1    0     0     62.50  91.91  N/A         N/A          0.62         0.62         91.91  84.854   1.86     19.50       17.5        129      1.9      2.68          0.59    58.82     0.56    0.63    0.93    0.43    0.90     88.60   6.23    83.71   67.81   0.84    1019.00    6.32     87.24  
73   T0860TS287_4-D1     287s    70.59    100.00  73    N/A       N/A        0.79      0.79       50.19    N/A           24.88    39.20    2.657    3.837    136   1    0     0     62.50  91.91  N/A         N/A          0.62         0.62         91.91  84.245   1.89     19.50       17.3        132      2.2      2.71          0.58    58.09     0.55    0.63    0.93    0.43    0.90     84.20   6.23    83.73   67.80   0.84    1008.60    6.20     87.10  
74   T0860TS287_3-D1     287s    70.59    100.00  73    N/A       N/A        0.79      0.79       50.19    N/A           25.92    39.24    2.678    3.806    136   1    0     0     62.50  91.91  N/A         N/A          0.62         0.62         91.91  83.947   1.91     19.50       17.3        132      2.2      2.73          0.59    59.56     0.56    0.63    0.93    0.43    0.90     82.00   6.23    83.46   67.70   0.84    1009.40    6.31     87.05  
75   T0860TS287_2-D1     287s    70.40    100.00  75    N/A       N/A        0.79      0.79       49.27    N/A           23.27    37.54    2.634    3.924    136   1    0     0     66.18  93.38  N/A         N/A          0.73         0.73         93.38  77.154   1.99     19.50       16.7        129      2        3.40          0.56    59.93     0.54    0.61    0.93    0.43    0.90     72.80   6.23    83.60   67.68   0.83    977.70     6.20     87.98  
76   T0860TS236_5-D1     236s    70.40    100.00  75    N/A       N/A        0.79      0.79       49.82    N/A           26.69    39.95    2.68     3.883    136   0    0     0     62.50  90.44  N/A         N/A          0.62         0.62         90.44  85.904   1.75     19.50       17.4        131      2        2.89          0.58    57.72     0.55    0.63    0.93    0.44    0.90     88.60   6.23    83.75   67.06   0.85    1016.20    6.42     87.25  
77   T0860TS287_1-D1     287s    70.40    100.00  75    0.61      0.61       0.79      0.79       49.81    0.51          25.51    39.17    2.657    3.822    136   1    0     0     63.24  91.91  0.47        0.47         0.64         0.64         91.91  84.559   1.88     19.50       17.4        131      2.1      2.73          0.58    58.82     0.55    0.63    0.93    0.43    0.90     82.50   6.23    83.66   67.80   0.84    1015.40    6.27     87.18  
78   T0860TS236_3-D1     236s    70.22    100.00  78    N/A       N/A        0.78      0.78       49.82    N/A           25.62    38.65    2.654    3.861    136   1    0     0     63.97  92.65  N/A         N/A          0.66         0.66         92.65  74.096   1.93     19.50       17          131      2.1      3.06          0.56    55.88     0.55    0.62    0.93    0.45    0.90     69.70   6.23    82.80   66.28   0.83    994.70     6.47     87.80  
79   T0860TS421_1-D1     421s    70.04    100.00  79    0.59      0.59       0.77      0.77       50.00    0.52          21.33    37.40    2.832    4.085    136   0    0     0     61.76  91.18  0.43        0.43         0.60         0.60         91.18  86.62    1.69     19.33       18.1        132      2        4.04          0.36    55.88     0.50    0.58    0.92    0.51    0.90     81.70   6.35    81.97   61.91   0.85    1052.00    6.57     N/A    
80   T0860TS258_1-D1     258s    70.04    100.00  79    0.59      0.59       0.77      0.77       49.63    0.51          23.28    38.60    2.794    4.056    136   0    0     0     58.82  91.91  0.33        0.33         0.51         0.51         91.91  87.693   1.69     19.33       18.3        132      1.9      3.38          0.55    54.78     0.53    0.60    0.92    0.51    0.90     81.30   6.35    81.95   62.32   0.86    1060.50    6.40     28.92  
81   T0860TS345_3-D1     345s    69.85    100.00  81    N/A       N/A        0.77      0.77       49.27    N/A           21.41    36.98    2.835    4.176    136   0    0     0     59.56  91.91  N/A         N/A          0.53         0.53         91.91  87.036   1.63     19.15       18          133      2.1      2.98          0.51    52.94     0.52    0.59    0.92    0.52    0.90     80.20   6.35    82.15   62.83   0.86    1047.60    6.15     84.72  
82   T0860TS258_2-D1     258s    69.85    100.00  81    N/A       N/A        0.77      0.77       50.19    N/A           22.42    38.35    2.79     4.105    136   0    0     0     59.56  92.65  N/A         N/A          0.53         0.53         92.65  87.842   1.69     19.33       18.3        130      1.8      3.24          0.54    51.47     0.52    0.58    0.92    0.51    0.90     82.00   6.35    81.83   62.34   0.86    1066.20    6.40     28.88  
83   T0860TS421_3-D1     421s    69.67    100.00  83    N/A       N/A        0.76      0.76       49.63    N/A           21.13    36.74    2.822    4.145    136   0    0     0     59.56  91.18  N/A         N/A          0.53         0.53         91.18  87.068   1.69     19.33       18          132      2        4.04          0.35    53.68     0.51    0.58    0.92    0.51    0.90     86.60   6.35    81.79   61.94   0.85    1047.30    6.35     N/A    
84   T0860TS236_2-D1     236s    69.67    100.00  83    N/A       N/A        0.76      0.76       49.27    N/A           23.23    37.91    2.776    3.885    136   1    0     0     64.71  91.18  N/A         N/A          0.69         0.69         91.18  83.416   1.85     19.33       17          131      2.3      3.37          0.58    59.93     0.55    0.63    0.93    0.44    0.90     76.20   6.23    84.02   68.60   0.83    994.40     6.28     86.62  
85   T0860TS345_1-D1     345s    69.30    100.00  85    0.57      0.57       0.75      0.75       48.53    0.45          22.92    37.78    2.724    4.042    136   0    0     0     60.29  92.65  0.38        0.38         0.56         0.56         92.65  87.452   1.62     19.33       17.9        133      2        2.81          0.54    51.47     0.51    0.59    0.93    0.50    0.90     82.40   6.35    82.45   62.66   0.86    1039.00    6.19     85.00  
86   T0860TS258_5-D1     258s    69.30    100.00  85    N/A       N/A        0.75      0.75       49.63    N/A           21.04    37.60    2.895    4.114    136   1    0     0     58.09  91.18  N/A         N/A          0.49         0.49         91.18  85.713   1.70     19.15       17.9        129      1.8      3.34          0.54    55.88     0.51    0.59    0.92    0.51    0.89     72.00   6.23    78.30   61.16   0.85    1038.90    7.47     29.38  
87   T0860TS258_3-D1     258s    69.30    100.00  85    N/A       N/A        0.75      0.75       49.08    N/A           23.04    38.19    2.774    4.052    136   0    0     0     59.56  91.91  N/A         N/A          0.53         0.53         91.91  87.397   1.63     19.33       18.2        130      1.8      3.10          0.54    53.31     0.52    0.59    0.92    0.51    0.90     78.40   6.35    81.92   62.68   0.86    1056.70    6.28     29.01  
88   T0860TS421_2-D1     421s    69.30    100.00  85    N/A       N/A        0.75      0.75       48.71    N/A           22.01    37.15    2.821    4.122    136   0    0     0     61.03  91.18  N/A         N/A          0.58         0.58         91.18  86.761   1.71     19.33       18          130      1.9      3.98          0.35    54.04     0.50    0.58    0.92    0.51    0.90     75.20   6.35    81.74   61.50   0.85    1046.80    6.52     N/A    
89   T0860TS236_4-D1     236s    68.75    100.00  89    N/A       N/A        0.73      0.73       48.16    N/A           20.44    36.17    2.748    4.038    136   1    0     0     64.71  91.91  N/A         N/A          0.69         0.69         91.91  79.593   1.91     19.50       16.8        131      2.3      3.29          0.56    58.46     0.53    0.61    0.93    0.43    0.90     71.00   6.23    83.37   67.44   0.81    981.10     6.27     86.87  
90   T0860TS345_2-D1     345s    68.57    100.00  90    N/A       N/A        0.72      0.72       47.80    N/A           21.95    34.81    2.946    4.247    136   0    0     0     57.35  90.44  N/A         N/A          0.47         0.47         90.44  86.031   1.82     19.33       17.6        133      2.2      2.82          0.49    52.57     0.52    0.58    0.92    0.53    0.89     80.80   6.35    81.16   61.31   0.84    1024.20    6.57     85.25  
91   T0860TS092_1-D1     092s    68.57    100.00  90    0.54      0.54       0.72      0.72       48.16    0.44          22.30    36.70    2.851    4.109    136   3    0     0     57.35  91.91  0.29        0.29         0.47         0.47         91.91  87.007   1.74     19.33       17.9        130      1.9      2.60          0.54    52.94     0.52    0.58    0.92    0.52    0.89     86.10   6.35    81.15   61.94   0.85    1041.90    6.43     29.81  
92   T0860TS251_4-D1     251s    68.38    100.00  92    N/A       N/A        0.72      0.72       48.16    N/A           22.80    36.51    2.85     3.983    136   1    0     0     65.44  91.91  N/A         N/A          0.71         0.71         91.91  71.411   1.99     19.50       16.7        130      2.2      1.21          0.56    58.09     0.54    0.62    0.93    0.44    0.90     88.60   6.23    83.56   68.46   0.80    977.30     7.06     83.05  
93   T0860TS048_1-D1     048s    68.38    100.00  92    0.53      0.53       0.72      0.72       47.61    0.41          21.01    35.89    2.909    4.161    136   3    0     0     59.56  91.18  0.36        0.36         0.53         0.53         91.18  86.907   1.67     19.33       17.9        130      1.9      2.72          0.54    52.57     0.52    0.58    0.92    0.52    0.89     89.60   6.35    81.11   62.42   0.85    1043.40    6.60     30.18  
94   T0860TS251_3-D1     251s    68.38    100.00  92    N/A       N/A        0.72      0.72       47.61    N/A           25.67    37.48    2.871    3.994    136   4    0     0     62.50  88.24  N/A         N/A          0.62         0.62         88.24  75.246   1.97     19.33       16.7        130      2.3      1.34          0.59    58.09     0.55    0.64    0.93    0.44    0.90     80.80   6.23    83.70   69.60   0.80    980.70     7.07     83.57  
95   T0860TS251_2-D1     251s    67.46    100.00  95    N/A       N/A        0.68      0.68       46.33    N/A           24.56    36.16    3.059    4.123    136   3    0     0     63.24  86.76  N/A         N/A          0.64         0.64         86.76  68.825   1.84     19.15       15.9        130      2.4      1.24          0.57    57.35     0.54    0.62    0.92    0.46    0.90     71.50   6.11    82.33   67.48   0.79    935.40     8.71     82.49  
96   T0860TS444_1-D1     444s    67.28    100.00  96    0.49      0.49       0.68      0.68       45.59    0.31          18.77    34.18    3.046    4.298    136   0    0     0     55.88  88.97  0.24        0.24         0.43         0.43         88.97  77.157   1.95     19.33       15.9        130      2.4      1.73          0.54    52.94     0.52    0.59    0.92    0.47    0.89     70.60   6.11    79.78   63.58   0.81    935.30     8.74     31.13  
97   T0860TS251_5-D1     251s    65.81    100.00  97    N/A       N/A        0.63      0.63       45.40    N/A           24.56    34.45    3.166    4.217    136   2    0     0     56.62  88.24  N/A         N/A          0.45         0.45         88.24  64.021   2.03     19.15       15.9        129      2.5      1.38          0.58    60.29     0.55    0.63    0.92    0.45    0.89     77.40   6.11    82.15   68.52   0.78    935.60     7.84     80.68  
98   T0860TS495_2-D1     495s    63.97    100.00  98    N/A       N/A        0.56      0.56       46.14    N/A           27.82    39.35    5.136    5.886    136   0    0     0     64.71  81.62  N/A         N/A          0.69         0.69         82.35  67.788   1.76     16.90       13.3        118      2.1      1.50          0.51    44.85     0.56    0.51    0.74    0.57    0.85     62.90   4.07    64.79   59.60   0.76    798.80     21.53    83.73  
99   T0860TS251_1-D1     251s    63.79    100.00  99    0.36      0.36       0.56      0.56       42.83    0.18          23.80    32.02    3.494    4.464    136   4    0     0     50.74  80.88  0.08        0.08         0.28         0.28         80.88  59.495   2.28     19.33       14.7        129      2.9      1.65          0.57    59.56     0.54    0.62    0.92    0.47    0.89     89.20   6.11    81.46   67.61   0.74    872.10     7.28     81.00  
100  T0860TS407_5-D1     407s    50.18    100.00  100   N/A       N/A        0.08      0.08       36.77    N/A           16.86    27.96    10.433   11.266   136   4    0     0     47.06  59.56  N/A         N/A          0.17         0.17         62.50  56.46    1.97     12.58       6.9         93       2.6      3.30          0.36    24.26     0.44    0.30    0.42    1.26    0.68     43.20   5.33    45.19   42.50   0.59    471.50     82.28    49.48  
101  T0860TS407_2-D1     407s    49.82    100.00  101   N/A       N/A        0.07      0.07       35.66    N/A           17.57    27.38    17.154   17.837   136   0    0     0     47.79  60.29  N/A         N/A          0.19         0.19         61.76  57.293   1.95     12.41       8           94       2.6      2.75          0.33    23.53     0.43    0.27    0.22    1.46    0.67     56.30   5.04    41.24   40.88   0.59    473.60     316.05   50.55  
102  T0860TS407_1-D1     407s    49.45    100.00  102   -0.17     -0.17      0.06      0.06       35.11    -0.18         15.56    27.45    13.872   14.666   136   2    0     0     47.06  61.03  -0.04       -0.04        0.17         0.17         62.50  57.815   1.81     12.41       6.8         93       2.5      3.46          0.33    20.59     0.43    0.26    0.26    1.38    0.71     50.00   5.04    43.47   40.10   0.59    468.30     184.38   50.20  
103  T0860TS407_3-D1     407s    48.35    100.00  103   N/A       N/A        0.02      0.02       36.03    N/A           17.65    28.71    17.632   18.189   136   2    0     0     45.59  58.82  N/A         N/A          0.13         0.13         59.56  55.984   1.73     11.54       6.6         87       2.4      3.15          0.32    20.59     0.44    0.25    0.17    1.58    0.65     47.30   5.19    38.29   39.56   0.56    446.10     323.04   52.19  
104  T0860TS407_4-D1     407s    47.43    100.00  104   N/A       N/A        -0.01     -0.01      34.38    N/A           16.69    26.28    12.576   13.267   136   4    0     0     44.85  57.35  N/A         N/A          0.10         0.10         57.35  54.444   1.76     11.54       5.7         81       2.1      2.47          0.32    22.79     0.43    0.25    0.28    1.69    0.54     45.30   5.33    43.16   40.25   0.56    400.40     146.52   52.36  
105  T0860TS357_2-D1     357s    44.67    100.00  105   N/A       N/A        -0.11     -0.11      29.41    N/A           13.91    22.33    13.692   14.483   136   0    0     0     36.76  67.65  N/A         N/A          -0.13        -0.13        78.68  59.843   2.04     13.96       12          119      2.6      1.94          0.33    23.53     0.42    0.27    0.20    1.46    0.67     63.70   5.46    43.94   42.06   0.71    730.10     210.57   N/A    
106  T0860TS357_3-D1     357s    44.30    100.00  106   N/A       N/A        -0.12     -0.12      29.04    N/A           13.87    22.10    14.024   14.881   136   0    0     0     36.03  64.71  N/A         N/A          -0.16        -0.16        75.74  55.822   2.04     13.62       11.8        116      2.6      1.86          0.33    22.43     0.41    0.25    0.16    1.45    0.68     48.20   5.46    42.91   41.53   0.70    719.30     226.99   N/A    
107  T0860TS357_5-D1     357s    44.12    100.00  107   N/A       N/A        -0.13     -0.13      28.68    N/A           13.08    22.16    13.7     14.492   136   0    0     0     36.03  66.91  N/A         N/A          -0.16        -0.16        77.94  56.784   2.01     14.14       12.2        118      2.7      2.35          0.33    24.63     0.42    0.26    0.15    1.45    0.68     66.70   5.46    43.50   41.52   0.70    740.90     219.40   N/A    
108  T0860TS357_4-D1     357s    42.10    100.00  108   N/A       N/A        -0.20     -0.20      27.02    N/A           12.64    20.47    13.789   14.53    136   0    0     0     33.82  61.03  N/A         N/A          -0.22        -0.22        74.26  51.917   2.11     10.33       11.2        120      3.5      2.17          0.33    22.79     0.43    0.26    0.18    1.52    0.66     68.30   5.33    43.14   40.72   0.66    689.70     208.64   N/A    
109  T0860TS357_1-D1     357s    41.54    100.00  109   -0.47     -0.47      -0.22     -0.22      26.47    -0.59         11.47    19.26    14.001   14.749   136   0    0     0     37.50  66.91  -0.34       -0.34        -0.11        -0.11        80.15  59.023   2.11     13.79       12          118      2.7      2.09          0.33    22.79     0.43    0.27    0.16    1.52    0.66     61.90   5.33    42.52   41.10   0.70    730.70     217.44   N/A    
110  T0860TS345_5-D1     345s    33.46    100.00  110   N/A       N/A        -0.50     -0.50      22.43    N/A           8.53     17.45    17.658   18.024   136   7    0     0     30.15  40.44  N/A         N/A          -0.33        -0.33        43.38  34.479   2.13     7.74        2.7         71       3.7      3.19          0.19    22.79     0.37    0.20    -0.04   1.91    0.53     56.00   4.25    36.71   40.48   0.44    263.60     182.91   78.34  
111  T0860TS464_4-D1     464s    32.54    100.00  111   N/A       N/A        -0.53     -0.53      23.53    N/A           8.62     16.52    15.019   15.675   136   1    0     0     26.47  32.35  N/A         N/A          -0.44        -0.44        36.03  30.799   1.87     6.53        0.6         59       6.9      3.77          0.28    18.75     0.40    0.22    0.16    1.50    0.56     21.40   3.50    34.42   37.19   0.39    134.70     174.13   68.52  
112  T0860TS464_3-D1     464s    32.54    100.00  111   N/A       N/A        -0.53     -0.53      23.71    N/A           9.34     16.04    20.05    20.519   136   1    0     0     28.68  36.76  N/A         N/A          -0.37        -0.37        37.50  33.508   2.05     6.70        0           0        N/A      3.61          0.27    18.38     0.40    0.24    0.14    2.08    0.47     16.30   3.70    33.46   38.82   0.36    N/A        401.61   68.89  
113  T0860TS464_1-D1     464s    31.80    100.00  113   -0.83     -0.83      -0.56     -0.56      22.98    -0.76         8.14     16.39    14.571   15.273   136   4    0     0     27.94  33.09  -0.64       -0.64        -0.39        -0.39        37.50  27.69    2.17     6.53        0           0        N/A      3.80          0.28    18.38     0.40    0.22    0.16    1.54    0.55     13.80   3.50    34.68   37.03   0.40    N/A        157.65   68.62  
114  T0860TS451_3-D1     451s    18.93    100.00  114   N/A       N/A        -1.01     -1.01      10.29    N/A           1.89     4.12     16.217   16.562   136   1    0     0     10.29  22.79  N/A         N/A          -0.91        -0.91        28.68  18.893   2.66     2.21        0           0        N/A      3.14          0.24    11.40     0.38    0.15    0.12    1.85    0.51     13.70   2.83    -1.00   -1.00   0.28    N/A        184.15   N/A    
115  T0860TS479_4-D1     479s    18.57    100.00  115   N/A       N/A        -1.02     -1.02      8.64     N/A           1.92     4.51     13.629   14.103   136   0    0     0     1.47   3.68   N/A         N/A          -1.17        -1.17        30.15  21.904   2.33     1.51        1           61       5.3      3.11          0.25    3.68      0.34    0.06    0.03    1.81    0.56     49.60   1.99    32.44   25.77   0.35    150.50     145.77   42.23  
116  T0860TS451_2-D1     451s    18.02    100.00  116   N/A       N/A        -1.04     -1.04      10.29    N/A           3.71     5.54     15.984   16.25    136   1    0     0     1.47   16.91  N/A         N/A          -1.17        -1.17        30.15  19.479   2.50     2.38        0           0        N/A      2.92          0.23    8.82      0.38    0.15    0.13    1.99    0.51     32.10   1.24    35.46   31.27   0.31    N/A        177.41   N/A    
117  T0860TS183_3-D1     183s    17.83    100.00  117   N/A       N/A        -1.05     -1.05      8.46     N/A           2.01     4.14     13.624   14.112   136   0    0     0     2.21   2.94   N/A         N/A          -1.15        -1.15        30.15  22.87    2.50     3.42        1           61       5.4      3.00          0.24    3.31      0.34    0.05    0.03    1.80    0.56     46.30   2.30    32.42   25.77   0.35    120.30     145.00   42.29  
118  T0860TS451_1-D1     451s    17.46    100.00  118   -1.37     -1.37      -1.06     -1.06      9.93     -1.38         1.85     3.93     16.279   16.76    136   0    0     0     1.47   11.76  -1.47       -1.47        -1.17        -1.17        22.06  13.408   2.28     1.34        0           0        N/A      2.57          0.23    6.62      0.36    0.13    0.12    1.93    0.51     19.20   1.64    37.41   30.55   0.26    N/A        194.34   N/A    
119  T0860TS432_3-D1     432s    17.28    100.00  119   N/A       N/A        -1.06     -1.06      11.77    N/A           3.65     6.89     18.017   18.511   136   1    0     0     0.00   0.74   N/A         N/A          -1.21        -1.21        24.26  17.582   2.63     1.34        0           0        N/A      0.97          0.23    11.40     0.40    0.11    0.04    1.85    0.51     40.00   2.58    29.40   29.03   0.27    N/A        153.05   N/A    
120  T0860TS467_5-D1     467s    17.10    100.00  120   N/A       N/A        -1.07     -1.07      10.11    N/A           3.67     6.38     15.627   15.889   136   0    0     0     0.00   0.00   N/A         N/A          -1.21        -1.21        28.68  19.025   2.52     1.34        0           0        N/A      1.69          0.23    11.76     0.39    0.11    -0.03   2.00    0.52     39.90   1.64    28.35   29.01   0.26    N/A        159.71   80.44  
121  T0860TS183_4-D1     183s    17.10    100.00  120   N/A       N/A        -1.07     -1.07      9.56     N/A           1.30     5.12     15.139   15.481   136   0    0     0     1.47   12.50  N/A         N/A          -1.17        -1.17        29.41  19.894   2.65     0.99        0           0        N/A      3.53          0.25    6.25      0.37    0.07    -0.08   2.23    0.50     35.90   1.24    30.88   31.06   0.26    N/A        155.85   40.09  
122  T0860TS479_5-D1     479s    16.91    100.00  122   N/A       N/A        -1.08     -1.08      9.56     N/A           1.82     5.38     15.212   15.48    136   0    0     0     0.00   0.00   N/A         N/A          -1.21        -1.21        30.15  20.431   2.43     0.99        0           0        N/A      3.69          0.25    6.25      0.38    0.08    -0.08   2.17    0.50     32.20   1.24    30.81   30.67   0.30    N/A        156.54   39.51  
123  T0860TS321_1-D1     321s    16.54    100.00  123   -1.40     -1.40      -1.09     -1.09      10.29    -1.36         2.95     6.14     16.708   17.296   136   2    0     0     1.47   1.47   -1.47       -1.47        -1.17        -1.17        24.26  18.666   2.07     1.69        0.1         49       8.6      3.25          0.19    10.66     0.37    0.06    -0.05   2.07    0.49     46.70   1.99    27.00   25.91   0.28    109.00     239.27   26.21  
124  T0860TS180_3-D1     180s    16.54    100.00  123   N/A       N/A        -1.09     -1.09      10.11    N/A           1.86     5.40     17.234   17.911   136   1    0     0     2.94   8.09   N/A         N/A          -1.12        -1.12        27.94  19.338   2.37     1.69        0.8         46       3.5      3.37          0.17    5.15      0.37    0.11    0.04    1.83    0.50     49.40   1.99    32.03   28.85   0.26    136.20     135.39   28.11  
125  T0860TS451_4-D1     451s    16.18    100.00  125   N/A       N/A        -1.10     -1.10      9.56     N/A           1.96     5.54     16.054   16.361   136   3    0     0     1.47   16.18  N/A         N/A          -1.17        -1.17        30.15  18.719   2.89     0.99        0           0        N/A      3.09          0.24    9.93      0.37    0.13    0.09    2.03    0.49     13.80   2.30    -1.00   -1.00   0.31    N/A        188.46   N/A    
126  T0860TS451_5-D1     451s    16.18    100.00  125   N/A       N/A        -1.10     -1.10      8.27     N/A           2.30     3.61     16.078   16.478   136   0    0     0     0.00   8.82   N/A         N/A          -1.21        -1.21        22.79  14.118   2.67     1.17        0           0        N/A      2.59          0.22    6.62      0.38    0.14    0.09    2.03    0.52     32.20   1.64    36.30   32.07   0.27    N/A        218.06   N/A    
127  T0860TS284_4-D1     284s    15.81    100.00  127   N/A       N/A        -1.12     -1.12      10.29    N/A           2.24     5.09     32.497   33.398   136   1    0     0     0.00   0.00   N/A         N/A          -1.21        -1.21        27.21  21.048   2.15     2.03        0.2         44       4.5      3.60          0.19    3.68      0.34    0.04    -0.19   2.57    0.51     38.00   1.64    25.38   23.83   0.27    129.20     2018.66  N/A    
128  T0860TS432_4-D1     432s    15.62    100.00  128   N/A       N/A        -1.12     -1.12      9.37     N/A           2.42     5.53     17.382   17.593   136   1    0     0     0.00   0.00   N/A         N/A          -1.21        -1.21        30.15  19.068   2.72     1.34        0           0        N/A      1.09          0.21    6.62      0.39    0.08    -0.01   1.88    0.50     28.00   1.64    27.49   27.06   0.28    N/A        190.44   N/A    
129  T0860TS028_4-D1     028s    15.44    94.12   129   N/A       N/A        -1.13     -1.13      8.27     N/A           1.30     4.39     20.029   19.783   128   2    0     0     2.21   17.65  N/A         N/A          -1.15        -1.15        19.85  17.863   2.22     2.47        0           0        N/A      2.90          0.18    5.88      0.33    0.10    0.10    2.06    0.46     28.71   1.99    21.82   24.88   0.23    N/A        270.03   84.35  
130  T0860TS467_1-D1     467s    15.44    100.00  129   -1.44     -1.44      -1.13     -1.13      8.09     -1.47         1.55     3.22     18.289   18.647   136   0    0     0     0.74   0.00   -1.50       -1.50        -1.19        -1.19        38.97  26.236   2.40     0.48        1           56       4        1.67          0.22    4.41      0.36    0.03    -0.17   2.23    0.49     45.40   1.99    28.55   26.40   0.30    158.10     204.13   82.60  
131  T0860TS284_2-D1     284s    15.07    100.00  131   N/A       N/A        -1.14     -1.14      10.29    N/A           3.34     6.26     27.28    28.019   136   2    0     0     0.00   0.00   N/A         N/A          -1.21        -1.21        32.35  24.244   2.20     0.65        0.5         45       3.2      3.43          0.19    4.41      0.34    0.03    -0.17   2.61    0.51     45.50   1.99    22.64   23.91   0.30    141.60     1334.31  N/A    
132  T0860TS180_1-D1     180s    14.89    100.00  132   -1.46     -1.46      -1.15     -1.15      8.27     -1.46         1.20     4.03     17.311   17.582   136   1    0     0     0.00   0.00   -1.52       -1.52        -1.21        -1.21        33.09  27.943   2.12     0.48        1           48       2.7      2.94          0.17    3.68      0.34    0.04    -0.05   2.05    0.53     38.20   2.30    25.45   23.84   0.27    155.30     207.93   27.69  
133  T0860TS028_3-D1     028s    14.71    94.12   133   N/A       N/A        -1.15     -1.15      7.72     N/A           1.38     3.03     19.137   19.317   128   1    0     0     1.47   16.91  N/A         N/A          -1.17        -1.17        24.26  19.432   2.21     2.47        0           0        N/A      2.91          0.17    4.78      0.34    0.07    0.06    2.28    0.46     28.05   1.64    21.25   21.90   0.26    N/A        237.39   85.49  
134  T0860TS432_5-D1     432s    14.71    100.00  133   N/A       N/A        -1.15     -1.15      7.72     N/A           0.70     2.73     20.189   20.496   136   1    0     0     5.15   19.85  N/A         N/A          -1.06        -1.06        25.74  15.418   2.30     0.30        0           0        N/A      0.91          0.22    9.56      0.37    0.10    -0.04   2.01    0.50     33.80   1.99    27.93   28.27   0.29    N/A        280.85   N/A    
135  T0860TS284_5-D1     284s    14.71    100.00  133   N/A       N/A        -1.15     -1.15      9.93     N/A           2.80     5.83     27.392   28.19    136   0    0     0     0.00   0.00   N/A         N/A          -1.21        -1.21        32.35  24.917   2.11     0.99        0.7         45       2.6      3.55          0.19    4.04      0.35    0.05    -0.17   2.56    0.51     45.80   0.73    25.15   23.88   0.27    139.60     1298.34  N/A    
136  T0860TS026_4-D1     026s    14.52    100.00  136   N/A       N/A        -1.16     -1.16      8.46     N/A           1.92     3.20     16.651   17.051   136   1    0     0     0.00   1.47   N/A         N/A          -1.21        -1.21        31.62  19.931   2.76     0.99        0.6         42       2.8      4.09          0.22    5.51      0.35    0.09    -0.02   2.11    0.49     55.00   0.73    27.01   28.19   0.29    131.10     179.78   N/A    
137  T0860TS028_1-D1     028s    14.52    94.12   136   -1.48     -1.48      -1.16     -1.16      7.72     -1.49         0.68     2.78     19.047   19.179   128   0    0     0     1.47   17.65  -1.47       -1.47        -1.17        -1.17        24.26  19.229   2.47     1.41        0           0        N/A      2.98          0.17    5.88      0.33    0.06    0.06    2.19    0.46     27.58   1.99    22.47   21.97   0.26    N/A        224.06   86.31  
138  T0860TS180_2-D1     180s    14.52    100.00  136   N/A       N/A        -1.16     -1.16      7.35     N/A           2.05     3.59     15.96    16.417   136   2    0     0     7.35   8.09   N/A         N/A          -1.00        -1.00        28.68  21.766   2.52     0.13        0           0        N/A      2.99          0.16    5.88      0.37    0.06    0.03    2.05    0.49     39.40   1.64    24.98   24.72   0.28    N/A        170.44   22.37  
139  T0860TS028_2-D1     028s    14.52    94.12   136   N/A       N/A        -1.16     -1.16      7.72     N/A           0.06     2.67     19.217   19.337   128   2    0     0     2.94   19.12  N/A         N/A          -1.12        -1.12        25.74  19.014   2.46     2.29        0           0        N/A      3.02          0.17    5.15      0.34    0.06    0.05    2.23    0.46     28.33   1.64    21.22   21.98   0.26    N/A        236.00   86.64  
140  T0860TS380_4-D1     380s    14.52    100.00  136   N/A       N/A        -1.16     -1.16      8.46     N/A           1.92     3.20     16.651   17.051   136   1    0     0     0.00   1.47   N/A         N/A          -1.21        -1.21        31.62  19.931   2.76     0.99        0.6         42       2.8      4.09          0.22    5.51      0.35    0.09    -0.02   2.11    0.49     55.00   0.73    27.01   28.19   0.29    131.10     179.78   N/A    
141  T0860TS028_5-D1     028s    14.34    94.12   141   N/A       N/A        -1.17     -1.17      7.54     N/A           1.62     2.96     19.167   19.289   128   0    0     0     0.74   18.38  N/A         N/A          -1.19        -1.19        25.00  19.215   2.15     1.23        0           0        N/A      3.14          0.17    5.88      0.33    0.06    0.06    2.23    0.46     28.33   1.64    21.17   22.03   0.26    N/A        238.30   85.76  
142  T0860TS166_1-D1     166s    14.34    91.18   141   -1.48     -1.48      -1.17     -1.17      7.54     -1.49         1.43     3.38     16.515   16.868   124   1    0     0     8.09   16.18  -1.26       -1.26        -0.97        -0.97        27.94  16.376   2.86     -0.33       0           0        N/A      3.20          0.16    4.04      0.32    0.04    -0.01   1.96    0.49     32.19   1.64    18.31   19.67   0.28    N/A        176.69   85.00  
143  T0860TS434_4-D1     434s    14.34    100.00  141   N/A       N/A        -1.17     -1.17      7.91     N/A           1.16     3.12     14.62    14.724   136   0    0     0     3.68   13.97  N/A         N/A          -1.10        -1.10        24.26  18.232   2.89     1.34        0           0        N/A      2.62          0.21    4.04      0.37    0.06    0.05    2.14    0.49     13.00   1.24    29.34   23.50   0.27    N/A        203.61   74.32  
144  T0860TS321_5-D1     321s    13.97    100.00  144   N/A       N/A        -1.18     -1.18      8.64     N/A           1.41     3.48     18.091   18.6     136   1    0     0     0.00   4.41   N/A         N/A          -1.21        -1.21        25.74  19.974   2.20     0.48        0.3         45       11.9     3.10          0.18    10.29     0.36    0.07    -0.03   2.10    0.51     49.00   1.99    27.41   25.58   0.27    109.60     265.12   25.00  
145  T0860TS467_2-D1     467s    13.79    100.00  145   N/A       N/A        -1.19     -1.19      8.46     N/A           0.06     3.62     17.567   17.967   136   0    0     0     7.35   8.82   N/A         N/A          -1.00        -1.00        29.41  20.25    2.22     0.65        0.2         42       5.7      1.27          0.20    3.31      0.36    0.04    -0.07   2.12    0.51     45.10   2.58    27.50   25.10   0.29    81.20      202.90   81.99  
146  T0860TS432_1-D1     432s    13.79    100.00  145   -1.50     -1.50      -1.19     -1.19      8.09     -1.47         0.88     3.85     16.986   17.239   136   0    0     0     0.00   0.00   -1.52       -1.52        -1.21        -1.21        29.41  19.092   2.46     0.99        0           0        N/A      1.18          0.22    4.04      0.36    0.06    -0.07   2.11    0.46     44.30   3.29    25.73   24.90   0.26    N/A        196.46   N/A    
147  T0860TS455_1-D1     455s    13.60    100.00  147   -1.51     -1.51      -1.19     -1.19      7.54     -1.49         1.00     4.02     15.703   16.096   136   1    0     0     3.68   4.41   -1.40       -1.40        -1.10        -1.10        25.00  16.396   2.43     0.82        0.1         33       3.2      3.76          0.21    3.31      0.35    0.05    -0.06   2.05    0.49     42.50   1.99    -1.00   -1.00   0.26    85.60      157.49   88.03  
148  T0860TS321_4-D1     321s    13.60    100.00  147   N/A       N/A        -1.19     -1.19      7.90     N/A           2.76     4.99     16.415   16.708   136   2    0     0     0.00   16.18  N/A         N/A          -1.21        -1.21        24.26  18.449   2.36     0.13        0           0        N/A      3.16          0.20    9.56      0.36    0.06    0.02    2.00    0.51     48.20   1.64    27.05   25.35   0.25    N/A        171.47   21.26  
149  T0860TS455_3-D1     455s    13.60    100.00  147   N/A       N/A        -1.19     -1.19      7.17     N/A           1.10     3.10     19.012   19.201   136   0    0     0     0.00   0.00   N/A         N/A          -1.21        -1.21        26.47  16.216   2.40     0.30        0           0        N/A      3.42          0.18    3.68      0.34    0.03    -0.13   2.17    0.51     24.80   2.58    23.93   23.48   0.24    N/A        282.40   85.95  
150  T0860TS180_5-D1     180s    13.60    100.00  147   N/A       N/A        -1.19     -1.19      7.72     N/A           2.26     4.43     16.374   16.933   136   2    0     0     2.94   6.62   N/A         N/A          -1.12        -1.12        26.47  16.492   2.70     0.99        0           0        N/A      3.55          0.14    3.68      0.32    0.08    0.04    2.18    0.51     14.40   1.24    29.35   26.70   0.26    N/A        188.55   24.93  
151  T0860TS180_4-D1     180s    13.42    100.00  151   N/A       N/A        -1.20     -1.20      8.27     N/A           1.44     3.26     20.313   20.679   136   1    0     0     0.00   2.94   N/A         N/A          -1.21        -1.21        29.41  19.692   2.52     0.82        0           0        N/A      3.42          0.16    4.04      0.35    0.04    -0.10   2.25    0.49     38.70   2.83    25.66   25.29   0.28    N/A        224.48   24.83  
152  T0860TS434_3-D1     434s    13.42    100.00  151   N/A       N/A        -1.20     -1.20      7.36     N/A           1.47     3.63     18.527   18.475   136   0    0     0     2.94   3.68   N/A         N/A          -1.12        -1.12        23.53  16.467   2.70     -0.22       0           0        N/A      2.23          0.17    4.04      0.37    0.07    -0.06   2.24    0.50     11.40   3.07    -1.00   -1.00   0.25    N/A        326.91   76.04  
153  T0860TS467_3-D1     467s    13.23    100.00  153   N/A       N/A        -1.21     -1.21      7.54     N/A           2.11     3.84     16.392   16.705   136   0    0     0     0.00   2.94   N/A         N/A          -1.21        -1.21        25.00  15.856   2.52     1.17        0           0        N/A      1.71          0.23    2.94      0.35    -0.00   -0.17   2.17    0.49     61.30   1.64    -1.00   -1.00   0.28    N/A        160.82   83.96  
154  T0860TS455_5-D1     455s    13.23    100.00  153   N/A       N/A        -1.21     -1.21      7.17     N/A           0.91     2.36     19.468   19.924   136   0    0     0     0.00   0.00   N/A         N/A          -1.21        -1.21        19.12  14.997   2.81     0.48        0           0        N/A      3.41          0.20    5.15      0.34    0.04    -0.09   2.23    0.48     31.10   1.64    21.98   23.31   0.26    N/A        265.53   87.94  
155  T0860TS321_3-D1     321s    13.05    100.00  155   N/A       N/A        -1.21     -1.21      8.09     N/A           1.06     2.32     17.841   18.152   136   1    0     0     2.21   2.21   N/A         N/A          -1.15        -1.15        28.68  19.596   2.64     -0.39       0.1         55       4.8      3.16          0.19    10.66     0.36    0.06    -0.00   1.90    0.49     49.00   1.99    26.96   25.44   0.28    132.30     180.40   21.90  
156  T0860TS434_2-D1     434s    13.05    100.00  155   N/A       N/A        -1.21     -1.21      8.09     N/A           2.19     4.46     18.235   18.392   136   0    0     0     0.00   2.21   N/A         N/A          -1.21        -1.21        22.06  14.354   2.69     0.65        0           0        N/A      2.45          0.17    3.68      0.37    0.08    -0.02   2.16    0.51     12.90   1.64    27.66   24.58   0.25    N/A        284.66   76.25  
157  T0860TS467_4-D1     467s    13.05    100.00  155   N/A       N/A        -1.21     -1.21      6.99     N/A           1.16     3.34     19.653   20.047   136   0    0     0     0.00   4.41   N/A         N/A          -1.21        -1.21        33.82  22.265   2.49     0.65        0.7         58       4.1      1.84          0.20    2.21      0.34    -0.02   -0.24   2.19    0.50     42.90   1.64    22.90   21.66   0.32    132.20     343.07   84.48  
158  T0860TS016_1-D1     016s    13.05    100.00  155   -1.53     -1.53      -1.21     -1.21      7.72     -1.49         1.82     3.00     17.408   17.579   136   0    0     0     1.47   2.21   -1.47       -1.47        -1.17        -1.17        30.88  19.782   2.47     0.48        0           0        N/A      3.08          0.21    3.31      0.36    0.03    -0.13   2.02    0.50     43.90   1.99    25.67   23.98   0.29    N/A        212.32   88.67  
159  T0860TS421_4-D1     421s    12.87    100.00  159   N/A       N/A        -1.22     -1.22      7.36     N/A           1.11     3.66     20.782   21.043   136   10   0     0     0.74   0.00   N/A         N/A          -1.19        -1.19        26.47  20.479   2.27     0.30        0.8         47       6.6      4.29          0.09    4.78      0.35    0.10    0.03    2.28    0.50     22.50   3.29    28.42   25.90   0.19    101.80     400.47   N/A    
160  T0860TS434_1-D1     434s    12.87    100.00  159   -1.54     -1.54      -1.22     -1.22      8.27     -1.46         1.75     4.29     20.1     20.403   136   0    0     0     0.00   0.00   -1.52       -1.52        -1.21        -1.21        24.26  19.536   2.46     -0.04       0           0        N/A      2.74          0.17    4.04      0.37    0.04    -0.09   2.23    0.50     35.30   1.24    25.44   23.88   0.25    N/A        317.76   75.02  
161  T0860TS446_3-D1     446s    12.68    100.00  161   N/A       N/A        -1.22     -1.22      7.72     N/A           1.11     3.37     18.497   18.788   136   1    0     0     0.00   7.35   N/A         N/A          -1.21        -1.21        27.21  21.666   2.14     0.30        0.7         44       4.9      1.19          0.18    2.21      0.36    0.01    -0.14   2.68    0.49     39.00   1.99    22.27   22.92   0.27    133.90     275.23   31.61  
162  T0860TS284_3-D1     284s    12.68    100.00  161   N/A       N/A        -1.22     -1.22      6.80     N/A           1.47     3.01     55.126   54.506   136   0    0     0     0.00   4.41   N/A         N/A          -1.21        -1.21        29.41  20.234   2.52     0.13        0           0        N/A      3.23          0.17    1.84      0.33    0.02    0.10    2.54    0.53     12.90   3.07    24.83   23.48   0.26    N/A        1838.05  N/A    
163  T0860TS183_5-D1     183s    12.68    100.00  161   N/A       N/A        -1.22     -1.22      7.17     N/A           0.37     2.42     19.092   19.681   136   0    0     0     1.47   2.21   N/A         N/A          -1.17        -1.17        31.62  20.243   2.31     0.13        0.9         55       4.4      3.43          0.20    2.94      0.34    -0.01   -0.18   2.19    0.51     48.50   2.30    24.14   23.08   0.30    153.60     254.40   28.45  
164  T0860TS446_5-D1     446s    12.68    100.00  161   N/A       N/A        -1.22     -1.22      7.91     N/A           0.89     3.40     18.54    18.832   136   1    0     0     0.00   7.35   N/A         N/A          -1.21        -1.21        26.47  19.285   2.65     0.13        0.8         65       11.6     0.96          0.18    1.47      0.35    0.02    -0.12   2.70    0.48     37.40   1.64    22.34   22.67   0.29    144.70     270.62   31.48  
165  T0860TS479_3-D1     479s    12.50    100.00  165   N/A       N/A        -1.23     -1.23      6.80     N/A           0.63     2.37     19.149   19.68    136   0    0     0     0.74   2.21   N/A         N/A          -1.19        -1.19        30.15  22.68    2.38     0.30        0           0        N/A      3.25          0.20    2.94      0.34    -0.00   -0.19   2.17    0.51     51.60   2.83    24.42   24.01   0.29    N/A        260.43   25.92  
166  T0860TS446_4-D1     446s    12.50    100.00  165   N/A       N/A        -1.23     -1.23      7.72     N/A           1.50     3.73     18.919   19.204   136   1    0     0     0.00   0.00   N/A         N/A          -1.21        -1.21        30.15  22.979   2.28     0.13        0.7         61       10.7     0.96          0.19    1.47      0.36    0.02    -0.12   2.59    0.48     38.20   1.64    21.90   22.52   0.27    141.40     262.27   31.93  
167  T0860TS026_3-D1     026s    12.32    100.00  167   N/A       N/A        -1.24     -1.24      6.62     N/A           1.33     3.08     18.135   18.626   136   0    0     0     0.00   4.41   N/A         N/A          -1.21        -1.21        23.53  17.37    2.71     -0.04       0           0        N/A      4.34          0.21    2.21      0.36    0.02    -0.21   2.16    0.50     44.10   1.24    23.62   23.71   0.30    N/A        212.03   N/A    
168  T0860TS380_3-D1     380s    12.32    100.00  167   N/A       N/A        -1.24     -1.24      6.62     N/A           1.33     3.08     18.135   18.626   136   0    0     0     0.00   4.41   N/A         N/A          -1.21        -1.21        23.53  17.37    2.71     -0.04       0           0        N/A      4.34          0.21    2.21      0.36    0.02    -0.21   2.16    0.50     44.10   1.24    23.62   23.71   0.30    N/A        212.03   N/A    
169  T0860TS321_2-D1     321s    12.32    100.00  167   N/A       N/A        -1.24     -1.24      6.99     N/A           1.39     3.37     17.946   18.369   136   10   0     0     1.47   0.74   N/A         N/A          -1.17        -1.17        32.35  18.161   2.82     0.48        0           0        N/A      3.58          0.16    9.56      0.34    0.06    -0.05   2.03    0.49     50.60   1.64    29.13   27.36   0.32    N/A        175.45   22.90  
170  T0860TS026_1-D1     026s    12.13    100.00  170   -1.56     -1.56      -1.24     -1.24      7.17     -1.51         0.35     2.44     18.518   19.065   136   0    0     0     0.00   0.00   -1.52       -1.52        -1.21        -1.21        27.21  21.164   2.46     0.13        1.1         52       4        3.94          0.16    3.31      0.34    0.01    -0.19   2.38    0.51     43.40   2.30    25.58   21.41   0.29    132.30     293.96   N/A    
171  T0860TS026_2-D1     026s    12.13    100.00  170   N/A       N/A        -1.24     -1.24      7.17     N/A           0.35     2.44     18.518   19.065   136   0    0     0     0.00   0.00   N/A         N/A          -1.21        -1.21        27.21  21.164   2.46     0.13        1.1         52       4        3.94          0.16    3.31      0.34    0.01    -0.19   2.38    0.51     43.40   2.30    25.58   21.41   0.29    132.30     293.96   N/A    
172  T0860TS380_2-D1     380s    12.13    100.00  170   N/A       N/A        -1.24     -1.24      7.17     N/A           0.35     2.44     18.518   19.065   136   0    0     0     0.00   0.00   N/A         N/A          -1.21        -1.21        27.21  21.164   2.46     0.13        1.1         52       4        3.94          0.16    3.31      0.34    0.01    -0.19   2.38    0.51     43.40   2.30    25.58   21.41   0.29    132.30     293.96   N/A    
173  T0860TS380_1-D1     380s    12.13    100.00  170   -1.56     -1.56      -1.24     -1.24      7.17     -1.51         0.35     2.44     18.518   19.065   136   0    0     0     0.00   0.00   -1.52       -1.52        -1.21        -1.21        27.21  21.164   2.46     0.13        1.1         52       4        3.94          0.16    3.31      0.34    0.01    -0.19   2.38    0.51     43.40   2.30    25.58   21.41   0.29    132.30     293.96   N/A    
174  T0860TS455_4-D1     455s    11.77    100.00  174   N/A       N/A        -1.26     -1.26      6.25     N/A           1.70     3.55     17.599   18.043   136   0    0     0     1.47   4.41   N/A         N/A          -1.17        -1.17        25.74  14.396   2.69     0.48        0           0        N/A      3.63          0.21    5.51      0.34    0.03    -0.14   2.12    0.49     19.80   1.24    24.94   24.74   0.25    N/A        286.68   88.82  
175  T0860TS434_5-D1     434s    11.77    100.00  174   N/A       N/A        -1.26     -1.26      6.80     N/A           0.92     3.17     20.688   20.936   136   0    0     0     0.74   5.88   N/A         N/A          -1.19        -1.19        25.00  16.334   2.80     0.30        0           0        N/A      2.63          0.17    3.31      0.36    0.06    -0.04   2.35    0.50     11.30   1.64    24.46   23.93   0.28    N/A        334.78   74.73  
176  T0860TS432_2-D1     432s    11.58    100.00  176   N/A       N/A        -1.26     -1.26      6.62     N/A           1.16     2.40     17.795   18.296   136   0    0     0     0.00   0.00   N/A         N/A          -1.21        -1.21        26.47  19.3     2.36     -0.56       0           0        N/A      1.03          0.20    2.21      0.36    0.03    -0.08   2.30    0.49     23.10   2.83    25.83   23.89   0.26    N/A        199.04   N/A    
177  T0860TS026_5-D1     026s    11.58    100.00  176   N/A       N/A        -1.26     -1.26      6.80     N/A           1.16     2.50     18.847   19.398   136   1    0     0     0.00   5.15   N/A         N/A          -1.21        -1.21        30.15  20.822   2.63     0.65        0.4         49       4.4      3.91          0.18    2.57      0.35    -0.02   -0.26   2.31    0.50     46.60   1.24    21.40   20.68   0.29    118.20     397.72   N/A    
178  T0860TS380_5-D1     380s    11.58    100.00  176   N/A       N/A        -1.26     -1.26      6.80     N/A           1.16     2.50     18.847   19.398   136   1    0     0     0.00   5.15   N/A         N/A          -1.21        -1.21        30.15  20.822   2.63     0.65        0.4         49       4.4      3.91          0.18    2.57      0.35    -0.02   -0.26   2.31    0.50     46.60   1.24    21.40   20.68   0.29    118.20     397.72   N/A    
179  T0860TS444_2-D1     444s    11.58    100.00  176   N/A       N/A        -1.26     -1.26      6.80     N/A           1.55     3.55     20.371   20.693   136   0    0     0     1.47   3.68   N/A         N/A          -1.17        -1.17        22.06  14.672   2.71     0.13        0           0        N/A      1.75          0.19    3.31      0.36    0.02    -0.09   2.28    0.49     34.70   1.24    20.70   21.87   0.25    N/A        464.65   90.43  
180  T0860TS444_5-D1     444s    11.58    100.00  176   N/A       N/A        -1.26     -1.26      7.17     N/A           1.82     3.73     21.936   22.029   136   1    0     0     0.00   0.74   N/A         N/A          -1.21        -1.21        21.32  14.335   2.76     0.13        0           0        N/A      1.62          0.18    3.31      0.36    0.03    -0.07   2.41    0.50     34.70   1.24    19.63   21.60   0.24    N/A        517.97   90.45  
181  T0860TS464_5-D1     464s    11.58    100.00  176   N/A       N/A        -1.26     -1.26      7.72     N/A           0.62     2.99     26.475   26.596   136   3    0     0     0.00   0.00   N/A         N/A          -1.21        -1.21        16.18  12.708   2.23     -0.91       0           0        N/A      2.51          0.15    7.35      0.35    0.03    -0.05   2.71    0.48     19.90   1.24    19.22   23.54   0.18    N/A        914.79   20.60  
182  T0860TS444_4-D1     444s    11.40    100.00  182   N/A       N/A        -1.27     -1.27      6.99     N/A           1.54     3.49     21.135   21.403   136   1    0     0     0.00   0.00   N/A         N/A          -1.21        -1.21        19.85  13.699   2.67     0.13        0           0        N/A      1.63          0.18    3.31      0.37    0.05    -0.06   2.21    0.51     46.60   1.64    22.05   22.48   0.25    N/A        500.97   90.45  
183  T0860TS444_3-D1     444s    11.40    100.00  182   N/A       N/A        -1.27     -1.27      6.99     N/A           1.80     3.48     20.728   21.05    136   0    0     0     0.00   0.00   N/A         N/A          -1.21        -1.21        19.12  13.652   2.90     0.30        0           0        N/A      1.55          0.18    2.94      0.36    0.02    -0.13   2.35    0.50     36.10   0.73    19.62   20.87   0.25    N/A        499.44   90.55  
184  T0860TS464_2-D1     464s    11.03    100.00  184   N/A       N/A        -1.28     -1.28      6.80     N/A           0.94     3.36     22.633   22.777   136   1    0     0     1.47   8.82   N/A         N/A          -1.17        -1.17        24.26  17.992   2.52     -0.22       0           0        N/A      2.53          0.17    3.31      0.35    0.04    0.02    2.34    0.50     8.50    1.24    21.38   22.38   0.20    N/A        328.03   N/A    
185  T0860TS455_2-D1     455s    11.03    100.00  184   N/A       N/A        -1.28     -1.28      6.25     N/A           0.59     2.54     17.012   17.099   136   0    0     0     0.00   0.00   N/A         N/A          -1.21        -1.21        24.26  16.076   2.85     0.30        0           0        N/A      3.50          0.20    4.41      0.33    0.01    -0.10   2.31    0.50     31.10   0.73    21.87   23.22   0.27    N/A        180.31   89.47  
186  T0860TS421_5-D1     421s    10.66    77.21   186   N/A       N/A        -1.30     -1.30      6.43     N/A           1.06     2.04     18.098   18.429   105   19   0     0     0.00   2.94   N/A         N/A          -1.21        -1.21        23.53  17.176   2.45     0.15        0           0        N/A      4.61          0.04    3.68      0.25    0.02    -0.05   2.56    0.50     14.59   2.30    14.52   15.32   0.21    N/A        176.37   N/A    

