#    Model               GR#     GDT_TS   NP_P    RANK  Z-M1-GDT  Z-M1s-GDT  Z-MA-GDT  Z-MAs-GDT  GDT_HA   Z-M1s-GDT-HA  GDC_SC   GDC_ALL  RMS_CA   RMS_ALL  NP    err  PC01  PC05  AL0_P  AL4_P  Z-M1-AL0_p  Z-M1s-AL0_p  Z-MA-AL0_p   Z-MAs-AL0_p  ALI_P  LGA_S    RMSD[L]  Z-score[M]  Z-Score[D]  Al.Res.  RMSD[D]  MolPrb_Score  LDDT    SphGr     CAD_AA  RPF     CODM    DFM     Handed.  SOV     CE      QCS     CONTS   TMscore  Dali(raw)  FlexE    QSE    

1    T0873TS005_3-D1     005s    83.50    100.00  1     N/A       N/A        0.82      0.82       63.69    N/A           45.87    58.21    2.129    2.724    462   2    0     0     91.34  95.24  N/A         N/A          0.88         0.88         95.24  90.616   1.46     50.08       52.6        457      1.7      0.94          0.77    72.08     0.73    0.81    0.99    0.08    0.96     91.00   7.84    96.41   90.29   0.95    7447.80    1.81     43.68  
2    T0873TS005_2-D1     005s    83.50    100.00  1     N/A       N/A        0.82      0.82       63.31    N/A           44.29    58.00    1.999    2.656    462   3    0     0     91.56  96.32  N/A         N/A          0.89         0.89         96.32  90.516   1.44     50.20       52.5        459      1.8      0.90          0.76    70.02     0.73    0.80    0.99    0.08    0.96     88.90   7.93    96.29   89.92   0.95    7435.00    1.72     35.11  
3    T0873TS005_4-D1     005s    82.63    100.00  3     N/A       N/A        0.78      0.78       62.88    N/A           42.55    56.80    2.338    2.988    462   2    0     0     90.69  95.02  N/A         N/A          0.86         0.86         95.02  90.226   1.45     49.49       51.7        442      1.7      1.03          0.75    67.86     0.72    0.80    0.98    0.10    0.96     89.70   7.84    96.11   89.21   0.95    7174.20    1.83     33.11  
4    T0873TS005_5-D1     005s    82.52    100.00  4     N/A       N/A        0.78      0.78       63.37    N/A           43.51    56.47    2.126    2.755    462   3    0     0     91.99  96.10  N/A         N/A          0.90         0.90         96.10  90.517   1.50     50.20       52.2        458      1.8      1.08          0.77    69.81     0.73    0.81    0.99    0.09    0.96     92.80   7.93    96.19   90.14   0.95    7386.80    1.70     36.97  
5    T0873TS005_1-D1     005s    82.52    100.00  4     0.69      0.69       0.78      0.78       62.39    0.75          43.93    56.09    2.087    2.69     462   2    0     0     91.77  95.89  0.82        0.82         0.90         0.90         95.89  90.174   1.54     50.44       51.9        457      1.8      1.09          0.76    71.97     0.73    0.81    0.99    0.08    0.96     93.20   7.93    96.17   89.73   0.95    7366.80    1.68     34.71  
6    T0873TS251_1-D1     251s    80.95    100.00  6     0.61      0.61       0.72      0.72       61.52    0.70          46.79    59.27    4.633    5.107    462   4    0     0     85.28  91.56  0.61        0.61         0.70         0.70         92.21  88.049   1.33     47.01       50.6        438      1.7      1.40          0.75    68.18     0.72    0.80    0.97    0.13    0.94     91.00   7.84    94.58   87.69   0.92    7066.70    2.63     91.55  
7    T0873TS495_1-D1     495s    79.76    99.78   7     0.56      0.56       0.67      0.67       61.15    0.68          41.13    54.70    2.478    3.215    461   0    0     0     85.71  93.07  0.62        0.62         0.72         0.72         93.07  87.883   1.58     49.02       50.5        439      1.9      1.69          0.75    63.85     0.71    0.79    0.98    0.11    0.95     88.51   7.84    95.42   88.84   0.93    7166.90    2.01     92.16  
8    T0873TS495_4-D1     495s    79.71    99.78   8     N/A       N/A        0.67      0.67       60.93    N/A           41.36    54.66    2.52     3.234    461   0    0     0     85.06  92.42  N/A         N/A          0.70         0.70         92.42  87.551   1.59     48.90       50.3        439      1.9      1.56          0.75    64.61     0.72    0.79    0.98    0.11    0.95     87.41   7.84    95.51   88.98   0.93    7146.80    1.98     91.89  
9    T0873TS495_5-D1     495s    79.60    99.78   9     N/A       N/A        0.67      0.67       60.61    N/A           41.04    54.92    2.5      3.196    461   0    0     0     85.50  93.07  N/A         N/A          0.71         0.71         93.07  87.612   1.62     49.02       50.4        439      1.8      1.75          0.75    64.18     0.71    0.79    0.98    0.10    0.95     86.61   7.84    95.42   88.75   0.93    7157.40    2.00     92.06  
10   T0873TS425_4-D1     425s    79.55    100.00  10    N/A       N/A        0.67      0.67       60.93    N/A           37.70    54.55    2.842    3.448    462   3    0     0     86.15  91.99  N/A         N/A          0.73         0.73         93.94  88.121   1.52     48.43       50          453      2        3.71          0.72    60.17     0.68    0.77    0.98    0.14    0.95     84.90   7.84    94.71   87.22   0.93    7184.10    2.97     22.36  
11   T0873TS287_3-D1     287s    79.49    100.00  11    N/A       N/A        0.66      0.66       60.55    N/A           36.63    51.09    2.457    3.102    462   3    0     0     84.42  93.94  N/A         N/A          0.68         0.68         93.94  87.839   1.71     49.49       48          440      2        2.55          0.73    64.94     0.70    0.78    0.98    0.10    0.96     89.10   7.84    95.55   89.43   0.93    7013.80    1.79     87.69  
12   T0873TS425_2-D1     425s    79.49    100.00  11    N/A       N/A        0.66      0.66       60.93    N/A           37.02    54.06    2.8      3.499    462   3    0     0     86.36  92.21  N/A         N/A          0.74         0.74         94.37  88.135   1.52     48.08       50.2        451      1.9      3.73          0.72    60.28     0.68    0.77    0.98    0.15    0.95     84.40   7.84    94.97   87.62   0.93    7212.00    2.77     22.41  
13   T0873TS077_3-D1     077s    79.33    100.00  13    N/A       N/A        0.66      0.66       60.23    N/A           36.40    54.20    2.589    3.327    462   4    0     0     88.53  95.02  N/A         N/A          0.80         0.80         95.67  88.886   1.57     49.49       51.1        453      1.8      3.68          0.72    60.50     0.69    0.78    0.98    0.14    0.95     84.30   7.84    95.03   87.63   0.94    7243.80    2.76     21.47  
14   T0873TS495_2-D1     495s    79.33    99.78   13    N/A       N/A        0.66      0.66       60.34    N/A           40.13    54.00    2.516    3.245    461   0    0     0     85.28  92.64  N/A         N/A          0.70         0.70         92.64  87.374   1.60     48.79       50.2        439      1.9      1.71          0.75    63.64     0.71    0.79    0.98    0.10    0.95     87.71   7.84    95.43   88.74   0.93    7132.10    2.01     91.87  
15   T0873TS425_5-D1     425s    79.22    100.00  15    N/A       N/A        0.65      0.65       60.34    N/A           37.65    54.02    2.886    3.552    462   3    0     0     88.31  94.16  N/A         N/A          0.79         0.79         95.02  88.487   1.58     48.90       48.2        433      1.8      3.69          0.73    61.80     0.69    0.78    0.98    0.14    0.95     82.10   7.84    92.98   87.97   0.94    7046.20    2.90     22.14  
16   T0873TS425_1-D1     425s    79.11    100.00  16    0.52      0.52       0.65      0.65       59.96    0.60          36.25    53.35    2.682    3.409    462   2    0     0     86.58  93.72  0.65        0.65         0.74         0.74         94.81  88.207   1.60     49.73       50.4        453      1.9      3.61          0.73    60.61     0.68    0.77    0.98    0.14    0.95     83.60   7.84    95.31   88.05   0.93    7236.40    2.69     22.21  
17   T0873TS405_3-D1     405s    79.11    100.00  16    N/A       N/A        0.65      0.65       59.58    N/A           39.51    53.03    2.426    3.078    462   8    0     0     87.23  94.81  N/A         N/A          0.76         0.76         94.81  87.531   1.69     50.20       48.4        456      1.9      3.63          0.70    65.80     0.71    0.79    0.98    0.10    0.95     89.50   7.84    95.69   88.72   0.94    7252.40    2.71     92.50  
18   T0873TS236_3-D1     236s    79.06    100.00  18    N/A       N/A        0.65      0.65       60.39    N/A           40.47    53.52    2.86     3.496    462   3    0     0     85.50  92.64  N/A         N/A          -0.14        -0.14        92.64  87.184   1.56     49.14       48.3        436      1.8      2.61          0.73    63.53     0.70    0.78    0.98    0.11    0.95     90.30   7.84    95.43   88.84   0.93    7057.30    2.18     87.24  
19   T0873TS495_3-D1     495s    79.06    99.78   18    N/A       N/A        0.65      0.65       60.06    N/A           41.36    54.00    2.545    3.251    461   0    0     0     85.06  92.86  N/A         N/A          0.70         0.70         92.86  87.318   1.62     48.79       50.2        440      1.9      1.71          0.75    64.18     0.72    0.79    0.98    0.11    0.95     87.41   7.84    95.30   88.67   0.93    7131.00    2.06     91.80  
20   T0873TS077_1-D1     077s    78.95    100.00  20    0.52      0.52       0.64      0.64       59.85    0.60          37.83    53.77    2.705    3.397    462   3    0     0     87.66  95.45  0.68        0.68         0.77         0.77         96.10  88.329   1.66     49.26       51.2        453      1.9      3.76          0.74    63.96     0.69    0.78    0.98    0.16    0.95     87.20   7.84    94.06   88.55   0.94    7257.80    2.61     22.17  
21   T0873TS287_4-D1     287s    78.90    100.00  21    N/A       N/A        0.64      0.64       59.42    N/A           38.15    51.60    2.566    3.238    462   3    0     0     86.58  94.37  N/A         N/A          0.74         0.74         94.37  87.512   1.67     49.38       52.3        456      2.1      2.63          0.72    64.07     0.70    0.78    0.98    0.10    0.95     89.40   7.84    95.77   89.69   0.93    7297.20    1.82     89.02  
22   T0873TS287_1-D1     287s    78.90    100.00  21    0.51      0.51       0.64      0.64       59.74    0.59          38.24    51.93    2.661    3.341    462   3    0     0     86.36  93.51  0.64        0.64         0.74         0.74         93.51  87.088   1.67     49.14       52.3        442      2        2.57          0.73    65.80     0.71    0.79    0.98    0.10    0.95     89.20   7.84    95.67   89.78   0.93    7153.40    1.81     88.61  
23   T0873TS407_2-D1     407s    78.79    100.00  23    N/A       N/A        0.64      0.64       58.66    N/A           33.29    49.38    2.452    3.092    462   3    0     0     86.15  94.37  N/A         N/A          -1.81        -1.81        94.37  87.725   1.70     50.08       50.8        455      2        2.64          0.72    58.01     0.68    0.76    0.98    0.10    0.95     89.61   7.93    95.21   87.93   0.93    7102.00    2.32     22.67  
24   T0873TS220_3-D1     220s    78.79    100.00  23    N/A       N/A        0.64      0.64       60.50    N/A           41.82    52.70    3.045    3.572    462   4    0     0     85.28  91.99  N/A         N/A          0.70         0.70         92.86  86.698   1.55     47.72       48.5        447      2.1      1.85          0.73    63.20     0.71    0.76    0.96    0.19    0.94     88.40   7.84    94.57   85.34   0.92    6877.90    3.17     31.44  
25   T0873TS452_4-D1     452s    78.68    100.00  25    N/A       N/A        0.63      0.63       59.96    N/A           35.03    51.27    2.649    3.511    462   4    0     0     83.55  93.72  N/A         N/A          0.65         0.65         94.16  87.411   1.63     49.85       49.3        456      2.2      3.25          0.69    52.27     0.66    0.74    0.98    0.15    0.95     90.00   7.93    94.48   85.98   0.93    7106.50    2.77     89.02  
26   T0873TS077_5-D1     077s    78.68    100.00  25    N/A       N/A        0.63      0.63       59.63    N/A           37.45    53.43    2.774    3.456    462   4    0     0     86.15  93.51  N/A         N/A          0.73         0.73         94.16  87.457   1.55     48.79       50.4        452      1.9      3.81          0.73    61.69     0.69    0.78    0.98    0.15    0.95     86.20   7.84    94.34   88.61   0.93    7246.10    2.39     22.59  
27   T0873TS077_2-D1     077s    78.63    100.00  27    N/A       N/A        0.63      0.63       59.74    N/A           36.46    53.86    2.869    3.536    462   6    0     0     88.10  94.37  N/A         N/A          0.79         0.79         95.89  88.634   1.59     49.38       48.5        435      1.9      3.86          0.72    59.74     0.68    0.77    0.96    0.17    0.95     85.90   7.84    93.18   88.15   0.94    7084.20    2.77     22.05  
28   T0873TS313_3-D1     313s    78.63    100.00  27    N/A       N/A        0.63      0.63       59.79    N/A           39.58    53.17    3.167    3.828    462   0    0     0     84.20  91.56  N/A         N/A          0.67         0.67         92.42  86.58    1.58     47.60       51.8        453      2.7      2.00          0.74    61.80     0.70    0.78    0.98    0.12    0.95     88.60   7.84    94.93   87.97   0.92    7221.80    2.36     27.71  
29   T0873TS425_3-D1     425s    78.57    100.00  29    N/A       N/A        0.63      0.63       59.58    N/A           36.58    53.10    2.989    3.73     462   2    0     0     87.23  94.37  N/A         N/A          0.76         0.76         95.24  87.924   1.63     48.67       48          451      1.9      3.69          0.73    61.90     0.68    0.77    0.98    0.14    0.95     87.90   7.84    94.06   87.89   0.93    7186.80    3.05     22.59  
30   T0873TS220_2-D1     220s    78.52    100.00  30    N/A       N/A        0.63      0.63       60.34    N/A           41.41    51.31    3.134    3.666    462   3    0     0     83.98  91.99  N/A         N/A          0.67         0.67         91.99  86.192   1.61     46.78       45.1        447      2.2      1.83          0.73    64.39     0.71    0.76    0.96    0.19    0.95     88.30   7.74    94.54   85.32   0.92    6765.70    3.31     32.15  
31   T0873TS236_1-D1     236s    78.46    100.00  31    0.49      0.49       0.62      0.62       59.20    0.55          38.89    51.47    2.637    3.282    462   3    0     0     85.93  93.29  0.63        0.63         0.72         0.72         93.29  86.718   1.71     49.26       52.1        458      2.4      2.63          0.74    67.53     0.71    0.79    0.98    0.10    0.95     92.80   7.84    95.80   89.70   0.93    7260.00    1.84     88.76  
32   T0873TS220_1-D1     220s    78.41    100.00  32    0.49      0.49       0.62      0.62       59.85    0.60          42.99    52.52    3.059    3.621    462   4    0     0     84.85  91.13  0.59        0.59         0.69         0.69         91.99  86.495   1.65     46.66       45.7        426      1.8      1.72          0.74    65.48     0.71    0.76    0.97    0.18    0.95     88.70   7.84    94.88   85.93   0.92    6690.30    3.05     32.10  
33   T0873TS446_3-D1     446s    78.41    100.00  32    N/A       N/A        0.62      0.62       58.06    N/A           39.93    51.11    2.372    3.077    462   1    0     0     85.06  93.51  N/A         N/A          0.70         0.70         93.51  87.141   1.76     49.49       50.7        459      2.1      1.07          0.74    59.20     0.71    0.77    0.99    0.11    0.95     85.80   7.93    94.32   87.15   0.93    7140.20    2.28     90.30  
34   T0873TS287_5-D1     287s    78.41    100.00  32    N/A       N/A        0.62      0.62       58.98    N/A           38.43    52.66    2.775    3.397    462   2    0     0     86.15  93.51  N/A         N/A          0.73         0.73         93.72  87.072   1.63     49.14       48.9        438      1.8      2.60          0.73    65.91     0.70    0.78    0.98    0.10    0.95     91.40   7.84    95.64   89.76   0.93    7151.00    1.78     87.81  
35   T0873TS220_5-D1     220s    78.41    100.00  32    N/A       N/A        0.62      0.62       60.72    N/A           41.76    51.72    3.219    3.741    462   4    0     0     84.20  90.48  N/A         N/A          0.67         0.67         91.77  86.136   1.63     46.31       47.3        445      2.1      1.90          0.74    66.02     0.72    0.76    0.96    0.18    0.94     90.50   7.84    94.74   85.67   0.92    6841.00    3.20     32.41  
36   T0873TS250_2-D1     250s    78.25    100.00  36    N/A       N/A        0.62      0.62       60.61    N/A           41.85    55.38    6.418    6.907    462   0    0     0     85.93  91.56  N/A         N/A          0.72         0.72         91.56  85.901   1.56     47.13       48.8        438      1.9      1.78          0.75    66.02     0.71    0.78    0.93    0.18    0.93     92.90   7.93    94.26   88.42   0.91    7136.80    2.21     91.39  
37   T0873TS407_4-D1     407s    78.25    100.00  36    N/A       N/A        0.62      0.62       58.93    N/A           35.52    51.27    2.431    3.185    462   4    0     0     85.28  94.16  N/A         N/A          -1.82        -1.82        94.16  87.426   1.71     49.73       50          454      2.1      2.49          0.71    58.87     0.68    0.77    0.98    0.11    0.95     87.51   7.84    94.94   87.77   0.93    7005.00    2.30     22.84  
38   T0873TS313_5-D1     313s    78.19    100.00  38    N/A       N/A        0.61      0.61       59.52    N/A           39.70    53.17    3.205    3.789    462   0    0     0     83.98  91.34  N/A         N/A          0.67         0.67         92.21  86.414   1.54     47.84       50.5        439      1.9      1.98          0.74    62.55     0.71    0.78    0.98    0.12    0.95     88.90   7.84    94.91   87.96   0.92    7145.30    2.37     27.87  
39   T0873TS405_2-D1     405s    78.14    100.00  39    N/A       N/A        0.61      0.61       58.71    N/A           38.23    53.08    4.156    4.619    462   2    0     0     85.93  93.07  N/A         N/A          0.72         0.72         93.29  86.863   1.56     48.55       50.1        442      1.9      3.05          0.74    63.64     0.70    0.79    0.98    0.11    0.94     89.80   7.84    94.66   88.88   0.92    7097.40    1.93     92.21  
40   T0873TS405_1-D1     405s    78.14    100.00  39    0.48      0.48       0.61      0.61       58.71    0.52          38.23    53.08    4.156    4.619    462   2    0     0     85.93  93.07  0.63        0.63         0.72         0.72         93.29  86.863   1.56     48.55       50.1        442      1.9      3.05          0.74    63.64     0.70    0.79    0.98    0.11    0.94     89.80   7.84    94.66   88.88   0.92    7097.40    1.93     92.21  
41   T0873TS446_2-D1     446s    78.08    100.00  41    N/A       N/A        0.61      0.61       58.87    N/A           41.91    54.74    2.23     2.814    462   1    0     0     86.36  95.24  N/A         N/A          0.74         0.74         95.24  87.41    1.70     50.32       47.2        459      2.1      1.16          0.74    66.88     0.71    0.79    0.99    0.10    0.95     92.70   7.93    94.60   87.94   0.94    7061.70    1.69     89.84  
42   T0873TS250_5-D1     250s    78.03    100.00  42    N/A       N/A        0.61      0.61       60.01    N/A           40.30    53.93    6.242    6.701    462   0    0     0     85.50  91.56  N/A         N/A          0.71         0.71         92.21  86.222   1.57     47.13       48.7        441      2        1.69          0.74    63.31     0.71    0.77    0.92    0.21    0.93     91.50   7.84    94.03   88.24   0.91    7134.60    2.36     91.39  
43   T0873TS405_4-D1     405s    78.03    100.00  42    N/A       N/A        0.61      0.61       58.82    N/A           38.44    53.31    4.317    4.778    462   2    0     0     86.15  92.42  N/A         N/A          0.73         0.73         92.86  86.856   1.57     48.20       51.1        455      3.8      2.83          0.74    64.83     0.70    0.79    0.98    0.11    0.94     91.10   7.84    94.64   88.77   0.92    7154.00    1.94     92.12  
44   T0873TS464_3-D1     464s    77.92    100.00  44    N/A       N/A        0.60      0.60       58.55    N/A           35.82    52.67    2.504    3.218    462   4    0     0     83.55  93.72  N/A         N/A          0.65         0.65         94.16  87.527   1.63     49.61       50.2        458      2.3      3.19          0.73    58.01     0.68    0.77    0.98    0.12    0.95     86.30   7.84    94.60   88.15   0.93    7226.20    2.13     22.89  
45   T0873TS446_4-D1     446s    77.92    100.00  44    N/A       N/A        0.60      0.60       57.47    N/A           40.76    52.14    2.532    3.201    462   1    0     0     84.63  93.72  N/A         N/A          0.68         0.68         93.72  86.064   1.66     49.26       49.8        453      2        1.40          0.74    63.53     0.70    0.78    0.98    0.11    0.96     86.00   7.93    94.76   86.50   0.93    7054.80    2.78     89.90  
46   T0873TS407_1-D1     407s    77.92    100.00  44    0.47      0.47       0.60      0.60       57.69    0.46          34.74    48.87    2.357    3.014    462   4    0     0     85.71  96.10  -2.16       -2.16        -1.82        -1.82        96.10  87.639   1.78     49.61       49.4        457      2.1      2.36          0.72    60.50     0.69    0.77    0.98    0.09    0.95     87.31   7.93    95.32   88.31   0.93    7131.10    2.12     22.74  
47   T0873TS250_3-D1     250s    77.92    100.00  44    N/A       N/A        0.60      0.60       60.12    N/A           41.35    54.72    6.345    6.815    462   0    0     0     85.50  91.99  N/A         N/A          0.71         0.71         91.99  85.885   1.58     47.84       48.7        440      1.9      1.77          0.75    65.48     0.72    0.78    0.92    0.20    0.93     91.30   7.84    94.07   88.19   0.91    7136.50    2.37     91.29  
48   T0873TS250_4-D1     250s    77.92    100.00  44    N/A       N/A        0.60      0.60       60.01    N/A           42.11    54.24    6.327    6.777    462   0    0     0     85.28  92.21  N/A         N/A          0.70         0.70         92.21  86.157   1.62     47.25       48.6        440      2        1.69          0.75    66.23     0.71    0.78    0.92    0.20    0.93     91.50   7.84    93.99   88.20   0.91    7121.40    2.38     91.24  
49   T0873TS464_1-D1     464s    77.92    100.00  44    0.47      0.47       0.60      0.60       58.55    0.51          35.82    52.67    2.504    3.218    462   4    0     0     83.55  93.72  0.55        0.55         0.65         0.65         94.16  87.527   1.63     49.61       50.2        458      2.3      3.19          0.73    58.01     0.68    0.77    0.98    0.12    0.95     86.30   7.84    94.60   88.15   0.93    7226.20    2.13     22.89  
50   T0873TS464_4-D1     464s    77.92    100.00  44    N/A       N/A        0.60      0.60       58.66    N/A           36.27    52.44    2.876    3.495    462   3    0     0     83.55  92.64  N/A         N/A          0.65         0.65         92.86  86.849   1.70     49.14       50.1        455      2.4      3.26          0.72    56.39     0.68    0.77    0.98    0.12    0.95     89.10   7.84    94.48   88.00   0.93    7205.50    2.14     23.50  
51   T0873TS220_4-D1     220s    77.87    100.00  51    N/A       N/A        0.60      0.60       59.74    N/A           43.82    52.90    3.219    3.819    462   3    0     0     84.20  90.91  N/A         N/A          0.67         0.67         91.99  86.057   1.65     46.42       46.2        446      2.1      2.03          0.75    64.18     0.72    0.77    0.96    0.19    0.94     89.60   7.74    94.77   85.96   0.92    6917.40    3.14     32.16  
52   T0873TS250_1-D1     250s    77.87    100.00  51    0.46      0.46       0.60      0.60       59.96    0.60          41.40    55.10    6.246    6.754    462   0    0     0     85.71  91.56  0.62        0.62         0.72         0.72         91.56  85.9     1.58     47.84       48.7        439      2        1.71          0.75    64.72     0.71    0.78    0.93    0.19    0.93     91.20   7.84    94.10   88.07   0.91    7127.20    2.39     91.36  
53   T0873TS275_2-D1     275s    77.71    100.00  53    N/A       N/A        0.60      0.60       58.55    N/A           37.32    51.78    2.991    3.65     462   4    0     0     83.98  91.99  N/A         N/A          0.67         0.67         92.64  85.947   1.66     48.90       51.4        450      2.1      2.87          0.74    62.88     0.70    0.78    0.98    0.15    0.95     87.70   7.84    94.63   87.41   0.92    7176.70    2.86     N/A    
54   T0873TS405_5-D1     405s    77.60    100.00  54    N/A       N/A        0.59      0.59       58.12    N/A           38.33    52.91    4.152    4.602    462   2    0     0     85.93  92.86  N/A         N/A          0.72         0.72         92.86  86.647   1.59     48.20       51.4        453      3.7      3.17          0.74    63.64     0.70    0.80    0.98    0.11    0.94     90.70   7.93    94.66   88.88   0.92    7150.60    1.89     92.09  
55   T0873TS287_2-D1     287s    77.44    100.00  55    N/A       N/A        0.58      0.58       58.17    N/A           38.80    51.69    2.905    3.517    462   3    0     0     85.50  92.42  N/A         N/A          0.71         0.71         93.07  85.812   1.67     49.14       52.1        456      2.5      2.64          0.73    66.67     0.71    0.79    0.98    0.10    0.95     91.40   7.84    95.50   89.63   0.92    7263.40    1.82     87.91  
56   T0873TS313_2-D1     313s    77.44    100.00  55    N/A       N/A        0.58      0.58       58.77    N/A           38.91    52.33    3.217    3.843    462   0    0     0     83.55  91.34  N/A         N/A          0.65         0.65         92.21  85.898   1.60     47.72       50.3        454      2.8      2.03          0.74    62.23     0.71    0.78    0.98    0.12    0.95     89.00   7.84    94.80   87.89   0.92    7208.70    2.39     28.16  
57   T0873TS479_1-D1     479s    77.38    100.00  57    0.44      0.44       0.58      0.58       57.85    0.47          35.14    50.84    2.629    3.29     462   0    0     0     84.85  93.51  0.59        0.59         0.69         0.69         93.51  86.581   1.70     48.90       47.5        441      2        2.63          0.71    57.90     0.69    0.77    0.98    0.10    0.95     88.20   7.93    95.40   89.10   0.93    6955.50    1.84     91.17  
58   T0873TS313_4-D1     313s    77.38    100.00  57    N/A       N/A        0.58      0.58       58.23    N/A           39.52    52.54    3.218    3.852    462   0    0     0     83.98  91.34  N/A         N/A          0.67         0.67         92.21  85.984   1.59     47.84       51.7        439      1.9      2.00          0.74    61.04     0.71    0.78    0.98    0.12    0.95     88.60   7.84    94.83   87.85   0.92    7108.10    2.40     28.12  
59   T0873TS275_1-D1     275s    77.38    100.00  57    0.44      0.44       0.58      0.58       58.17    0.49          41.67    53.33    3.186    3.788    462   5    0     0     84.20  91.77  0.57        0.57         0.67         0.67         92.21  85.743   1.62     47.01       49.5        451      2.5      2.69          0.74    65.15     0.71    0.78    0.98    0.15    0.95     85.70   7.84    94.63   86.93   0.92    7130.00    2.95     N/A    
60   T0873TS313_1-D1     313s    77.22    100.00  60    0.43      0.43       0.58      0.58       58.01    0.48          39.52    52.35    3.213    3.828    462   0    0     0     82.90  91.13  0.53        0.53         0.63         0.63         91.99  85.946   1.60     47.72       51.8        439      1.9      1.97          0.74    62.66     0.71    0.78    0.98    0.12    0.95     89.00   7.84    94.81   87.83   0.92    7123.80    2.37     28.27  
61   T0873TS236_4-D1     236s    77.17    100.00  61    N/A       N/A        0.57      0.57       58.06    N/A           38.00    51.48    2.89     3.588    462   4    0     0     83.55  91.99  N/A         N/A          0.65         0.65         92.64  85.619   1.63     48.08       52          440      1.9      3.19          0.74    61.58     0.70    0.78    0.98    0.13    0.95     88.50   7.84    95.19   88.03   0.92    7157.30    2.38     88.43  
62   T0873TS345_2-D1     345s    76.95    100.00  62    N/A       N/A        0.57      0.57       56.98    N/A           38.15    52.59    3.089    3.777    462   0    0     0     84.20  91.56  N/A         N/A          0.67         0.67         92.21  86.004   1.61     48.90       50.6        453      2.4      2.77          0.71    62.88     0.68    0.77    0.98    0.14    0.95     86.30   7.84    94.18   86.63   0.92    7068.80    2.95     85.48  
63   T0873TS236_5-D1     236s    76.95    100.00  62    N/A       N/A        0.57      0.57       57.47    N/A           37.00    49.40    2.732    3.372    462   3    0     0     83.77  92.64  N/A         N/A          0.66         0.66         92.64  85.913   1.77     48.08       51.4        455      2.3      2.63          0.73    64.50     0.70    0.78    0.98    0.10    0.95     92.20   7.84    95.35   88.83   0.92    7219.50    2.22     89.18  
64   T0873TS345_4-D1     345s    76.84    100.00  64    N/A       N/A        0.56      0.56       57.74    N/A           39.08    52.95    3.466    3.998    462   1    0     0     83.98  91.56  N/A         N/A          0.67         0.67         91.77  85.125   1.57     49.73       47          437      2        2.62          0.71    63.96     0.69    0.77    0.98    0.11    0.95     89.60   7.93    94.71   87.62   0.91    6877.40    2.52     85.97  
65   T0873TS119_1-D1     119s    76.84    100.00  64    0.41      0.41       0.56      0.56       57.79    0.47          40.02    53.03    3.237    3.783    462   9    0     0     83.77  91.13  0.56        0.56         0.66         0.66         91.99  85.501   1.60     47.72       50.8        453      2.6      3.57          0.68    62.45     0.70    0.79    0.98    0.12    0.95     88.20   7.84    94.68   87.48   0.92    7161.30    2.79     56.39  
66   T0873TS349_1-D1     349s    76.84    100.00  64    0.41      0.41       0.56      0.56       57.79    0.47          39.85    52.86    3.237    3.844    462   9    0     0     83.77  91.13  0.56        0.56         0.66         0.66         91.99  85.501   1.60     47.72       49.9        453      2.6      2.84          0.71    61.47     0.70    0.78    0.98    0.12    0.95     88.20   7.84    94.68   87.48   0.92    7161.30    2.79     56.39  
67   T0873TS183_1-D1     183s    76.79    100.00  67    0.41      0.41       0.56      0.56       57.25    0.43          34.98    50.65    2.584    3.225    462   0    0     0     83.98  93.29  0.56        0.56         0.67         0.67         93.29  86.319   1.74     49.14       49.3        441      2        2.52          0.72    59.85     0.69    0.77    0.98    0.10    0.95     88.70   7.84    95.37   88.97   0.93    6906.10    1.86     91.63  
68   T0873TS382_1-D1     382s    76.79    100.00  67    0.41      0.41       0.56      0.56       58.39    0.50          39.79    54.08    4.05     4.558    462   6    0     0     83.12  90.91  0.54        0.54         0.64         0.64         90.91  85.218   1.58     46.66       49.3        451      3.6      1.75          0.73    59.85     0.69    0.76    0.97    0.15    0.94     89.30   7.84    94.39   86.89   0.91    7055.80    2.86     N/A    
69   T0873TS345_3-D1     345s    76.73    100.00  69    N/A       N/A        0.56      0.56       56.82    N/A           36.15    51.50    3.047    3.798    462   0    0     0     84.42  92.86  N/A         N/A          0.68         0.68         93.29  86.409   1.68     48.08       50.1        452      2.3      2.73          0.70    58.55     0.67    0.76    0.98    0.14    0.94     85.40   7.84    93.99   85.97   0.92    7032.50    3.13     85.47  
70   T0873TS258_1-D1     258s    76.68    100.00  70    0.41      0.41       0.56      0.56       56.82    0.41          32.01    48.71    2.901    3.575    462   2    0     0     84.63  93.94  0.59        0.59         0.68         0.68         93.94  86.423   1.71     49.73       47.9        433      1.9      3.55          0.69    52.27     0.65    0.75    0.97    0.13    0.95     81.80   7.84    94.02   86.29   0.93    6668.70    3.23     23.41  
71   T0873TS407_3-D1     407s    76.68    100.00  70    N/A       N/A        0.56      0.56       56.60    N/A           33.37    48.30    2.856    3.511    462   13   0     0     83.55  93.72  N/A         N/A          0.28         0.28         93.72  85.834   1.81     49.02       46.1        450      2.1      3.08          0.68    53.35     0.66    0.74    0.96    0.17    0.94     82.32   7.84    94.35   85.00   0.92    6917.50    2.92     24.25  
72   T0873TS421_1-D1     421s    76.62    99.78   72    0.40      0.40       0.55      0.55       56.71    0.40          33.37    48.95    2.713    3.495    461   0    0     0     85.06  94.16  -2.14       -2.14        -1.80        -1.80        94.59  86.303   1.75     48.31       49.5        452      2        4.02          0.43    51.19     0.63    0.75    0.97    0.13    0.95     76.53   7.84    94.60   85.78   0.93    6934.60    2.74     N/A    
73   T0873TS382_4-D1     382s    76.57    100.00  73    N/A       N/A        0.55      0.55       57.79    N/A           40.27    53.92    4.366    4.829    462   5    0     0     83.12  90.26  N/A         N/A          0.64         0.64         90.69  85.173   1.56     46.42       47.7        435      1.9      1.71          0.73    60.17     0.69    0.76    0.97    0.16    0.94     89.10   7.84    94.35   86.79   0.91    6971.40    2.89     N/A    
74   T0873TS258_3-D1     258s    76.57    100.00  73    N/A       N/A        0.55      0.55       56.76    N/A           33.37    48.60    2.972    3.709    462   2    0     0     85.28  92.64  N/A         N/A          0.70         0.70         93.07  85.417   1.62     48.55       49.4        452      2.2      3.39          0.70    53.03     0.65    0.76    0.97    0.13    0.95     83.60   7.84    94.89   86.36   0.92    6996.60    2.72     24.41  
75   T0873TS382_3-D1     382s    76.52    100.00  75    N/A       N/A        0.55      0.55       57.85    N/A           39.29    53.12    4.264    4.724    462   5    0     0     83.33  90.48  N/A         N/A          0.65         0.65         90.91  85.144   1.58     46.78       47.6        435      1.9      1.81          0.72    59.63     0.68    0.76    0.97    0.15    0.94     89.00   7.84    94.24   86.64   0.91    6957.10    2.87     N/A    
76   T0873TS382_5-D1     382s    76.46    100.00  76    N/A       N/A        0.55      0.55       58.12    N/A           40.11    53.87    4.097    4.556    462   6    0     0     83.98  90.91  N/A         N/A          0.67         0.67         90.91  85.149   1.57     46.42       47.5        451      3.6      1.72          0.72    59.20     0.68    0.76    0.97    0.15    0.94     89.10   7.84    94.43   86.70   0.91    7030.30    2.90     N/A    
77   T0873TS236_2-D1     236s    76.41    100.00  77    N/A       N/A        0.54      0.54       56.71    N/A           37.97    51.27    3.049    3.553    462   2    0     0     84.63  91.99  N/A         N/A          0.68         0.68         92.21  85.625   1.75     48.79       50.5        456      2.7      3.06          0.75    67.32     0.72    0.80    0.98    0.10    0.95     91.80   7.84    95.21   89.62   0.92    7246.60    1.76     87.65  
78   T0873TS382_2-D1     382s    76.35    100.00  78    N/A       N/A        0.54      0.54       57.63    N/A           39.62    53.71    4.302    4.81     462   4    0     0     83.55  90.48  N/A         N/A          0.65         0.65         90.91  85.091   1.56     46.42       47.7        441      2.2      1.75          0.73    60.82     0.68    0.76    0.97    0.15    0.94     90.40   7.84    94.31   86.83   0.91    7003.10    2.87     N/A    
79   T0873TS446_1-D1     446s    76.30    100.00  79    0.39      0.39       0.54      0.54       55.63    0.33          40.97    52.41    2.446    3.089    462   1    0     0     82.47  91.13  0.52        0.52         0.62         0.62         91.13  84.869   1.68     50.44       49.1        437      2        0.62          0.73    64.94     0.70    0.78    0.98    0.10    0.95     91.10   7.84    93.89   87.35   0.93    6713.30    1.80     88.52  
80   T0873TS359_5-D1     359s    76.30    100.00  79    N/A       N/A        0.54      0.54       56.60    N/A           35.34    48.35    2.73     3.29     462   2    0     0     81.82  92.86  N/A         N/A          0.60         0.60         93.07  85.606   1.80     49.97       49.4        454      2.4      3.02          0.70    62.12     0.68    0.75    0.98    0.11    0.95     93.90   7.84    94.50   87.63   0.92    6936.00    2.14     24.69  
81   T0873TS028_1-D1     028s    75.97    100.00  81    0.37      0.37       0.53      0.53       57.47    0.45          37.48    52.58    4.29     4.892    462   6    0     0     82.68  89.61  0.52        0.52         0.63         0.63         91.34  84.966   1.64     45.71       50.4        446      2.9      3.00          0.73    60.06     0.69    0.76    0.97    0.16    0.93     87.20   7.84    93.00   86.16   0.90    7058.70    3.41     25.79  
82   T0873TS258_2-D1     258s    75.92    100.00  82    N/A       N/A        0.53      0.53       55.74    N/A           34.52    50.90    3.241    3.992    462   0    0     0     84.42  91.77  N/A         N/A          0.68         0.68         92.86  85.186   1.62     48.08       48.4        449      2.3      3.44          0.69    51.84     0.65    0.75    0.97    0.14    0.95     80.70   7.84    94.23   85.41   0.92    6837.90    3.40     24.15  
83   T0873TS421_4-D1     421s    75.87    100.00  83    N/A       N/A        0.52      0.52       56.06    N/A           32.27    49.55    2.998    3.818    462   9    0     0     83.55  92.86  N/A         N/A          0.52         0.52         93.94  85.818   1.69     49.49       48.2        433      2        4.14          0.42    48.16     0.62    0.73    0.97    0.15    0.94     78.40   7.84    92.66   85.16   0.92    6628.70    4.33     N/A    
84   T0873TS345_5-D1     345s    75.87    100.00  83    N/A       N/A        0.52      0.52       55.84    N/A           34.78    48.02    2.993    3.659    462   1    0     0     82.47  91.56  N/A         N/A          0.62         0.62         91.56  85.218   1.78     49.02       46.7        436      2        2.66          0.69    63.53     0.69    0.76    0.98    0.11    0.95     88.10   7.84    94.74   87.87   0.92    6836.60    2.39     87.60  
85   T0873TS345_1-D1     345s    75.81    100.00  85    0.36      0.36       0.52      0.52       55.14    0.30          34.91    49.10    3.079    3.695    462   0    0     0     82.47  91.34  0.52        0.52         0.62         0.62         91.99  85.031   1.72     49.61       46.8        436      2.1      2.69          0.69    60.50     0.68    0.76    0.98    0.11    0.95     89.00   7.93    94.56   87.55   0.92    6855.50    2.91     86.81  
86   T0873TS452_2-D1     452s    75.65    100.00  86    N/A       N/A        0.52      0.52       56.44    N/A           36.39    51.95    3.336    4.068    462   5    0     0     83.98  92.21  N/A         N/A          0.67         0.67         93.51  85.758   1.62     46.78       47.9        448      2.1      3.26          0.69    57.14     0.67    0.75    0.97    0.16    0.94     85.30   7.84    94.05   85.08   0.92    6908.20    3.53     87.92  
87   T0873TS359_3-D1     359s    75.65    100.00  86    N/A       N/A        0.52      0.52       55.84    N/A           38.66    49.03    2.683    3.151    462   3    0     0     83.12  93.72  N/A         N/A          0.64         0.64         93.72  85.268   1.76     49.73       49.1        453      2.3      3.01          0.71    67.21     0.69    0.76    0.98    0.11    0.95     90.60   7.84    94.44   87.97   0.92    6912.50    2.20     24.32  
88   T0873TS359_4-D1     359s    75.65    100.00  86    N/A       N/A        0.52      0.52       55.84    N/A           38.66    49.03    2.683    3.151    462   3    0     0     83.12  93.72  N/A         N/A          0.64         0.64         93.72  85.268   1.76     49.73       49.1        453      2.3      3.01          0.71    67.21     0.69    0.76    0.98    0.11    0.95     90.60   7.84    94.44   87.97   0.92    6912.50    2.20     24.32  
89   T0873TS275_3-D1     275s    75.43    100.00  89    N/A       N/A        0.51      0.51       56.49    N/A           39.50    52.33    4.077    4.604    462   3    0     0     83.33  90.48  N/A         N/A          0.65         0.65         90.69  84.636   1.73     45.60       50.7        451      3.5      2.84          0.74    64.07     0.70    0.78    0.97    0.15    0.94     85.70   7.84    94.30   87.00   0.90    7083.60    2.99     N/A    
90   T0873TS407_5-D1     407s    75.27    100.00  90    N/A       N/A        0.50      0.50       55.03    N/A           31.17    44.15    3.179    3.919    462   5    0     0     80.52  90.69  N/A         N/A          0.56         0.56         90.69  83.147   1.86     49.49       48          454      2.6      2.42          0.70    56.82     0.67    0.75    0.98    0.15    0.94     79.83   7.84    94.35   85.50   0.91    6774.70    3.03     26.77  
91   T0873TS359_2-D1     359s    75.27    100.00  90    N/A       N/A        0.50      0.50       55.25    N/A           35.73    46.71    2.736    3.175    462   2    0     0     82.68  93.29  N/A         N/A          0.63         0.63         93.29  85.036   1.84     49.61       48.8        451      2.2      3.10          0.69    63.64     0.68    0.75    0.98    0.11    0.95     90.70   7.84    94.31   87.48   0.92    6852.90    2.26     24.79  
92   T0873TS359_1-D1     359s    75.27    100.00  90    0.34      0.34       0.50      0.50       55.25    0.31          35.73    46.71    2.736    3.175    462   2    0     0     82.68  93.29  0.52        0.52         0.63         0.63         93.29  85.036   1.84     49.61       48.8        451      2.2      3.10          0.69    63.64     0.68    0.75    0.98    0.11    0.95     90.70   7.84    94.31   87.48   0.92    6852.90    2.26     24.79  
93   T0873TS275_4-D1     275s    75.11    100.00  93    N/A       N/A        0.49      0.49       56.12    N/A           35.39    51.15    4.135    4.751    462   6    0     0     83.55  90.04  N/A         N/A          0.65         0.65         90.48  83.991   1.59     46.07       46.1        437      2.2      3.12          0.71    57.03     0.67    0.75    0.95    0.25    0.94     89.80   7.74    92.88   85.12   0.90    6793.40    3.99     N/A    
94   T0873TS421_2-D1     421s    75.05    99.78   94    N/A       N/A        0.49      0.49       55.57    N/A           32.72    47.56    3.194    4.038    461   11   0     0     81.82  91.77  N/A         N/A          -1.82        -1.82        93.51  85.001   1.78     49.14       48.1        448      2.1      4.21          0.40    48.05     0.62    0.73    0.96    0.17    0.94     73.74   7.74    92.42   83.14   0.92    6746.90    4.83     N/A    
95   T0873TS446_5-D1     446s    74.89    100.00  95    N/A       N/A        0.49      0.49       54.06    N/A           37.12    48.90    2.637    3.206    462   1    0     0     80.30  91.56  N/A         N/A          0.56         0.56         91.56  84.335   1.75     50.32       46.3        458      2.5      1.11          0.73    61.69     0.71    0.78    0.98    0.11    0.95     93.50   7.84    94.30   86.99   0.92    6831.60    1.75     87.36  
96   T0873TS048_1-D1     048s    74.41    100.00  96    0.29      0.29       0.47      0.47       54.38    0.25          34.15    47.91    2.651    3.223    462   2    0     0     79.22  90.91  0.41        0.41         0.52         0.52         90.91  82.507   1.90     50.20       45.1        457      2.4      2.16          0.71    62.12     0.69    0.78    0.98    0.10    0.95     93.30   7.74    94.54   87.72   0.92    6749.40    1.94     25.41  
97   T0873TS092_1-D1     092s    74.41    100.00  96    0.29      0.29       0.47      0.47       54.38    0.25          34.15    47.91    2.651    3.223    462   2    0     0     79.22  90.91  0.41        0.41         0.52         0.52         90.91  82.507   1.90     50.20       45.1        457      2.4      2.16          0.71    62.12     0.69    0.78    0.98    0.10    0.95     93.30   7.74    94.54   87.72   0.92    6749.40    1.94     25.41  
98   T0873TS258_5-D1     258s    74.13    100.00  98    N/A       N/A        0.46      0.46       53.57    N/A           29.30    44.96    3.023    3.645    462   1    0     0     80.52  92.64  N/A         N/A          0.56         0.56         92.64  82.192   1.91     49.73       46.6        452      2.2      3.60          0.68    52.71     0.65    0.75    0.97    0.12    0.94     90.10   7.84    94.04   86.53   0.92    6624.80    3.36     25.51  
99   T0873TS421_3-D1     421s    73.97    99.13   99    N/A       N/A        0.45      0.45       53.41    N/A           29.29    44.90    2.689    3.397    458   0    0     0     78.14  90.04  N/A         N/A          0.69         0.69         90.04  82.747   1.85     49.97       46.1        453      2.4      4.07          0.44    53.14     0.63    0.75    0.96    0.12    0.93     85.35   7.84    94.07   86.97   0.91    6690.80    2.11     N/A    
100  T0873TS251_5-D1     251s    73.92    100.00  100   N/A       N/A        0.45      0.45       53.41    N/A           35.88    48.82    5.236    5.749    462   2    0     0     78.79  89.61  N/A         N/A          0.51         0.51         90.69  83.806   1.70     47.13       47.6        441      2.1      1.27          0.71    60.93     0.69    0.77    0.98    0.14    0.94     89.40   7.74    93.19   86.18   0.90    6641.50    2.33     88.62  
101  T0873TS444_3-D1     444s    73.75    100.00  101   N/A       N/A        0.44      0.44       54.82    N/A           36.00    49.87    8.373    8.908    462   0    0     0     80.09  88.53  N/A         N/A          0.55         0.55         88.53  82.374   1.66     47.60       45.6        435      2.3      3.27          0.70    59.52     0.67    0.76    0.97    0.14    0.93     89.00   7.84    92.74   86.93   0.88    6678.50    2.13     26.96  
102  T0873TS026_2-D1     026s    73.75    100.00  101   N/A       N/A        0.44      0.44       52.81    N/A           33.11    46.88    2.885    3.447    462   2    0     0     78.14  90.26  N/A         N/A          0.49         0.49         90.26  81.719   1.81     50.08       44.3        456      2.5      3.64          0.69    60.61     0.67    0.77    0.98    0.11    0.94     87.50   7.84    93.89   86.48   0.91    6660.90    2.68     N/A    
103  T0873TS026_1-D1     026s    73.75    100.00  101   0.26      0.26       0.44      0.44       52.81    0.16          33.11    46.88    2.885    3.447    462   2    0     0     78.14  90.26  0.37        0.37         0.49         0.49         90.26  81.719   1.81     50.08       44.3        456      2.5      3.64          0.69    60.61     0.67    0.77    0.98    0.11    0.94     87.50   7.84    93.89   86.48   0.91    6660.90    2.68     N/A    
104  T0873TS380_1-D1     380s    73.75    100.00  101   0.26      0.26       0.44      0.44       52.81    0.16          33.11    46.88    2.885    3.447    462   2    0     0     78.14  90.26  -2.08       -2.08        -1.74        -1.74        90.26  81.719   1.81     50.08       44.3        456      2.5      3.64          0.69    60.61     0.67    0.77    0.98    0.11    0.94     87.50   7.84    93.89   86.48   0.91    6660.90    2.68     N/A    
105  T0873TS380_2-D1     380s    73.75    100.00  101   N/A       N/A        0.44      0.44       52.81    N/A           33.11    46.88    2.885    3.447    462   2    0     0     78.14  90.26  N/A         N/A          -1.82        -1.82        90.26  81.719   1.81     50.08       44.3        456      2.5      3.64          0.69    60.61     0.67    0.77    0.98    0.11    0.94     87.50   7.84    93.89   86.48   0.91    6660.90    2.68     N/A    
106  T0873TS444_2-D1     444s    73.70    100.00  106   N/A       N/A        0.44      0.44       53.09    N/A           33.76    48.39    3.478    4.011    462   0    0     0     80.52  89.18  N/A         N/A          0.56         0.56         89.61  83.262   1.71     48.31       45.7        441      2.4      3.48          0.70    58.66     0.67    0.77    0.98    0.12    0.94     90.30   7.84    93.83   87.21   0.91    6700.00    2.02     26.59  
107  T0873TS444_5-D1     444s    73.70    100.00  106   N/A       N/A        0.44      0.44       53.84    N/A           33.80    49.10    3.705    4.243    462   1    0     0     81.17  88.96  N/A         N/A          0.58         0.58         89.61  83.279   1.72     48.08       44          436      2.2      3.41          0.67    55.74     0.66    0.74    0.97    0.16    0.94     82.60   7.74    91.65   83.64   0.91    6455.30    2.94     26.59  
108  T0873TS077_4-D1     077s    73.59    100.00  108   N/A       N/A        0.44      0.44       52.98    N/A           32.36    46.01    2.81     3.368    462   2    0     0     75.97  90.69  N/A         N/A          0.43         0.43         90.69  81.494   1.87     50.08       44.7        441      2.5      2.83          0.70    60.93     0.68    0.77    0.98    0.11    0.94     95.00   7.84    94.06   87.65   0.91    6558.50    1.94     26.41  
109  T0873TS258_4-D1     258s    73.48    100.00  109   N/A       N/A        0.43      0.43       52.92    N/A           30.37    45.76    3.035    3.712    462   2    0     0     78.35  90.91  N/A         N/A          0.50         0.50         91.34  83.324   1.87     49.73       46.8        452      2.3      3.53          0.68    52.06     0.65    0.74    0.97    0.14    0.94     85.40   7.74    93.27   86.06   0.91    6650.70    2.90     26.06  
110  T0873TS452_1-D1     452s    73.21    100.00  110   0.24      0.24       0.42      0.42       52.87    0.16          30.61    44.67    3.192    3.86     462   2    0     0     75.97  90.04  0.30        0.30         0.43         0.43         90.04  81.11    1.86     47.84       46.7        456      2.8      3.03          0.69    57.68     0.67    0.76    0.98    0.13    0.94     90.60   7.84    93.37   87.17   0.91    6715.20    2.20     85.78  
111  T0873TS166_1-D1     166s    73.16    100.00  111   0.23      0.23       0.42      0.42       52.98    0.17          30.52    45.44    3.796    4.3      462   1    0     0     78.14  90.91  0.37        0.37         0.49         0.49         90.91  82.788   1.84     48.20       47.5        455      3.5      2.95          0.70    58.87     0.68    0.77    0.98    0.12    0.94     91.80   7.84    93.82   87.67   0.90    6691.90    2.00     27.13  
112  T0873TS444_1-D1     444s    73.05    100.00  112   0.23      0.23       0.42      0.42       52.55    0.14          29.80    44.39    2.975    3.571    462   2    0     0     74.24  88.74  0.25        0.25         0.38         0.38         88.74  79.142   1.88     49.38       44.9        439      2.4      2.84          0.70    57.47     0.67    0.77    0.98    0.12    0.94     92.00   7.84    94.01   87.60   0.91    6578.00    2.02     27.28  
113  T0873TS421_5-D1     421s    72.94    100.00  113   N/A       N/A        0.41      0.41       52.54    N/A           29.66    45.61    3.283    4.044    462   2    0     0     77.92  89.39  N/A         N/A          -1.82        -1.82        89.83  82.779   1.83     49.38       44.9        450      2.5      4.13          0.42    49.13     0.62    0.73    0.97    0.16    0.94     81.10   7.84    92.14   85.10   0.91    6610.60    3.38     N/A    
114  T0873TS183_5-D1     183s    72.40    100.00  114   N/A       N/A        0.39      0.39       53.14    N/A           31.05    46.90    4.42     4.791    462   0    0     0     79.00  88.31  N/A         N/A          0.52         0.52         90.91  83.985   1.68     46.42       41.9        425      2.1      3.13          0.62    44.81     0.61    0.67    0.88    0.33    0.92     75.00   7.64    88.08   78.53   0.91    6162.60    13.12    91.40  
115  T0873TS479_5-D1     479s    72.24    100.00  115   N/A       N/A        0.38      0.38       52.92    N/A           30.73    47.20    4.411    4.77     462   0    0     0     79.87  88.53  N/A         N/A          0.54         0.54         90.91  84.052   1.67     45.95       44.2        441      2.1      3.00          0.63    47.51     0.62    0.68    0.88    0.33    0.92     76.10   7.74    88.17   78.47   0.91    6280.90    13.14    91.40  
116  T0873TS180_1-D1     180s    71.59    100.00  116   0.16      0.16       0.36      0.36       51.35    0.07          29.90    43.86    3.321    4.232    462   2    0     0     70.56  90.26  0.13        0.13         0.27         0.27         90.69  82.36    1.86     49.61       46.5        455      2.4      2.71          0.48    50.00     0.63    0.70    0.97    0.24    0.94     89.50   7.84    91.27   82.01   0.91    6737.40    3.47     81.66  
117  T0873TS251_2-D1     251s    71.54    100.00  117   N/A       N/A        0.36      0.36       50.59    N/A           34.99    47.60    3.775    4.337    462   2    0     0     80.09  91.34  N/A         N/A          0.55         0.55         92.21  82.854   1.81     48.08       45.9        441      2.1      1.26          0.69    59.74     0.68    0.76    0.98    0.13    0.94     90.80   7.84    92.67   85.36   0.91    6541.30    2.36     88.69  
118  T0873TS479_2-D1     479s    71.32    100.00  118   N/A       N/A        0.35      0.35       51.03    N/A           30.80    44.77    3.801    4.336    462   0    0     0     79.00  88.96  N/A         N/A          0.52         0.52         89.18  81.15    1.81     48.20       43.4        431      2.3      3.00          0.66    50.65     0.64    0.72    0.96    0.20    0.93     83.60   7.54    92.86   82.48   0.90    6212.20    4.65     88.14  
119  T0873TS452_5-D1     452s    71.16    100.00  119   N/A       N/A        0.34      0.34       52.92    N/A           30.64    45.39    4.64     5.342    462   3    0     0     77.06  84.63  N/A         N/A          0.46         0.46         86.58  80.625   1.75     44.89       41.9        432      2.4      3.32          0.65    49.68     0.64    0.70    0.93    0.29    0.92     86.50   7.54    89.42   82.16   0.88    6219.50    6.19     83.46  
120  T0873TS251_3-D1     251s    70.35    100.00  120   N/A       N/A        0.31      0.31       49.19    N/A           35.46    45.64    5.623    6.132    462   4    0     0     79.00  87.01  N/A         N/A          0.52         0.52         87.66  80.475   1.83     46.31       44.2        444      3.2      1.23          0.71    64.50     0.70    0.77    0.96    0.15    0.92     88.50   7.74    93.16   85.58   0.88    6522.50    2.65     90.00  
121  T0873TS251_4-D1     251s    70.29    100.00  121   N/A       N/A        0.31      0.31       48.86    N/A           32.32    41.95    4.514    5.012    462   2    0     0     72.94  88.10  N/A         N/A          0.34         0.34         89.39  78.502   1.92     47.37       44.8        450      3.1      1.30          0.70    60.50     0.68    0.76    0.98    0.13    0.94     90.10   7.74    92.14   85.19   0.89    6418.10    2.38     88.39  
122  T0873TS183_2-D1     183s    70.29    100.00  121   N/A       N/A        0.31      0.31       49.89    N/A           30.22    43.24    3.931    4.52     462   0    0     0     78.14  89.18  N/A         N/A          0.49         0.49         89.39  80.563   1.84     47.60       42          431      2.3      3.17          0.65    48.05     0.64    0.72    0.95    0.21    0.93     81.30   7.64    92.14   82.55   0.89    6177.80    5.14     87.87  
123  T0873TS444_4-D1     444s    69.70    100.00  123   N/A       N/A        0.29      0.29       49.02    N/A           31.37    43.40    7.065    7.591    462   0    0     0     75.54  86.80  N/A         N/A          0.42         0.42         86.80  78.115   1.81     47.60       44.5        444      5.6      3.31          0.69    60.28     0.67    0.76    0.97    0.13    0.92     88.50   7.74    92.66   86.56   0.87    6532.50    2.19     29.58  
124  T0873TS479_3-D1     479s    68.83    100.00  124   N/A       N/A        0.25      0.25       48.65    N/A           28.16    38.38    3.536    4.264    462   0    0     0     70.56  88.74  N/A         N/A          0.27         0.27         89.39  75.117   2.03     47.84       40.9        445      2.8      3.08          0.65    46.86     0.64    0.72    0.96    0.16    0.93     84.80   7.54    92.96   82.08   0.89    6082.60    3.80     90.57  
125  T0873TS183_4-D1     183s    68.72    100.00  125   N/A       N/A        0.25      0.25       48.00    N/A           25.20    38.06    3.509    4.288    462   0    0     0     70.78  90.48  N/A         N/A          0.27         0.27         90.48  74.768   2.07     47.96       40.4        445      2.6      3.29          0.63    42.75     0.62    0.70    0.96    0.17    0.93     81.20   7.54    92.85   81.76   0.89    6037.20    3.78     90.84  
126  T0873TS467_1-D1     467s    66.40    100.00  126   -0.10     -0.10      0.16      0.16       44.70    -0.35         28.20    38.38    4.561    5.045    462   2    0     0     71.00  86.36  0.14        0.14         0.28         0.28         86.58  71.573   2.00     47.96       42          437      2.8      1.18          0.68    56.82     0.67    0.75    0.96    0.15    0.93     86.70   7.64    91.70   84.94   0.87    6172.40    2.26     49.84  
127  T0873TS479_4-D1     479s    64.39    100.00  127   N/A       N/A        0.08      0.08       44.10    N/A           20.55    31.95    4.754    5.336    462   0    0     0     64.29  82.90  N/A         N/A          0.08         0.08         84.42  67.301   2.18     46.42       36.5        430      2.7      3.32          0.59    38.96     0.60    0.65    0.92    0.29    0.91     80.30   7.34    90.40   77.06   0.85    5477.50    6.46     79.99  
128  T0873TS183_3-D1     183s    63.37    100.00  128   N/A       N/A        0.04      0.04       42.37    N/A           19.79    31.74    4.749    5.361    462   0    0     0     63.42  82.25  N/A         N/A          0.06         0.06         83.98  66.025   2.17     46.31       35.8        433      2.8      3.34          0.58    37.55     0.58    0.63    0.91    0.29    0.91     79.90   7.34    90.00   76.03   0.85    5373.70    6.55     79.82  
129  T0873TS357_4-D1     357s    61.63    100.00  129   N/A       N/A        -0.02     -0.02      39.77    N/A           17.99    29.34    4.456    5.245    462   3    0     0     60.39  80.09  N/A         N/A          -0.03        -0.03        81.17  64.275   2.11     47.72       35.8        434      2.9      4.63          0.54    25.43     0.51    0.60    0.93    0.34    0.91     49.70   7.24    88.41   71.64   0.85    5099.20    6.27     42.22  
130  T0873TS357_1-D1     357s    61.42    100.00  130   -0.34     -0.34      -0.03     -0.03      39.66    -0.66         17.23    30.02    4.557    5.252    462   6    0     0     60.39  80.30  -0.20       -0.20        -0.03        -0.03        81.39  64.375   2.12     47.13       35.1        437      3.1      4.74          0.55    28.46     0.52    0.61    0.93    0.32    0.91     58.30   7.34    87.86   72.45   0.84    5113.40    6.17     41.42  
131  T0873TS357_3-D1     357s    61.36    100.00  131   N/A       N/A        -0.04     -0.04      39.66    N/A           18.69    29.59    4.707    5.579    462   0    0     0     60.39  79.22  N/A         N/A          -0.03        -0.03        80.30  63.836   2.07     46.31       35          293      2        4.56          0.54    26.19     0.52    0.60    0.92    0.34    0.91     50.60   7.34    87.32   71.54   0.84    3665.60    6.88     42.73  
132  T0873TS357_2-D1     357s    61.20    100.00  132   N/A       N/A        -0.04     -0.04      39.50    N/A           17.71    30.26    4.541    5.265    462   1    0     0     60.39  80.52  N/A         N/A          -0.03        -0.03        81.60  64.423   2.13     47.60       36          433      3        4.59          0.55    28.46     0.53    0.61    0.93    0.35    0.91     52.20   7.24    88.50   72.60   0.84    5122.60    6.18     41.61  
133  T0873TS357_5-D1     357s    61.09    100.00  133   N/A       N/A        -0.05     -0.05      39.40    N/A           18.07    29.91    4.697    5.504    462   2    0     0     61.47  79.87  N/A         N/A          -0.00        -0.00        80.95  63.812   2.14     47.13       35.5        438      3.2      4.59          0.54    27.71     0.52    0.61    0.92    0.34    0.91     45.90   7.24    88.44   71.92   0.84    5054.10    6.81     41.63  
134  T0873TS026_3-D1     026s    60.77    100.00  134   N/A       N/A        -0.06     -0.06      39.77    N/A           20.21    30.04    4.54     5.322    462   6    0     0     56.06  80.52  N/A         N/A          -0.16        -0.16        81.17  61.466   2.25     46.54       34.4        294      2.2      4.09          0.56    33.33     0.58    0.63    0.94    0.28    0.91     82.80   7.44    87.37   71.34   0.84    3641.20    7.51     N/A    
135  T0873TS380_4-D1     380s    60.77    100.00  134   N/A       N/A        -0.06     -0.06      39.77    N/A           20.21    30.04    4.54     5.322    462   6    0     0     56.06  80.52  N/A         N/A          -0.17        -0.17        81.17  61.466   2.25     46.54       34.4        294      2.2      4.09          0.56    33.33     0.58    0.63    0.94    0.28    0.91     82.80   7.44    87.37   71.34   0.84    3641.20    7.51     N/A    
136  T0873TS026_4-D1     026s    60.77    100.00  134   N/A       N/A        -0.06     -0.06      39.77    N/A           20.21    30.04    4.54     5.322    462   6    0     0     56.06  80.52  N/A         N/A          -0.16        -0.16        81.17  61.466   2.25     46.54       34.4        294      2.2      4.09          0.56    33.33     0.58    0.63    0.94    0.28    0.91     82.80   7.44    87.37   71.34   0.84    3641.20    7.51     N/A    
137  T0873TS380_3-D1     380s    60.77    100.00  134   N/A       N/A        -0.06     -0.06      39.77    N/A           20.21    30.04    4.54     5.322    462   6    0     0     56.06  80.52  N/A         N/A          0.43         0.43         81.17  61.466   2.25     46.54       34.4        294      2.2      4.09          0.56    33.33     0.58    0.63    0.94    0.28    0.91     82.80   7.44    87.37   71.34   0.84    3641.20    7.51     N/A    
138  T0873TS452_3-D1     452s    59.36    100.00  138   N/A       N/A        -0.11     -0.11      39.72    N/A           19.17    29.49    5.489    6.16     462   7    0     0     56.28  78.35  N/A         N/A          -0.16        -0.16        80.30  61.697   2.18     44.65       35.8        415      2.8      3.74          0.55    32.03     0.56    0.59    0.88    0.41    0.90     85.80   7.24    86.17   71.22   0.82    5144.80    7.95     74.22  
139  T0873TS275_5-D1     275s    58.55    100.00  139   N/A       N/A        -0.14     -0.14      39.17    N/A           20.30    29.48    5.477    6.115    462   2    0     0     54.11  76.19  N/A         N/A          -0.22        -0.22        80.95  62.237   2.20     44.42       36.7        417      3.2      3.02          0.54    31.71     0.56    0.58    0.90    0.41    0.89     77.40   7.34    84.07   68.69   0.83    5106.10    11.09    N/A    
140  T0873TS016_1-D1     016s    55.74    100.00  140   -0.62     -0.62      -0.25     -0.25      37.77    -0.78         17.67    27.19    8.91     9.262    462   4    0     0     54.11  73.38  -0.41       -0.41        -0.22        -0.22        77.49  59.761   2.21     41.34       34.4        409      3        3.39          0.52    30.30     0.56    0.57    0.77    0.53    0.84     77.30   7.24    81.05   67.92   0.80    4853.90    31.56    43.63  
141  T0873TS180_2-D1     180s    52.65    100.00  141   N/A       N/A        -0.37     -0.37      33.28    N/A           19.58    26.81    5.002    6.197    462   4    0     0     43.07  90.91  N/A         N/A          -0.55        -0.55        93.51  87.479   1.64     48.67       48.4        452      1.9      2.90          0.35    20.78     0.51    0.49    0.89    0.64    0.88     82.30   7.84    78.34   60.18   0.93    7209.20    13.59    66.23  
142  T0873TS455_1-D1     455s    52.49    100.00  142   -0.78     -0.78      -0.38     -0.38      35.28    -0.94         18.96    28.66    7.698    8.272    462   5    0     0     50.22  67.75  -0.53       -0.53        -0.33        -0.33        73.59  57.808   2.12     37.92       33.9        290      2.1      3.72          0.50    25.97     0.54    0.53    0.76    0.62    0.84     69.00   7.02    76.54   65.65   0.77    3600.70    19.27    46.47  
143  T0873TS467_3-D1     467s    47.67    100.00  143   N/A       N/A        -0.56     -0.56      29.22    N/A           15.56    21.69    7.961    8.526    462   1    0     0     42.42  63.20  N/A         N/A          -0.57        -0.57        67.97  52.997   2.21     35.44       29.1        283      2.4      1.81          0.48    27.60     0.53    0.50    0.81    0.62    0.84     73.20   6.92    75.58   63.28   0.76    3262.00    15.74    60.64  
144  T0873TS467_2-D1     467s    47.19    100.00  144   N/A       N/A        -0.58     -0.58      27.27    N/A           16.68    23.34    6.964    7.569    462   1    0     0     34.85  56.06  N/A         N/A          -0.79        -0.79        61.90  43.882   2.38     35.68       27.9        420      4.9      1.67          0.51    28.68     0.56    0.56    0.88    0.44    0.86     79.90   7.34    82.39   67.41   0.72    4220.90    8.65     62.34  
145  T0873TS455_2-D1     455s    39.66    100.00  145   N/A       N/A        -0.87     -0.87      21.59    N/A           12.62    19.16    9.519    9.944    462   12   0     0     30.30  56.49  N/A         N/A          -0.92        -0.92        61.90  36.695   2.43     28.94       23.2        253      2.3      3.77          0.40    11.80     0.45    0.41    0.62    0.90    0.78     52.20   6.58    65.29   51.05   0.69    2516.60    70.70    59.41  
146  T0873TS180_3-D1     180s    33.98    100.00  146   N/A       N/A        -1.09     -1.09      21.43    N/A           10.24    16.55    109.03   109.892  462   2    0     0     27.71  52.81  N/A         N/A          -1.00        -1.00        56.93  52.484   1.67     28.71       31          280      4.7      2.90          0.22    8.12      0.40    0.30    0.41    1.66    0.85     51.70   6.81    45.41   42.89   0.56    3341.70    1335.56  49.04  
147  T0873TS432_3-D1     432s    14.12    100.00  147   N/A       N/A        -1.86     -1.86      7.47     N/A           2.70     4.47     25.418   25.579   462   5    0     0     5.84   16.02  N/A         N/A          -1.65        -1.65        17.53  11.708   2.78     8.86        3.2         118      4.9      3.36          0.26    6.71      0.41    0.29    0.47    1.49    0.41     43.60   4.89    48.48   41.43   0.27    447.20     141.89   N/A    
148  T0873TS451_2-D1     451s    13.69    100.00  148   N/A       N/A        -1.87     -1.87      7.47     N/A           2.36     5.03     25.606   26.272   462   14   0     0     7.79   14.07  N/A         N/A          -1.59        -1.59        19.70  13.651   2.39     7.09        2.9         215      29.2     3.04          0.27    5.63      0.41    0.29    0.54    1.59    0.59     50.00   4.58    52.34   41.60   0.29    604.20     115.61   N/A    
149  T0873TS451_5-D1     451s    13.15    100.00  149   N/A       N/A        -1.89     -1.89      6.82     N/A           2.00     3.60     27.573   28.073   462   15   0     0     5.63   14.50  N/A         N/A          -1.65        -1.65        19.26  12.797   2.55     8.51        2.7         210      22.9     3.09          0.27    4.98      0.41    0.30    0.55    1.38    0.60     41.90   5.04    52.70   42.10   0.31    538.00     118.21   N/A    
150  T0873TS432_2-D1     432s    13.10    100.00  150   N/A       N/A        -1.90     -1.90      6.38     N/A           3.31     4.13     28.294   28.753   462   5    0     0     6.93   15.15  N/A         N/A          -1.62        -1.62        18.61  10.762   2.60     6.86        2.7         157      13.2     3.13          0.27    6.49      0.42    0.30    0.43    1.50    0.52     45.70   4.58    49.74   42.21   0.26    467.20     172.43   N/A    
151  T0873TS432_1-D1     432s    12.93    100.00  151   -2.72     -2.72      -1.90     -1.90      6.28     -2.74         1.98     3.04     24.319   24.986   462   3    0     0     5.63   16.02  -1.98       -1.98        -1.65        -1.65        17.75  10.876   2.74     6.62        1.5         143      13.2     3.38          0.24    5.95      0.41    0.26    0.43    1.62    0.58     44.90   4.07    49.17   40.77   0.26    345.40     186.80   N/A    
152  T0873TS432_5-D1     432s    12.61    100.00  152   N/A       N/A        -1.91     -1.91      5.79     N/A           1.60     3.19     23.803   24.362   462   11   0     0     3.25   10.17  N/A         N/A          -1.73        -1.73        16.88  10.348   2.65     5.56        2.3         82       3.7      3.62          0.26    4.87      0.41    0.28    0.51    1.40    0.51     46.40   4.07    49.44   40.83   0.28    261.70     110.19   N/A    
153  T0873TS451_3-D1     451s    12.55    100.00  153   N/A       N/A        -1.92     -1.92      6.28     N/A           2.05     4.23     26.94    27.45    462   11   0     0     5.84   13.20  N/A         N/A          -1.65        -1.65        15.15  10.088   2.55     6.03        1.3         210      26.7     3.17          0.27    5.63      0.41    0.29    0.52    1.66    0.57     54.60   3.29    51.08   43.19   0.26    464.00     108.86   N/A    
154  T0873TS451_4-D1     451s    12.12    100.00  154   N/A       N/A        -1.93     -1.93      5.90     N/A           1.32     3.38     26.008   26.464   462   12   0     0     2.60   11.26  N/A         N/A          -1.74        -1.74        17.75  9.21     2.79     5.32        1.4         138      11.3     3.08          0.27    4.33      0.41    0.29    0.59    1.55    0.52     49.30   2.30    51.01   41.49   0.27    360.10     83.80    N/A    
155  T0873TS451_1-D1     451s    11.09    100.00  155   -2.81     -2.81      -1.97     -1.97      6.01     -2.76         1.86     3.30     27.678   28.042   462   15   0     0     0.00   0.00   -2.16       -2.16        -1.82        -1.82        14.50  8.253    2.65     4.85        1.7         163      13.7     2.98          0.27    5.84      0.42    0.30    0.55    1.69    0.47     42.30   4.25    48.15   41.78   0.22    389.70     107.17   N/A    
156  T0873TS432_4-D1     432s    10.82    100.00  156   N/A       N/A        -1.98     -1.98      5.20     N/A           1.63     3.04     24.544   24.999   462   2    0     0     0.00   0.00   N/A         N/A          -1.82        -1.82        12.99  7.366    2.77     4.85        0           0        N/A      3.49          0.24    5.30      0.40    0.27    0.47    1.66    0.49     44.40   3.89    46.46   39.90   0.25    N/A        198.68   N/A    
157  T0873TS180_5-D1     180s    9.52     100.00  157   N/A       N/A        -2.03     -2.03      4.76     N/A           1.17     2.11     24.818   25.205   462   25   0     0     1.08   7.58   N/A         N/A          -1.79        -1.79        17.32  9.57     2.80     3.43        0           0        N/A      3.94          0.14    5.41      0.37    0.23    0.32    1.65    0.53     39.90   3.89    44.00   39.34   0.31    N/A        127.34   21.33  
158  T0873TS467_4-D1     467s    9.09     100.00  158   N/A       N/A        -2.05     -2.05      5.30     N/A           0.76     2.52     24.025   24.532   462   1    0     0     0.87   1.30   N/A         N/A          -1.80        -1.80        16.88  6.977    2.68     3.90        0.7         62       3        1.60          0.18    3.57      0.37    0.13    0.04    2.24    0.51     51.00   4.42    32.50   31.99   0.24    177.30     354.93   83.96  
159  T0873TS434_4-D1     434s    6.98     100.00  159   N/A       N/A        -2.13     -2.13      4.33     N/A           1.08     2.21     30.908   31.178   462   0    0     0     0.00   0.00   N/A         N/A          -1.82        -1.82        10.17  5.64     2.67     2.96        0           0        N/A      2.67          0.16    7.03      0.39    0.20    0.29    2.45    0.48     40.80   3.29    35.92   35.36   0.19    N/A        585.38   90.21  
160  T0873TS434_3-D1     434s    6.98     100.00  159   N/A       N/A        -2.13     -2.13      4.71     N/A           0.62     2.12     31.625   31.996   462   0    0     0     0.00   0.00   N/A         N/A          -1.82        -1.82        12.99  7.92     2.93     2.01        0           0        N/A      2.73          0.16    5.41      0.39    -0.20   0.36    2.59    0.49     39.50   3.07    34.33   34.07   0.24    N/A        445.02   89.96  
161  T0873TS180_4-D1     180s    6.93     100.00  161   N/A       N/A        -2.13     -2.13      3.52     N/A           0.66     1.67     24.932   25.487   462   13   0     0     1.30   4.98   N/A         N/A          -1.78        -1.78        15.80  8.595    2.81     -0.11       0.1         40       3.5      3.47          0.11    0.54      0.32    0.09    0.10    2.29    0.49     32.30   2.30    31.08   25.55   0.26    109.90     208.15   19.93  
162  T0873TS026_5-D1     026s    6.44     100.00  162   N/A       N/A        -2.15     -2.15      3.95     N/A           1.56     2.57     24.124   24.503   462   6    0     0     0.00   0.00   N/A         N/A          -1.82        -1.82        14.50  6.927    2.92     1.54        1.4         68       3.7      4.28          0.19    3.68      0.37    0.13    0.10    2.13    0.50     58.10   1.99    35.85   32.13   0.26    191.30     302.21   N/A    
163  T0873TS380_5-D1     380s    6.44     100.00  162   N/A       N/A        -2.15     -2.15      3.95     N/A           1.56     2.57     24.124   24.503   462   6    0     0     0.00   0.00   N/A         N/A          -1.82        -1.82        14.50  6.927    2.92     1.54        1.4         68       3.7      4.28          0.19    3.68      0.37    0.13    0.10    2.13    0.50     58.10   1.99    35.85   32.13   0.26    191.30     302.21   N/A    
164  T0873TS321_1-D1     321s    6.22     100.00  164   -3.05     -3.05      -2.16     -2.16      3.84     -2.90         0.65     1.89     40.769   41.03    462   11   0     0     0.00   0.00   -2.16       -2.16        -1.82        -1.82        11.90  6.083    2.96     1.54        0           0        N/A      3.17          0.16    4.33      0.37    0.19    0.33    2.63    0.50     53.00   1.64    33.66   33.59   0.18    N/A        760.39   17.51  
165  T0873TS321_2-D1     321s    6.17     100.00  165   N/A       N/A        -2.16     -2.16      3.73     N/A           0.86     2.18     31.612   31.896   462   8    0     0     0.00   0.00   N/A         N/A          -1.82        -1.82        14.72  7.8      2.73     1.42        0           0        N/A      3.13          0.16    4.44      0.37    0.17    0.24    2.50    0.49     52.90   3.07    32.25   33.28   0.24    N/A        519.80   18.07  
166  T0873TS464_2-D1     464s    6.12     100.00  166   N/A       N/A        -2.16     -2.16      3.30     N/A           1.45     1.98     29.061   29.26    462   13   0     0     0.00   2.38   N/A         N/A          -1.82        -1.82        13.64  7.779    2.67     0.48        0           0        N/A      3.30          0.15    4.22      0.35    0.13    0.05    2.73    0.51     23.40   2.83    29.49   27.05   0.23    N/A        718.67   15.43  
167  T0873TS434_2-D1     434s    6.12     100.00  166   N/A       N/A        -2.16     -2.16      3.84     N/A           0.96     2.16     28.631   29.314   462   1    0     0     0.00   2.16   N/A         N/A          -1.82        -1.82        14.29  8.247    2.88     0.95        0.1         46       6        2.68          0.17    5.84      0.39    0.18    0.30    2.49    0.50     39.10   2.58    34.91   34.50   0.23    87.60      431.57   91.97  
168  T0873TS321_3-D1     321s    6.06     100.00  168   N/A       N/A        -2.17     -2.17      3.84     N/A           0.89     2.65     37.773   37.667   462   11   0     0     0.00   0.00   N/A         N/A          -1.82        -1.82        11.47  7.207    2.68     1.31        0           0        N/A      3.22          0.15    4.11      0.36    0.17    0.19    2.69    0.49     57.40   1.24    31.78   32.96   0.21    N/A        1018.46  18.09  
169  T0873TS321_5-D1     321s    6.06     100.00  168   N/A       N/A        -2.17     -2.17      3.79     N/A           1.32     2.67     38.758   39.279   462   10   0     0     0.22   0.00   N/A         N/A          -1.81        -1.81        11.90  6.574    2.77     1.07        0.2         50       5.9      3.15          0.16    4.00      0.36    0.17    0.29    2.55    0.51     51.70   1.64    33.05   32.91   0.19    97.70      625.80   17.82  
170  T0873TS467_5-D1     467s    5.95     100.00  170   N/A       N/A        -2.17     -2.17      3.62     N/A           0.59     1.83     26.718   27.148   462   1    0     0     0.00   0.00   N/A         N/A          -1.82        -1.82        15.15  8.982    2.70     0.83        0           0        N/A      1.84          0.18    4.76      0.39    0.16    0.13    2.37    0.49     51.80   2.58    30.72   33.79   0.27    N/A        328.84   85.03  
171  T0873TS321_4-D1     321s    5.95     100.00  170   N/A       N/A        -2.17     -2.17      3.41     N/A           0.91     1.88     32.775   33.126   462   13   0     0     0.00   0.00   N/A         N/A          -1.82        -1.82        12.55  6.413    2.66     1.66        0           0        N/A      3.18          0.16    5.30      0.38    0.18    0.27    2.52    0.52     50.20   1.24    31.43   34.26   0.22    N/A        724.87   16.36  
172  T0873TS434_1-D1     434s    5.84     100.00  172   -3.06     -3.06      -2.18     -2.18      3.79     -2.90         0.54     1.43     33.82    34.127   462   1    0     0     0.00   0.00   -2.16       -2.16        -1.82        -1.82        12.12  6.164    2.86     1.78        0           0        N/A      2.68          0.17    6.39      0.39    0.19    0.32    2.51    0.50     39.70   2.83    35.44   33.86   0.21    N/A        409.15   90.35  
173  T0873TS434_5-D1     434s    5.63     100.00  173   N/A       N/A        -2.18     -2.18      3.46     N/A           0.38     1.27     31.74    32.06    462   0    0     0     0.22   4.33   N/A         N/A          -1.81        -1.81        11.04  6.459    2.71     0.95        0.4         63       8.1      2.73          0.17    5.63      0.38    0.19    0.25    2.33    0.51     35.10   2.58    36.18   34.78   0.21    122.30     554.89   90.12  
174  T0873TS455_4-D1     455s    5.46     100.00  174   N/A       N/A        -2.19     -2.19      3.19     N/A           0.55     1.41     27.798   28.257   462   13   0     0     0.22   0.87   N/A         N/A          -1.81        -1.81        12.99  7.367    2.87     0.83        0           0        N/A      4.02          0.17    3.46      0.33    0.10    -0.01   2.56    0.49     25.50   1.64    30.82   26.48   0.28    N/A        328.56   95.44  
175  T0873TS455_5-D1     455s    5.41     100.00  175   N/A       N/A        -2.19     -2.19      2.60     N/A           0.59     1.25     25.629   25.917   462   9    0     0     0.00   0.00   N/A         N/A          -1.82        -1.82        14.29  7.437    2.73     0.95        0           0        N/A      3.79          0.16    0.97      0.31    0.08    0.10    2.34    0.48     22.70   2.83    26.78   24.44   0.26    N/A        255.60   95.94  
176  T0873TS464_5-D1     464s    4.54     100.00  176   N/A       N/A        -2.23     -2.23      3.03     N/A           0.30     1.52     38.319   39.276   462   25   0     0     0.22   0.00   N/A         N/A          -1.81        -1.81        11.26  6.576    2.95     0.01        0           0        N/A      3.40          0.12    2.16      0.30    0.07    0.06    2.92    0.50     14.60   1.99    25.78   22.36   0.17    N/A        1036.02  15.06  
177  T0873TS455_3-D1     455s    4.54     100.00  176   N/A       N/A        -2.23     -2.23      2.27     N/A           0.41     1.32     58.511   59.405   462   8    0     0     0.00   0.00   N/A         N/A          -1.82        -1.82        14.94  8.449    2.74     0.24        0           0        N/A      3.56          0.13    0.43      0.31    0.06    0.06    2.73    0.50     21.40   2.58    21.88   21.95   0.26    N/A        1093.44  97.10  

