#    Model               GR#     GDT_TS   NP_P    RANK  Z-M1-GDT  Z-M1s-GDT  Z-MA-GDT  Z-MAs-GDT  GDT_HA   Z-M1s-GDT-HA  GDC_SC   GDC_ALL  RMS_CA   RMS_ALL  NP    err  PC01  PC05  AL0_P  AL4_P  Z-M1-AL0_p  Z-M1s-AL0_p  Z-MA-AL0_p   Z-MAs-AL0_p  ALI_P  LGA_S    RMSD[L]  Z-score[M]  Z-Score[D]  Al.Res.  RMSD[D]  MolPrb_Score  LDDT    SphGr     CAD_AA  RPF     CODM    DFM     Handed.  SOV     CE      QCS     CONTS   TMscore  Dali(raw)  FlexE    QSE    

1    T0879TS016_1-D1     016s    79.20    100.00  1     0.78      0.78       0.87      0.87       64.20    0.97          40.31    56.73    5.501    6.071    220   3    0     0     78.64  85.45  0.57        0.57         0.69         0.69         85.45  82.963   1.35     26.75       26.6        201      2.2      3.44          0.70    73.64     0.66    0.73    0.82    0.38    0.87     70.80   7.13    93.10   80.12   0.85    2229.20    18.58    25.76  
2    T0879TS345_4-D1     345s    78.75    100.00  2     N/A       N/A        0.85      0.85       63.18    N/A           35.51    55.55    5.687    6.351    220   1    0     0     79.55  83.18  N/A         N/A          0.73         0.73         83.18  82.233   1.32     26.00       25.8        198      2.1      2.92          0.61    72.95     0.63    0.69    0.82    0.44    0.85     70.80   7.02    92.78   79.67   0.84    2156.90    13.97    81.32  
3    T0879TS345_2-D1     345s    77.84    100.00  3     N/A       N/A        0.80      0.80       63.41    N/A           38.26    55.95    6.729    7.181    220   1    0     0     78.64  82.73  N/A         N/A          0.69         0.69         82.73  81.487   1.32     25.55       25.9        196      2.1      2.94          0.63    72.50     0.63    0.70    0.69    0.41    0.83     69.30   6.92    92.60   79.40   0.83    2174.00    19.00    81.10  
4    T0879TS446_4-D1     446s    77.39    100.00  4     N/A       N/A        0.78      0.78       61.70    N/A           41.06    55.18    5.538    6.118    220   2    0     0     79.09  84.55  N/A         N/A          0.71         0.71         85.45  82.436   1.41     25.70       26          200      2.3      1.61          0.67    71.14     0.65    0.70    0.82    0.35    0.88     75.10   6.92    92.50   77.91   0.84    2187.40    21.10    84.29  
5    T0879TS345_3-D1     345s    77.27    100.00  5     N/A       N/A        0.77      0.77       62.16    N/A           39.27    56.02    6.027    6.421    220   0    0     0     77.73  82.73  N/A         N/A          0.65         0.65         83.18  81.071   1.33     25.11       25.3        195      2.3      2.98          0.62    72.73     0.64    0.70    0.81    0.39    0.85     68.00   6.92    92.62   78.86   0.83    2127.10    17.55    81.90  
6    T0879TS287_4-D1     287s    77.27    100.00  5     N/A       N/A        0.77      0.77       61.82    N/A           38.42    55.09    5.172    5.781    220   3    0     0     77.27  84.55  N/A         N/A          0.63         0.63         85.00  82.656   1.41     25.85       26.1        197      2.1      3.01          0.65    73.41     0.64    0.71    0.84    0.42    0.87     84.10   7.02    92.65   79.64   0.84    2188.70    11.14    82.58  
7    T0879TS236_4-D1     236s    77.16    100.00  7     N/A       N/A        0.77      0.77       62.05    N/A           39.74    56.13    5.114    5.615    220   1    0     0     77.27  85.00  N/A         N/A          0.63         0.63         85.00  82.739   1.45     26.00       26.3        196      1.9      3.24          0.69    75.68     0.66    0.72    0.84    0.42    0.87     82.50   7.02    92.57   80.77   0.84    2209.50    10.51    82.38  
8    T0879TS287_3-D1     287s    76.93    100.00  8     N/A       N/A        0.75      0.75       61.82    N/A           38.77    55.51    5.327    5.917    220   1    0     0     76.82  81.82  N/A         N/A          0.62         0.62         83.64  81.561   1.31     25.70       26.1        195      2        3.04          0.66    73.41     0.65    0.68    0.81    0.47    0.86     78.90   7.02    92.60   79.52   0.83    2191.50    11.86    81.20  
9    T0879TS236_5-D1     236s    76.93    100.00  8     N/A       N/A        0.75      0.75       61.25    N/A           34.60    53.47    5.172    5.757    220   3    0     0     76.36  84.55  N/A         N/A          0.60         0.60         84.55  81.91    1.47     25.55       26          197      2.1      3.33          0.68    74.55     0.64    0.72    0.83    0.44    0.87     81.60   7.02    91.94   79.95   0.84    2186.70    10.63    82.68  
10   T0879TS287_2-D1     287s    76.59    100.00  10    N/A       N/A        0.74      0.74       61.70    N/A           38.95    55.58    5.367    5.99     220   4    0     0     77.27  82.73  N/A         N/A          0.63         0.63         84.09  81.585   1.41     25.70       25.8        196      2        2.99          0.67    73.18     0.65    0.70    0.83    0.45    0.86     81.20   6.92    92.57   79.37   0.83    2167.20    11.32    81.68  
11   T0879TS287_1-D1     287s    76.48    100.00  11    0.63      0.63       0.73      0.73       61.59    0.80          38.09    55.57    5.369    5.955    220   1    0     0     76.36  82.27  0.48        0.48         0.60         0.60         83.64  80.419   1.38     25.85       25.9        196      2.1      3.01          0.63    74.09     0.65    0.70    0.81    0.46    0.86     78.90   7.02    92.73   79.49   0.83    2177.30    11.64    81.50  
12   T0879TS287_5-D1     287s    76.48    100.00  11    N/A       N/A        0.73      0.73       61.59    N/A           39.79    55.47    5.509    6.17     220   3    0     0     76.82  82.27  N/A         N/A          0.62         0.62         84.09  80.758   1.27     25.70       26.1        195      2.1      3.12          0.65    73.18     0.64    0.69    0.82    0.47    0.86     76.70   7.02    92.37   79.11   0.83    2194.40    13.20    81.51  
13   T0879TS236_2-D1     236s    76.36    100.00  13    N/A       N/A        0.72      0.72       61.48    N/A           37.83    54.04    5.227    5.878    220   1    0     0     76.36  81.36  N/A         N/A          0.60         0.60         83.18  80.544   1.36     25.55       25.7        195      2.1      3.11          0.62    71.36     0.63    0.68    0.81    0.46    0.86     81.20   6.92    -1.00   -1.00   0.83    2162.50    11.03    82.38  
14   T0879TS236_1-D1     236s    76.36    100.00  13    0.62      0.62       0.72      0.72       61.93    0.83          36.38    54.48    4.958    5.547    220   1    0     0     77.27  82.73  0.52        0.52         0.63         0.63         84.55  81.752   1.47     25.70       25.5        193      1.9      3.16          0.61    70.68     0.63    0.67    0.82    0.50    0.87     78.90   6.92    91.95   78.86   0.83    2145.10    11.39    82.11  
15   T0879TS258_2-D1     258s    76.25    100.00  15    N/A       N/A        0.72      0.72       58.18    N/A           29.09    49.57    5.53     6.223    220   2    0     0     76.36  81.82  N/A         N/A          0.60         0.60         82.27  80.516   1.47     25.55       24.6        196      2.2      3.68          0.62    67.95     0.58    0.66    0.80    0.40    0.86     67.70   6.92    91.42   76.56   0.83    2073.40    20.35    27.83  
16   T0879TS345_1-D1     345s    76.25    100.00  15    0.62      0.62       0.72      0.72       61.59    0.80          36.57    54.73    5.758    6.305    220   2    0     0     78.64  81.82  0.57        0.57         0.69         0.69         83.18  80.508   1.35     25.55       25.6        196      2.2      3.02          0.64    73.64     0.64    0.68    0.78    0.50    0.85     70.10   6.92    92.43   79.11   0.83    2155.10    14.15    81.85  
17   T0879TS236_3-D1     236s    76.14    100.00  17    N/A       N/A        0.71      0.71       61.37    N/A           35.10    53.28    5.268    5.762    220   2    0     0     76.36  82.27  N/A         N/A          0.60         0.60         82.73  80.945   1.41     25.70       25.2        194      2.2      2.94          0.62    71.14     0.63    0.69    0.82    0.43    0.86     79.30   6.92    92.24   78.64   0.82    2111.00    11.87    82.25  
18   T0879TS258_5-D1     258s    75.91    100.00  18    N/A       N/A        0.70      0.70       57.73    N/A           29.34    48.36    5.538    6.22     220   5    0     0     74.09  82.27  N/A         N/A          0.50         0.50         82.27  80.239   1.49     25.41       24.4        197      2.3      4.01          0.62    66.59     0.58    0.65    0.80    0.40    0.86     70.50   6.81    91.36   76.35   0.83    2060.20    20.23    28.13  
19   T0879TS258_3-D1     258s    75.57    100.00  19    N/A       N/A        0.68      0.68       57.16    N/A           29.18    48.94    5.544    6.231    220   3    0     0     74.55  82.27  N/A         N/A          0.52         0.52         82.73  80.233   1.51     25.41       24.4        197      2.3      3.93          0.62    66.59     0.58    0.65    0.79    0.38    0.86     70.50   6.92    91.35   76.32   0.83    2054.90    20.28    28.07  
20   T0879TS479_2-D1     479s    75.57    100.00  19    N/A       N/A        0.68      0.68       58.41    N/A           27.87    48.38    5.451    6.256    220   0    0     0     74.09  82.27  N/A         N/A          0.50         0.50         82.27  80.604   1.50     25.85       24.6        193      2.2      3.29          0.63    70.68     0.61    0.66    0.82    0.44    0.85     68.80   6.92    92.50   78.14   0.82    2074.90    14.20    88.59  
21   T0879TS005_5-D1     005s    75.57    100.00  19    N/A       N/A        0.68      0.68       57.50    N/A           40.82    53.89    5.449    5.896    220   1    0     0     79.55  85.45  N/A         N/A          0.73         0.73         85.45  81.932   1.53     26.60       26.2        200      2.3      1.14          0.68    76.59     0.68    0.73    0.83    0.42    0.86     68.60   7.13    92.30   78.86   0.84    2197.90    15.77    45.61  
22   T0879TS258_1-D1     258s    75.45    100.00  22    0.57      0.57       0.68      0.68       57.05    0.51          29.73    48.85    5.535    6.209    220   4    0     0     75.91  82.27  0.46        0.46         0.58         0.58         82.27  80.421   1.47     25.55       24.5        197      2.2      3.82          0.62    66.82     0.58    0.66    0.79    0.39    0.86     71.90   6.92    -1.00   -1.00   0.83    2068.70    20.36    27.85  
23   T0879TS183_3-D1     183s    75.34    100.00  23    N/A       N/A        0.67      0.67       57.84    N/A           29.50    49.04    5.388    5.973    220   0    0     0     75.45  83.18  N/A         N/A          0.56         0.56         83.18  80.686   1.41     26.00       25          195      2.2      3.29          0.63    71.82     0.62    0.67    0.82    0.46    0.86     74.60   7.02    92.54   79.04   0.83    2102.20    13.59    87.32  
24   T0879TS092_1-D1     092s    75.23    100.00  24    0.56      0.56       0.67      0.67       58.86    0.63          36.02    52.31    5.087    5.634    220   1    0     0     76.82  82.27  0.50        0.50         0.62         0.62         82.27  80.233   1.54     25.85       24.9        205      2.6      3.08          0.66    73.41     0.64    0.70    0.83    0.37    0.87     78.20   7.13    91.43   77.58   0.84    2088.30    17.17    27.51  
25   T0879TS464_1-D1     464s    75.23    100.00  24    0.56      0.56       0.67      0.67       60.91    0.76          32.10    52.28    5.974    6.523    220   2    0     0     74.09  80.45  0.38        0.38         0.50         0.50         81.36  78.501   1.37     24.66       24          189      2.2      2.87          0.65    70.68     0.62    0.68    0.82    0.45    0.85     74.00   6.92    90.34   77.30   0.81    2029.60    19.97    29.53  
26   T0879TS048_1-D1     048s    75.23    100.00  24    0.56      0.56       0.67      0.67       58.86    0.63          36.02    52.31    5.087    5.634    220   1    0     0     76.82  82.27  0.50        0.50         0.62         0.62         82.27  80.233   1.54     25.85       24.9        205      2.6      3.08          0.66    73.41     0.64    0.70    0.83    0.37    0.87     78.20   7.13    91.43   77.58   0.84    2088.30    17.17    27.51  
27   T0879TS005_2-D1     005s    75.23    100.00  24    N/A       N/A        0.67      0.67       58.29    N/A           38.61    52.76    5.383    5.865    220   1    0     0     78.64  85.45  N/A         N/A          0.69         0.69         85.45  81.99    1.53     26.60       26.2        202      2.4      1.08          0.68    77.73     0.68    0.73    0.80    0.29    0.88     74.10   7.13    92.55   79.38   0.84    2197.00    22.79    46.95  
28   T0879TS005_1-D1     005s    75.11    100.00  28    0.56      0.56       0.66      0.66       57.05    0.51          39.30    52.72    4.966    5.557    220   1    0     0     79.09  84.55  0.59        0.59         0.71         0.71         84.55  81.758   1.55     26.45       26.2        202      2.8      1.35          0.69    75.00     0.67    0.74    0.87    0.27    0.88     74.60   7.13    92.42   79.76   0.84    2200.30    14.53    47.63  
29   T0879TS452_2-D1     452s    74.89    100.00  29    N/A       N/A        0.65      0.65       58.41    N/A           31.77    50.42    5.604    6.231    220   3    0     0     74.09  80.45  N/A         N/A          0.50         0.50         81.36  78.465   1.41     25.41       24          192      2.3      3.52          0.63    68.64     0.59    0.67    0.81    0.49    0.86     76.70   6.92    91.42   76.10   0.81    2023.70    14.49    82.49  
30   T0879TS464_4-D1     464s    74.89    100.00  29    N/A       N/A        0.65      0.65       60.69    N/A           34.51    52.83    6        6.554    220   2    0     0     74.09  80.45  N/A         N/A          0.50         0.50         81.36  78.537   1.40     24.66       23.9        189      2.2      3.38          0.65    70.23     0.63    0.69    0.81    0.45    0.85     74.00   6.92    90.36   77.16   0.81    2015.60    20.49    29.50  
31   T0879TS464_3-D1     464s    74.89    100.00  29    N/A       N/A        0.65      0.65       60.23    N/A           33.07    52.11    7.295    7.919    220   1    0     0     74.09  80.91  N/A         N/A          0.50         0.50         81.82  78.644   1.37     25.11       24.4        195      2.7      3.26          0.64    69.55     0.62    0.69    0.74    0.38    0.85     78.60   6.92    90.27   77.00   0.81    2054.90    46.19    29.22  
32   T0879TS313_4-D1     313s    74.77    100.00  32    N/A       N/A        0.64      0.64       60.56    N/A           39.00    54.37    6.261    6.89     220   0    0     0     75.45  80.91  N/A         N/A          0.56         0.56         81.82  79.316   1.49     24.81       23.9        190      2.2      2.12          0.65    71.36     0.65    0.67    0.79    0.45    0.84     67.40   6.81    91.52   77.21   0.81    2017.70    17.83    32.59  
33   T0879TS405_4-D1     405s    74.77    100.00  32    N/A       N/A        0.64      0.64       58.86    N/A           32.85    51.86    6.705    7.395    220   0    0     0     74.55  81.36  N/A         N/A          0.52         0.52         81.82  79.478   1.43     24.96       23.5        189      2        3.38          0.63    68.18     0.60    0.67    0.76    0.39    0.85     71.00   6.92    90.78   75.28   0.81    1991.80    30.11    88.78  
34   T0879TS479_1-D1     479s    74.43    100.00  34    0.52      0.52       0.63      0.63       57.62    0.55          29.75    49.97    5.674    6.325    220   0    0     0     75.00  81.36  0.42        0.42         0.54         0.54         81.36  78.698   1.42     25.85       24.4        199      2.7      2.94          0.63    72.05     0.62    0.68    0.81    0.45    0.85     67.60   7.02    91.82   78.74   0.82    2061.40    15.91    88.45  
35   T0879TS405_1-D1     405s    74.20    100.00  35    0.51      0.51       0.61      0.61       58.29    0.59          32.84    51.45    6.21     6.757    220   3    0     0     75.45  80.45  0.44        0.44         0.56         0.56         81.36  79.559   1.39     24.96       24.1        191      2        3.41          0.64    67.05     0.61    0.67    0.78    0.43    0.85     75.30   6.92    91.20   76.55   0.82    2038.50    20.27    89.01  
36   T0879TS258_4-D1     258s    74.20    100.00  35    N/A       N/A        0.61      0.61       56.13    N/A           29.05    48.28    5.482    6.126    220   2    0     0     77.27  82.27  N/A         N/A          0.63         0.63         82.27  80.064   1.52     25.41       24.3        202      2.5      3.75          0.62    67.05     0.58    0.66    0.79    0.42    0.86     71.00   7.02    91.46   76.06   0.83    2055.10    19.83    28.15  
37   T0879TS313_2-D1     313s    74.20    100.00  35    N/A       N/A        0.61      0.61       59.55    N/A           38.14    53.57    6.253    6.846    220   0    0     0     74.09  80.91  N/A         N/A          0.50         0.50         81.82  79.22    1.42     25.11       24          194      2.4      2.19          0.65    70.45     0.65    0.67    0.79    0.45    0.84     65.40   6.81    91.53   77.31   0.81    2031.00    17.78    32.62  
38   T0879TS405_5-D1     405s    74.09    100.00  38    N/A       N/A        0.61      0.61       59.20    N/A           36.80    53.32    6.199    6.846    220   1    0     0     74.09  80.91  N/A         N/A          0.50         0.50         81.82  79.266   1.36     24.51       24          192      2.3      3.33          0.65    68.86     0.63    0.68    0.79    0.47    0.85     77.40   6.92    90.66   76.31   0.81    2029.10    19.91    89.56  
39   T0879TS313_1-D1     313s    73.98    100.00  39    0.49      0.49       0.60      0.60       59.32    0.66          37.84    53.53    6.307    6.946    220   0    0     0     73.64  80.91  0.36        0.36         0.48         0.48         81.82  78.862   1.38     24.96       23.9        191      2.2      2.25          0.65    70.23     0.65    0.67    0.79    0.45    0.84     65.40   6.81    91.31   76.89   0.81    2018.40    18.30    32.83  
40   T0879TS313_5-D1     313s    73.98    100.00  39    N/A       N/A        0.60      0.60       59.43    N/A           38.52    53.80    6.278    6.87     220   0    0     0     74.55  80.91  N/A         N/A          0.52         0.52         81.82  79.302   1.43     24.96       23.8        195      2.4      2.20          0.65    70.45     0.65    0.67    0.79    0.46    0.84     65.90   6.81    91.31   76.80   0.81    2009.50    17.77    32.71  
41   T0879TS005_3-D1     005s    73.86    100.00  41    N/A       N/A        0.60      0.60       55.68    N/A           39.56    51.35    4.07     4.437    220   1    0     0     80.00  87.73  N/A         N/A          0.75         0.75         87.73  81.639   1.58     26.89       26.3        202      2.2      0.81          0.69    77.95     0.68    0.74    0.90    0.34    0.90     72.60   7.13    92.76   80.49   0.84    2206.50    7.84     44.21  
42   T0879TS349_1-D1     349s    73.75    100.00  42    0.48      0.48       0.59      0.59       58.75    0.62          37.51    53.26    6.276    6.907    220   4    0     0     74.09  80.45  0.38        0.38         0.50         0.50         81.36  79.073   1.49     24.81       23.9        194      2.4      3.08          0.62    69.32     0.63    0.67    0.78    0.44    0.84     62.90   6.81    91.30   77.06   0.81    2016.90    18.30    52.14  
43   T0879TS119_1-D1     119s    73.75    100.00  42    0.48      0.48       0.59      0.59       58.75    0.62          41.71    54.30    6.276    6.814    220   4    0     0     74.09  80.45  0.38        0.38         0.50         0.50         81.36  79.073   1.49     24.81       23.9        194      2.4      3.84          0.61    70.68     0.64    0.69    0.78    0.44    0.84     62.90   6.81    91.30   77.06   0.81    2016.90    18.30    52.14  
44   T0879TS183_1-D1     183s    73.64    100.00  44    0.47      0.47       0.59      0.59       56.59    0.48          27.43    47.99    5.608    6.256    220   0    0     0     74.55  81.36  0.40        0.40         0.52         0.52         81.36  78.68    1.49     25.70       24.3        197      2.6      3.35          0.62    70.00     0.61    0.67    0.81    0.47    0.85     64.70   7.02    91.80   78.71   0.82    2059.30    14.99    88.92  
45   T0879TS405_2-D1     405s    73.64    100.00  44    N/A       N/A        0.59      0.59       58.07    N/A           33.75    51.09    5.971    6.53     220   4    0     0     72.73  80.45  N/A         N/A          0.45         0.45         80.45  79.149   1.43     26.15       23.9        194      2.3      3.32          0.64    67.95     0.61    0.67    0.79    0.46    0.86     77.30   7.02    90.85   75.59   0.82    2025.80    19.97    89.47  
46   T0879TS005_4-D1     005s    73.64    100.00  44    N/A       N/A        0.59      0.59       56.36    N/A           38.12    49.08    4.65     4.971    220   1    0     0     77.27  84.55  N/A         N/A          0.63         0.63         84.55  80.075   1.66     26.45       26.4        202      2.5      1.25          0.69    80.00     0.69    0.75    0.88    0.30    0.89     85.60   7.13    92.54   80.10   0.83    2212.60    11.16    N/A    
47   T0879TS313_3-D1     313s    73.18    100.00  47    N/A       N/A        0.56      0.56       58.30    N/A           36.41    52.57    6.284    6.911    220   0    0     0     75.00  80.91  N/A         N/A          0.54         0.54         81.82  79.25    1.49     24.81       23.7        190      2.2      2.21          0.64    70.00     0.65    0.67    0.79    0.43    0.84     65.40   6.81    91.25   76.80   0.81    2001.80    18.03    32.83  
48   T0879TS345_5-D1     345s    73.18    100.00  47    N/A       N/A        0.56      0.56       57.39    N/A           34.89    51.31    6.236    6.752    220   0    0     0     75.00  79.55  N/A         N/A          0.54         0.54         80.91  78.915   1.39     25.26       24.3        191      2.2      2.94          0.62    68.64     0.61    0.67    0.79    0.46    0.83     66.80   7.02    86.88   77.06   0.81    2052.80    15.12    81.96  
49   T0879TS275_3-D1     275s    73.07    100.00  49    N/A       N/A        0.56      0.56       57.61    N/A           36.80    51.85    5.561    6.12     220   4    0     0     73.18  82.73  N/A         N/A          0.47         0.47         82.73  78.108   1.57     26.15       24.9        197      2.4      3.02          0.67    74.09     0.64    0.71    0.81    0.39    0.85     71.20   7.02    89.56   78.72   0.82    2090.60    13.60    N/A    
50   T0879TS220_1-D1     220s    73.07    100.00  49    0.44      0.44       0.56      0.56       59.09    0.64          40.92    53.61    5.938    6.474    220   1    0     0     74.55  80.45  0.40        0.40         0.52         0.52         82.73  79.312   1.44     24.66       24.6        193      2.2      1.71          0.66    71.14     0.67    0.68    0.80    0.39    0.85     70.40   6.92    89.36   77.60   0.81    2071.60    16.05    36.52  
51   T0879TS220_2-D1     220s    72.95    100.00  51    N/A       N/A        0.55      0.55       58.52    N/A           40.09    53.85    6.004    6.563    220   1    0     0     74.09  80.00  N/A         N/A          0.50         0.50         82.27  79.575   1.42     24.66       24.8        190      1.9      2.24          0.67    72.27     0.68    0.68    0.80    0.42    0.85     70.00   6.81    -1.00   -1.00   0.82    2087.10    17.09    35.51  
52   T0879TS220_3-D1     220s    72.73    100.00  52    N/A       N/A        0.54      0.54       58.07    N/A           40.80    53.33    6.231    6.788    220   1    0     0     73.18  80.45  N/A         N/A          0.47         0.47         82.73  79.835   1.32     24.66       24.9        193      2.1      2.22          0.67    71.82     0.67    0.68    0.80    0.42    0.84     70.70   6.81    89.29   78.18   0.82    2096.00    16.51    35.42  
53   T0879TS220_5-D1     220s    72.61    100.00  53    N/A       N/A        0.53      0.53       59.09    N/A           40.60    53.42    6.119    6.735    220   1    0     0     73.64  78.64  N/A         N/A          0.48         0.48         80.91  78.967   1.31     24.51       24.2        193      2.5      1.96          0.66    70.00     0.66    0.68    0.81    0.41    0.84     69.80   6.92    90.61   77.75   0.81    2043.50    16.32    36.89  
54   T0879TS446_2-D1     446s    72.50    100.00  54    N/A       N/A        0.53      0.53       55.00    N/A           38.11    50.49    5.108    5.589    220   1    0     0     78.64  85.45  N/A         N/A          0.69         0.69         85.45  79.775   1.61     26.15       25.9        201      2.4      1.06          0.67    75.91     0.68    0.72    0.84    0.33    0.88     81.70   7.13    92.33   80.11   0.82    2173.10    13.27    83.29  
55   T0879TS275_4-D1     275s    72.39    100.00  55    N/A       N/A        0.52      0.52       55.80    N/A           34.13    50.98    5.712    6.311    220   4    0     0     75.45  83.18  N/A         N/A          0.56         0.56         83.18  79.308   1.57     26.15       24.9        199      2.6      3.00          0.66    73.18     0.63    0.71    0.80    0.42    0.85     70.90   6.92    89.68   78.70   0.82    2096.90    14.34    N/A    
56   T0879TS220_4-D1     220s    72.16    100.00  56    N/A       N/A        0.51      0.51       57.73    N/A           42.09    54.04    6.188    6.745    220   2    0     0     73.64  79.55  N/A         N/A          0.48         0.48         81.36  78.838   1.35     24.96       24.2        189      2        1.98          0.66    70.68     0.67    0.68    0.82    0.42    0.84     71.50   6.81    88.55   77.15   0.81    2043.00    16.50    37.44  
57   T0879TS446_1-D1     446s    72.16    100.00  56    0.39      0.39       0.51      0.51       52.84    0.23          38.64    50.59    4.997    5.357    220   1    0     0     79.55  84.55  0.61        0.61         0.73         0.73         85.00  80.06    1.55     25.41       25.8        201      2.4      1.14          0.68    76.82     0.68    0.72    0.84    0.35    0.88     80.10   7.13    92.65   80.32   0.82    2167.80    12.42    83.82  
58   T0879TS405_3-D1     405s    72.16    100.00  56    N/A       N/A        0.51      0.51       57.27    N/A           35.46    50.54    6.246    6.872    220   1    0     0     72.73  78.64  N/A         N/A          0.45         0.45         79.09  76.519   1.50     24.81       22.7        188      2.5      3.04          0.63    66.36     0.61    0.66    0.77    0.48    0.84     74.60   6.92    88.31   74.88   0.79    1929.10    21.60    88.19  
59   T0879TS446_5-D1     446s    71.70    100.00  59    N/A       N/A        0.49      0.49       55.23    N/A           34.35    47.44    5.304    5.592    220   1    0     0     70.91  82.27  N/A         N/A          0.37         0.37         82.73  78.383   1.56     24.96       23.4        194      2.3      1.11          0.64    69.55     0.65    0.68    0.85    0.32    0.89     76.50   6.58    -1.00   -1.00   0.81    1981.10    12.64    81.63  
60   T0879TS467_2-D1     467s    71.70    100.00  59    N/A       N/A        0.49      0.49       54.20    N/A           39.23    50.41    7.15     7.801    220   1    0     0     77.27  84.55  N/A         N/A          0.63         0.63         84.55  79.31    1.61     25.85       25.3        200      2.6      1.82          0.67    73.18     0.66    0.71    0.74    0.36    0.84     81.80   7.02    90.90   78.60   0.82    2124.30    33.68    46.16  
61   T0879TS467_3-D1     467s    71.59    100.00  61    N/A       N/A        0.48      0.48       54.43    N/A           38.88    50.16    4.696    5.384    220   1    0     0     75.00  82.27  N/A         N/A          0.54         0.54         82.73  78.389   1.43     24.81       23.8        196      2.3      1.47          0.65    70.91     0.63    0.69    0.88    0.35    0.88     68.90   6.81    88.03   74.89   0.82    2001.90    10.89    46.54  
62   T0879TS028_1-D1     028s    71.48    100.00  62    0.36      0.36       0.48      0.48       54.66    0.35          30.93    47.39    4.793    5.252    220   4    0     0     73.18  78.64  0.34        0.34         0.47         0.47         83.18  80.052   1.60     25.11       24.5        198      2.2      3.28          0.63    68.64     0.61    0.66    0.84    0.42    0.88     71.90   6.92    85.85   75.19   0.82    2061.60    8.28     31.82  
63   T0879TS251_1-D1     251s    71.25    100.00  63    0.34      0.34       0.46      0.46       55.11    0.38          39.68    51.81    6.411    6.896    220   1    0     0     74.55  80.45  0.40        0.40         0.52         0.52         80.45  77.452   1.55     25.26       22.7        189      2.3      1.31          0.65    66.82     0.64    0.67    0.78    0.49    0.84     70.30   6.92    -1.00   -1.00   0.79    1922.90    21.24    82.17  
64   T0879TS407_1-D1     407s    70.91    100.00  64    0.33      0.33       0.45      0.45       54.89    0.37          30.30    47.60    5.749    6.248    220   18   0     0     70.00  77.27  0.20        0.20         0.34         0.34         81.36  77.016   1.50     24.21       22.5        186      1.9      3.63          0.58    68.18     0.58    0.63    0.73    0.52    0.83     65.40   6.70    85.58   73.61   0.80    1906.50    11.53    31.90  
65   T0879TS446_3-D1     446s    70.80    99.09   65    N/A       N/A        0.44      0.44       51.48    N/A           36.61    48.26    5.149    5.629    218   1    0     0     77.27  85.00  N/A         N/A          0.63         0.63         85.00  79.52    1.61     25.93       24.8        200      2.5      1.31          0.65    74.09     0.66    0.70    0.85    0.34    0.87     86.01   7.02    -1.00   -1.00   0.82    2084.40    13.61    83.00  
66   T0879TS275_5-D1     275s    70.68    100.00  66    N/A       N/A        0.43      0.43       54.77    N/A           34.30    49.29    6.691    6.897    220   2    0     0     74.55  80.00  N/A         N/A          0.52         0.52         80.91  76.116   1.60     24.21       22.8        184      2        2.79          0.63    69.77     0.62    0.68    0.84    0.35    0.87     71.70   6.47    89.74   73.92   0.78    1935.40    16.14    N/A    
67   T0879TS026_2-D1     026s    70.57    100.00  67    N/A       N/A        0.43      0.43       53.30    N/A           32.55    47.69    7.111    7.738    220   2    0     0     72.73  80.45  N/A         N/A          0.45         0.45         80.45  77.988   1.69     25.11       23          196      2.7      3.84          0.61    67.27     0.59    0.66    0.76    0.45    0.83     83.70   6.92    88.26   73.74   0.80    1972.60    32.08    N/A    
68   T0879TS380_2-D1     380s    70.57    100.00  67    N/A       N/A        0.43      0.43       53.30    N/A           32.55    47.69    7.111    7.738    220   2    0     0     72.73  80.45  N/A         N/A          0.45         0.45         80.45  77.988   1.69     25.11       23          196      2.7      3.84          0.61    67.27     0.59    0.66    0.76    0.45    0.83     83.70   6.92    88.26   73.74   0.80    1972.60    32.08    N/A    
69   T0879TS425_1-D1     425s    70.45    100.00  69    0.30      0.30       0.42      0.42       52.61    0.22          27.36    45.03    6.107    6.684    220   5    0     0     74.55  78.64  0.40        0.40         0.52         0.52         79.09  77.291   1.60     25.26       23.3        193      2.4      4.09          0.61    65.91     0.57    0.63    0.69    0.51    0.85     78.00   6.81    86.69   74.00   0.80    1974.90    15.09    30.70  
70   T0879TS407_2-D1     407s    70.45    100.00  69    N/A       N/A        0.42      0.42       55.34    N/A           32.77    49.06    5.534    6.079    220   26   0     0     72.73  76.36  N/A         N/A          0.45         0.45         80.91  78.162   1.39     24.81       23.5        188      1.9      3.49          0.53    67.05     0.60    0.64    0.69    0.53    0.84     66.30   6.81    82.51   75.82   0.80    1985.00    10.67    31.94  
71   T0879TS077_1-D1     077s    70.34    100.00  71    0.29      0.29       0.42      0.42       52.95    0.24          27.25    44.96    6.087    6.627    220   5    0     0     75.00  78.64  0.42        0.42         0.54         0.54         79.09  77.773   1.53     25.26       23.6        195      2.4      4.24          0.61    68.18     0.57    0.64    0.70    0.48    0.85     78.40   6.70    86.65   75.13   0.80    1995.90    13.99    30.50  
72   T0879TS452_5-D1     452s    70.11    100.00  72    N/A       N/A        0.41      0.41       54.43    N/A           30.98    48.43    6.63     7.192    220   1    0     0     73.64  80.91  N/A         N/A          0.48         0.48         81.36  75.744   1.57     24.36       22.7        183      1.9      3.24          0.61    65.45     0.60    0.65    0.76    0.48    0.84     72.10   6.92    88.33   74.30   0.79    1928.40    24.23    80.93  
73   T0879TS425_2-D1     425s    70.11    100.00  72    N/A       N/A        0.41      0.41       52.05    N/A           26.45    44.70    6.031    6.553    220   3    0     0     73.18  79.55  N/A         N/A          0.47         0.47         80.00  77.721   1.57     25.55       23.5        193      2.3      4.23          0.62    70.23     0.57    0.65    0.71    0.51    0.85     72.20   6.81    86.78   75.23   0.80    1985.70    13.79    30.72  
74   T0879TS407_4-D1     407s    70.00    100.00  74    N/A       N/A        0.40      0.40       52.96    N/A           31.22    47.23    5.354    5.892    220   13   0     0     72.27  79.09  N/A         N/A          0.43         0.43         80.91  76.734   1.63     24.66       22.8        190      2.2      3.95          0.58    67.73     0.58    0.63    0.76    0.55    0.85     66.10   6.81    84.44   73.55   0.80    1928.80    10.43    31.79  
75   T0879TS077_5-D1     077s    70.00    100.00  74    N/A       N/A        0.40      0.40       52.05    N/A           27.04    45.40    6.181    6.762    220   7    0     0     73.64  78.64  N/A         N/A          0.48         0.48         79.09  76.896   1.59     25.41       23.5        194      2.3      4.10          0.62    67.95     0.58    0.64    0.69    0.49    0.84     75.80   6.81    86.53   74.87   0.80    1990.90    13.93    30.88  
76   T0879TS275_1-D1     275s    69.89    100.00  76    0.27      0.27       0.39      0.39       53.52    0.28          35.39    49.23    6.024    6.555    220   3    0     0     71.36  80.91  0.26        0.26         0.39         0.39         83.18  78.25    1.67     25.26       24.5        195      2.2      3.32          0.65    72.27     0.63    0.68    0.77    0.52    0.84     70.70   6.81    85.16   77.80   0.81    2069.40    12.82    N/A    
77   T0879TS180_2-D1     180s    69.89    100.00  76    N/A       N/A        0.39      0.39       53.63    N/A           29.71    44.95    6.158    6.487    220   1    0     0     68.18  81.82  N/A         N/A          0.26         0.26         81.82  77.339   1.51     25.11       23.5        190      2.2      2.98          0.48    61.82     0.58    0.61    0.85    0.45    0.86     79.60   6.81    84.89   69.42   0.80    1986.20    10.99    78.49  
78   T0879TS407_3-D1     407s    69.77    100.00  78    N/A       N/A        0.39      0.39       52.61    N/A           28.45    45.66    5.355    5.835    220   26   0     0     72.27  78.64  N/A         N/A          0.43         0.43         80.00  76.441   1.59     25.11       22.6        189      2.2      3.50          0.46    66.82     0.57    0.62    0.68    0.50    0.84     74.06   6.70    85.92   74.08   0.79    1918.60    9.87     32.07  
79   T0879TS275_2-D1     275s    69.66    100.00  79    N/A       N/A        0.38      0.38       53.86    N/A           35.13    48.91    6.503    6.898    220   1    0     0     70.91  80.45  N/A         N/A          0.37         0.37         82.73  77.542   1.70     25.70       24.4        194      2.2      3.15          0.65    72.50     0.64    0.68    0.77    0.49    0.83     72.10   6.81    88.16   77.91   0.80    2045.30    14.27    N/A    
80   T0879TS250_3-D1     250s    69.66    100.00  79    N/A       N/A        0.38      0.38       51.02    N/A           32.72    45.92    4.375    4.78     220   0    0     0     74.55  82.27  N/A         N/A          0.52         0.52         82.27  76.933   1.66     26.45       23.6        202      2.8      2.08          0.64    74.09     0.65    0.69    0.91    0.30    0.89     79.20   7.13    89.92   76.62   0.81    1995.60    6.57     89.75  
81   T0879TS357_3-D1     357s    69.66    100.00  79    N/A       N/A        0.38      0.38       54.77    N/A           21.26    42.99    6.528    6.977    220   0    0     0     69.55  77.27  N/A         N/A          0.32         0.32         80.00  76.314   1.59     23.62       22.2        183      2        4.43          0.55    60.68     0.53    0.60    0.81    0.41    0.86     55.50   6.70    86.60   72.96   0.78    1898.50    13.35    38.43  
82   T0879TS452_3-D1     452s    69.66    100.00  79    N/A       N/A        0.38      0.38       52.95    N/A           30.32    46.76    6.072    6.697    220   1    0     0     73.18  79.55  N/A         N/A          0.47         0.47         80.00  76.555   1.52     24.51       22.3        187      2.2      3.27          0.60    67.73     0.59    0.65    0.82    0.44    0.85     76.20   6.92    -1.00   -1.00   0.79    1894.40    16.99    80.55  
83   T0879TS444_3-D1     444s    69.55    100.00  83    N/A       N/A        0.38      0.38       53.64    N/A           32.87    47.61    7.361    7.71     220   1    0     0     70.45  76.36  N/A         N/A          0.35         0.35         79.09  76.9     1.57     23.32       22.3        186      2.2      3.54          0.60    67.27     0.60    0.63    0.71    0.57    0.81     80.60   6.70    85.55   72.48   0.78    1895.00    26.70    34.02  
84   T0879TS250_1-D1     250s    69.55    100.00  83    0.25      0.25       0.38      0.38       51.37    0.14          32.09    45.26    4.363    4.788    220   0    0     0     73.18  81.36  0.34        0.34         0.47         0.47         81.36  76.354   1.66     26.60       23.7        202      2.7      1.95          0.64    74.77     0.65    0.69    0.91    0.30    0.89     83.50   7.13    89.94   76.98   0.81    2009.90    6.14     89.45  
85   T0879TS425_3-D1     425s    69.43    100.00  85    N/A       N/A        0.37      0.37       51.59    N/A           28.75    45.04    6.067    6.588    220   4    0     0     73.18  80.91  N/A         N/A          0.47         0.47         81.36  77.167   1.64     25.41       23.6        195      2.5      4.11          0.63    69.32     0.60    0.66    0.71    0.47    0.85     84.10   6.81    87.96   76.08   0.80    1995.30    14.48    30.68  
86   T0879TS357_4-D1     357s    69.43    100.00  85    N/A       N/A        0.37      0.37       54.20    N/A           22.23    43.37    6.54     7.04     220   0    0     0     69.09  76.82  N/A         N/A          0.30         0.30         79.55  75.795   1.53     23.47       22.2        183      2        4.48          0.55    61.82     0.55    0.59    0.80    0.46    0.86     66.70   6.70    84.71   72.59   0.78    1890.00    14.34    38.16  
87   T0879TS250_4-D1     250s    69.32    100.00  87    N/A       N/A        0.37      0.37       50.91    N/A           33.22    46.01    4.492    4.84     220   0    0     0     73.18  81.82  N/A         N/A          0.47         0.47         81.82  76.949   1.59     26.60       23.6        203      2.7      2.00          0.64    74.32     0.65    0.69    0.91    0.28    0.89     83.20   7.13    -1.00   -1.00   0.81    2002.50    7.21     89.64  
88   T0879TS250_2-D1     250s    69.32    100.00  87    N/A       N/A        0.37      0.37       51.13    N/A           31.74    45.42    4.42     4.838    220   0    0     0     73.64  80.45  N/A         N/A          0.48         0.48         80.45  76.489   1.63     26.45       23.7        201      2.6      2.03          0.64    74.55     0.64    0.69    0.91    0.29    0.89     83.50   7.13    89.98   76.70   0.81    2011.60    6.69     89.91  
89   T0879TS250_5-D1     250s    69.32    100.00  87    N/A       N/A        0.37      0.37       50.68    N/A           32.25    45.23    4.331    4.724    220   0    0     0     73.18  81.36  N/A         N/A          0.47         0.47         81.36  76.841   1.65     26.75       23.6        202      2.7      1.99          0.64    74.77     0.65    0.69    0.91    0.28    0.89     83.50   7.13    -1.00   -1.00   0.82    2002.60    6.33     89.54  
90   T0879TS357_1-D1     357s    69.20    100.00  90    0.23      0.23       0.36      0.36       54.43    0.34          22.68    43.82    6.724    7.194    220   0    0     0     70.00  77.27  0.20        0.20         0.34         0.34         80.00  76.322   1.53     23.62       22.3        183      2        4.40          0.56    62.27     0.54    0.60    0.81    0.40    0.85     51.70   6.70    86.09   72.93   0.78    1898.40    13.56    37.67  
91   T0879TS251_5-D1     251s    69.20    100.00  90    N/A       N/A        0.36      0.36       49.77    N/A           35.69    45.33    7.751    8.381    220   1    0     0     73.18  85.00  N/A         N/A          0.47         0.47         85.00  77.399   1.76     26.15       24.5        197      2.3      1.66          0.65    73.64     0.64    0.71    0.71    0.36    0.87     83.80   7.02    90.08   77.83   0.81    2062.00    47.10    88.56  
92   T0879TS425_4-D1     425s    69.09    100.00  92    N/A       N/A        0.35      0.35       50.68    N/A           25.64    43.99    6.043    6.643    220   3    0     0     73.64  79.55  N/A         N/A          0.48         0.48         80.00  75.825   1.60     25.26       22.9        190      2.3      3.95          0.61    67.05     0.58    0.63    0.71    0.54    0.85     79.00   6.70    86.77   72.98   0.79    1939.30    13.94    31.26  
93   T0879TS357_5-D1     357s    69.09    100.00  92    N/A       N/A        0.35      0.35       53.98    N/A           19.99    42.61    6.854    7.32     220   1    0     0     69.09  76.36  N/A         N/A          0.30         0.30         80.00  76.192   1.51     23.77       22.4        184      2        4.52          0.55    61.82     0.53    0.59    0.76    0.45    0.84     59.60   6.70    -1.00   -1.00   0.78    1899.50    13.88    40.16  
94   T0879TS077_3-D1     077s    69.09    100.00  92    N/A       N/A        0.35      0.35       51.25    N/A           26.73    44.02    6.197    6.74     220   4    0     0     71.36  77.27  N/A         N/A          0.39         0.39         77.73  75.427   1.60     25.41       22.5        192      2.4      4.00          0.60    66.59     0.59    0.64    0.70    0.54    0.84     70.40   6.70    87.22   73.90   0.79    1912.70    14.93    31.92  
95   T0879TS425_5-D1     425s    69.09    100.00  92    N/A       N/A        0.35      0.35       51.14    N/A           26.84    43.56    6.153    6.658    220   3    0     0     72.73  80.45  N/A         N/A          0.45         0.45         80.91  76.24    1.63     25.41       23.2        195      2.5      4.14          0.62    67.73     0.58    0.65    0.69    0.47    0.85     77.30   6.70    -1.00   -1.00   0.80    1965.40    14.57    31.19  
96   T0879TS077_4-D1     077s    68.98    100.00  96    N/A       N/A        0.35      0.35       51.14    N/A           25.61    43.65    6.214    6.846    220   7    0     0     74.55  79.55  N/A         N/A          0.52         0.52         80.45  75.996   1.52     25.26       23.4        191      2.3      4.10          0.61    67.05     0.57    0.64    0.69    0.49    0.84     76.70   6.81    86.58   75.22   0.80    1978.70    14.79    31.40  
97   T0879TS479_3-D1     479s    68.98    100.00  96    N/A       N/A        0.35      0.35       49.88    N/A           28.08    44.49    5.559    6.137    220   0    0     0     70.91  80.45  N/A         N/A          0.37         0.37         80.45  75.948   1.69     26.15       22.9        202      3.2      3.11          0.61    69.77     0.61    0.67    0.83    0.36    0.85     77.10   7.13    90.67   75.30   0.79    1939.70    13.98    90.69  
98   T0879TS359_4-D1     359s    68.75    93.64   98    N/A       N/A        0.34      0.34       54.43    N/A           33.90    46.51    5.636    5.953    206   1    0     0     70.00  76.82  N/A         N/A          0.34         0.34         79.55  75.638   1.61     23.85       22.9        186      2.2      3.33          0.58    68.18     0.58    0.61    0.76    0.39    0.87     71.63   6.81    -1.00   -1.00   0.78    1891.90    49.79    30.02  
99   T0879TS357_2-D1     357s    68.75    100.00  98    N/A       N/A        0.34      0.34       53.18    N/A           22.57    43.07    6.474    6.964    220   0    0     0     70.45  77.27  N/A         N/A          0.35         0.35         80.00  76.091   1.52     23.02       22          183      2        4.47          0.55    60.68     0.54    0.59    0.81    0.44    0.86     63.70   6.70    85.08   72.26   0.78    1879.00    13.87    38.13  
100  T0879TS077_2-D1     077s    68.52    100.00  100   N/A       N/A        0.32      0.32       50.23    N/A           27.61    43.53    6.144    6.738    220   4    0     0     70.45  80.00  N/A         N/A          0.35         0.35         80.45  75.799   1.66     25.55       23          193      2.3      3.92          0.62    67.95     0.60    0.65    0.70    0.50    0.84     75.60   6.81    87.52   74.61   0.80    1951.50    14.37    31.66  
101  T0879TS359_1-D1     359s    68.30    95.00   101   0.18      0.18       0.31      0.31       50.68    0.09          29.84    44.11    5.098    5.281    209   0    0     0     72.27  80.45  0.30        0.30         0.43         0.43         81.82  76.593   1.59     24.94       22.7        191      2.2      3.43          0.58    69.55     0.57    0.63    0.77    0.35    0.88     78.85   6.81    89.04   72.71   0.79    1888.70    9.59     28.86  
102  T0879TS359_2-D1     359s    68.30    95.00   101   N/A       N/A        0.31      0.31       50.68    N/A           29.84    44.11    5.098    5.281    209   0    0     0     72.27  80.45  N/A         N/A          0.43         0.43         81.82  76.593   1.59     24.94       22.7        191      2.2      3.43          0.58    69.55     0.57    0.63    0.77    0.35    0.88     78.85   6.81    -1.00   -1.00   0.79    1888.70    9.59     28.86  
103  T0879TS183_2-D1     183s    67.95    100.00  103   N/A       N/A        0.30      0.30       48.30    N/A           25.43    42.05    5.515    6.143    220   0    0     0     70.91  80.45  N/A         N/A          0.37         0.37         80.45  75.307   1.67     26.00       22.7        199      3        3.48          0.59    67.95     0.59    0.65    0.82    0.40    0.86     84.50   7.02    90.51   75.15   0.79    1922.90    13.65    90.07  
104  T0879TS444_1-D1     444s    67.95    100.00  103   0.16      0.16       0.30      0.30       47.73    -0.10         27.11    42.97    4.957    5.458    220   0    0     0     73.18  80.91  0.34        0.34         0.47         0.47         80.91  69.26    1.70     25.11       21.4        195      2.4      3.49          0.58    67.27     0.60    0.65    0.85    0.45    0.86     79.60   7.02    89.50   72.00   0.80    1821.50    12.56    31.26  
105  T0879TS026_3-D1     026s    67.84    100.00  105   N/A       N/A        0.29      0.29       48.75    N/A           30.26    43.99    6.315    6.881    220   0    0     0     72.73  82.73  N/A         N/A          0.45         0.45         82.73  77.429   1.68     26.45       23          195      2.2      3.69          0.60    67.95     0.61    0.66    0.82    0.38    0.87     81.40   6.92    86.49   73.10   0.81    1949.80    24.68    N/A    
106  T0879TS380_1-D1     380s    67.84    100.00  105   0.16      0.16       0.29      0.29       48.75    -0.03         30.26    43.99    6.315    6.881    220   0    0     0     72.73  82.73  0.32        0.32         0.45         0.45         82.73  77.429   1.68     26.45       23          195      2.2      3.69          0.60    67.95     0.61    0.66    0.82    0.38    0.87     81.40   6.92    86.49   73.10   0.81    1949.80    24.68    N/A    
107  T0879TS380_3-D1     380s    67.84    100.00  105   N/A       N/A        0.29      0.29       48.75    N/A           30.26    43.99    6.315    6.881    220   0    0     0     72.73  82.73  N/A         N/A          0.45         0.45         82.73  77.429   1.68     26.45       23          195      2.2      3.69          0.60    67.95     0.61    0.66    0.82    0.38    0.87     81.40   6.92    86.49   73.10   0.81    1949.80    24.68    N/A    
108  T0879TS026_1-D1     026s    67.84    100.00  105   0.16      0.16       0.29      0.29       48.75    -0.03         30.26    43.99    6.315    6.881    220   0    0     0     72.73  82.73  0.32        0.32         0.45         0.45         82.73  77.429   1.68     26.45       23          195      2.2      3.69          0.60    67.95     0.61    0.66    0.82    0.38    0.87     81.40   6.92    86.49   73.10   0.81    1949.80    24.68    N/A    
109  T0879TS407_5-D1     407s    67.50    100.00  109   N/A       N/A        0.27      0.27       51.02    N/A           32.31    45.74    5.724    6.205    220   13   0     0     68.64  75.91  N/A         N/A          0.28         0.28         80.91  76.041   1.55     24.51       22.4        188      2.1      3.79          0.60    65.91     0.59    0.62    0.75    0.51    0.83     70.58   6.70    84.36   72.28   0.79    1902.90    12.45    33.25  
110  T0879TS180_3-D1     180s    67.27    100.00  110   N/A       N/A        0.26      0.26       48.52    N/A           26.64    40.88    5.06     5.628    220   0    0     0     68.64  79.09  N/A         N/A          0.28         0.28         79.55  73.832   1.68     25.41       20.9        197      3        3.00          0.48    61.59     0.55    0.59    0.83    0.50    0.86     75.30   6.92    86.14   67.67   0.79    1786.40    14.95    77.67  
111  T0879TS359_5-D1     359s    66.93    95.00   111   N/A       N/A        0.24      0.24       50.91    N/A           28.77    41.23    5.826    6.432    209   1    0     0     65.91  76.82  N/A         N/A          0.17         0.17         77.73  74.874   1.60     24.19       21.9        188      2.8      2.96          0.57    66.59     0.56    0.61    0.72    0.45    0.79     67.54   6.70    84.89   71.09   0.77    1827.60    20.11    31.50  
112  T0879TS359_3-D1     359s    66.59    92.27   112   N/A       N/A        0.23      0.23       48.18    N/A           29.73    42.77    5.719    6.34     203   1    0     0     69.09  79.09  N/A         N/A          0.30         0.30         80.00  74.99    1.80     24.73       21.9        190      2.2      3.08          0.56    63.41     0.55    0.61    0.71    0.39    0.77     68.47   6.81    -1.00   -1.00   0.77    1803.90    24.96    27.99  
113  T0879TS166_1-D1     166s    66.48    94.55   113   0.08      0.08       0.22      0.22       48.18    -0.07         33.15    43.62    4.009    4.213    208   1    0     0     71.36  81.36  0.26        0.26         0.39         0.39         81.36  75.367   1.74     25.74       22.9        193      2.5      3.19          0.60    76.59     0.59    0.66    0.81    0.31    0.91     73.46   6.81    86.65   72.08   0.78    1902.60    3.89     28.81  
114  T0879TS421_4-D1     421s    66.25    100.00  114   N/A       N/A        0.21      0.21       49.88    N/A           25.71    41.93    7.092    7.653    220   30   0     0     67.27  75.00  N/A         N/A          0.22         0.22         80.91  77.819   1.53     24.07       22.4        187      2.1      4.52          0.25    62.05     0.50    0.57    0.67    0.65    0.79     66.10   6.70    81.20   72.69   0.80    1905.20    14.91    N/A    
115  T0879TS452_4-D1     452s    66.14    100.00  115   N/A       N/A        0.20      0.20       47.16    N/A           25.84    40.90    5.835    6.351    220   2    0     0     69.55  77.27  N/A         N/A          0.32         0.32         78.18  72.54    1.71     24.66       20.4        193      2.8      3.75          0.56    64.55     0.56    0.63    0.78    0.50    0.85     84.30   6.81    88.33   70.75   0.77    1744.60    21.12    79.56  
116  T0879TS183_5-D1     183s    66.02    100.00  116   N/A       N/A        0.20      0.20       47.73    N/A           25.58    41.47    7.124    7.688    220   0    0     0     68.18  77.27  N/A         N/A          0.26         0.26         78.18  73.222   1.73     25.11       21.3        190      2.5      3.30          0.59    63.86     0.57    0.65    0.78    0.45    0.82     79.10   6.92    87.58   73.53   0.77    1819.50    21.76    87.48  
117  T0879TS452_1-D1     452s    65.91    100.00  117   0.05      0.05       0.19      0.19       46.93    -0.15         26.19    41.34    7.304    7.646    220   7    0     0     70.45  78.18  0.22        0.22         0.35         0.35         79.09  72.732   1.63     25.11       21.1        191      2.6      3.74          0.57    65.91     0.57    0.63    0.57    0.58    0.85     68.80   6.81    -1.00   -1.00   0.78    1803.30    28.96    79.61  
118  T0879TS251_4-D1     251s    65.80    100.00  118   N/A       N/A        0.19      0.19       48.18    N/A           33.17    44.52    7.016    7.611    220   1    0     0     65.45  75.45  N/A         N/A          0.15         0.15         75.91  71.734   1.76     23.62       20          184      2.8      1.62          0.59    62.27     0.59    0.62    0.74    0.47    0.82     74.80   6.70    -1.00   -1.00   0.76    1718.90    28.72    85.13  
119  T0879TS467_1-D1     467s    65.23    100.00  119   0.01      0.01       0.16      0.16       46.13    -0.20         32.04    41.06    5.975    6.628    220   0    0     0     70.91  79.09  0.24        0.24         0.37         0.37         79.55  70.626   1.83     24.07       21          192      2.6      1.36          0.60    67.27     0.61    0.65    0.83    0.40    0.85     79.50   6.81    -1.00   -1.00   0.78    1796.00    17.00    49.91  
120  T0879TS380_5-D1     380s    65.23    100.00  119   N/A       N/A        0.16      0.16       46.25    N/A           29.24    41.79    9.056    9.204    220   2    0     0     70.91  78.64  N/A         N/A          0.37         0.37         78.64  72.508   1.77     24.96       21          189      2.5      3.98          0.59    66.36     0.59    0.66    0.73    0.45    0.82     76.80   6.81    89.64   73.47   0.76    1791.20    34.88    N/A    
121  T0879TS026_5-D1     026s    65.23    100.00  119   N/A       N/A        0.16      0.16       46.25    N/A           29.24    41.79    9.056    9.204    220   2    0     0     70.91  78.64  N/A         N/A          0.37         0.37         78.64  72.508   1.77     24.96       21          189      2.5      3.98          0.59    66.36     0.59    0.66    0.73    0.45    0.82     76.80   6.81    89.64   73.47   0.76    1791.20    34.88    N/A    
122  T0879TS180_1-D1     180s    64.89    100.00  122   -0.00     -0.00      0.14      0.14       45.80    -0.22         26.42    40.05    8.784    8.968    220   3    0     0     67.27  76.82  0.08        0.08         0.22         0.22         77.73  72.227   1.77     25.11       20.7        185      2.3      3.10          0.46    63.18     0.57    0.64    0.73    0.42    0.83     71.40   6.70    87.05   70.99   0.76    1768.40    34.71    76.22  
123  T0879TS421_2-D1     421s    64.66    95.91   123   N/A       N/A        0.13      0.13       47.16    N/A           23.91    38.89    4.97     5.428    211   10   0     0     67.73  76.36  N/A         N/A          0.24         0.24         79.55  72.46    1.77     24.71       20.4        187      2.3      4.43          0.31    63.41     0.52    0.60    0.21    0.47    0.80     68.10   6.70    83.02   68.96   0.77    1722.60    7.86     N/A    
124  T0879TS479_4-D1     479s    64.66    100.00  123   N/A       N/A        0.13      0.13       46.36    N/A           26.15    41.20    7.072    7.502    220   0    0     0     67.27  78.18  N/A         N/A          0.22         0.22         79.09  65.366   1.81     25.11       20.9        189      2.6      3.42          0.59    65.91     0.57    0.65    0.78    0.46    0.82     87.30   6.81    87.36   72.77   0.76    1785.70    21.48    87.51  
125  T0879TS421_3-D1     421s    64.20    90.91   125   N/A       N/A        0.10      0.10       46.37    N/A           25.16    39.16    4.368    4.974    200   8    0     0     68.64  77.73  N/A         N/A          0.28         0.28         78.18  71.463   1.73     25.47       21.3        185      2.5      4.41          0.24    65.00     0.49    0.61    0.73    0.36    0.75     67.36   6.70    86.99   70.21   0.75    1747.40    5.99     N/A    
126  T0879TS421_1-D1     421s    64.09    93.18   126   -0.05     -0.05      0.10      0.10       45.57    -0.24         26.40    38.70    4.849    5.258    205   32   0     0     67.27  77.27  0.08        0.08         0.22         0.22         78.18  65.658   1.80     24.95       20.1        185      2.3      4.41          0.33    64.77     0.50    0.59    0.18    0.42    0.77     73.43   6.58    82.03   66.49   0.76    1678.50    9.78     N/A    
127  T0879TS444_2-D1     444s    63.98    100.00  127   N/A       N/A        0.09      0.09       43.63    N/A           26.00    38.94    6.405    7.075    220   1    0     0     65.00  79.09  N/A         N/A          0.13         0.13         79.09  62.144   1.89     25.41       21.2        194      2.6      3.46          0.57    62.27     0.58    0.62    0.75    0.52    0.83     65.90   6.92    87.31   70.19   0.78    1805.80    26.51    34.50  
128  T0879TS479_5-D1     479s    62.84    100.00  128   N/A       N/A        0.04      0.04       44.66    N/A           22.01    36.62    5.609    6.375    220   0    0     0     58.18  76.36  N/A         N/A          -0.15        -0.15        81.36  76.413   1.70     24.36       22.2        193      2.2      3.63          0.53    57.27     0.53    0.55    0.78    0.63    0.82     74.70   6.81    84.17   67.62   0.80    1884.80    8.46     83.34  
129  T0879TS183_4-D1     183s    62.61    100.00  129   N/A       N/A        0.02      0.02       44.55    N/A           22.78    36.86    5.617    6.282    220   0    0     0     57.73  76.36  N/A         N/A          -0.17        -0.17        81.36  77.155   1.71     24.36       22          193      2.3      3.69          0.53    56.59     0.53    0.55    0.78    0.64    0.82     82.50   6.81    -1.00   -1.00   0.79    1870.80    8.58     83.27  
130  T0879TS467_4-D1     467s    62.50    100.00  130   N/A       N/A        0.02      0.02       42.84    N/A           26.56    36.45    9.335    9.114    220   1    0     0     62.73  78.18  N/A         N/A          0.04         0.04         78.18  57.534   2.03     24.21       19.9        193      2.7      1.38          0.57    63.41     0.59    0.61    0.77    0.44    0.82     72.20   6.92    85.48   68.83   0.76    1712.60    16.07    51.71  
131  T0879TS421_5-D1     421s    61.59    100.00  131   N/A       N/A        -0.03     -0.03      46.36    N/A           19.70    35.29    6.865    7.407    220   38   0     0     60.45  72.27  N/A         N/A          -0.06        -0.06        78.18  72.978   1.68     24.36       20.2        184      2.3      4.59          0.25    57.50     0.50    0.57    0.70    0.70    0.79     74.56   6.58    81.71   68.40   0.76    1730.90    19.42    N/A    
132  T0879TS180_4-D1     180s    61.14    100.00  132   N/A       N/A        -0.05     -0.05      42.84    N/A           23.83    34.95    6.562    7.131    220   1    0     0     54.55  78.18  N/A         N/A          -0.30        -0.30        78.18  74.461   1.66     24.36       22          189      2.6      3.03          0.44    50.45     0.53    0.53    0.81    0.58    0.83     68.10   6.70    82.87   61.50   0.77    1867.80    17.21    71.00  
133  T0879TS455_5-D1     455s    60.11    100.00  133   N/A       N/A        -0.10     -0.10      42.50    N/A           25.93    37.31    7.314    7.845    220   2    0     0     60.00  74.55  N/A         N/A          -0.08        -0.08        77.73  65.575   1.85     23.62       20.1        184      2.3      3.49          0.53    49.55     0.54    0.57    0.74    0.54    0.82     70.10   6.58    77.88   64.84   0.76    1721.50    27.10    40.65  
134  T0879TS467_5-D1     467s    59.43    100.00  134   N/A       N/A        -0.14     -0.14      42.27    N/A           27.34    37.82    8.329    8.727    220   0    0     0     63.64  70.00  N/A         N/A          0.07         0.07         77.27  63.369   1.79     22.73       19.3        188      2.6      1.68          0.54    58.41     0.57    0.56    0.68    0.59    0.77     67.60   6.70    -1.00   -1.00   0.76    1664.10    35.74    52.61  
135  T0879TS444_4-D1     444s    58.18    100.00  135   N/A       N/A        -0.20     -0.20      39.43    N/A           21.07    34.13    7.245    7.534    220   0    0     0     60.00  72.27  N/A         N/A          -0.08        -0.08        77.27  61.11    1.86     24.51       19.1        187      2.7      3.38          0.54    60.91     0.55    0.59    0.76    0.56    0.80     74.50   6.58    81.86   66.71   0.74    1643.00    15.08    39.84  
136  T0879TS444_5-D1     444s    57.95    100.00  136   N/A       N/A        -0.21     -0.21      39.77    N/A           26.55    34.03    7.531    7.929    220   0    0     0     59.09  70.45  N/A         N/A          -0.11        -0.11        76.36  61.398   1.95     24.21       19.9        185      2.6      3.16          0.55    62.50     0.59    0.60    0.77    0.53    0.79     68.60   6.58    84.70   67.90   0.74    1710.10    18.84    41.68  
137  T0879TS451_3-D1     451s    47.61    100.00  137   N/A       N/A        -0.74     -0.74      26.70    N/A           12.57    20.83    11.071   11.515   220   3    0     0     48.64  69.09  N/A         N/A          -0.54        -0.54        69.09  42.981   2.54     24.07       11.3        183      3.3      2.39          0.42    50.68     0.49    0.48    0.63    0.65    0.85     81.60   5.86    80.80   55.08   0.66    1037.50    91.58    N/A    
138  T0879TS251_3-D1     251s    46.59    100.00  138   N/A       N/A        -0.79     -0.79      29.77    N/A           17.38    23.61    8.021    8.493    220   2    0     0     42.27  60.00  N/A         N/A          -0.81        -0.81        61.82  45.826   2.26     20.05       10.9        164      3.6      2.14          0.46    47.50     0.50    0.46    0.62    0.78    0.78     66.90   5.86    67.45   57.17   0.62    1003.50    29.72    84.33  
139  T0879TS451_4-D1     451s    46.59    100.00  138   N/A       N/A        -0.79     -0.79      26.93    N/A           12.42    20.82    11.429   11.87    220   4    0     0     45.00  62.73  N/A         N/A          -0.69        -0.69        63.64  40.958   2.45     22.73       10.1        183      3.8      2.78          0.41    47.50     0.49    0.46    0.64    0.74    0.82     81.70   5.19    78.83   51.92   0.64    946.40     82.84    N/A    
140  T0879TS451_2-D1     451s    45.23    100.00  140   N/A       N/A        -0.86     -0.86      25.68    N/A           12.93    20.77    11.657   12.083   220   3    0     0     42.27  63.64  N/A         N/A          -0.81        -0.81        64.09  40.622   2.45     22.88       11.1        178      3.4      2.62          0.42    49.55     0.50    0.47    0.61    0.63    0.83     83.60   4.89    80.59   53.83   0.64    1020.00    101.13   N/A    
141  T0879TS251_2-D1     251s    44.66    100.00  141   N/A       N/A        -0.89     -0.89      27.61    N/A           15.90    20.63    11.816   12.163   220   0    0     0     37.73  55.91  N/A         N/A          -0.99        -0.99        59.09  38.836   2.31     17.67       10.5        152      3.6      1.85          0.42    45.23     0.51    0.44    0.35    0.96    0.70     72.10   5.04    -1.00   -1.00   0.59    972.30     65.67    88.75  
142  T0879TS451_5-D1     451s    44.66    100.00  141   N/A       N/A        -0.89     -0.89      25.34    N/A           9.72     18.60    12.065   12.452   220   3    0     0     40.00  65.00  N/A         N/A          -0.90        -0.90        65.00  40.099   2.46     21.83       10.2        175      3.9      2.79          0.40    46.82     0.47    0.45    0.61    0.70    0.82     82.70   3.70    -1.00   -1.00   0.62    950.80     97.51    N/A    
143  T0879TS451_1-D1     451s    44.20    100.00  143   -1.14     -1.14      -0.92     -0.92      25.34    -1.55         11.73    19.14    11.678   12.172   220   1    0     0     36.36  66.36  -1.27       -1.27        -1.05        -1.05        66.36  42.649   2.28     21.24       10.7        172      3.8      2.78          0.41    47.95     0.49    0.47    0.60    0.74    0.80     77.90   5.86    77.61   52.93   0.63    988.60     90.41    N/A    
144  T0879TS180_5-D1     180s    42.05    100.00  144   N/A       N/A        -1.02     -1.02      22.73    N/A           11.47    16.98    10.606   10.997   220   0    0     0     35.00  61.82  N/A         N/A          -1.11        -1.11        62.27  39.984   2.51     21.83       11.2        180      4.1      3.46          0.34    52.27     0.48    0.48    0.59    0.68    0.80     63.90   6.23    78.38   56.35   0.61    1027.20    83.46    56.96  
145  T0879TS380_4-D1     380s    26.02    100.00  145   N/A       N/A        -1.84     -1.84      14.43    N/A           3.37     6.69     15.071   15.385   220   0    0     0     16.36  34.55  N/A         N/A          -1.87        -1.87        41.82  26.951   2.40     10.52       3.8         120      4.4      3.94          0.30    24.09     0.42    0.29    0.45    1.18    0.59     74.70   4.07    57.77   42.21   0.43    427.60     65.25    N/A    
146  T0879TS026_4-D1     026s    26.02    100.00  145   N/A       N/A        -1.84     -1.84      14.43    N/A           3.37     6.69     15.071   15.385   220   0    0     0     16.36  34.55  N/A         N/A          -1.87        -1.87        41.82  26.951   2.40     10.52       3.8         120      4.4      3.94          0.30    24.09     0.42    0.29    0.45    1.18    0.59     74.70   4.07    57.77   42.21   0.43    427.60     65.25    N/A    
147  T0879TS455_4-D1     455s    19.20    100.00  147   N/A       N/A        -2.19     -2.19      9.66     N/A           1.46     4.52     13.287   13.783   220   2    0     0     2.27   20.91  N/A         N/A          -2.45        -2.45        33.18  21.564   2.49     5.31        0.2         78       3.8      3.54          0.26    12.73     0.36    0.20    0.29    1.41    0.63     45.20   3.70    42.02   35.97   0.41    178.60     80.00    79.29  
148  T0879TS434_4-D1     434s    17.61    100.00  148   N/A       N/A        -2.27     -2.27      9.09     N/A           2.34     5.26     18.885   19.459   220   0    0     0     8.64   14.55  N/A         N/A          -2.19        -2.19        25.91  15.843   2.67     4.27        0           0        N/A      2.71          0.23    17.73     0.41    0.23    0.25    1.53    0.54     53.70   3.50    43.29   39.50   0.32    N/A        169.29   79.93  
149  T0879TS382_3-D1     382s    17.50    100.00  149   N/A       N/A        -2.28     -2.28      10.91    N/A           4.95     8.01     22.588   22.951   220   34   0     0     15.45  22.73  N/A         N/A          -1.91        -1.91        25.00  19.588   2.22     5.16        1.4         56       2.6      3.33          0.16    23.64     0.41    0.29    0.22    1.50    0.55     62.30   3.07    44.80   41.54   0.26    163.60     275.78   N/A    
150  T0879TS382_5-D1     382s    16.82    100.00  150   N/A       N/A        -2.31     -2.31      9.66     N/A           2.99     5.85     16.821   17.189   220   52   0     0     1.36   3.64   N/A         N/A          -2.49        -2.49        20.91  13.498   2.56     3.38        0           0        N/A      3.07          0.18    22.27     0.42    0.27    0.30    1.46    0.55     57.00   2.83    45.67   42.60   0.30    N/A        129.73   N/A    
151  T0879TS434_1-D1     434s    16.59    100.00  151   -2.65     -2.65      -2.32     -2.32      9.66     -2.57         3.60     5.75     19.178   19.569   220   0    0     0     0.00   0.00   -2.85       -2.85        -2.55        -2.55        18.18  11.007   2.80     2.33        0.1         82       6.4      2.54          0.22    15.45     0.40    0.23    0.31    1.68    0.54     49.70   3.07    41.20   39.15   0.33    194.90     187.52   80.36  
152  T0879TS434_3-D1     434s    16.48    100.00  152   N/A       N/A        -2.33     -2.33      9.09     N/A           3.57     5.48     18.552   19.123   220   0    0     0     0.45   12.73  N/A         N/A          -2.53        -2.53        20.91  13.722   2.93     2.78        0.2         59       8.9      2.68          0.23    16.14     0.42    0.25    0.35    1.53    0.55     57.70   2.83    40.66   42.34   0.32    123.90     167.13   77.65  
153  T0879TS434_5-D1     434s    16.48    100.00  152   N/A       N/A        -2.33     -2.33      9.43     N/A           1.08     4.47     21.167   21.243   220   0    0     0     0.00   1.82   N/A         N/A          -2.55        -2.55        26.36  16.652   2.69     4.42        1.2         69       4.1      2.86          0.22    18.64     0.42    0.26    0.29    1.50    0.54     67.30   2.58    45.36   42.14   0.30    212.60     153.61   78.46  
154  T0879TS434_2-D1     434s    16.25    100.00  154   N/A       N/A        -2.34     -2.34      9.66     N/A           1.97     6.00     19.453   19.745   220   1    0     0     10.45  18.64  N/A         N/A          -2.12        -2.12        24.09  17.211   2.41     2.93        0.5         75       8.7      2.58          0.22    15.45     0.42    0.23    0.31    2.02    0.47     55.30   3.50    36.60   40.10   0.31    164.20     114.95   79.14  
155  T0879TS382_2-D1     382s    15.46    100.00  155   N/A       N/A        -2.38     -2.38      9.66     N/A           3.02     5.96     20.064   20.674   220   49   0     0     0.00   0.00   N/A         N/A          -2.55        -2.55        22.27  14.458   2.45     3.67        0.3         56       3.2      3.15          0.16    21.82     0.42    0.27    0.25    1.65    0.47     64.40   3.50    41.17   42.66   0.26    124.50     167.37   N/A    
156  T0879TS382_1-D1     382s    15.00    100.00  156   -2.74     -2.74      -2.40     -2.40      9.43     -2.59         2.93     6.21     24.172   24.57    220   52   0     0     0.45   0.91   -2.83       -2.83        -2.53        -2.53        26.36  15.822   2.66     3.97        0.5         66       4.2      3.16          0.16    20.45     0.39    0.25    0.19    1.63    0.49     43.50   3.07    35.81   38.15   0.27    139.20     301.42   N/A    
157  T0879TS321_4-D1     321s    14.54    100.00  157   N/A       N/A        -2.43     -2.43      8.87     N/A           2.04     3.60     21.508   21.763   220   3    0     0     0.91   2.73   N/A         N/A          -2.51        -2.51        15.91  9.632    2.91     3.97        0           0        N/A      3.10          0.19    15.68     0.39    0.21    0.29    2.05    0.51     62.50   1.99    38.89   38.11   0.22    N/A        297.85   26.63  
158  T0879TS321_1-D1     321s    13.98    100.00  158   -2.79     -2.79      -2.46     -2.46      9.55     -2.58         2.84     7.32     30.422   30.686   220   3    0     0     0.45   0.00   -2.83       -2.83        -2.53        -2.53        15.91  14.578   2.04     1.74        0.1         44       4        2.89          0.19    14.09     0.39    0.20    0.29    2.49    0.52     63.10   2.30    34.06   37.07   0.17    103.50     738.59   25.26  
159  T0879TS321_3-D1     321s    12.50    100.00  159   N/A       N/A        -2.53     -2.53      8.30     N/A           1.00     4.17     25.452   25.783   220   5    0     0     0.00   0.00   N/A         N/A          -2.55        -2.55        18.64  12.018   2.43     1.89        0.2         51       6.8      3.27          0.18    12.73     0.39    0.21    0.17    2.52    0.49     65.10   2.83    30.97   38.63   0.20    100.70     474.56   23.44  
160  T0879TS464_5-D1     464s    11.71    100.00  160   N/A       N/A        -2.57     -2.57      7.39     N/A           2.30     5.23     35.426   35.55    220   6    0     0     0.00   1.82   N/A         N/A          -2.55        -2.55        15.00  9.728    2.45     1.89        0           0        N/A      3.19          0.15    13.41     0.35    0.15    0.27    2.79    0.48     35.60   1.99    23.53   29.76   0.16    N/A        950.62   22.16  
161  T0879TS455_2-D1     455s    11.59    100.00  161   N/A       N/A        -2.58     -2.58      5.23     N/A           1.32     1.97     19.111   19.187   220   0    0     0     0.91   0.91   N/A         N/A          -2.51        -2.51        25.45  15.01    2.82     0.70        0           0        N/A      3.57          0.20    8.86      0.32    0.12    0.14    1.83    0.56     30.90   1.99    30.62   26.96   0.29    N/A        194.71   88.03  
162  T0879TS321_2-D1     321s    11.59    100.00  161   N/A       N/A        -2.58     -2.58      7.50     N/A           2.06     5.27     30.594   30.403   220   5    0     0     0.00   0.00   N/A         N/A          -2.55        -2.55        16.82  10.623   2.57     2.18        0           0        N/A      3.22          0.18    14.77     0.38    0.21    0.21    2.41    0.52     61.30   3.07    31.70   37.36   0.21    N/A        698.87   22.84  
163  T0879TS464_2-D1     464s    10.91    100.00  163   N/A       N/A        -2.61     -2.61      7.16     N/A           0.92     3.69     40.173   40.255   220   1    0     0     0.00   0.00   N/A         N/A          -2.55        -2.55        16.82  10.898   2.64     0.70        0           0        N/A      2.96          0.18    14.77     0.39    0.19    0.25    2.74    0.51     46.60   2.30    27.53   34.03   0.15    N/A        1676.25  20.38  
164  T0879TS455_3-D1     455s    10.68    100.00  164   N/A       N/A        -2.62     -2.62      5.57     N/A           0.40     2.23     19.075   19.604   220   3    0     0     0.45   0.91   N/A         N/A          -2.53        -2.53        31.36  18.585   2.86     1.29        0           0        N/A      3.75          0.18    8.41      0.31    0.08    0.03    2.17    0.51     36.00   2.58    26.40   25.56   0.37    N/A        154.05   90.21  
165  T0879TS321_5-D1     321s    10.23    100.00  165   N/A       N/A        -2.65     -2.65      7.04     N/A           1.15     3.27     29.106   29.857   220   3    0     0     0.00   0.00   N/A         N/A          -2.55        -2.55        15.00  11.823   2.12     0.99        0           0        N/A      2.99          0.16    12.50     0.37    0.21    0.40    2.51    0.47     67.20   1.99    30.10   37.14   0.17    N/A        643.48   21.08  
166  T0879TS455_1-D1     455s    8.98     100.00  166   -3.07     -3.07      -2.71     -2.71      4.89     -2.89         0.47     1.86     20.241   20.728   220   5    0     0     0.91   10.00  -2.81       -2.81        -2.51        -2.51        20.91  14.698   2.74     1.14        0           0        N/A      3.37          0.17    8.18      0.32    0.08    0.07    2.20    0.51     25.80   1.24    24.47   24.35   0.27    N/A        192.77   93.70  

