#    Model               GR#     GDT_TS   NP_P    RANK  Z-M1-GDT  Z-M1s-GDT  Z-MA-GDT  Z-MAs-GDT  GDT_HA   Z-M1s-GDT-HA  GDC_SC   GDC_ALL  RMS_CA   RMS_ALL  NP    err  PC01  PC05  AL0_P  AL4_P  Z-M1-AL0_p  Z-M1s-AL0_p  Z-MA-AL0_p   Z-MAs-AL0_p  ALI_P  LGA_S    RMSD[L]  Z-score[M]  Z-Score[D]  Al.Res.  RMSD[D]  MolPrb_Score  LDDT    SphGr     CAD_AA  RPF     CODM    DFM     Handed.  SOV     CE      QCS     CONTS   TMscore  Dali(raw)  FlexE    QSE    

1    T0871TS005_3-D1     005s    62.70    100.00  1     N/A       N/A        1.18      1.18       45.77    N/A           30.46    41.26    8.669    9.235    319   1    0     0     68.65  75.55  N/A         N/A          1.47         1.47         78.06  70.5     1.69     30.35       26.7        266      2.4      1.07          0.57    37.93     0.60    0.62    0.80    0.59    0.81     88.40   6.81    85.63   73.47   0.78    2919.90    19.33    39.59  
2    T0871TS005_4-D1     005s    60.50    100.00  2     N/A       N/A        1.04      1.04       42.48    N/A           27.04    36.84    7.186    7.474    319   1    0     0     64.89  72.41  N/A         N/A          1.29         1.29         75.24  61.661   1.81     31.14       25.9        274      2.9      1.34          0.55    37.30     0.59    0.60    0.79    0.45    0.87     77.20   6.81    84.03   70.82   0.77    2784.30    25.98    43.63  
3    T0871TS005_2-D1     005s    60.42    100.00  3     N/A       N/A        1.04      1.04       42.87    N/A           26.97    37.76    10.586   11.125   319   0    0     0     66.14  73.98  N/A         N/A          1.35         1.35         74.61  65.825   1.88     30.35       26.3        265      2.9      1.32          0.55    37.46     0.59    0.60    0.70    0.54    0.81     77.70   7.13    82.57   72.27   0.75    2804.70    39.29    34.69  
4    T0871TS005_1-D1     005s    60.34    100.00  4     0.96      0.96       1.03      1.03       43.02    1.13          27.89    38.84    8.443    8.665    319   0    0     0     66.14  74.61  1.27        1.27         1.35         1.35         76.18  68.794   1.84     30.35       25.6        262      2.6      1.20          0.54    36.83     0.59    0.60    0.74    0.53    0.84     86.00   7.13    84.76   71.65   0.75    2733.00    32.43    40.84  
5    T0871TS005_5-D1     005s    59.48    100.00  5     N/A       N/A        0.98      0.98       41.62    N/A           26.10    37.22    7.224    7.483    319   1    0     0     65.20  72.10  N/A         N/A          1.31         1.31         73.98  63.946   1.77     29.69       25.2        265      2.8      1.20          0.55    35.58     0.59    0.62    0.81    0.44    0.86     71.20   6.23    84.97   72.39   0.76    2762.70    24.04    44.34  
6    T0871TS479_1-D1     479s    59.17    100.00  6     0.87      0.87       0.96      0.96       41.85    1.02          19.75    32.96    8.372    8.972    319   0    0     0     65.20  74.61  1.22        1.22         1.31         1.31         77.74  62.262   2.00     28.89       26.3        271      2.5      3.33          0.52    28.37     0.55    0.58    0.75    0.53    0.82     82.40   6.92    82.62   70.44   0.77    2840.10    27.00    89.71  
7    T0871TS183_1-D1     183s    58.78    100.00  7     0.85      0.85       0.93      0.93       41.30    0.97          19.75    32.74    8.695    9.388    319   0    0     0     63.64  75.55  -0.30       -0.30        0.03         0.03         78.68  65.028   1.96     28.49       25          268      2.6      3.33          0.51    30.25     0.55    0.58    0.76    0.53    0.82     75.70   6.58    81.38   71.08   0.76    2762.00    26.69    88.39  
8    T0871TS275_1-D1     275s    57.68    100.00  8     0.77      0.77       0.86      0.86       40.67    0.91          21.05    31.96    8.615    9.317    319   0    0     0     54.86  71.79  0.62        0.62         0.81         0.81         72.73  60.347   1.92     28.89       23          268      3.2      3.10          0.49    27.74     0.52    0.54    0.74    0.64    0.83     81.50   6.58    83.17   65.04   0.74    2557.40    34.86    N/A    
9    T0871TS464_3-D1     464s    57.45    100.00  9     N/A       N/A        0.85      0.85       40.83    N/A           19.18    32.44    12.382   12.896   319   10   0     0     61.44  70.53  N/A         N/A          1.12         1.12         70.85  55.895   1.87     27.96       22.6        258      3.1      3.98          0.49    23.20     0.52    0.53    0.51    0.77    0.70     74.40   6.92    79.09   67.07   0.72    2521.70    43.62    41.89  
10   T0871TS479_2-D1     479s    57.37    100.00  10    N/A       N/A        0.84      0.84       39.58    N/A           19.31    31.41    8.372    8.915    319   0    0     0     59.56  70.22  N/A         N/A          1.03         1.03         75.24  58.588   1.99     27.83       24.1        275      2.9      3.29          0.48    23.04     0.51    0.53    0.77    0.57    0.83     70.50   6.58    83.08   66.25   0.77    2650.40    26.22    86.42  
11   T0871TS464_1-D1     464s    57.29    100.00  11    0.74      0.74       0.84      0.84       40.67    0.91          19.65    32.35    9.042    9.667    319   6    0     0     57.05  70.53  0.75        0.75         0.91         0.91         73.67  52.364   1.92     29.55       23.5        266      3        3.92          0.49    23.67     0.52    0.53    0.66    0.67    0.79     71.30   6.58    79.58   66.48   0.75    2612.10    25.34    41.90  
12   T0871TS464_4-D1     464s    57.29    100.00  11    N/A       N/A        0.84      0.84       40.67    N/A           20.48    32.49    10.514   10.989   319   1    0     0     59.25  69.91  N/A         N/A          1.02         1.02         72.73  54.031   1.95     28.36       24.3        270      3.1      3.63          0.50    24.61     0.53    0.54    0.66    0.61    0.81     73.40   6.70    79.99   67.30   0.75    2629.30    38.47    41.82  
13   T0871TS220_2-D1     220s    56.98    100.00  13    N/A       N/A        0.82      0.82       39.66    N/A           24.20    33.99    7.704    8.335    319   0    0     0     64.26  72.10  N/A         N/A          0.43         0.43         77.12  59.07    1.95     29.95       26.4        277      2.8      2.12          0.53    36.52     0.59    0.58    0.81    0.56    0.85     81.40   6.81    84.41   70.17   0.78    2823.80    22.41    46.64  
14   T0871TS425_2-D1     425s    56.82    100.00  14    N/A       N/A        0.81      0.81       39.58    N/A           18.65    30.95    17.816   18.126   319   1    0     0     58.31  69.28  N/A         N/A          0.97         0.97         70.53  51.862   2.06     29.95       22.6        259      2.7      3.84          0.48    23.51     0.50    0.52    0.44    0.67    0.84     68.80   6.81    78.96   63.54   0.74    2512.90    180.31   42.04  
15   T0871TS220_5-D1     220s    56.82    100.00  14    N/A       N/A        0.81      0.81       38.48    N/A           24.57    33.70    7.625    7.985    319   0    0     0     58.93  71.16  N/A         N/A          1.00         1.00         73.35  57.633   2.02     30.75       24          271      3        2.04          0.52    35.27     0.59    0.58    0.81    0.44    0.85     78.30   6.81    84.65   69.84   0.76    2593.50    23.95    47.14  
16   T0871TS077_1-D1     077s    56.51    100.00  16    0.69      0.69       0.79      0.79       39.03    0.75          18.14    29.61    17.863   18.175   319   1    0     0     56.11  67.71  0.31        0.31         0.55         0.55         69.28  50.126   2.04     29.69       22.2        260      2.9      3.84          0.48    23.98     0.50    0.52    0.44    0.70    0.84     70.80   6.70    78.50   63.46   0.73    2476.20    183.36   42.47  
17   T0871TS425_5-D1     425s    56.35    100.00  17    N/A       N/A        0.78      0.78       39.50    N/A           18.72    30.33    17.871   18.142   319   3    0     0     57.99  69.91  N/A         N/A          0.96         0.96         71.79  51.612   2.02     28.49       22.5        263      2.9      3.83          0.48    25.39     0.50    0.52    0.44    0.66    0.84     70.30   6.81    79.17   64.14   0.73    2511.60    182.46   42.24  
18   T0871TS077_2-D1     077s    56.27    100.00  18    N/A       N/A        0.78      0.78       39.19    N/A           19.49    30.05    17.915   18.195   319   2    0     0     56.43  67.40  N/A         N/A          0.81         0.81         69.28  54.601   1.97     29.16       22.2        259      2.8      3.87          0.48    24.61     0.51    0.52    0.45    0.67    0.84     72.20   6.70    78.67   64.53   0.73    2481.80    182.29   42.63  
19   T0871TS183_2-D1     183s    56.19    100.00  19    N/A       N/A        0.77      0.77       38.72    N/A           20.38    31.23    8.328    9.018    319   0    0     0     56.74  71.79  N/A         N/A          0.68         0.68         75.55  57.925   2.02     26.90       23.9        271      3.2      3.20          0.47    23.20     0.51    0.52    0.77    0.59    0.82     67.10   6.70    82.09   64.94   0.76    2589.90    27.35    86.46  
20   T0871TS220_4-D1     220s    56.03    100.00  20    N/A       N/A        0.76      0.76       38.09    N/A           24.68    33.00    9.066    9.43     319   0    0     0     59.25  70.53  N/A         N/A          0.79         0.79         72.41  52.854   1.99     30.48       23.3        271      3.2      2.26          0.52    35.58     0.60    0.59    0.77    0.53    0.82     78.40   6.70    85.00   70.13   0.75    2545.40    28.08    47.48  
21   T0871TS077_3-D1     077s    56.03    100.00  20    N/A       N/A        0.76      0.76       38.95    N/A           19.54    30.64    17.846   18.17    319   2    0     0     59.25  70.22  N/A         N/A          1.02         1.02         71.47  51.048   2.08     30.08       22.5        259      2.9      3.84          0.48    23.20     0.50    0.51    0.45    0.68    0.84     72.40   6.70    78.91   63.84   0.73    2505.50    179.37   42.28  
22   T0871TS183_3-D1     183s    56.03    100.00  20    N/A       N/A        0.76      0.76       38.40    N/A           18.48    31.35    8.879    9.276    319   0    0     0     55.49  73.35  N/A         N/A          -1.85        -1.85        74.92  57.568   1.85     27.96       22.9        262      3.4      3.08          0.48    27.12     0.53    0.54    0.74    0.59    0.81     77.80   6.81    83.03   65.60   0.74    2553.40    32.02    83.17  
23   T0871TS275_2-D1     275s    55.96    100.00  23    N/A       N/A        0.76      0.76       39.73    N/A           19.94    30.14    8.327    8.677    319   0    0     0     53.61  70.53  N/A         N/A          0.75         0.75         72.10  55.903   2.02     27.43       22.1        256      3        3.22          0.49    24.45     0.52    0.53    0.73    0.64    0.83     69.10   6.47    81.78   65.62   0.73    2466.20    41.08    N/A    
24   T0871TS425_3-D1     425s    55.56    100.00  24    N/A       N/A        0.73      0.73       38.09    N/A           18.43    30.02    18.063   18.362   319   1    0     0     56.43  69.59  N/A         N/A          0.88         0.88         71.16  50.637   2.11     28.89       22.2        262      2.9      3.88          0.48    22.41     0.49    0.52    0.44    0.70    0.84     61.80   6.58    77.60   62.73   0.73    2476.50    185.30   43.05  
25   T0871TS479_3-D1     479s    55.49    100.00  25    N/A       N/A        0.73      0.73       37.85    N/A           20.58    31.72    9.223    9.626    319   0    0     0     57.68  72.41  N/A         N/A          0.94         0.94         73.98  57.421   1.91     27.43       22.9        266      3        3.18          0.49    27.74     0.52    0.54    0.72    0.60    0.80     73.90   6.58    82.71   65.71   0.75    2547.60    33.13    83.64  
26   T0871TS220_1-D1     220s    55.33    100.00  26    0.61      0.61       0.72      0.72       36.76    0.53          22.29    32.69    8.75     9.325    319   0    0     0     62.38  71.79  0.64        0.64         0.82         0.82         76.80  59.121   1.94     30.08       25.6        273      3.1      2.02          0.52    35.11     0.58    0.58    0.78    0.48    0.86     83.60   6.81    83.15   69.45   0.76    2726.80    27.13    47.03  
27   T0871TS077_4-D1     077s    55.33    100.00  26    N/A       N/A        0.72      0.72       37.77    N/A           19.33    28.64    17.892   18.226   319   3    0     0     54.23  68.65  N/A         N/A          0.78         0.78         70.22  49.349   2.01     29.95       21.5        260      3        3.76          0.47    22.88     0.50    0.51    0.44    0.70    0.84     73.40   6.70    77.83   63.52   0.73    2405.80    183.38   43.60  
28   T0871TS077_5-D1     077s    55.25    100.00  28    N/A       N/A        0.71      0.71       38.17    N/A           17.24    28.85    17.947   18.258   319   1    0     0     56.11  68.97  N/A         N/A          -1.85        -1.85        70.53  50.632   2.08     29.55       22.2        262      2.9      3.90          0.47    21.94     0.49    0.51    0.44    0.70    0.84     70.80   6.70    78.12   63.81   0.73    2481.50    180.75   43.42  
29   T0871TS236_1-D1     236s    55.17    100.00  29    0.60      0.60       0.71      0.71       37.85    0.63          17.79    25.05    6.552    7.188    319   12   0     0     47.96  67.08  0.22        0.22         0.47         0.47         68.03  48.179   2.22     29.95       22.7        274      3.6      3.16          0.49    25.86     0.52    0.55    0.80    0.48    0.83     81.10   6.35    81.71   68.03   0.72    2528.50    15.20    87.75  
30   T0871TS220_3-D1     220s    55.17    100.00  29    N/A       N/A        0.71      0.71       37.07    N/A           23.64    32.74    8.878    9.378    319   0    0     0     63.32  72.10  N/A         N/A          0.41         0.41         77.43  59.335   1.99     30.08       25.9        273      3.3      2.06          0.52    34.33     0.59    0.57    0.79    0.57    0.81     80.00   6.81    83.52   70.14   0.76    2747.40    24.11    46.50  
31   T0871TS425_4-D1     425s    55.09    100.00  31    N/A       N/A        0.70      0.70       37.70    N/A           19.06    29.31    17.939   18.214   319   0    0     0     54.55  68.03  N/A         N/A          0.79         0.79         70.22  48.711   2.12     29.16       22.1        264      3.2      3.85          0.48    24.61     0.50    0.52    0.44    0.69    0.84     69.40   6.70    78.12   63.77   0.73    2463.20    184.65   43.07  
32   T0871TS275_5-D1     275s    55.09    100.00  31    N/A       N/A        0.70      0.70       38.56    N/A           17.38    28.45    9.899    10.622   319   0    0     0     55.17  70.85  N/A         N/A          0.82         0.82         71.79  54.954   2.06     26.77       21.9        258      2.9      3.00          0.48    23.04     0.50    0.53    0.71    0.66    0.82     74.70   6.58    81.62   63.85   0.72    2450.40    41.36    N/A    
33   T0871TS425_1-D1     425s    55.09    100.00  31    0.59      0.59       0.70      0.70       37.85    0.63          16.40    28.88    17.883   18.227   319   1    0     0     54.55  69.28  0.60        0.60         0.79         0.79         70.22  49.837   2.07     28.89       22.1        265      3        3.73          0.47    22.88     0.49    0.51    0.44    0.70    0.84     66.60   6.47    78.02   63.22   0.73    2464.80    182.59   43.40  
34   T0871TS048_1-D1     048s    54.94    100.00  34    0.58      0.58       0.69      0.69       37.54    0.60          19.43    29.20    9.528    9.997    319   7    0     0     57.68  73.04  0.19        0.19         0.44         0.44         74.61  55.404   2.09     30.08       22.5        267      2.8      3.00          0.49    26.65     0.54    0.55    0.71    0.56    0.81     78.60   6.70    82.83   66.72   0.74    2484.90    36.60    43.36  
35   T0871TS092_1-D1     092s    54.94    100.00  34    0.58      0.58       0.69      0.69       37.54    0.60          19.43    29.20    9.528    9.997    319   7    0     0     57.68  73.04  0.51        0.51         0.71         0.71         74.61  55.404   2.09     30.08       22.5        267      2.8      3.00          0.49    26.65     0.54    0.55    0.71    0.56    0.81     78.60   6.70    82.83   66.72   0.74    2484.90    36.60    43.36  
36   T0871TS287_2-D1     287s    54.55    100.00  36    N/A       N/A        0.67      0.67       38.56    N/A           19.99    26.45    9.688    10.252   319   7    0     0     49.53  65.83  N/A         N/A          -1.82        -1.82        68.65  48.804   2.30     29.42       23.2        262      3.2      3.01          0.49    25.71     0.52    0.56    0.74    0.55    0.80     82.10   6.58    79.36   66.59   0.71    2457.70    31.33    86.80  
37   T0871TS357_5-D1     357s    54.47    100.00  37    N/A       N/A        0.66      0.66       36.91    N/A           15.11    26.30    11.328   11.971   319   2    0     0     53.61  69.59  N/A         N/A          0.75         0.75         72.73  54.449   2.05     29.29       20.7        254      2.8      4.66          0.43    14.42     0.44    0.46    0.55    0.84    0.75     41.20   6.23    75.82   61.50   0.72    2327.70    53.20    47.41  
38   T0871TS380_5-D1     380s    54.39    100.00  38    N/A       N/A        0.66      0.66       37.38    N/A           18.00    28.64    10.458   11.247   319   4    0     0     55.17  69.91  N/A         N/A          0.82         0.82         70.53  50.603   2.11     29.42       20.8        256      3.2      3.99          0.45    21.94     0.49    0.51    0.65    0.77    0.80     62.50   6.47    77.12   62.41   0.71    2332.90    47.75    N/A    
39   T0871TS380_2-D1     380s    54.39    100.00  38    N/A       N/A        0.66      0.66       37.38    N/A           18.00    28.64    10.458   11.247   319   4    0     0     55.17  69.91  N/A         N/A          0.82         0.82         70.53  50.603   2.11     29.42       20.8        256      3.2      3.99          0.45    21.94     0.49    0.51    0.65    0.77    0.80     62.50   6.47    77.12   62.41   0.71    2332.90    47.75    N/A    
40   T0871TS026_5-D1     026s    54.39    100.00  38    N/A       N/A        0.66      0.66       37.38    N/A           18.00    28.64    10.458   11.247   319   4    0     0     55.17  69.91  N/A         N/A          0.82         0.82         70.53  50.603   2.11     29.42       20.8        256      3.2      3.99          0.45    21.94     0.49    0.51    0.65    0.77    0.80     62.50   6.47    77.12   62.41   0.71    2332.90    47.75    N/A    
41   T0871TS026_2-D1     026s    54.39    100.00  38    N/A       N/A        0.66      0.66       37.38    N/A           18.00    28.64    10.458   11.247   319   4    0     0     55.17  69.91  N/A         N/A          -1.49        -1.49        70.53  50.603   2.11     29.42       20.8        256      3.2      3.99          0.45    21.94     0.49    0.51    0.65    0.77    0.80     62.50   6.47    77.12   62.41   0.71    2332.90    47.75    N/A    
42   T0871TS250_5-D1     250s    54.31    100.00  42    N/A       N/A        0.65      0.65       36.99    N/A           20.48    30.92    8.472    8.986    319   0    0     0     55.17  69.59  N/A         N/A          0.82         0.82         72.10  51.483   2.06     26.90       22          259      2.8      2.14          0.49    24.14     0.53    0.52    0.72    0.65    0.81     69.10   6.70    78.44   65.09   0.73    2457.90    24.27    86.74  
43   T0871TS357_1-D1     357s    54.23    100.00  43    0.53      0.53       0.65      0.65       37.23    0.57          14.72    26.84    11.549   12.239   319   5    0     0     53.92  69.28  0.57        0.57         0.76         0.76         72.10  55.113   1.98     29.16       21.1        266      3.4      4.76          0.43    15.99     0.45    0.46    0.50    0.95    0.75     47.20   6.58    75.74   61.76   0.73    2369.90    53.21    49.19  
44   T0871TS250_3-D1     250s    54.23    100.00  43    N/A       N/A        0.65      0.65       36.84    N/A           21.27    31.00    8.398    9.059    319   0    0     0     55.17  70.85  N/A         N/A          0.55         0.55         73.35  55.509   2.09     27.17       22          260      2.9      2.17          0.49    24.29     0.53    0.52    0.73    0.65    0.81     71.40   5.46    78.35   65.16   0.73    2456.00    25.08    86.35  
45   T0871TS357_3-D1     357s    54.23    100.00  43    N/A       N/A        0.65      0.65       37.07    N/A           14.69    26.96    13.23    13.309   319   3    0     0     53.61  69.59  N/A         N/A          0.75         0.75         72.41  54.728   2.00     29.55       21.3        263      3        4.70          0.43    15.52     0.45    0.48    0.56    0.77    0.81     42.10   6.11    76.42   61.40   0.73    2396.90    93.38    46.53  
46   T0871TS357_2-D1     357s    54.15    100.00  46    N/A       N/A        0.64      0.64       37.23    N/A           14.68    27.28    12.171   12.674   319   13   0     0     52.98  68.97  N/A         N/A          0.71         0.71         72.10  55.585   2.03     28.76       21.2        260      2.9      4.86          0.44    16.46     0.46    0.46    0.43    0.84    0.73     45.60   5.99    76.14   61.88   0.72    2378.50    50.10    48.52  
47   T0871TS357_4-D1     357s    54.08    100.00  47    N/A       N/A        0.64      0.64       37.30    N/A           14.17    26.70    15.367   15.368   319   5    0     0     53.61  69.28  N/A         N/A          0.75         0.75         72.10  56.445   1.99     29.02       21.3        257      2.8      4.83          0.43    16.30     0.45    0.47    0.45    0.80    0.82     44.10   6.58    75.65   61.49   0.72    2383.10    119.34   47.76  
48   T0871TS287_3-D1     287s    54.00    100.00  48    N/A       N/A        0.63      0.63       36.99    N/A           19.25    28.14    12.383   12.807   319   6    0     0     53.29  68.03  N/A         N/A          -1.85        -1.85        68.97  47.849   2.19     29.02       21.2        257      3.1      3.12          0.47    22.57     0.51    0.53    0.43    0.76    0.78     79.40   6.58    77.72   64.86   0.71    2377.30    58.17    85.63  
49   T0871TS313_4-D1     313s    54.00    100.00  48    N/A       N/A        0.63      0.63       36.76    N/A           20.39    29.59    17.395   17.554   319   1    0     0     56.11  68.65  N/A         N/A          -1.66        -1.66        72.73  54.331   2.08     29.02       21.9        267      3.2      2.18          0.47    20.85     0.53    0.51    0.46    0.73    0.85     68.90   6.70    78.14   63.67   0.74    2444.90    157.73   45.60  
50   T0871TS250_4-D1     250s    54.00    100.00  48    N/A       N/A        0.63      0.63       37.07    N/A           21.55    31.03    8.582    9.157    319   0    0     0     55.17  69.28  N/A         N/A          -1.49        -1.49        72.10  55.092   2.08     26.77       21.8        263      3.3      2.15          0.49    25.08     0.53    0.52    0.71    0.66    0.80     70.60   4.74    77.82   65.10   0.73    2435.60    25.04    86.57  
51   T0871TS119_1-D1     119s    53.92    100.00  51    0.51      0.51       0.63      0.63       36.28    0.48          19.77    29.43    17.377   17.607   319   4    0     0     55.49  68.65  0.55        0.55         0.75         0.75         72.10  49.973   2.10     29.02       21.4        266      3.3      3.72          0.46    21.79     0.51    0.51    0.47    0.72    0.85     72.20   6.58    78.02   63.27   0.73    2393.60    157.27   56.35  
52   T0871TS236_2-D1     236s    53.92    100.00  51    N/A       N/A        0.63      0.63       36.99    N/A           20.73    27.80    12.406   12.82    319   6    0     0     52.98  68.34  N/A         N/A          0.71         0.71         68.97  49.013   2.17     28.89       21.8        258      3.3      3.15          0.47    23.35     0.51    0.52    0.43    0.75    0.78     77.70   6.70    77.65   64.90   0.71    2364.40    58.51    85.10  
53   T0871TS250_1-D1     250s    53.92    100.00  51    0.51      0.51       0.63      0.63       36.44    0.50          20.53    30.67    8.486    9.072    319   0    0     0     55.17  71.16  0.46        0.46         0.67         0.67         73.67  55.663   2.07     26.90       21.8        258      2.9      2.15          0.49    25.08     0.53    0.52    0.72    0.66    0.81     68.20   6.23    78.19   65.13   0.73    2438.70    24.41    86.64  
54   T0871TS349_1-D1     349s    53.92    100.00  51    0.51      0.51       0.63      0.63       36.28    0.48          20.86    29.54    17.377   17.485   319   4    0     0     55.49  68.65  0.66        0.66         0.84         0.84         72.10  49.973   2.10     29.02       21.4        266      3.3      3.11          0.44    20.53     0.51    0.51    0.47    0.72    0.85     72.20   6.58    78.02   63.27   0.73    2393.60    157.27   56.35  
55   T0871TS236_4-D1     236s    53.84    100.00  55    N/A       N/A        0.62      0.62       36.44    N/A           17.81    27.62    9.704    10.355   319   1    0     0     52.35  70.22  N/A         N/A          0.68         0.68         72.41  49.88    2.10     28.49       23.3        265      3.2      3.50          0.48    25.08     0.53    0.54    0.70    0.63    0.83     75.50   6.70    81.54   65.84   0.73    2499.80    46.41    84.46  
56   T0871TS313_3-D1     313s    53.76    100.00  56    N/A       N/A        0.62      0.62       36.67    N/A           20.63    29.84    17.328   17.444   319   1    0     0     53.29  68.97  N/A         N/A          -0.23        -0.23        71.79  50.346   2.10     29.02       21.7        269      3.4      2.12          0.46    20.53     0.53    0.51    0.46    0.72    0.85     70.50   6.70    78.17   63.68   0.73    2425.90    156.23   45.55  
57   T0871TS313_5-D1     313s    53.68    100.00  57    N/A       N/A        0.61      0.61       36.44    N/A           20.10    29.43    17.36    17.504   319   1    0     0     55.80  67.40  N/A         N/A          0.85         0.85         71.16  55.142   2.13     29.02       21.7        267      3.3      2.09          0.46    21.94     0.53    0.51    0.46    0.72    0.85     70.10   6.58    78.02   63.49   0.73    2423.60    156.75   45.65  
58   T0871TS250_2-D1     250s    53.60    100.00  58    N/A       N/A        0.61      0.61       36.44    N/A           20.34    30.28    8.888    9.44     319   0    0     0     54.23  69.28  N/A         N/A          0.64         0.64         72.10  51.173   2.09     27.03       21.8        259      3        2.15          0.49    25.86     0.54    0.52    0.70    0.64    0.80     70.60   5.46    78.14   65.23   0.73    2432.80    25.37    86.77  
59   T0871TS251_5-D1     251s    53.60    100.00  58    N/A       N/A        0.61      0.61       36.68    N/A           21.75    30.77    11.436   11.637   319   0    0     0     53.61  70.53  N/A         N/A          0.75         0.75         73.04  51.275   2.05     28.10       21          266      3.2      1.79          0.45    18.97     0.51    0.48    0.59    0.73    0.84     68.70   6.70    75.80   59.86   0.73    2358.50    84.44    80.22  
60   T0871TS313_1-D1     313s    53.53    100.00  60    0.48      0.48       0.60      0.60       35.97    0.45          20.70    29.80    17.348   17.5     319   1    0     0     55.17  67.08  0.64        0.64         0.82         0.82         71.47  49.83    2.04     29.02       21.8        266      3.3      2.09          0.46    20.69     0.53    0.51    0.46    0.72    0.85     70.50   6.58    78.17   63.57   0.74    2432.20    156.66   45.42  
61   T0871TS313_2-D1     313s    53.37    100.00  61    N/A       N/A        0.59      0.59       36.05    N/A           20.98    29.88    17.345   17.456   319   1    0     0     55.49  68.03  N/A         N/A          -1.85        -1.85        71.47  49.823   2.03     29.16       21.6        266      3.3      2.15          0.47    21.47     0.52    0.51    0.46    0.73    0.85     70.10   6.70    78.01   63.52   0.73    2416.90    156.71   45.66  
62   T0871TS405_5-D1     405s    53.37    100.00  61    N/A       N/A        0.59      0.59       35.81    N/A           17.69    27.52    11.947   12.493   319   1    0     0     52.04  68.65  N/A         N/A          0.67         0.67         72.41  49.839   2.12     27.96       22.3        261      2.9      3.69          0.46    22.10     0.49    0.51    0.61    0.73    0.84     75.10   6.58    78.13   63.03   0.73    2493.90    67.21    86.78  
63   T0871TS287_5-D1     287s    53.29    100.00  63    N/A       N/A        0.59      0.59       37.46    N/A           19.46    26.34    14.819   15.218   319   2    0     0     49.53  69.28  N/A         N/A          0.55         0.55         70.22  48.402   2.16     27.96       21.7        257      3.7      2.90          0.46    23.51     0.51    0.54    0.54    0.80    0.71     78.30   6.58    78.35   65.54   0.69    2429.10    73.09    87.17  
64   T0871TS236_3-D1     236s    53.29    100.00  63    N/A       N/A        0.59      0.59       37.46    N/A           18.59    25.87    14.846   15.252   319   3    0     0     49.84  69.28  N/A         N/A          0.56         0.56         70.53  48.434   2.21     28.10       21.5        257      3.7      2.98          0.47    25.24     0.52    0.54    0.53    0.80    0.71     78.30   6.58    78.30   65.47   0.69    2408.10    73.45    87.20  
65   T0871TS287_1-D1     287s    53.29    100.00  63    0.47      0.47       0.59      0.59       35.97    0.45          16.71    25.89    9.251    9.709    319   5    0     0     50.16  68.34  -2.51       -2.51        -1.82        -1.82        71.47  50.043   2.18     28.23       23          271      3.4      3.31          0.48    23.67     0.49    0.51    0.63    0.70    0.80     71.00   5.99    79.22   64.97   0.73    2558.80    25.18    85.37  
66   T0871TS236_5-D1     236s    53.21    100.00  66    N/A       N/A        0.58      0.58       36.44    N/A           19.19    28.18    10.777   11.474   319   4    0     0     53.61  66.77  N/A         N/A          0.56         0.56         68.97  47.77    2.12     28.23       21.4        256      3.1      3.33          0.49    24.61     0.51    0.52    0.59    0.65    0.80     66.50   5.99    76.51   63.51   0.71    2394.20    36.76    84.29  
67   T0871TS275_3-D1     275s    52.98    100.00  67    N/A       N/A        0.57      0.57       36.37    N/A           17.96    27.92    10.265   10.809   319   0    0     0     51.72  68.65  N/A         N/A          -1.85        -1.85        69.91  49.404   2.12     27.96       20.7        257      2.9      3.17          0.46    19.44     0.49    0.50    0.66    0.70    0.80     74.90   6.47    78.99   61.11   0.72    2327.90    55.82    N/A    
68   T0871TS287_4-D1     287s    52.82    100.00  68    N/A       N/A        0.56      0.56       35.27    N/A           16.54    25.20    9.014    9.496    319   7    0     0     50.47  66.77  N/A         N/A          -1.85        -1.85        70.22  48.865   2.12     27.96       22.7        271      3.4      3.28          0.46    23.82     0.49    0.51    0.64    0.71    0.80     71.70   6.23    78.85   64.72   0.72    2533.60    23.64    85.46  
69   T0871TS345_3-D1     345s    52.51    100.00  69    N/A       N/A        0.54      0.54       35.66    N/A           18.95    26.18    10.498   10.863   319   0    0     0     49.53  68.97  N/A         N/A          0.55         0.55         71.16  48.371   2.25     27.17       21.4        274      3.6      3.03          0.46    22.73     0.52    0.53    0.69    0.65    0.76     75.20   6.58    79.63   65.21   0.72    2384.60    44.41    78.94  
70   T0871TS452_1-D1     452s    52.27    100.00  70    0.39      0.39       0.52      0.52       35.27    0.38          17.40    27.69    8.979    9.562    319   7    0     0     52.98  67.08  0.51        0.51         0.71         0.71         71.16  50.374   2.09     28.10       20.9        254      3.3      3.81          0.43    21.94     0.49    0.50    0.67    0.62    0.79     77.80   6.58    75.90   64.02   0.71    2350.00    28.97    67.03  
71   T0871TS345_2-D1     345s    51.72    100.00  71    N/A       N/A        0.49      0.49       33.54    N/A           14.74    24.09    7.218    8.018    319   2    0     0     47.34  68.97  N/A         N/A          0.44         0.44         73.35  49.319   2.17     28.10       22.2        271      3.2      3.15          0.42    21.32     0.48    0.48    0.69    0.62    0.83     74.30   6.23    80.51   62.30   0.73    2470.10    20.78    83.63  
72   T0871TS479_4-D1     479s    51.49    100.00  72    N/A       N/A        0.48      0.48       34.17    N/A           15.73    23.96    7.702    8.372    319   0    0     0     48.59  68.34  N/A         N/A          0.50         0.50         71.16  47.245   2.17     26.11       21.4        265      3.1      3.67          0.47    23.35     0.51    0.53    0.75    0.54    0.82     73.60   6.70    80.79   65.71   0.73    2376.00    20.10    83.31  
73   T0871TS405_1-D1     405s    51.41    100.00  73    0.34      0.34       0.47      0.47       34.01    0.26          17.50    26.06    15.885   16.378   319   1    0     0     49.84  69.91  0.33        0.33         0.56         0.56         72.10  49.649   2.11     28.49       22.5        262      3.3      3.37          0.45    20.53     0.50    0.51    0.54    0.78    0.85     73.50   6.58    77.01   61.75   0.72    2503.10    113.69   85.08  
74   T0871TS421_1-D1     421s    51.41    81.19   73    0.34      0.34       0.47      0.47       33.93    0.26          19.46    26.73    3.611    4.669    259   15   0     0     52.66  66.46  0.50        0.50         0.70         0.70         67.08  46.488   2.09     28.59       20.9        244      2.9      4.49          0.19    18.81     0.42    0.47    0.61    0.56    0.67     63.25   6.47    75.42   57.62   0.68    2197.20    9.47     N/A    
75   T0871TS405_4-D1     405s    51.41    100.00  73    N/A       N/A        0.47      0.47       34.01    N/A           17.50    26.06    15.885   16.378   319   1    0     0     49.84  69.91  N/A         N/A          0.56         0.56         72.10  49.649   2.11     28.49       22.5        262      3.3      3.37          0.45    20.53     0.50    0.51    0.54    0.78    0.85     73.50   6.58    77.01   61.75   0.72    2503.10    113.69   85.08  
76   T0871TS405_2-D1     405s    51.41    100.00  73    N/A       N/A        0.47      0.47       34.01    N/A           17.50    26.06    15.885   16.378   319   1    0     0     49.84  69.91  N/A         N/A          0.56         0.56         72.10  49.649   2.11     28.49       22.5        262      3.3      3.37          0.45    20.53     0.50    0.51    0.54    0.78    0.85     73.50   6.58    77.01   61.75   0.72    2503.10    113.69   85.08  
77   T0871TS405_3-D1     405s    51.41    100.00  73    N/A       N/A        0.47      0.47       34.01    N/A           17.50    26.06    15.885   16.378   319   1    0     0     49.84  69.91  N/A         N/A          0.56         0.56         72.10  49.649   2.11     28.49       22.5        262      3.3      3.37          0.45    20.53     0.50    0.51    0.54    0.78    0.85     73.50   6.58    77.01   61.75   0.72    2503.10    113.69   85.08  
78   T0871TS421_2-D1     421s    51.33    81.19   78    N/A       N/A        0.47      0.47       34.09    N/A           18.83    26.57    3.602    4.647    259   13   0     0     52.98  67.40  N/A         N/A          0.71         0.71         67.71  47.013   2.05     28.59       20.9        243      2.8      4.49          0.18    19.28     0.41    0.47    0.60    0.56    0.67     65.20   6.58    76.03   57.51   0.68    2196.20    8.68     N/A    
79   T0871TS166_1-D1     166s    51.02    88.71   79    0.31      0.31       0.45      0.45       34.09    0.27          17.47    26.70    5.868    6.514    283   0    0     0     52.35  69.28  0.55        0.55         0.75         0.75         72.10  50.837   2.08     27.41       22.6        255      3        3.47          0.44    19.28     0.46    0.48    0.66    0.55    0.86     69.46   5.99    74.73   59.40   0.71    2410.20    16.21    40.43  
80   T0871TS382_3-D1     382s    50.94    100.00  80    N/A       N/A        0.44      0.44       35.27    N/A           18.45    25.53    17.7     18.018   319   10   0     0     46.71  64.89  N/A         N/A          0.41         0.41         67.40  46.51    2.14     27.17       20.9        255      3.3      2.17          0.47    24.45     0.51    0.50    0.48    0.76    0.82     69.00   6.23    77.04   62.58   0.69    2346.20    128.26   N/A    
81   T0871TS345_1-D1     345s    50.86    100.00  81    0.30      0.30       0.44      0.44       34.17    0.28          15.36    23.84    9.6      10.101   319   0    0     0     45.14  64.26  0.06        0.06         0.33         0.33         68.03  46.512   2.20     27.96       21.6        258      3.2      3.29          0.42    18.97     0.48    0.46    0.54    0.94    0.77     74.90   6.47    76.43   61.82   0.71    2412.70    27.78    83.46  
82   T0871TS382_1-D1     382s    50.86    100.00  81    0.30      0.30       0.44      0.44       35.03    0.36          18.57    26.01    17.952   18.444   319   12   0     0     47.02  64.58  0.17        0.17         0.43         0.43         67.08  46.647   2.14     25.84       20.9        255      3.3      2.12          0.46    24.61     0.51    0.50    0.48    0.82    0.82     66.20   6.47    76.75   62.99   0.69    2341.20    122.34   N/A    
83   T0871TS382_2-D1     382s    50.86    100.00  81    N/A       N/A        0.44      0.44       35.11    N/A           18.05    26.08    17.322   17.583   319   7    0     0     46.71  64.89  N/A         N/A          0.41         0.41         67.40  46.156   2.15     25.71       20.9        252      3.2      2.16          0.47    23.98     0.51    0.50    0.49    0.79    0.82     71.00   6.35    77.04   62.40   0.69    2343.00    118.45   N/A    
84   T0871TS382_5-D1     382s    50.86    100.00  81    N/A       N/A        0.44      0.44       35.03    N/A           18.87    26.32    12.601   13.027   319   10   0     0     47.34  66.46  N/A         N/A          0.44         0.44         68.97  46.42    2.19     27.30       20.9        252      3.2      2.18          0.46    24.14     0.51    0.49    0.62    0.79    0.77     66.70   6.23    77.84   62.17   0.70    2339.60    54.41    N/A    
85   T0871TS382_4-D1     382s    50.78    100.00  85    N/A       N/A        0.43      0.43       35.19    N/A           18.61    26.32    16.843   17.47    319   10   0     0     47.65  66.14  N/A         N/A          0.46         0.46         68.65  46.499   2.26     27.30       21          256      3.3      2.09          0.47    24.14     0.51    0.50    0.51    0.77    0.81     66.30   6.23    78.03   62.53   0.69    2349.30    97.34    N/A    
86   T0871TS345_4-D1     345s    50.70    100.00  86    N/A       N/A        0.43      0.43       33.38    N/A           16.81    25.53    12.699   13.045   319   0    0     0     48.90  66.14  N/A         N/A          0.52         0.52         69.28  48.396   2.13     27.30       20.8        253      2.9      3.18          0.41    19.91     0.49    0.47    0.48    0.89    0.70     70.50   6.58    75.07   61.56   0.70    2328.70    54.08    82.32  
87   T0871TS251_3-D1     251s    50.47    100.00  87    N/A       N/A        0.41      0.41       32.60    N/A           19.99    27.54    11.617   11.81    319   0    0     0     48.28  69.28  N/A         N/A          0.49         0.49         71.16  49.724   2.07     27.70       20.6        258      3.1      1.72          0.44    19.59     0.50    0.47    0.62    0.80    0.83     71.90   6.70    76.72   58.93   0.72    2311.60    71.20    80.63  
88   T0871TS258_5-D1     258s    50.39    89.97   88    N/A       N/A        0.41      0.41       33.23    N/A           19.28    25.63    6.424    6.982    287   11   0     0     48.28  63.64  N/A         N/A          0.49         0.49         69.28  47.903   2.10     27.43       20.5        253      2.9      4.17          0.44    17.24     0.44    0.49    0.63    0.57    0.73     59.56   6.47    72.54   57.41   0.70    2213.90    22.96    40.67  
89   T0871TS026_1-D1     026s    50.23    100.00  89    0.25      0.25       0.40      0.40       32.91    0.16          16.79    26.46    11.339   12.122   319   2    0     0     52.35  67.40  0.48        0.48         0.68         0.68         69.59  47.385   2.10     28.49       19.6        248      2.9      3.94          0.43    18.81     0.50    0.50    0.68    0.74    0.82     69.70   6.23    74.18   58.71   0.69    2209.60    54.96    N/A    
90   T0871TS016_1-D1     016s    50.23    100.00  89    0.25      0.25       0.40      0.40       32.91    0.16          16.86    24.33    8.958    9.699    319   3    0     0     48.28  64.58  0.24        0.24         0.49         0.49         69.59  47.421   2.20     27.03       21.1        266      3.9      3.34          0.42    20.85     0.50    0.51    0.71    0.73    0.79     70.60   6.58    80.67   63.29   0.71    2362.90    38.15    47.55  
91   T0871TS467_1-D1     467s    50.23    100.00  89    0.25      0.25       0.40      0.40       32.60    0.13          19.55    26.23    10.575   10.976   319   1    0     0     47.34  68.34  0.19        0.19         0.44         0.44         71.47  52.84    2.14     25.58       22.3        259      3.3      1.57          0.48    27.59     0.53    0.51    0.66    0.71    0.81     71.80   6.47    79.57   62.26   0.71    2485.80    48.05    58.36  
92   T0871TS380_1-D1     380s    50.23    100.00  89    0.25      0.25       0.40      0.40       32.91    0.16          16.79    26.46    11.339   12.122   319   2    0     0     52.35  67.40  0.48        0.48         0.68         0.68         69.59  47.385   2.10     28.49       19.6        248      2.9      3.94          0.43    18.81     0.50    0.50    0.68    0.74    0.82     69.70   6.23    74.18   58.71   0.69    2209.60    54.96    N/A    
93   T0871TS446_2-D1     446s    50.16    95.61   93    N/A       N/A        0.39      0.39       34.48    N/A           19.84    28.07    8.346    8.894    305   0    0     0     47.65  67.08  N/A         N/A          0.46         0.46         71.16  54.91    2.09     23.99       21.3        249      2.7      1.15          0.43    19.44     0.49    0.45    0.69    0.71    0.75     63.58   5.99    69.24   57.09   0.71    2322.20    28.88    70.03  
94   T0871TS251_1-D1     251s    50.08    100.00  94    0.24      0.24       0.39      0.39       31.82    0.05          20.55    27.08    14.434   14.722   319   1    0     0     50.16  68.34  0.35        0.35         0.58         0.58         70.53  53.991   2.12     28.23       21.3        257      2.9      1.77          0.46    22.57     0.51    0.51    0.52    0.74    0.84     68.60   6.11    77.77   60.59   0.72    2386.10    104.10   82.67  
95   T0871TS407_2-D1     407s    49.92    100.00  95    N/A       N/A        0.38      0.38       34.64    N/A           17.30    27.51    14.202   14.672   319   1    0     0     49.53  63.01  N/A         N/A          0.55         0.55         64.89  56.241   1.96     25.05       19.9        231      2.9      2.94          0.42    19.91     0.50    0.46    0.58    0.87    0.75     64.00   6.23    76.33   61.62   0.66    2107.60    68.21    49.34  
96   T0871TS258_2-D1     258s    49.84    89.97   96    N/A       N/A        0.37      0.37       33.07    N/A           17.23    23.60    6.548    7.144    287   4    0     0     49.84  64.58  N/A         N/A          0.56         0.56         66.77  47.817   2.26     27.96       19.5        255      3.3      4.37          0.43    19.44     0.44    0.49    0.62    0.55    0.72     61.09   5.99    74.41   58.18   0.69    2121.70    23.53    42.53  
97   T0871TS452_2-D1     452s    49.69    100.00  97    N/A       N/A        0.36      0.36       32.91    N/A           15.92    24.12    8.751    9.181    319   7    0     0     43.89  65.20  N/A         N/A          0.27         0.27         68.65  46.597   2.22     25.58       19.4        249      3.2      4.10          0.40    17.87     0.49    0.48    0.67    0.78    0.78     74.40   6.23    74.16   61.71   0.70    2190.70    26.22    64.91  
98   T0871TS407_1-D1     407s    49.45    100.00  98    0.20      0.20       0.35      0.35       34.24    0.29          17.61    28.80    15.433   15.722   319   3    0     0     51.41  63.01  0.42        0.42         0.64         0.64         65.83  56.619   1.94     24.65       19.7        230      2.6      3.09          0.42    21.79     0.50    0.46    0.54    0.93    0.70     67.60   6.58    73.52   60.63   0.66    2135.80    66.57    48.92  
99   T0871TS026_4-D1     026s    49.45    100.00  98    N/A       N/A        0.35      0.35       32.84    N/A           17.14    25.91    12.377   12.776   319   1    0     0     50.47  63.64  N/A         N/A          0.59         0.59         67.08  45.903   2.17     27.03       19          248      3.2      3.89          0.42    16.93     0.49    0.48    0.62    0.78    0.81     66.20   6.11    75.15   58.62   0.68    2152.50    87.53    N/A    
100  T0871TS380_4-D1     380s    49.45    100.00  98    N/A       N/A        0.35      0.35       32.84    N/A           17.14    25.91    12.377   12.776   319   1    0     0     50.47  63.64  N/A         N/A          0.59         0.59         67.08  45.903   2.17     27.03       19          248      3.2      3.89          0.42    16.93     0.49    0.48    0.62    0.78    0.81     66.20   6.11    75.15   58.62   0.68    2152.50    87.53    N/A    
101  T0871TS407_3-D1     407s    49.37    100.00  101   N/A       N/A        0.34      0.34       34.17    N/A           16.36    28.02    14.747   15.177   319   11   0     0     48.59  62.70  N/A         N/A          0.50         0.50         64.26  51.843   1.89     24.25       18.7        233      2.9      3.50          0.41    18.81     0.48    0.45    0.54    0.86    0.71     62.50   6.11    73.45   60.17   0.66    2064.00    58.14    49.28  
102  T0871TS407_5-D1     407s    49.06    100.00  102   N/A       N/A        0.32      0.32       34.25    N/A           17.96    28.23    14.727   15.114   319   5    0     0     47.65  60.82  N/A         N/A          0.46         0.46         63.01  54.099   1.87     24.52       18.8        230      2.9      2.93          0.42    19.59     0.49    0.46    0.57    0.96    0.72     63.10   6.11    74.28   60.18   0.65    2043.20    63.84    50.51  
103  T0871TS258_3-D1     258s    48.90    89.97   103   N/A       N/A        0.31      0.31       32.92    N/A           16.83    24.48    6.504    7.257    287   1    0     0     44.83  65.20  N/A         N/A          0.32         0.32         67.71  46.989   2.16     25.69       21.5        252      3.1      3.88          0.42    14.26     0.43    0.44    0.62    0.64    0.72     70.27   6.35    71.53   55.63   0.70    2297.40    21.86    44.28  
104  T0871TS258_4-D1     258s    48.82    89.97   104   N/A       N/A        0.31      0.31       32.84    N/A           16.30    23.66    6.553    7.318    287   1    0     0     43.57  64.58  N/A         N/A          0.26         0.26         66.77  46.445   2.16     26.49       21.4        252      3.2      3.88          0.42    14.26     0.43    0.44    0.62    0.65    0.72     68.83   6.35    71.52   55.50   0.69    2305.10    22.25    44.92  
105  T0871TS183_5-D1     183s    48.75    100.00  105   N/A       N/A        0.30      0.30       34.48    N/A           18.27    29.58    14.916   14.819   319   0    0     0     50.78  59.25  N/A         N/A          0.59         0.59         64.26  52.744   1.88     22.26       19          226      2.7      3.36          0.44    21.00     0.50    0.48    0.55    0.78    0.71     66.00   6.11    72.98   61.60   0.66    2080.90    50.18    84.31  
106  T0871TS446_3-D1     446s    48.75    95.30   105   N/A       N/A        0.30      0.30       32.29    N/A           20.71    28.18    7.913    8.594    304   0    0     0     47.65  63.32  N/A         N/A          0.46         0.46         69.28  53.355   1.95     26.11       20.6        248      3.2      0.98          0.42    18.03     0.47    0.43    0.68    0.69    0.76     64.71   6.11    68.52   56.21   0.69    2252.60    31.15    69.55  
107  T0871TS258_1-D1     258s    48.51    89.97   107   0.13      0.13       0.29      0.29       32.45    0.11          16.10    23.95    6.505    7.237    287   1    0     0     45.45  65.52  0.08        0.08         0.35         0.35         68.34  46.41    2.14     26.63       21.4        251      3.1      3.96          0.42    13.17     0.42    0.44    0.62    0.65    0.72     63.61   6.11    71.66   55.51   0.69    2298.40    21.61    44.49  
108  T0871TS345_5-D1     345s    48.43    100.00  108   N/A       N/A        0.28      0.28       31.58    N/A           14.70    22.11    15.987   16.231   319   0    0     0     42.32  62.38  N/A         N/A          0.20         0.20         66.14  45.62    2.16     26.77       20.9        261      3.7      2.99          0.43    20.22     0.49    0.48    0.54    0.91    0.65     77.00   6.47    74.33   61.85   0.68    2281.20    102.06   83.97  
109  T0871TS446_1-D1     446s    47.81    95.61   109   0.08      0.08       0.25      0.25       30.88    -0.04         18.46    24.71    8.052    8.673    305   0    0     0     40.44  65.20  -0.21       -0.21        0.11         0.11         69.28  48.036   2.13     25.58       20.7        250      3.1      1.56          0.43    17.71     0.48    0.46    0.69    0.65    0.75     65.59   6.23    68.59   56.69   0.70    2265.60    27.43    69.80  
110  T0871TS407_4-D1     407s    47.41    100.00  110   N/A       N/A        0.22      0.22       32.91    N/A           17.79    26.88    16.637   17.012   319   2    0     0     43.89  58.31  N/A         N/A          0.27         0.27         61.76  45.761   1.92     22.53       18.2        227      3.2      2.90          0.42    19.91     0.50    0.45    0.54    0.95    0.70     61.70   6.23    70.73   60.06   0.63    1943.40    76.97    52.29  
111  T0871TS444_2-D1     444s    47.34    100.00  111   N/A       N/A        0.22      0.22       31.11    N/A           17.06    26.07    11.916   12.659   319   0    0     0     43.26  63.95  N/A         N/A          0.24         0.24         70.85  53.826   2.12     26.24       21.1        253      2.8      2.79          0.41    19.28     0.48    0.45    0.58    0.92    0.72     70.90   5.86    70.26   57.06   0.71    2346.30    57.88    50.59  
112  T0871TS275_4-D1     275s    47.26    100.00  112   N/A       N/A        0.21      0.21       30.80    N/A           15.21    22.91    9.593    10.152   319   3    0     0     41.07  62.38  N/A         N/A          0.06         0.06         65.20  44.682   2.22     24.38       18.9        259      3.8      3.30          0.43    19.75     0.47    0.46    0.66    0.76    0.79     67.20   6.47    72.06   58.72   0.69    2143.80    54.24    N/A    
113  T0871TS444_1-D1     444s    46.47    100.00  113   -0.01     -0.01      0.16      0.16       30.09    -0.12         15.53    23.96    8.845    9.684    319   0    0     0     45.77  63.01  0.10        0.10         0.37         0.37         70.22  47.953   2.13     24.91       20.1        254      2.9      2.86          0.40    15.05     0.46    0.42    0.69    0.81    0.78     71.30   6.70    71.17   54.62   0.72    2237.40    40.34    51.36  
114  T0871TS467_3-D1     467s    46.40    100.00  114   N/A       N/A        0.16      0.16       28.14    N/A           14.62    22.16    12.898   13.406   319   0    0     0     41.69  67.71  N/A         N/A          0.17         0.17         70.22  45.532   2.28     23.99       19.8        255      3.2      1.76          0.43    14.58     0.48    0.46    0.55    0.77    0.77     75.30   6.47    75.54   56.99   0.70    2234.70    56.84    60.79  
115  T0871TS359_2-D1     359s    46.24    82.13   115   N/A       N/A        0.15      0.15       30.17    N/A           20.72    22.60    5.027    5.572    262   0    0     0     42.01  59.56  N/A         N/A          0.18         0.18         61.13  39.984   2.21     26.29       19.9        243      3.8      3.31          0.42    23.04     0.45    0.46    0.61    0.56    0.81     66.36   6.23    73.76   58.01   0.63    2104.60    8.63     40.48  
116  T0871TS251_4-D1     251s    45.69    100.00  116   N/A       N/A        0.11      0.11       31.82    N/A           20.55    26.56    20.557   20.648   319   0    0     0     46.71  55.17  N/A         N/A          0.41         0.41         57.99  49.964   1.94     21.47       15.6        207      2.7      1.64          0.40    22.73     0.49    0.43    0.36    1.12    0.64     68.10   6.35    66.22   55.70   0.59    1800.70    124.19   91.15  
117  T0871TS026_3-D1     026s    45.45    100.00  117   N/A       N/A        0.10      0.10       31.04    N/A           15.83    22.79    16.829   17.454   319   3    0     0     45.77  58.31  N/A         N/A          0.37         0.37         62.07  43.897   2.10     23.85       17.9        230      3.2      4.08          0.42    19.28     0.49    0.49    0.62    0.99    0.69     66.10   6.23    71.16   60.96   0.62    2041.00    78.82    N/A    
118  T0871TS380_3-D1     380s    45.45    100.00  117   N/A       N/A        0.10      0.10       31.04    N/A           15.83    22.79    16.829   17.454   319   3    0     0     45.77  58.31  N/A         N/A          0.37         0.37         62.07  43.897   2.10     23.85       17.9        230      3.2      4.08          0.42    19.28     0.49    0.49    0.62    0.99    0.69     66.10   6.23    71.16   60.96   0.62    2041.00    78.82    N/A    
119  T0871TS452_3-D1     452s    45.38    100.00  119   N/A       N/A        0.09      0.09       28.68    N/A           15.15    22.67    7.636    8.324    319   5    0     0     40.13  60.50  N/A         N/A          0.09         0.09         65.83  43.542   2.23     27.30       17.8        251      3.7      3.87          0.39    15.52     0.48    0.46    0.72    0.75    0.80     73.90   6.35    76.93   57.38   0.69    2024.50    24.27    62.39  
120  T0871TS444_4-D1     444s    45.30    100.00  120   N/A       N/A        0.09      0.09       31.51    N/A           14.65    27.47    17.964   18.038   319   1    0     0     43.57  55.49  N/A         N/A          0.26         0.26         61.76  56.126   1.73     19.35       17.8        213      2.4      4.05          0.37    20.06     0.46    0.41    0.44    1.17    0.63     75.00   5.99    68.21   56.42   0.62    1958.80    84.74    55.29  
121  T0871TS467_2-D1     467s    45.06    100.00  121   N/A       N/A        0.07      0.07       28.30    N/A           15.37    20.65    11.238   11.927   319   0    0     0     40.75  57.68  N/A         N/A          0.12         0.12         66.77  44.77    2.24     24.25       20.1        262      3.5      1.47          0.42    21.16     0.49    0.44    0.60    0.87    0.74     69.60   6.47    65.77   56.52   0.69    2267.00    57.77    61.44  
122  T0871TS452_5-D1     452s    44.91    100.00  122   N/A       N/A        0.06      0.06       27.74    N/A           14.73    23.47    10.838   11.173   319   3    0     0     41.38  58.31  N/A         N/A          0.15         0.15         69.28  50.44    2.11     25.31       18.6        256      3.3      3.94          0.37    14.42     0.45    0.43    0.58    0.82    0.79     71.50   5.86    76.55   56.79   0.70    2112.00    47.76    61.33  
123  T0871TS421_3-D1     421s    44.75    88.71   123   N/A       N/A        0.05      0.05       30.64    N/A           18.73    26.31    16.357   16.235   283   23   0     0     44.20  57.68  N/A         N/A          0.29         0.29         60.19  48.678   1.87     16.83       17.2        209      2.7      4.45          0.19    18.97     0.41    0.39    0.37    0.92    0.61     61.83   5.86    65.39   51.67   0.61    1839.90    55.67    N/A    
124  T0871TS421_4-D1     421s    44.44    88.71   124   N/A       N/A        0.03      0.03       30.88    N/A           17.61    25.90    16.464   16.405   283   27   0     0     44.20  57.37  N/A         N/A          0.29         0.29         60.19  48.835   1.90     16.43       17          207      2.8      4.53          0.19    18.34     0.40    0.38    0.36    0.94    0.61     59.88   6.11    63.96   51.66   0.60    1817.50    57.54    N/A    
125  T0871TS183_4-D1     183s    44.20    100.00  125   N/A       N/A        0.02      0.02       30.41    N/A           17.48    25.70    15.342   15.427   319   0    0     0     43.26  52.98  N/A         N/A          0.37         0.37         61.44  47.425   1.88     18.68       17.2        215      2.7      3.52          0.40    21.00     0.49    0.43    0.44    1.01    0.66     67.60   5.73    68.81   59.93   0.61    1961.60    68.09    74.60  
126  T0871TS479_5-D1     479s    44.12    100.00  126   N/A       N/A        0.01      0.01       30.64    N/A           17.61    26.30    16.348   16.589   319   0    0     0     44.20  52.66  N/A         N/A          0.29         0.29         58.31  53.233   1.87     19.88       16.5        212      2.7      3.44          0.40    23.51     0.49    0.43    0.42    1.06    0.62     69.90   5.73    67.91   59.81   0.60    1898.30    72.27    74.39  
127  T0871TS452_4-D1     452s    44.04    100.00  127   N/A       N/A        0.01      0.01       28.68    N/A           13.84    20.39    9.537    10.231   319   13   0     0     36.05  53.61  N/A         N/A          -0.11        -0.11        59.87  40.312   2.28     24.25       17.8        247      3.7      3.82          0.35    15.67     0.47    0.46    0.64    0.78    0.74     76.00   5.73    71.61   58.97   0.66    2027.10    32.16    59.89  
128  T0871TS444_3-D1     444s    43.65    100.00  128   N/A       N/A        -0.01     -0.01      27.43    N/A           12.32    19.88    10.058   10.998   319   0    0     0     33.54  54.86  N/A         N/A          -0.23        -0.23        63.01  40.758   2.20     22.66       17.7        261      4        2.82          0.38    13.01     0.46    0.39    0.64    0.95    0.76     79.40   6.47    66.59   52.96   0.69    1993.70    54.30    53.78  
129  T0871TS251_2-D1     251s    43.65    100.00  128   N/A       N/A        -0.01     -0.01      26.73    N/A           16.41    22.51    9.047    9.845    319   0    0     0     42.95  55.49  N/A         N/A          0.23         0.23         63.95  40.561   2.18     25.58       17.7        257      3.6      1.63          0.41    17.87     0.49    0.42    0.65    0.82    0.77     69.60   6.47    66.51   55.51   0.70    2008.30    46.70    83.77  
130  T0871TS444_5-D1     444s    43.34    100.00  130   N/A       N/A        -0.03     -0.03      29.31    N/A           16.11    25.29    18.508   18.844   319   1    0     0     42.63  53.29  N/A         N/A          0.21         0.21         59.56  53.03    1.81     20.14       16.6        211      2.8      4.08          0.37    16.77     0.46    0.40    0.42    1.14    0.62     69.50   6.11    67.21   55.43   0.61    1843.20    80.78    56.59  
131  T0871TS359_5-D1     359s    42.24    97.49   131   N/A       N/A        -0.10     -0.10      27.12    N/A           18.23    23.95    14.794   14.878   311   2    0     0     38.87  56.43  N/A         N/A          0.03         0.03         59.87  42.733   2.01     18.02       16.5        215      3        3.59          0.37    18.18     0.46    0.40    0.51    1.01    0.70     65.90   4.74    67.35   54.97   0.62    1810.40    55.23    56.72  
132  T0871TS359_3-D1     359s    42.24    97.49   131   N/A       N/A        -0.10     -0.10      27.12    N/A           18.23    23.95    14.794   14.878   311   2    0     0     38.87  56.43  N/A         N/A          0.03         0.03         59.87  42.733   2.01     18.02       16.5        215      3        3.59          0.37    18.18     0.46    0.40    0.51    1.01    0.70     65.90   4.74    67.35   54.97   0.62    1810.40    55.23    56.72  
133  T0871TS359_4-D1     359s    42.24    97.49   131   N/A       N/A        -0.10     -0.10      27.12    N/A           18.23    23.95    14.794   14.878   311   2    0     0     38.87  56.43  N/A         N/A          0.03         0.03         59.87  42.733   2.01     18.02       16.5        215      3        3.59          0.37    18.18     0.46    0.40    0.51    1.01    0.70     65.90   4.74    67.35   54.97   0.62    1810.40    55.23    56.72  
134  T0871TS359_1-D1     359s    41.77    88.71   134   -0.34     -0.34      -0.13     -0.13      27.66    -0.35         18.40    24.37    14.746   14.891   283   0    0     0     39.18  56.11  -0.28       -0.28        0.05         0.05         58.62  43.614   1.96     17.89       16.5        209      2.9      3.32          0.34    19.91     0.43    0.37    0.42    0.97    0.70     58.46   4.74    66.64   52.95   0.60    1767.50    57.69    52.92  
135  T0871TS446_5-D1     446s    41.38    94.36   135   N/A       N/A        -0.16     -0.16      28.53    N/A           13.77    19.66    9.663    10.539   301   1    0     0     36.99  50.78  N/A         N/A          -0.06        -0.06        62.38  40.484   2.18     19.08       17.9        248      4        1.50          0.37    15.52     0.45    0.38    0.61    0.91    0.70     70.67   5.60    60.26   51.32   0.65    1975.90    38.53    63.44  
136  T0871TS421_5-D1     421s    40.12    89.03   136   N/A       N/A        -0.24     -0.24      26.41    N/A           14.59    20.13    16.579   16.523   284   60   0     0     38.56  55.49  N/A         N/A          0.02         0.02         57.68  40.992   2.06     16.43       15          203      3        4.78          0.14    12.85     0.39    0.34    0.35    1.07    0.60     58.40   5.19    60.14   48.45   0.58    1623.60    60.76    N/A    
137  T0871TS446_4-D1     446s    39.03    92.79   137   N/A       N/A        -0.30     -0.30      25.55    N/A           12.70    17.89    12.806   13.38    296   1    0     0     31.03  53.61  N/A         N/A          -0.35        -0.35        58.62  38.622   2.11     21.20       17          222      3.4      1.57          0.37    12.70     0.45    0.39    0.56    0.92    0.67     70.24   5.99    65.51   53.16   0.61    1884.70    54.80    61.72  
138  T0871TS180_2-D1     180s    37.30    100.00  138   N/A       N/A        -0.41     -0.41      20.69    N/A           9.45     15.93    23.212   23.659   319   0    0     0     29.78  59.25  N/A         N/A          0.05         0.05         65.20  45.166   2.13     22.79       17.2        243      3.4      3.00          0.22    5.02      0.40    0.32    0.37    1.25    0.79     59.30   5.99    61.84   42.96   0.67    1963.80    249.47   54.13  
139  T0871TS467_5-D1     467s    35.89    100.00  139   N/A       N/A        -0.50     -0.50      21.79    N/A           10.29    17.85    16.087   16.373   319   1    0     0     33.23  52.04  N/A         N/A          -0.24        -0.24        58.62  42.412   2.15     18.82       14.4        212      3        1.71          0.34    11.91     0.43    0.33    0.47    1.14    0.69     53.50   4.89    59.43   47.26   0.61    1679.20    95.67    68.79  
140  T0871TS455_1-D1     455s    33.62    100.00  140   -0.90     -0.90      -0.64     -0.64      20.69    -1.02         10.62    14.91    10.909   11.46    319   7    0     0     24.45  53.29  -1.13       -1.13        -0.67        -0.67        64.89  43.279   2.16     18.68       15.8        237      3.3      3.55          0.33    6.43      0.40    0.31    0.54    1.09    0.72     52.70   5.46    58.64   45.17   0.67    1870.30    50.93    64.88  
141  T0871TS180_3-D1     180s    33.15    100.00  141   N/A       N/A        -0.67     -0.67      19.59    N/A           8.12     12.04    17.989   18.413   319   1    0     0     21.94  49.22  N/A         N/A          -0.79        -0.79        60.19  38.897   2.23     22.66       17.5        251      3.8      2.93          0.23    8.15      0.43    0.32    0.39    1.31    0.72     54.60   5.99    56.72   45.43   0.65    1998.00    156.51   47.20  
142  T0871TS180_1-D1     180s    29.78    100.00  142   -1.17     -1.17      -0.88     -0.88      19.59    -1.13         10.70    15.03    25.271   25.429   319   0    0     0     25.08  38.87  0.55        0.55         0.75         0.75         52.66  36.407   2.28     18.95       14.1        202      3.4      2.83          0.22    8.93      0.42    0.29    0.34    1.56    0.63     57.70   5.73    52.29   44.49   0.55    1519.30    249.90   41.48  
143  T0871TS455_2-D1     455s    27.04    100.00  143   N/A       N/A        -1.05     -1.05      15.99    N/A           7.59     9.90     11.84    12.767   319   11   0     0     20.06  42.95  N/A         N/A          -0.88        -0.88        53.29  33.641   2.44     9.93        9.3         205      3.6      3.88          0.28    3.76      0.35    0.21    0.43    1.40    0.66     38.30   4.25    48.25   36.68   0.58    1200.90    69.12    70.96  
144  T0871TS455_4-D1     455s    26.65    100.00  144   N/A       N/A        -1.08     -1.08      14.42    N/A           6.77     11.21    12.514   13.08    319   5    0     0     19.44  44.83  N/A         N/A          -0.91        -0.91        56.74  35.135   2.31     15.37       10.9        216      4.4      3.85          0.28    4.39      0.37    0.24    0.38    1.35    0.70     53.10   4.07    52.48   38.44   0.59    1321.70    91.48    70.69  
145  T0871TS180_4-D1     180s    24.06    100.00  145   N/A       N/A        -1.24     -1.24      10.50    N/A           3.32     6.40     24.064   24.452   319   1    0     0     11.29  49.84  N/A         N/A          -1.31        -1.31        56.74  36.244   2.33     18.02       15.6        230      4.1      3.16          0.17    2.19      0.36    0.22    0.19    1.45    0.67     57.60   6.11    53.97   36.11   0.60    1805.20    206.94   40.19  
146  T0871TS455_3-D1     455s    22.57    100.00  146   N/A       N/A        -1.33     -1.33      15.52    N/A           7.15     10.15    21.864   22.517   319   8    0     0     18.50  25.39  N/A         N/A          -0.96        -0.96        52.98  36.93    2.31     12.85       10.3        194      3.6      3.64          0.23    4.23      0.36    0.18    0.14    1.89    0.54     36.50   4.25    40.55   35.27   0.57    1262.60    223.21   79.14  
147  T0871TS432_2-D1     432s    19.04    100.00  147   N/A       N/A        -1.56     -1.56      10.11    N/A           5.17     7.21     20.539   20.862   319   3    0     0     15.05  20.38  N/A         N/A          -1.12        -1.12        28.21  18.038   2.52     8.21        2.2         151      9.6      1.86          0.30    13.48     0.45    0.30    0.45    1.51    0.51     60.80   5.19    51.52   47.69   0.37    430.20     80.78    N/A    
148  T0871TS432_1-D1     432s    17.01    100.00  148   -2.06     -2.06      -1.68     -1.68      8.86     -2.17         2.62     4.61     13.419   13.884   319   3    0     0     8.46   18.18  -2.06       -2.06        -1.44        -1.44        21.63  15.483   2.68     7.41        0.5         111      11.2     1.38          0.27    11.91     0.43    0.25    0.50    1.45    0.64     55.40   3.29    50.48   44.63   0.33    260.80     68.06    N/A    
149  T0871TS451_2-D1     451s    15.20    100.00  149   N/A       N/A        -1.80     -1.80      8.93     N/A           2.51     5.77     30.008   30.185   319   8    0     0     11.29  18.50  N/A         N/A          -1.31        -1.31        22.88  16.352   2.55     6.35        0.7         121      13.9     3.06          0.25    6.74      0.41    0.27    0.36    1.83    0.55     60.60   2.83    49.21   42.80   0.31    272.20     348.55   N/A    
150  T0871TS432_3-D1     432s    14.34    100.00  150   N/A       N/A        -1.85     -1.85      7.21     N/A           2.48     3.85     18.534   18.997   319   2    0     0     0.00   4.70   N/A         N/A          -1.85        -1.85        21.32  12.276   2.73     4.37        0.7         102      5.6      1.71          0.26    9.40      0.42    0.23    0.41    1.79    0.52     52.50   2.58    44.24   42.88   0.29    335.90     99.06    N/A    
151  T0871TS451_1-D1     451s    13.64    100.00  151   -2.29     -2.29      -1.89     -1.89      7.37     -2.31         1.50     4.01     30.601   30.927   319   8    0     0     0.63   2.82   -2.51       -2.51        -1.82        -1.82        20.69  13.024   2.54     6.22        1.3         136      16.1     3.04          0.26    7.21      0.41    0.28    0.36    1.53    0.56     54.20   4.07    50.30   44.03   0.31    329.10     312.94   N/A    
152  T0871TS451_4-D1     451s    12.38    100.00  152   N/A       N/A        -1.97     -1.97      6.50     N/A           1.24     3.04     30.756   31.19    319   12   0     0     1.57   3.76   N/A         N/A          -1.78        -1.78        17.87  10.582   2.86     3.83        0.9         132      18.5     3.10          0.25    6.90      0.40    0.28    0.39    1.59    0.58     56.10   4.25    48.25   43.65   0.27    292.50     329.96   N/A    
153  T0871TS451_3-D1     451s    12.07    100.00  153   N/A       N/A        -1.99     -1.99      6.50     N/A           1.96     3.04     29.497   29.673   319   10   0     0     5.64   8.15   N/A         N/A          -1.58        -1.58        19.75  11.792   2.68     3.30        1           139      15       2.94          0.26    7.84      0.41    0.30    0.41    1.95    0.40     50.60   3.89    44.55   45.84   0.28    299.70     274.01   N/A    
154  T0871TS451_5-D1     451s    11.52    100.00  154   N/A       N/A        -2.03     -2.03      6.90     N/A           2.02     3.46     29.794   30.097   319   10   0     0     5.33   10.97  N/A         N/A          -1.59        -1.59        22.26  12.34    2.64     4.23        1.9         146      15.8     3.17          0.26    6.90      0.41    0.28    0.39    1.91    0.41     58.50   2.30    44.94   43.45   0.29    386.90     286.61   N/A    
155  T0871TS180_5-D1     180s    11.29    100.00  155   N/A       N/A        -2.04     -2.04      5.96     N/A           1.00     3.05     19.957   20.29    319   42   0     0     0.31   0.94   N/A         N/A          0.03         0.03         19.44  11.141   2.92     3.83        0           0        N/A      4.01          0.11    6.27      0.37    0.26    0.28    1.78    0.53     49.80   3.70    41.26   42.22   0.29    N/A        144.87   23.67  
156  T0871TS434_1-D1     434s    10.81    100.00  156   -2.49     -2.49      -2.07     -2.07      6.19     -2.43         1.66     2.86     22.318   22.494   319   0    0     0     0.63   8.15   -2.51       -2.51        -1.82        -1.82        17.55  12.427   2.60     2.11        0           0        N/A      2.85          0.20    6.58      0.40    0.19    0.28    1.95    0.48     40.50   2.83    36.79   37.14   0.29    N/A        231.18   83.66  
157  T0871TS434_4-D1     434s    10.42    100.00  157   N/A       N/A        -2.09     -2.09      6.19     N/A           2.03     3.59     22.445   22.804   319   0    0     0     0.00   5.64   N/A         N/A          -1.85        -1.85        18.81  11.642   2.70     2.64        0           0        N/A      2.83          0.21    7.99      0.39    0.19    0.27    1.92    0.51     44.30   3.70    38.30   37.92   0.26    N/A        233.65   83.59  
158  T0871TS467_4-D1     467s    10.03    100.00  158   N/A       N/A        -2.12     -2.12      6.27     N/A           2.39     4.47     24.196   24.472   319   0    0     0     0.00   0.00   N/A         N/A          -1.85        -1.85        13.48  7.066    2.85     3.04        0           0        N/A      1.78          0.19    5.64      0.37    0.13    0.08    2.27    0.50     69.00   1.64    34.17   33.23   0.26    N/A        223.54   81.66  
159  T0871TS434_5-D1     434s    9.88     100.00  159   N/A       N/A        -2.13     -2.13      5.80     N/A           1.69     3.32     21.959   22.441   319   0    0     0     0.00   1.25   N/A         N/A          -1.85        -1.85        19.44  10.175   2.49     1.85        0.7         75       5.3      2.79          0.18    5.64      0.39    0.18    0.25    2.16    0.52     46.90   3.07    38.42   37.22   0.31    179.30     294.34   85.33  
160  T0871TS028_5-D1     028s    9.80     57.99   160   N/A       N/A        -2.13     -2.13      6.66     N/A           1.46     2.17     21.151   21.834   185   4    0     0     0.31   3.45   N/A         N/A          -1.84        -1.84        18.50  11.221   2.76     1.54        0           0        N/A      3.23          0.10    4.39      0.22    0.10    0.10    2.98    0.50     27.37   1.64    21.33   20.85   0.26    N/A        106.31   85.37  
161  T0871TS028_3-D1     028s    9.72     57.99   161   N/A       N/A        -2.14     -2.14      6.58     N/A           1.45     2.17     20.463   20.895   185   3    0     0     0.63   0.31   N/A         N/A          -1.82        -1.82        19.44  11.869   2.71     3.07        0           0        N/A      3.44          0.10    3.76      0.22    0.09    0.10    3.02    0.50     26.97   3.07    20.95   20.75   0.26    N/A        75.76    85.37  
162  T0871TS028_2-D1     028s    9.64     57.99   162   N/A       N/A        -2.14     -2.14      6.58     N/A           2.73     2.86     20.578   21.195   185   3    0     0     1.57   2.82   N/A         N/A          -1.78        -1.78        17.87  10.706   2.71     3.07        0           0        N/A      3.25          0.10    4.23      0.22    0.10    0.10    3.03    0.50     26.97   1.64    21.12   20.92   0.26    N/A        92.50    85.81  
163  T0871TS028_1-D1     028s    9.64     57.99   162   -2.57     -2.57      -2.14     -2.14      6.50     -2.40         2.32     2.27     20.558   21.032   185   3    0     0     0.94   0.31   -2.49       -2.49        -1.81        -1.81        17.87  11.719   2.70     1.70        0.3         62       5.4      3.44          0.10    4.08      0.22    0.09    0.10    2.96    0.50     26.97   1.64    20.97   20.83   0.26    167.80     82.05    85.51  
164  T0871TS028_4-D1     028s    9.56     57.99   164   N/A       N/A        -2.15     -2.15      6.58     N/A           1.06     1.96     20.1     20.606   185   3    0     0     0.31   3.45   N/A         N/A          -1.84        -1.84        17.87  11.228   2.60     2.92        0.3         62       5.4      3.42          0.10    4.23      0.22    0.09    0.11    3.03    0.50     26.97   3.07    21.25   20.87   0.26    170.80     80.05    85.63  
165  T0871TS434_3-D1     434s    9.33     100.00  165   N/A       N/A        -2.16     -2.16      5.49     N/A           1.64     2.95     23.967   24.192   319   1    0     0     0.63   1.25   N/A         N/A          -1.82        -1.82        20.38  11.69    2.80     1.58        0           0        N/A      2.76          0.18    6.74      0.39    0.17    0.25    2.25    0.48     47.50   2.83    37.87   37.12   0.28    N/A        221.54   85.04  
166  T0871TS434_2-D1     434s    9.17     100.00  166   N/A       N/A        -2.17     -2.17      5.17     N/A           2.03     2.90     24.298   24.586   319   0    0     0     0.63   4.08   N/A         N/A          -1.82        -1.82        16.61  11.242   2.81     1.98        0           0        N/A      2.78          0.18    5.02      0.39    0.18    0.30    2.08    0.48     52.70   2.83    36.41   36.98   0.26    N/A        189.30   85.74  
167  T0871TS321_4-D1     321s    9.01     100.00  167   N/A       N/A        -2.18     -2.18      5.88     N/A           2.13     3.81     31.032   31.534   319   7    0     0     0.00   0.00   N/A         N/A          -1.85        -1.85        16.30  9.416    2.72     1.45        0.4         57       3.6      3.13          0.17    6.74      0.37    0.17    0.27    2.71    0.49     66.40   2.30    30.24   34.25   0.20    139.60     594.69   19.94  
168  T0871TS321_1-D1     321s    8.23     100.00  168   -2.67     -2.67      -2.23     -2.23      5.17     -2.52         2.07     3.77     41.496   41.722   319   6    0     0     0.00   0.00   -0.21       -0.21        0.11         0.11         13.79  8.546    2.64     0.79        0.2         50       5        3.30          0.16    5.49      0.37    0.16    0.12    2.88    0.51     67.60   2.30    31.07   35.07   0.18    114.40     1667.81  18.90  
169  T0871TS464_5-D1     464s    8.07     100.00  169   N/A       N/A        -2.24     -2.24      4.94     N/A           0.64     1.81     39.321   39.645   319   5    0     0     0.00   0.00   N/A         N/A          -1.85        -1.85        12.54  7.963    2.68     1.45        0           0        N/A      2.81          0.15    3.76      0.36    0.14    0.12    2.98    0.52     40.20   1.99    26.79   30.80   0.20    N/A        1726.77  18.13  
170  T0871TS455_5-D1     455s    7.92     100.00  170   N/A       N/A        -2.25     -2.25      4.62     N/A           0.84     1.86     22.01    22.363   319   11   0     0     0.63   5.02   N/A         N/A          -1.82        -1.82        21.63  13.353   2.58     -0.14       0           0        N/A      3.74          0.16    1.41      0.31    0.08    0.05    2.40    0.49     26.80   1.99    25.88   24.69   0.28    N/A        293.40   91.96  
171  T0871TS321_2-D1     321s    7.92     100.00  170   N/A       N/A        -2.25     -2.25      5.41     N/A           1.95     2.97     29.572   29.899   319   7    0     0     0.00   0.00   N/A         N/A          -1.85        -1.85        13.17  8.973    2.44     1.05        0           0        N/A      3.27          0.16    5.64      0.37    0.17    0.21    2.63    0.51     63.70   1.99    32.66   35.25   0.21    N/A        757.96   19.15  
172  T0871TS321_5-D1     321s    7.45     100.00  172   N/A       N/A        -2.28     -2.28      4.70     N/A           0.06     1.82     37.174   37.38    319   5    0     0     0.31   5.64   N/A         N/A          -1.84        -1.84        14.11  9.162    2.45     0.79        0           0        N/A      3.19          0.16    5.49      0.36    0.16    0.27    2.58    0.56     67.70   1.99    29.10   33.83   0.20    N/A        1084.18  18.40  
173  T0871TS321_3-D1     321s    7.21     100.00  173   N/A       N/A        -2.30     -2.30      4.86     N/A           1.50     3.00     34.644   34.842   319   7    0     0     0.63   0.94   N/A         N/A          -1.82        -1.82        14.42  9.567    2.60     0.52        0           0        N/A      3.11          0.16    5.02      0.37    0.16    0.14    2.98    0.51     56.20   1.99    29.70   33.81   0.21    N/A        1365.84  18.87  
174  T0871TS464_2-D1     464s    6.35     100.00  174   N/A       N/A        -2.35     -2.35      4.08     N/A           1.25     2.60     27.346   27.634   319   5    0     0     0.00   0.00   N/A         N/A          -1.85        -1.85        15.67  9.565    2.79     0.26        0           0        N/A      3.39          0.15    3.45      0.35    0.12    0.14    2.66    0.51     33.50   3.07    25.91   28.86   0.27    N/A        533.00   17.78  

