#    Model               GR#     GDT_TS   NP_P    RANK  Z-M1-GDT  Z-M1s-GDT  Z-MA-GDT  Z-MAs-GDT  GDT_HA   Z-M1s-GDT-HA  GDC_SC   GDC_ALL  RMS_CA   RMS_ALL  NP    err  PC01  PC05  AL0_P  AL4_P  Z-M1-AL0_p  Z-M1s-AL0_p  Z-MA-AL0_p   Z-MAs-AL0_p  ALI_P  LGA_S    RMSD[L]  Z-score[M]  Z-Score[D]  Al.Res.  RMSD[D]  MolPrb_Score  LDDT    SphGr     CAD_AA  RPF     CODM    DFM     Handed.  SOV     CE      QCS     CONTS   TMscore  Dali(raw)  FlexE    QSE    

1    T0889TS405_3-D1     405s    87.55    100.00  1     N/A       N/A        0.79      0.79       69.36    N/A           40.72    62.10    2.131    2.894    239   1    0     0     92.47  95.82  N/A         N/A          0.78         0.78         96.65  92.931   1.33     30.65       34.6        235      1.5      3.59          0.70    62.97     0.68    0.80    0.98    0.10    0.95     87.90   7.44    -1.00   -1.00   0.94    3053.20    1.62     94.03  
2    T0889TS405_5-D1     405s    87.34    100.00  2     N/A       N/A        0.78      0.78       68.94    N/A           41.63    62.05    2.15     2.994    239   1    0     0     92.05  95.40  N/A         N/A          0.76         0.76         96.23  92.911   1.30     30.94       34.5        235      1.5      3.43          0.70    62.13     0.68    0.80    0.98    0.11    0.95     82.80   7.44    95.33   88.62   0.93    3039.50    1.63     94.13  
3    T0889TS250_2-D1     250s    86.19    100.00  3     N/A       N/A        0.71      0.71       69.14    N/A           42.38    62.99    2.114    2.954    239   0    0     0     92.47  95.82  N/A         N/A          0.78         0.78         96.65  92.324   1.29     30.94       34.4        237      1.6      1.79          0.74    62.55     0.70    0.80    0.98    0.12    0.95     88.50   7.44    94.29   87.79   0.94    3036.20    1.62     93.27  
4    T0889TS250_5-D1     250s    86.19    100.00  3     N/A       N/A        0.71      0.71       69.04    N/A           42.61    62.98    2.19     2.98     239   0    0     0     91.63  94.14  N/A         N/A          0.75         0.75         96.23  92.175   1.33     30.94       34.4        235      1.5      1.65          0.74    63.81     0.70    0.80    0.98    0.12    0.95     88.50   7.44    94.27   87.65   0.93    3029.70    1.71     93.13  
5    T0889TS016_1-D1     016s    86.19    100.00  3     0.63      0.63       0.71      0.71       68.10    0.72          36.79    60.34    1.972    2.897    239   0    0     0     89.54  95.82  0.62        0.62         0.68         0.68         95.82  92.037   1.40     31.23       34.2        237      1.6      2.98          0.72    61.92     0.67    0.79    0.98    0.13    0.95     85.90   7.44    94.76   87.63   0.93    3014.50    1.85     18.98  
6    T0889TS250_4-D1     250s    86.09    100.00  6     N/A       N/A        0.71      0.71       69.25    N/A           40.19    61.98    2.157    2.978    239   0    0     0     92.05  96.23  N/A         N/A          0.76         0.76         96.23  92.236   1.31     30.80       34.4        235      1.5      1.85          0.73    61.92     0.69    0.80    0.98    0.12    0.95     88.50   7.44    94.20   87.63   0.93    3031.80    1.68     93.22  
7    T0889TS250_3-D1     250s    85.98    100.00  7     N/A       N/A        0.70      0.70       69.35    N/A           42.59    62.70    2.109    2.945    239   0    0     0     91.21  95.82  N/A         N/A          0.74         0.74         96.65  92.184   1.31     31.09       34.4        237      1.6      1.86          0.74    63.60     0.69    0.80    0.98    0.13    0.95     88.50   7.44    94.34   87.80   0.94    3034.90    1.59     93.36  
8    T0889TS250_1-D1     250s    85.98    100.00  7     0.61      0.61       0.70      0.70       69.04    0.79          41.43    62.45    2.203    3.03     239   0    0     0     91.63  93.72  0.69        0.69         0.75         0.75         95.40  92.19    1.31     30.80       34.4        235      1.5      1.84          0.73    62.76     0.70    0.80    0.98    0.12    0.95     88.50   7.44    94.11   87.63   0.93    3032.70    1.64     93.14  
9    T0889TS183_1-D1     183s    85.67    100.00  9     0.59      0.59       0.68      0.68       67.26    0.65          36.22    59.95    1.636    2.591    239   0    0     0     92.05  98.33  0.70        0.70         0.76         0.76         98.33  93.441   1.35     31.23       34.7        238      1.4      2.59          0.72    57.74     0.68    0.80    0.99    0.10    0.96     73.40   7.44    95.28   88.63   0.95    3058.30    1.28     94.43  
10   T0889TS275_5-D1     275s    85.46    100.00  10    N/A       N/A        0.67      0.67       68.52    N/A           38.96    60.72    1.869    2.684    239   0    0     0     89.96  97.07  N/A         N/A          0.70         0.70         97.07  92.298   1.37     31.09       34.4        238      1.6      3.00          0.73    62.97     0.69    0.80    0.98    0.12    0.95     89.10   7.44    -1.00   -1.00   0.94    3030.80    1.54     N/A    
11   T0889TS166_1-D1     166s    85.46    99.16   10    0.58      0.58       0.67      0.67       68.10    0.72          36.91    60.35    1.798    2.69     237   0    0     0     90.38  96.23  0.65        0.65         0.71         0.71         96.23  92.434   1.45     30.98       34.3        236      1.5      2.88          0.71    59.00     0.67    0.79    0.97    0.13    0.94     88.06   7.44    -1.00   -1.00   0.93    3008.20    1.57     18.12  
12   T0889TS359_4-D1     359s    85.15    99.58   12    N/A       N/A        0.65      0.65       67.05    N/A           36.18    59.27    2.259    3.02     238   0    0     0     0.00   0.00   N/A         N/A          -2.15        -2.15        0.00   91.07    1.34     30.55       33.7        234      1.7      2.82          0.70    59.00     0.68    0.77    0.97    0.13    0.94     88.13   7.44    94.76   88.07   0.92    2959.90    1.78     19.60  
13   T0889TS359_5-D1     359s    85.15    99.58   12    N/A       N/A        0.65      0.65       67.05    N/A           36.18    59.27    2.259    3.02     238   0    0     0     89.54  94.14  N/A         N/A          0.68         0.68         95.40  91.07    1.34     30.55       33.7        234      1.7      2.82          0.70    59.00     0.68    0.77    0.97    0.13    0.94     88.13   7.44    94.76   88.07   0.92    2959.90    1.78     19.60  
14   T0889TS405_2-D1     405s    85.04    100.00  14    N/A       N/A        0.65      0.65       67.47    N/A           39.08    60.90    2.078    2.818    239   0    0     0     89.96  96.65  N/A         N/A          0.70         0.70         96.65  91.711   1.40     30.80       33.9        237      1.6      3.25          0.72    63.60     0.69    0.80    0.98    0.11    0.95     87.80   7.34    94.77   88.26   0.93    2994.80    1.45     93.65  
15   T0889TS405_1-D1     405s    85.04    100.00  14    0.55      0.55       0.65      0.65       67.47    0.67          39.08    60.90    2.078    2.818    239   0    0     0     89.96  96.65  0.64        0.64         0.70         0.70         96.65  91.711   1.40     30.80       33.9        237      1.6      3.25          0.72    63.60     0.69    0.80    0.98    0.11    0.95     87.80   7.34    -1.00   -1.00   0.93    2994.80    1.45     93.65  
16   T0889TS405_4-D1     405s    84.94    100.00  16    N/A       N/A        0.64      0.64       67.26    N/A           34.55    58.61    2.248    3.033    239   0    0     0     89.96  94.98  N/A         N/A          0.70         0.70         96.65  91.524   1.49     31.09       33.7        235      1.6      2.66          0.71    56.90     0.67    0.78    0.98    0.13    0.94     87.80   7.44    94.62   87.86   0.93    2978.00    1.63     93.08  
17   T0889TS479_1-D1     479s    84.94    100.00  16    0.55      0.55       0.64      0.64       66.53    0.60          32.80    58.65    1.618    2.73     239   0    0     0     92.05  97.49  0.70        0.70         0.76         0.76         97.49  93.267   1.34     31.23       34.6        238      1.4      2.55          0.71    53.77     0.67    0.78    0.99    0.10    0.95     83.10   7.44    95.15   88.72   0.94    3049.40    1.24     94.54  
18   T0889TS452_1-D1     452s    84.94    100.00  16    0.55      0.55       0.64      0.64       68.10    0.72          35.79    59.71    2.405    3.145    239   0    0     0     89.96  93.72  0.64        0.64         0.70         0.70         95.82  91.336   1.42     30.65       33.5        234      1.5      3.21          0.71    59.21     0.68    0.79    0.98    0.15    0.94     88.30   7.34    -1.00   -1.00   0.93    2961.60    1.79     91.11  
19   T0889TS026_2-D1     026s    84.73    100.00  19    N/A       N/A        0.63      0.63       65.80    N/A           37.86    59.70    2.514    3.138    239   0    0     0     89.96  93.31  N/A         N/A          0.70         0.70         96.23  91.571   1.39     30.94       33.4        234      1.5      3.50          0.70    59.41     0.66    0.78    0.97    0.13    0.94     85.10   7.24    93.82   85.54   0.93    2950.30    2.29     N/A    
20   T0889TS380_1-D1     380s    84.73    100.00  19    0.53      0.53       0.63      0.63       65.80    0.54          37.86    59.70    2.514    3.138    239   0    0     0     89.96  93.31  0.64        0.64         0.70         0.70         96.23  91.571   1.39     30.94       33.4        234      1.5      3.50          0.70    59.41     0.66    0.78    0.97    0.13    0.94     85.10   7.24    93.82   85.54   0.93    2950.30    2.29     N/A    
21   T0889TS275_2-D1     275s    84.73    100.00  19    N/A       N/A        0.63      0.63       66.63    N/A           40.39    60.40    2.319    3.056    239   0    0     0     0.00   0.00   N/A         N/A          -2.15        -2.15        0.00   89.975   1.41     30.65       33.1        235      1.9      2.59          0.72    59.83     0.69    0.79    0.98    0.12    0.94     87.10   7.24    -1.00   -1.00   0.92    2925.10    2.46     N/A    
22   T0889TS380_2-D1     380s    84.73    100.00  19    N/A       N/A        0.63      0.63       65.80    N/A           37.86    59.70    2.514    3.138    239   0    0     0     89.96  93.31  N/A         N/A          0.70         0.70         96.23  91.571   1.39     30.94       33.4        234      1.5      3.50          0.70    59.41     0.66    0.78    0.97    0.13    0.94     85.10   7.24    93.82   85.54   0.93    2950.30    2.29     N/A    
23   T0889TS359_1-D1     359s    84.73    100.00  19    0.53      0.53       0.63      0.63       67.58    0.68          40.11    60.14    2.506    3.209    239   0    0     0     89.54  92.89  0.62        0.62         0.68         0.68         94.98  90.889   1.38     30.65       33.5        234      1.6      2.98          0.70    62.76     0.68    0.77    0.97    0.16    0.94     88.00   7.24    94.31   86.70   0.92    2956.90    2.19     20.30  
24   T0889TS026_1-D1     026s    84.73    100.00  19    0.53      0.53       0.63      0.63       65.80    0.54          37.86    59.70    2.514    3.138    239   0    0     0     89.96  93.31  0.64        0.64         0.70         0.70         96.23  91.571   1.39     30.94       33.4        234      1.5      3.50          0.70    59.41     0.66    0.78    0.97    0.13    0.94     85.10   7.24    93.82   85.54   0.93    2950.30    2.29     N/A    
25   T0889TS275_3-D1     275s    83.68    100.00  25    N/A       N/A        0.57      0.57       66.11    N/A           41.73    60.49    2.476    3.375    239   0    0     0     87.87  93.31  N/A         N/A          0.63         0.63         93.31  89.727   1.36     30.65       33.1        233      1.8      2.72          0.72    58.79     0.68    0.79    0.97    0.13    0.94     89.90   7.24    94.45   87.80   0.91    2922.10    2.52     N/A    
26   T0889TS275_4-D1     275s    83.68    100.00  25    N/A       N/A        0.57      0.57       66.21    N/A           37.61    59.24    2.974    3.778    239   0    0     0     87.87  92.89  N/A         N/A          0.63         0.63         92.89  89.186   1.44     30.80       32.7        231      1.7      2.70          0.71    54.81     0.68    0.77    0.96    0.18    0.94     84.60   7.24    -1.00   -1.00   0.91    2892.90    3.05     N/A    
27   T0889TS275_1-D1     275s    83.68    100.00  25    0.46      0.46       0.57      0.57       66.00    0.56          36.57    59.23    2.563    3.458    239   0    0     0     0.00   0.00   -2.08       -2.08        -2.15        -2.15        0.00   89.415   1.41     30.80       32.9        233      1.8      3.04          0.71    56.69     0.68    0.78    0.97    0.14    0.94     88.50   7.24    -1.00   -1.00   0.91    2911.40    2.28     N/A    
28   T0889TS005_2-D1     005s    83.58    100.00  28    N/A       N/A        0.56      0.56       65.38    N/A           42.04    60.66    2.351    3.272    239   0    0     0     86.61  92.89  N/A         N/A          0.59         0.59         92.89  90.079   1.39     30.80       33          235      1.8      1.30          0.72    60.04     0.69    0.78    0.98    0.14    0.94     84.40   7.34    93.94   85.83   0.92    2912.70    2.26     29.22  
29   T0889TS444_2-D1     444s    83.16    100.00  29    N/A       N/A        0.54      0.54       63.18    N/A           34.20    55.28    2.161    3.135    239   0    0     0     87.03  94.14  N/A         N/A          0.60         0.60         94.14  89.556   1.50     30.94       32.1        238      2        1.57          0.69    52.72     0.66    0.75    0.98    0.16    0.94     79.60   7.34    92.48   82.76   0.92    2845.30    2.40     N/A    
30   T0889TS005_5-D1     005s    83.16    100.00  29    N/A       N/A        0.54      0.54       64.22    N/A           42.28    60.09    2.03     2.902    239   1    0     0     88.70  95.40  N/A         N/A          0.66         0.66         95.40  90.378   1.46     31.23       33.1        238      1.9      1.20          0.72    60.67     0.68    0.79    0.98    0.12    0.94     84.00   7.34    94.03   86.47   0.92    2928.20    1.89     27.00  
31   T0889TS005_1-D1     005s    83.05    100.00  31    0.42      0.42       0.53      0.53       64.44    0.44          41.34    59.99    2.043    2.839    239   0    0     0     87.45  94.56  0.56        0.56         0.62         0.62         94.56  90.074   1.53     31.09       32.9        238      1.9      1.18          0.72    63.18     0.69    0.79    0.98    0.12    0.94     79.50   7.44    93.61   85.53   0.92    2907.50    1.94     28.86  
32   T0889TS452_3-D1     452s    82.74    100.00  32    N/A       N/A        0.52      0.52       63.91    N/A           35.92    55.99    2.237    3.039    239   1    0     0     86.61  94.98  N/A         N/A          0.59         0.59         94.98  90.305   1.61     30.94       33          236      1.7      3.04          0.69    55.86     0.66    0.77    0.98    0.14    0.94     88.10   7.34    94.21   86.05   0.92    2915.20    2.17     91.46  
33   T0889TS251_3-D1     251s    82.74    100.00  32    N/A       N/A        0.52      0.52       63.60    N/A           33.90    56.77    2.426    3.234    239   1    0     0     87.45  94.56  N/A         N/A          0.62         0.62         95.40  90.301   1.52     31.09       32.1        234      1.6      3.48          0.68    50.00     0.63    0.76    0.97    0.16    0.94     86.10   7.24    92.58   83.89   0.92    2841.60    2.25     94.58  
34   T0889TS251_2-D1     251s    82.74    100.00  32    N/A       N/A        0.52      0.52       63.60    N/A           33.90    56.77    2.426    3.234    239   1    0     0     87.45  94.56  N/A         N/A          0.62         0.62         95.40  90.301   1.52     31.09       32.1        234      1.6      3.48          0.68    50.00     0.63    0.76    0.97    0.16    0.94     86.10   7.24    92.58   83.89   0.92    2841.60    2.25     94.58  
35   T0889TS251_1-D1     251s    82.74    100.00  32    0.40      0.40       0.52      0.52       63.28    0.36          33.08    56.39    2.389    3.187    239   0    0     0     87.03  94.14  0.55        0.55         0.60         0.60         94.98  89.876   1.51     31.23       32          234      1.6      3.27          0.68    52.09     0.64    0.76    0.97    0.16    0.94     86.70   7.24    92.70   84.05   0.92    2835.10    2.22     94.72  
36   T0889TS220_1-D1     220s    82.53    100.00  36    0.39      0.39       0.50      0.50       65.59    0.53          37.65    57.30    2.125    3.025    239   0    0     0     86.19  94.56  0.52        0.52         0.58         0.58         94.56  89.655   1.43     30.94       33.1        238      2        1.72          0.71    56.49     0.68    0.76    0.98    0.12    0.94     80.40   7.34    93.51   85.65   0.92    2921.40    2.12     28.01  
37   T0889TS236_4-D1     236s    82.32    100.00  37    N/A       N/A        0.49      0.49       64.23    N/A           37.06    55.09    2.486    3.405    239   0    0     0     0.00   0.00   N/A         N/A          -2.15        -2.15        0.00   88.661   1.53     30.51       32          233      1.9      2.56          0.68    57.95     0.68    0.76    0.97    0.15    0.94     85.80   7.24    93.06   85.60   0.91    2831.80    2.48     87.17  
38   T0889TS005_3-D1     005s    82.32    100.00  37    N/A       N/A        0.49      0.49       64.23    N/A           42.47    58.95    2.547    3.42     239   0    0     0     86.61  91.63  N/A         N/A          0.59         0.59         91.63  89.066   1.47     30.36       32.4        235      2        1.28          0.71    60.46     0.68    0.78    0.97    0.15    0.94     80.10   7.24    93.72   85.89   0.91    2862.70    2.29     27.08  
39   T0889TS479_5-D1     479s    82.11    100.00  39    N/A       N/A        0.48      0.48       62.66    N/A           34.12    57.22    2.633    3.389    239   0    0     0     89.96  94.98  N/A         N/A          0.70         0.70         94.98  89.375   1.38     30.07       32.3        232      1.6      2.78          0.69    53.56     0.66    0.76    0.97    0.16    0.94     70.30   7.24    92.22   85.00   0.92    2860.10    2.52     94.21  
40   T0889TS467_5-D1     467s    81.80    100.00  40    N/A       N/A        0.46      0.46       61.72    N/A           39.33    55.98    2.4      3.235    239   0    0     0     83.68  91.63  N/A         N/A          0.50         0.50         91.63  88.718   1.52     30.80       31.9        235      2.1      1.21          0.71    56.28     0.67    0.76    0.97    0.17    0.94     81.00   7.34    93.40   84.37   0.91    2826.50    2.91     44.33  
41   T0889TS220_3-D1     220s    81.69    100.00  41    N/A       N/A        0.46      0.46       64.44    N/A           36.67    55.47    2.393    3.378    239   0    0     0     85.77  94.56  N/A         N/A          0.56         0.56         94.56  89.063   1.50     30.51       32.4        234      1.9      1.92          0.70    54.39     0.67    0.75    0.97    0.15    0.94     79.50   7.24    93.31   84.91   0.91    2868.60    2.46     29.55  
42   T0889TS444_3-D1     444s    81.69    100.00  41    N/A       N/A        0.46      0.46       62.13    N/A           33.76    55.48    2.187    3.15     239   0    0     0     86.19  94.14  N/A         N/A          0.58         0.58         94.14  89.679   1.57     30.65       31.9        234      1.9      1.89          0.68    50.63     0.66    0.75    0.98    0.17    0.94     79.10   7.34    92.50   82.72   0.92    2826.60    2.41     N/A    
43   T0889TS236_3-D1     236s    81.59    100.00  43    N/A       N/A        0.45      0.45       63.49    N/A           36.73    55.24    2.472    3.453    239   0    0     0     0.00   0.00   N/A         N/A          -2.15        -2.15        0.00   88.686   1.45     30.65       32          235      2        2.56          0.68    53.97     0.67    0.76    0.97    0.16    0.94     83.90   7.24    93.26   85.67   0.91    2832.50    2.36     87.27  
44   T0889TS220_5-D1     220s    81.59    100.00  43    N/A       N/A        0.45      0.45       63.81    N/A           36.69    56.16    2.218    3.14     239   0    0     0     85.36  93.72  N/A         N/A          0.55         0.55         93.72  89.331   1.41     30.80       32.7        238      2.1      1.82          0.71    57.11     0.68    0.76    0.98    0.14    0.94     78.00   7.34    94.02   85.28   0.91    2890.10    2.22     28.68  
45   T0889TS220_4-D1     220s    81.48    100.00  45    N/A       N/A        0.44      0.44       64.54    N/A           37.51    55.55    2.189    3.222    239   0    0     0     85.36  95.82  N/A         N/A          0.55         0.55         95.82  89.27    1.55     30.94       32.6        235      1.9      1.64          0.71    52.93     0.68    0.76    0.98    0.15    0.94     74.40   7.34    93.58   84.72   0.91    2886.50    2.09     28.17  
46   T0889TS005_4-D1     005s    81.38    100.00  46    N/A       N/A        0.44      0.44       63.18    N/A           41.83    58.69    2.477    3.33     239   1    0     0     87.45  92.47  N/A         N/A          0.62         0.62         92.47  88.354   1.48     30.65       32.1        233      1.9      1.43          0.71    57.74     0.67    0.78    0.97    0.13    0.94     80.50   7.34    93.36   85.41   0.91    2845.10    2.29     27.75  
47   T0889TS313_5-D1     313s    81.28    100.00  47    N/A       N/A        0.43      0.43       62.87    N/A           37.84    56.80    2.541    3.374    239   0    0     0     0.00   0.00   N/A         N/A          -2.15        -2.15        0.00   87.295   1.46     30.51       31.9        232      2        2.08          0.70    59.00     0.68    0.77    0.97    0.15    0.94     79.70   7.24    92.25   86.18   0.90    2825.10    2.78     27.94  
48   T0889TS287_5-D1     287s    81.17    100.00  48    N/A       N/A        0.43      0.43       62.87    N/A           37.56    55.29    2.523    3.488    239   0    0     0     84.10  92.05  N/A         N/A          0.51         0.51         92.05  88.136   1.44     30.65       31.7        234      2        2.39          0.69    54.81     0.67    0.75    0.97    0.16    0.94     80.30   7.24    -1.00   -1.00   0.90    2812.70    2.42     87.29  
49   T0889TS359_3-D1     359s    81.17    100.00  48    N/A       N/A        0.43      0.43       61.61    N/A           38.91    56.82    2.278    3.015    239   0    0     0     0.00   0.00   N/A         N/A          -2.15        -2.15        0.00   88.574   1.48     31.09       32.3        237      2.1      2.99          0.69    60.46     0.68    0.77    0.97    0.13    0.94     88.50   7.24    94.03   87.15   0.91    2861.00    2.27     20.79  
50   T0889TS287_4-D1     287s    81.17    100.00  48    N/A       N/A        0.43      0.43       62.76    N/A           36.67    54.58    2.502    3.46     239   0    0     0     83.26  92.47  N/A         N/A          0.48         0.48         92.47  88.395   1.55     30.65       31.7        234      2        2.41          0.69    55.02     0.67    0.76    0.97    0.16    0.94     80.70   7.24    93.04   85.21   0.90    2805.10    2.47     87.12  
51   T0889TS359_2-D1     359s    81.17    100.00  48    N/A       N/A        0.43      0.43       61.61    N/A           38.91    56.82    2.278    3.015    239   0    0     0     86.19  94.14  N/A         N/A          0.58         0.58         94.14  88.574   1.48     31.09       32.3        237      2.1      2.99          0.69    60.46     0.68    0.77    0.97    0.13    0.94     88.50   7.24    94.03   87.15   0.91    2861.00    2.27     20.79  
52   T0889TS220_2-D1     220s    81.17    100.00  48    N/A       N/A        0.43      0.43       63.60    N/A           37.12    55.97    2.338    3.33     239   0    0     0     84.10  94.56  N/A         N/A          0.51         0.51         94.56  88.839   1.51     30.65       32.1        235      2        1.42          0.70    54.60     0.67    0.75    0.97    0.15    0.94     81.20   7.24    93.30   84.16   0.91    2844.30    2.37     28.58  
53   T0889TS287_1-D1     287s    80.96    100.00  53    0.29      0.29       0.41      0.41       62.66    0.31          36.01    54.35    2.534    3.485    239   0    0     0     83.68  92.05  0.45        0.45         0.50         0.50         92.05  88.25    1.55     30.51       31.7        234      2        2.37          0.69    55.86     0.68    0.76    0.97    0.16    0.94     80.70   7.24    -1.00   -1.00   0.90    2811.30    2.41     87.27  
54   T0889TS452_5-D1     452s    80.96    100.00  53    N/A       N/A        0.41      0.41       63.60    N/A           35.22    56.47    2.731    3.326    239   0    0     0     87.87  91.63  N/A         N/A          0.63         0.63         91.63  88.143   1.46     30.80       32.1        232      2        3.31          0.69    56.07     0.66    0.76    0.97    0.14    0.93     89.00   7.24    -1.00   -1.00   0.90    2838.10    2.28     89.57  
55   T0889TS048_1-D1     048s    80.86    100.00  55    0.28      0.28       0.41      0.41       62.55    0.30          34.80    55.82    2.439    3.281    239   0    0     0     86.19  92.47  0.52        0.52         0.58         0.58         92.47  88.07    1.53     30.51       31.7        232      2        3.02          0.70    57.53     0.68    0.78    0.97    0.13    0.94     83.70   7.34    93.31   86.08   0.91    2808.10    2.51     21.47  
56   T0889TS313_3-D1     313s    80.86    100.00  55    N/A       N/A        0.41      0.41       62.24    N/A           39.66    56.51    2.524    3.352    239   0    0     0     84.94  92.47  N/A         N/A          0.54         0.54         92.47  87.461   1.53     30.51       31.8        233      2        2.23          0.71    60.67     0.68    0.77    0.97    0.14    0.94     82.80   7.24    92.22   86.12   0.90    2817.00    2.77     28.14  
57   T0889TS444_1-D1     444s    80.86    100.00  55    0.28      0.28       0.41      0.41       62.13    0.27          35.73    55.67    2.26     3.213    239   0    0     0     84.10  93.31  0.46        0.46         0.51         0.51         93.31  88.824   1.59     30.80       32.1        238      2.1      1.78          0.69    51.26     0.66    0.76    0.97    0.16    0.94     79.30   7.34    -1.00   -1.00   0.91    2843.00    2.59     N/A    
58   T0889TS287_2-D1     287s    80.86    100.00  55    N/A       N/A        0.41      0.41       62.45    N/A           36.34    54.23    2.552    3.507    239   0    0     0     83.26  92.05  N/A         N/A          0.48         0.48         92.05  88.064   1.57     30.65       31.5        234      2.1      2.40          0.68    56.07     0.67    0.76    0.97    0.17    0.94     81.90   7.24    92.97   85.10   0.90    2793.10    2.56     87.07  
59   T0889TS092_1-D1     092s    80.86    100.00  55    0.28      0.28       0.41      0.41       62.55    0.30          34.80    55.82    2.439    3.281    239   0    0     0     86.19  92.47  0.52        0.52         0.58         0.58         92.47  88.07    1.53     30.51       31.7        232      2        3.02          0.70    57.53     0.68    0.78    0.97    0.13    0.94     83.70   7.34    -1.00   -1.00   0.91    2808.10    2.51     21.47  
60   T0889TS313_2-D1     313s    80.75    100.00  60    N/A       N/A        0.40      0.40       62.45    N/A           39.36    57.17    2.506    3.284    239   0    0     0     86.19  92.47  N/A         N/A          0.58         0.58         92.47  87.543   1.50     30.65       31.9        233      2        2.29          0.71    59.00     0.68    0.77    0.97    0.14    0.94     82.80   7.24    92.24   86.11   0.90    2823.30    2.82     27.90  
61   T0889TS313_4-D1     313s    80.75    100.00  60    N/A       N/A        0.40      0.40       62.55    N/A           39.19    56.26    2.522    3.402    239   0    0     0     85.77  92.47  N/A         N/A          0.56         0.56         92.47  87.209   1.50     30.65       31.9        233      2        2.27          0.70    59.21     0.68    0.77    0.97    0.14    0.94     82.80   7.24    92.22   86.23   0.90    2825.70    2.75     28.15  
62   T0889TS183_2-D1     183s    80.75    100.00  60    N/A       N/A        0.40      0.40       62.13    N/A           35.05    56.42    4.355    5.068    239   0    0     0     89.54  92.05  N/A         N/A          0.68         0.68         92.05  87.475   1.40     29.93       31.1        226      1.7      3.00          0.68    49.58     0.66    0.77    0.94    0.17    0.92     75.80   5.86    92.66   85.23   0.89    2757.20    5.48     92.51  
63   T0889TS313_1-D1     313s    80.65    100.00  63    0.27      0.27       0.40      0.40       62.55    0.30          38.73    56.65    2.569    3.376    239   0    0     0     85.77  92.47  0.51        0.51         0.56         0.56         92.47  87.418   1.51     30.65       31.8        233      2        2.04          0.71    60.88     0.68    0.77    0.97    0.14    0.94     79.70   7.24    92.17   86.08   0.90    2820.90    2.86     28.18  
64   T0889TS479_3-D1     479s    80.65    100.00  63    N/A       N/A        0.40      0.40       62.55    N/A           30.95    53.05    2.265    3.251    239   0    0     0     86.61  93.72  N/A         N/A          0.59         0.59         93.72  88.925   1.58     30.80       31.8        235      1.9      2.66          0.67    47.28     0.66    0.74    0.98    0.15    0.94     77.50   7.24    93.03   84.60   0.91    2815.00    2.15     93.62  
65   T0889TS287_3-D1     287s    80.54    100.00  65    N/A       N/A        0.39      0.39       62.24    N/A           36.22    54.42    2.567    3.513    239   0    0     0     83.26  92.05  N/A         N/A          0.48         0.48         92.05  87.855   1.55     30.51       31.6        234      2.1      2.35          0.68    56.28     0.67    0.76    0.97    0.16    0.94     80.70   7.24    92.96   85.17   0.90    2797.20    2.54     86.98  
66   T0889TS236_1-D1     236s    80.44    100.00  66    0.25      0.25       0.38      0.38       62.13    0.27          36.81    54.55    2.545    3.467    239   0    0     0     82.01  92.05  0.40        0.40         0.45         0.45         92.05  88.156   1.57     30.65       31.8        235      2.1      2.52          0.69    54.18     0.67    0.76    0.97    0.16    0.94     84.30   7.24    93.19   85.61   0.90    2814.40    2.39     86.97  
67   T0889TS236_2-D1     236s    80.44    100.00  66    N/A       N/A        0.38      0.38       62.13    N/A           36.60    54.59    2.644    3.47     239   0    0     0     83.26  91.63  N/A         N/A          0.48         0.48         91.63  87.58    1.57     30.22       31.4        232      2        3.04          0.69    56.28     0.67    0.76    0.97    0.16    0.94     81.60   7.24    93.09   85.10   0.90    2786.40    2.77     86.96  
68   T0889TS236_5-D1     236s    80.33    100.00  68    N/A       N/A        0.38      0.38       61.61    N/A           36.55    54.37    2.582    3.395    239   0    0     0     83.68  92.05  N/A         N/A          0.50         0.50         92.05  87.776   1.59     30.51       31.6        233      2        2.95          0.69    54.18     0.67    0.77    0.97    0.17    0.94     82.30   7.24    93.16   85.26   0.90    2802.30    2.64     87.18  
69   T0889TS183_3-D1     183s    80.23    100.00  69    N/A       N/A        0.37      0.37       62.34    N/A           31.03    52.55    2.296    3.267    239   0    0     0     46.03  47.70  N/A         N/A          -0.69        -0.69        47.70  88.6     1.50     30.80       31.8        235      2        2.73          0.67    47.91     0.64    0.75    0.98    0.15    0.94     80.90   7.24    93.17   84.88   0.91    2815.90    2.19     94.09  
70   T0889TS479_4-D1     479s    80.23    100.00  69    N/A       N/A        0.37      0.37       61.30    N/A           30.82    51.15    2.215    3.1      239   0    0     0     87.03  93.72  N/A         N/A          0.60         0.60         93.72  88.362   1.73     31.23       31.7        237      2.1      2.97          0.68    49.58     0.65    0.76    0.98    0.13    0.94     85.80   7.34    93.79   85.84   0.90    2811.10    1.81     92.87  
71   T0889TS452_4-D1     452s    80.23    100.00  69    N/A       N/A        0.37      0.37       60.04    N/A           32.45    54.13    2.814    3.574    239   0    0     0     86.61  92.05  N/A         N/A          0.59         0.59         92.05  86.824   1.53     30.65       31          229      1.8      3.19          0.67    51.26     0.64    0.74    0.96    0.15    0.93     87.50   7.24    92.83   85.52   0.90    2751.80    3.06     89.40  
72   T0889TS479_2-D1     479s    80.13    100.00  72    N/A       N/A        0.37      0.37       61.51    N/A           34.26    55.22    4.631    5.466    239   0    0     0     88.70  91.21  N/A         N/A          0.66         0.66         91.21  86.473   1.41     28.91       30.6        226      1.9      3.03          0.67    50.21     0.66    0.75    0.93    0.18    0.91     70.70   5.86    92.27   84.39   0.88    2716.10    6.26     92.81  
73   T0889TS183_4-D1     183s    80.02    100.00  73    N/A       N/A        0.36      0.36       60.98    N/A           29.97    51.45    2.218    3.163    239   0    0     0     85.77  93.31  N/A         N/A          0.56         0.56         93.31  88.268   1.68     31.23       31.7        239      2.2      3.01          0.67    47.28     0.65    0.75    0.98    0.13    0.94     80.70   7.34    93.77   85.76   0.90    2807.40    1.85     92.96  
74   T0889TS183_5-D1     183s    79.92    100.00  74    N/A       N/A        0.35      0.35       61.19    N/A           29.44    52.80    3.143    4.002    239   0    0     0     85.77  94.14  N/A         N/A          0.56         0.56         94.14  88.65    1.48     29.63       31.8        230      1.6      2.77          0.64    40.38     0.62    0.72    0.95    0.23    0.93     75.90   7.24    90.09   79.65   0.91    2820.50    3.51     90.78  
75   T0889TS345_1-D1     345s    79.71    100.00  75    0.20      0.20       0.34      0.34       60.77    0.17          35.49    52.52    2.611    3.5      239   0    0     0     0.00   0.00   -2.08       -2.08        -2.15        -2.15        0.00   87.365   1.57     30.65       31.3        234      2.1      2.65          0.67    54.60     0.66    0.75    0.97    0.17    0.93     80.30   7.24    92.63   84.72   0.90    2772.50    2.63     86.57  
76   T0889TS345_2-D1     345s    79.71    100.00  75    N/A       N/A        0.34      0.34       60.46    N/A           34.10    53.11    2.584    3.491    239   0    0     0     81.59  91.21  N/A         N/A          0.43         0.43         91.21  87.506   1.61     30.51       31.1        235      2.2      2.41          0.67    52.09     0.67    0.75    0.97    0.16    0.94     80.10   7.24    92.79   84.51   0.90    2758.90    2.61     86.48  
77   T0889TS467_1-D1     467s    79.71    100.00  75    0.20      0.20       0.34      0.34       59.73    0.09          38.75    54.11    2.581    3.525    239   0    0     0     83.26  90.79  0.43        0.43         0.48         0.48         90.79  86.794   1.47     30.65       30.9        237      2.5      1.01          0.68    54.18     0.66    0.75    0.97    0.21    0.93     82.40   7.24    92.56   82.16   0.90    2739.80    2.51     45.52  
78   T0889TS407_4-D1     407s    79.71    100.00  75    N/A       N/A        0.34      0.34       61.09    N/A           37.49    54.52    2.65     3.544    239   1    0     0     82.43  92.89  N/A         N/A          0.46         0.46         92.89  87.235   1.57     30.51       31.5        233      2        2.50          0.68    55.65     0.66    0.75    0.97    0.16    0.93     77.28   7.24    92.63   84.16   0.90    2787.00    2.68     23.21  
79   T0889TS119_1-D1     119s    79.71    100.00  75    0.20      0.20       0.34      0.34       61.30    0.21          36.12    54.60    2.599    3.423    239   1    0     0     84.52  92.47  0.47        0.47         0.52         0.52         92.47  86.84    1.59     30.51       31.2        233      2.1      3.81          0.67    56.28     0.67    0.76    0.97    0.15    0.94     79.80   7.24    -1.00   -1.00   0.90    2766.50    3.23     53.89  
80   T0889TS349_1-D1     349s    79.71    100.00  75    0.20      0.20       0.34      0.34       61.30    0.21          37.32    55.09    2.599    3.462    239   1    0     0     0.00   0.00   -2.08       -2.08        -2.15        -2.15        0.00   86.84    1.59     30.51       31.2        233      2.1      2.98          0.66    56.90     0.67    0.76    0.97    0.15    0.94     79.80   7.24    91.77   85.36   0.90    2766.50    3.23     53.89  
81   T0889TS464_1-D1     464s    79.60    100.00  81    0.20      0.20       0.34      0.34       60.35    0.14          32.81    54.63    2.491    3.395    239   0    0     0     87.45  93.31  0.56        0.56         0.62         0.62         93.31  88.191   1.60     30.51       31          233      1.9      3.32          0.68    55.23     0.66    0.76    0.97    0.15    0.94     82.30   7.24    92.79   85.61   0.90    2754.00    2.36     22.15  
82   T0889TS444_4-D1     444s    79.39    100.00  82    N/A       N/A        0.32      0.32       59.84    N/A           32.67    52.75    2.43     3.526    239   0    0     0     84.10  93.72  N/A         N/A          0.51         0.51         93.72  87.517   1.66     30.36       31.1        235      2        1.67          0.66    47.28     0.64    0.73    0.97    0.21    0.93     76.90   7.24    -1.00   -1.00   0.90    2758.30    2.76     N/A    
83   T0889TS464_4-D1     464s    79.39    100.00  82    N/A       N/A        0.32      0.32       60.15    N/A           32.81    54.60    2.496    3.44     239   0    0     0     87.03  93.31  N/A         N/A          0.60         0.60         93.72  88.097   1.58     30.51       31          233      1.9      3.38          0.68    54.60     0.66    0.76    0.97    0.15    0.94     82.20   7.24    92.85   85.84   0.90    2751.80    2.33     22.19  
84   T0889TS345_3-D1     345s    79.39    100.00  82    N/A       N/A        0.32      0.32       60.15    N/A           35.17    52.79    2.656    3.533    239   0    0     0     82.01  92.05  N/A         N/A          0.45         0.45         92.05  86.871   1.56     30.51       31.2        234      2.1      2.72          0.66    55.44     0.67    0.75    0.97    0.16    0.93     81.10   7.24    92.67   84.32   0.90    2766.00    2.87     86.57  
85   T0889TS407_3-D1     407s    79.29    100.00  85    N/A       N/A        0.32      0.32       60.25    N/A           32.35    52.20    2.596    3.508    239   1    0     0     83.26  92.89  N/A         N/A          0.48         0.48         92.89  87.494   1.50     30.51       31.3        233      2        2.48          0.67    53.97     0.66    0.74    0.97    0.17    0.93     83.85   7.24    92.69   84.15   0.90    2774.00    2.56     22.99  
86   T0889TS345_4-D1     345s    79.29    100.00  85    N/A       N/A        0.32      0.32       60.35    N/A           34.26    52.15    2.675    3.612    239   0    0     0     81.17  91.63  N/A         N/A          0.42         0.42         91.63  87.161   1.64     30.36       31.1        234      2.1      2.50          0.67    54.60     0.66    0.75    0.97    0.17    0.93     77.80   7.24    92.59   84.37   0.89    2758.50    2.73     86.16  
87   T0889TS407_5-D1     407s    79.18    100.00  87    N/A       N/A        0.31      0.31       59.84    N/A           34.81    52.65    2.629    3.502    239   0    0     0     83.26  92.47  N/A         N/A          0.48         0.48         92.47  87.327   1.57     30.51       31.2        232      2.1      2.52          0.68    54.81     0.66    0.75    0.97    0.17    0.94     80.46   7.24    92.55   83.95   0.90    2761.40    2.56     23.15  
88   T0889TS444_5-D1     444s    79.08    100.00  88    N/A       N/A        0.31      0.31       58.05    N/A           37.74    52.95    2.148    3.124    239   0    0     0     0.00   0.00   N/A         N/A          -2.15        -2.15        0.00   88.371   1.63     30.94       32          237      1.9      1.81          0.69    55.86     0.66    0.77    0.98    0.16    0.94     77.60   7.34    92.31   82.52   0.91    2834.20    2.40     N/A    
89   T0889TS258_1-D1     258s    78.87    100.00  89    0.15      0.15       0.30      0.30       60.25    0.13          30.59    50.76    2.581    3.555    239   0    0     0     81.59  92.47  0.38        0.38         0.43         0.43         92.47  86.604   1.61     30.51       30.4        235      2.2      3.69          0.65    50.63     0.64    0.74    0.97    0.17    0.93     78.20   7.34    92.16   82.88   0.89    2698.90    3.23     23.34  
90   T0889TS407_2-D1     407s    78.77    100.00  90    N/A       N/A        0.29      0.29       59.94    N/A           32.96    52.74    2.774    3.619    239   0    0     0     0.00   0.00   N/A         N/A          -2.15        -2.15        0.00   86.238   1.61     30.36       30.9        230      2        2.65          0.67    53.77     0.65    0.74    0.97    0.16    0.93     77.87   7.24    92.66   83.94   0.89    2739.00    3.01     23.55  
91   T0889TS345_5-D1     345s    78.77    100.00  90    N/A       N/A        0.29      0.29       59.41    N/A           34.40    52.36    2.586    3.542    239   0    0     0     0.00   0.00   N/A         N/A          -2.15        -2.15        0.00   87.402   1.62     30.36       31          234      2.1      2.43          0.67    52.72     0.67    0.74    0.97    0.17    0.94     83.70   7.24    92.63   83.73   0.90    2753.60    2.75     86.82  
92   T0889TS077_4-D1     077s    78.66    100.00  92    N/A       N/A        0.28      0.28       59.20    N/A           33.51    52.31    2.507    3.442    239   0    0     0     80.75  92.05  N/A         N/A          0.41         0.41         92.05  86.923   1.63     30.94       30.5        236      2.2      3.14          0.68    51.88     0.65    0.75    0.97    0.18    0.93     78.10   7.24    91.11   82.66   0.89    2711.50    2.63     23.41  
93   T0889TS407_1-D1     407s    78.66    100.00  92    0.14      0.14       0.28      0.28       59.62    0.08          31.93    51.87    2.567    3.483    239   0    0     0     83.26  92.47  0.43        0.43         0.48         0.48         92.47  86.98    1.61     30.65       31.1        233      2        2.60          0.67    51.67     0.65    0.75    0.97    0.17    0.93     75.38   7.24    92.69   83.88   0.90    2753.90    2.55     23.36  
94   T0889TS425_3-D1     425s    78.66    100.00  92    N/A       N/A        0.28      0.28       59.20    N/A           36.97    52.42    2.518    3.463    239   0    0     0     80.75  91.21  N/A         N/A          0.41         0.41         91.21  86.725   1.61     30.80       30.4        236      2.3      2.87          0.67    50.63     0.66    0.75    0.97    0.20    0.93     73.90   7.24    -1.00   -1.00   0.89    2702.90    2.90     23.56  
95   T0889TS464_3-D1     464s    78.45    100.00  95    N/A       N/A        0.27      0.27       59.41    N/A           30.48    53.83    2.863    3.702    239   0    0     0     86.19  92.47  N/A         N/A          0.58         0.58         92.89  87.156   1.54     30.51       30.7        229      1.8      3.58          0.67    53.56     0.65    0.76    0.96    0.19    0.93     79.50   7.24    92.86   85.74   0.90    2725.40    2.51     22.65  
96   T0889TS425_2-D1     425s    78.45    100.00  95    N/A       N/A        0.27      0.27       59.41    N/A           31.13    51.87    2.518    3.418    239   0    0     0     80.75  91.21  N/A         N/A          0.41         0.41         91.21  86.851   1.57     30.65       30.5        235      2.2      3.22          0.67    50.00     0.64    0.74    0.97    0.18    0.93     79.20   7.24    90.42   81.98   0.90    2712.40    2.87     23.43  
97   T0889TS425_5-D1     425s    78.35    100.00  97    N/A       N/A        0.27      0.27       59.10    N/A           34.64    52.60    2.505    3.461    239   0    0     0     81.17  91.63  N/A         N/A          0.42         0.42         91.63  87.026   1.60     30.94       30.5        235      2.2      3.18          0.67    52.51     0.66    0.75    0.97    0.18    0.93     78.80   7.24    90.52   81.90   0.90    2710.60    2.86     23.35  
98   T0889TS077_5-D1     077s    78.35    100.00  97    N/A       N/A        0.27      0.27       58.99    N/A           32.90    51.78    2.434    3.456    239   0    0     0     82.43  92.47  N/A         N/A          0.46         0.46         92.47  87.675   1.63     31.09       30.7        235      2.1      2.91          0.67    51.46     0.66    0.75    0.97    0.18    0.94     79.30   7.24    90.80   82.32   0.90    2725.50    2.77     23.23  
99   T0889TS425_1-D1     425s    78.35    100.00  97    0.12      0.12       0.27      0.27       58.99    0.04          34.56    51.85    2.559    3.397    239   0    0     0     79.92  90.38  0.33        0.33         0.38         0.38         90.38  86.398   1.62     30.65       30.4        235      2.2      3.05          0.67    51.05     0.66    0.75    0.97    0.19    0.93     78.50   7.24    90.36   82.05   0.89    2702.70    2.96     23.72  
100  T0889TS077_3-D1     077s    78.24    100.00  100   N/A       N/A        0.26      0.26       58.79    N/A           34.62    52.69    2.486    3.401    239   0    0     0     80.75  92.05  N/A         N/A          0.41         0.41         92.05  86.84    1.60     30.80       30.7        235      2.2      3.22          0.67    53.56     0.66    0.75    0.97    0.18    0.93     79.70   7.24    90.97   83.03   0.90    2726.30    2.49     23.21  
101  T0889TS077_1-D1     077s    78.24    100.00  100   0.11      0.11       0.26      0.26       58.68    0.01          33.72    51.96    2.563    3.529    239   0    0     0     80.33  91.21  0.35        0.35         0.39         0.39         91.21  86.844   1.61     30.80       30.4        235      2.2      3.06          0.67    49.58     0.65    0.75    0.97    0.20    0.93     75.50   7.24    90.42   82.20   0.89    2701.50    2.79     23.64  
102  T0889TS467_3-D1     467s    78.03    100.00  102   N/A       N/A        0.25      0.25       58.99    N/A           34.24    49.58    2.54     3.504    239   1    0     0     79.50  90.79  N/A         N/A          0.37         0.37         90.79  85.985   1.76     30.51       30.3        235      2.3      1.38          0.68    53.35     0.67    0.75    0.97    0.23    0.93     81.10   7.34    92.25   81.92   0.89    2695.20    2.96     44.03  
103  T0889TS028_1-D1     028s    78.03    100.00  102   0.09      0.09       0.25      0.25       58.58    0.00          34.75    52.39    3.207    4.092    239   0    0     0     82.85  91.21  0.42        0.42         0.47         0.47         91.21  85.605   1.59     30.51       30.1        230      2        2.98          0.66    50.21     0.64    0.72    0.95    0.19    0.93     82.10   7.24    92.08   81.97   0.89    2679.10    3.43     24.15  
104  T0889TS077_2-D1     077s    78.03    100.00  102   N/A       N/A        0.25      0.25       58.37    N/A           30.92    51.38    2.559    3.567    239   0    0     0     80.75  92.05  N/A         N/A          0.41         0.41         92.05  86.838   1.64     30.51       30.4        236      2.3      3.24          0.66    48.95     0.65    0.74    0.97    0.18    0.93     79.20   7.24    90.81   82.27   0.89    2702.80    2.81     23.73  
105  T0889TS421_3-D1     421s    77.72    100.00  105   N/A       N/A        0.23      0.23       58.37    N/A           31.48    50.22    2.539    3.534    239   0    0     0     81.17  92.05  N/A         N/A          0.42         0.42         92.05  86.583   1.62     30.65       30          233      2        4.08          0.43    50.84     0.63    0.73    0.97    0.18    0.94     74.30   7.24    91.66   82.67   0.90    2670.90    2.44     N/A    
106  T0889TS425_4-D1     425s    77.72    100.00  105   N/A       N/A        0.23      0.23       58.47    N/A           31.67    50.54    2.564    3.506    239   0    0     0     80.33  90.79  N/A         N/A          0.39         0.39         90.79  86.446   1.63     30.65       30.4        235      2.2      3.11          0.66    46.23     0.64    0.74    0.97    0.19    0.93     78.80   7.24    90.44   82.17   0.89    2697.60    2.92     23.75  
107  T0889TS180_3-D1     180s    77.20    100.00  107   N/A       N/A        0.20      0.20       58.16    N/A           32.43    50.37    3.03     3.807    239   0    0     0     81.59  89.54  N/A         N/A          0.43         0.43         89.54  84.981   1.63     30.36       29.2        219      1.9      2.80          0.54    49.58     0.64    0.73    0.96    0.17    0.93     79.20   7.02    91.66   82.74   0.88    2522.70    3.55     85.84  
108  T0889TS258_2-D1     258s    77.09    100.00  108   N/A       N/A        0.19      0.19       58.05    N/A           29.47    49.71    2.622    3.573    239   0    0     0     81.17  91.63  N/A         N/A          0.42         0.42         91.63  86.147   1.71     30.65       30.2        231      2        3.42          0.65    48.95     0.64    0.72    0.97    0.20    0.93     80.00   7.24    91.81   82.71   0.89    2687.50    2.42     24.32  
109  T0889TS258_5-D1     258s    76.88    100.00  109   N/A       N/A        0.18      0.18       57.95    N/A           31.25    48.28    2.795    3.617    239   0    0     0     80.33  91.21  N/A         N/A          0.39         0.39         91.21  85.565   1.63     30.51       29.8        233      2.3      3.55          0.65    48.95     0.63    0.74    0.96    0.17    0.93     78.70   7.24    -1.00   -1.00   0.88    2653.40    3.38     24.50  
110  T0889TS258_4-D1     258s    76.67    100.00  110   N/A       N/A        0.17      0.17       57.32    N/A           29.08    47.73    2.834    3.775    239   0    0     0     80.75  91.63  N/A         N/A          0.41         0.41         91.63  85.264   1.61     30.51       29.9        233      2.3      3.77          0.63    45.19     0.62    0.73    0.96    0.17    0.93     77.90   7.34    -1.00   -1.00   0.88    2654.50    3.49     24.58  
111  T0889TS467_4-D1     467s    76.15    100.00  111   N/A       N/A        0.14      0.14       55.75    N/A           34.82    49.26    2.711    3.654    239   0    0     0     79.08  91.63  N/A         N/A          0.35         0.35         91.63  84.154   1.69     30.65       30          232      2.2      1.20          0.68    52.09     0.66    0.74    0.97    0.20    0.93     83.20   7.34    91.75   81.40   0.88    2668.10    2.84     44.96  
112  T0889TS251_4-D1     251s    75.94    100.00  112   N/A       N/A        0.13      0.13       53.87    N/A           35.67    51.40    2.605    3.413    239   0    0     0     0.00   0.00   N/A         N/A          -2.15        -2.15        0.00   87.071   1.68     30.65       30.9        235      1.9      1.46          0.68    56.69     0.67    0.76    0.97    0.19    0.93     85.20   7.34    -1.00   -1.00   0.90    2738.70    2.81     93.14  
113  T0889TS180_4-D1     180s    75.84    100.00  113   N/A       N/A        0.12      0.12       56.59    N/A           32.82    51.57    2.844    3.805    239   0    0     0     82.43  90.79  N/A         N/A          0.46         0.46         90.79  85.341   1.65     30.22       29.4        233      2.2      3.05          0.55    51.88     0.64    0.73    0.96    0.18    0.93     83.60   7.13    91.80   82.56   0.88    2615.10    3.34     86.37  
114  T0889TS421_2-D1     421s    75.84    100.00  113   N/A       N/A        0.12      0.12       57.11    N/A           29.29    47.91    3.091    4.166    239   0    0     0     81.59  92.05  N/A         N/A          0.43         0.43         92.05  85.101   1.69     30.07       29.2        229      2        4.08          0.41    45.82     0.61    0.72    0.95    0.21    0.93     74.30   7.24    90.92   81.64   0.88    2597.80    4.40     N/A    
115  T0889TS258_3-D1     258s    75.63    100.00  115   N/A       N/A        0.11      0.11       56.48    N/A           29.94    48.30    2.838    3.689    239   0    0     0     80.33  91.21  N/A         N/A          0.39         0.39         91.21  84.603   1.64     30.07       28.8        232      2.2      3.46          0.64    48.74     0.63    0.73    0.96    0.18    0.93     85.40   7.24    91.55   82.16   0.88    2565.70    3.04     24.96  
116  T0889TS357_1-D1     357s    75.52    100.00  116   -0.07     -0.07      0.11      0.11       56.59    -0.14         26.97    47.08    3.03     3.801    239   0    0     0     0.00   0.00   -2.08       -2.08        -2.15        -2.15        0.00   84.666   1.67     30.22       28.9        231      2.3      4.48          0.62    41.63     0.61    0.71    0.96    0.19    0.93     65.40   7.24    90.00   81.70   0.88    2576.70    4.02     30.94  
117  T0889TS357_5-D1     357s    75.52    100.00  116   N/A       N/A        0.11      0.11       56.38    N/A           24.25    46.49    3.025    3.861    239   0    0     0     80.33  91.21  N/A         N/A          0.39         0.39         91.21  84.666   1.68     30.22       28.8        231      2.3      4.64          0.61    38.08     0.59    0.70    0.96    0.20    0.93     63.70   7.24    89.80   81.15   0.88    2565.70    4.10     29.58  
118  T0889TS421_5-D1     421s    75.42    100.00  118   N/A       N/A        0.10      0.10       55.23    N/A           27.27    46.53    2.774    3.792    239   0    0     0     77.41  92.05  N/A         N/A          0.30         0.30         92.05  84.881   1.81     30.51       29.4        230      2.1      4.05          0.43    42.47     0.60    0.71    0.96    0.20    0.93     78.30   7.24    90.86   81.18   0.88    2612.80    2.94     N/A    
119  T0889TS180_1-D1     180s    75.42    100.00  118   -0.08     -0.08      0.10      0.10       55.55    -0.22         33.10    48.80    2.619    3.705    239   0    0     0     0.00   0.00   -2.08       -2.08        -2.15        -2.15        0.00   84.06    1.81     30.80       29          236      2.4      2.99          0.53    48.54     0.64    0.72    0.97    0.20    0.93     80.70   7.34    91.26   80.79   0.88    2587.20    2.35     85.43  
120  T0889TS357_3-D1     357s    75.31    100.00  120   N/A       N/A        0.09      0.09       55.44    N/A           25.48    45.38    3.038    3.882    239   0    0     0     80.33  90.79  N/A         N/A          0.39         0.39         90.79  84.532   1.71     30.22       28.6        231      2.3      4.57          0.61    39.33     0.59    0.70    0.96    0.19    0.93     66.10   7.24    89.84   81.24   0.87    2553.60    4.02     33.71  
121  T0889TS357_4-D1     357s    75.31    100.00  120   N/A       N/A        0.09      0.09       55.96    N/A           26.03    46.57    3.041    3.844    239   0    0     0     80.33  91.21  N/A         N/A          0.39         0.39         91.21  84.633   1.67     30.22       28.7        231      2.3      4.65          0.61    40.59     0.59    0.70    0.96    0.19    0.93     63.30   7.24    89.97   81.45   0.87    2560.20    4.03     30.73  
122  T0889TS421_4-D1     421s    75.21    100.00  122   N/A       N/A        0.09      0.09       54.50    N/A           29.20    47.07    2.746    3.67     239   0    0     0     79.92  90.79  N/A         N/A          0.38         0.38         90.79  84.522   1.79     30.36       29.2        231      2.2      3.98          0.45    45.40     0.62    0.72    0.96    0.17    0.93     82.10   7.34    91.46   82.33   0.88    2602.20    3.08     N/A    
123  T0889TS357_2-D1     357s    75.21    100.00  122   N/A       N/A        0.09      0.09       55.96    N/A           28.17    46.84    3.036    3.928    239   1    0     0     80.33  91.21  N/A         N/A          0.39         0.39         91.21  84.592   1.67     30.22       28.7        231      2.3      4.59          0.61    40.79     0.60    0.70    0.96    0.19    0.93     63.50   7.24    89.85   81.14   0.88    2560.40    4.08     33.77  
124  T0889TS452_2-D1     452s    75.11    100.00  124   N/A       N/A        0.08      0.08       55.54    N/A           29.16    50.16    3.379    4.094    239   3    0     0     81.59  91.63  N/A         N/A          0.43         0.43         92.05  85.227   1.63     29.63       30.2        230      2        3.10          0.61    41.21     0.61    0.70    0.94    0.28    0.92     80.40   7.24    88.49   77.45   0.89    2687.50    4.17     87.56  
125  T0889TS421_1-D1     421s    75.00    100.00  125   -0.10     -0.10      0.08      0.08       56.17    -0.18         29.93    47.16    2.976    3.94     239   0    0     0     79.92  91.21  0.33        0.33         0.38         0.38         91.21  84.499   1.71     30.22       28.7        231      2.2      4.09          0.40    45.61     0.61    0.72    0.96    0.18    0.93     83.30   7.24    91.03   82.01   0.88    2562.00    3.41     N/A    
126  T0889TS180_2-D1     180s    74.89    100.00  126   N/A       N/A        0.07      0.07       54.50    N/A           32.91    48.67    2.879    3.717    239   0    0     0     56.07  64.44  N/A         N/A          -0.37        -0.37        64.44  84.003   1.78     30.07       28.5        233      2.4      2.82          0.53    51.88     0.65    0.74    0.96    0.17    0.93     83.40   7.24    -1.00   -1.00   0.88    2544.40    3.04     85.32  
127  T0889TS026_4-D1     026s    74.27    100.00  127   N/A       N/A        0.03      0.03       53.77    N/A           30.84    47.95    3.203    4.05     239   1    0     0     77.82  89.96  N/A         N/A          0.31         0.31         89.96  83.403   1.71     30.80       29          231      2.3      3.72          0.64    52.72     0.63    0.72    0.95    0.21    0.92     85.60   7.34    90.62   81.02   0.87    2584.80    3.92     N/A    
128  T0889TS380_4-D1     380s    74.27    100.00  127   N/A       N/A        0.03      0.03       53.77    N/A           30.84    47.95    3.203    4.05     239   1    0     0     77.82  89.96  N/A         N/A          0.31         0.31         89.96  83.403   1.71     30.80       29          231      2.3      3.72          0.64    52.72     0.63    0.72    0.95    0.21    0.92     85.60   7.34    90.62   81.02   0.87    2584.80    3.92     N/A    
129  T0889TS380_5-D1     380s    73.95    100.00  129   N/A       N/A        0.02      0.02       54.50    N/A           33.01    49.15    3.135    3.927    239   0    0     0     78.24  89.12  N/A         N/A          0.33         0.33         89.12  84.113   1.79     29.78       28.5        233      2.5      3.68          0.63    50.00     0.64    0.73    0.95    0.18    0.93     81.30   7.02    -1.00   -1.00   0.87    2542.80    4.13     N/A    
130  T0889TS026_5-D1     026s    73.95    100.00  129   N/A       N/A        0.02      0.02       54.50    N/A           33.01    49.15    3.135    3.927    239   0    0     0     78.24  89.12  N/A         N/A          0.33         0.33         89.12  84.113   1.79     29.78       28.5        233      2.5      3.68          0.63    50.00     0.64    0.73    0.95    0.18    0.93     81.30   7.02    90.49   80.50   0.87    2542.80    4.13     N/A    
131  T0889TS380_3-D1     380s    73.43    100.00  131   N/A       N/A        -0.01     -0.01      53.14    N/A           28.82    46.16    3.065    4.143    239   0    0     0     77.82  89.96  N/A         N/A          0.31         0.31         89.96  83.082   1.85     30.07       28.2        229      2.2      3.79          0.62    44.77     0.61    0.69    0.95    0.24    0.93     83.50   7.13    -1.00   -1.00   0.87    2515.80    4.53     N/A    
132  T0889TS026_3-D1     026s    73.43    100.00  131   N/A       N/A        -0.01     -0.01      53.14    N/A           28.82    46.16    3.065    4.143    239   0    0     0     77.82  89.96  N/A         N/A          0.31         0.31         89.96  83.082   1.85     30.07       28.2        229      2.2      3.79          0.62    44.77     0.61    0.69    0.95    0.24    0.93     83.50   7.13    90.09   79.79   0.87    2515.80    4.53     N/A    
133  T0889TS455_3-D1     455s    72.80    100.00  133   N/A       N/A        -0.05     -0.05      55.65    N/A           28.86    49.16    4.401    5.173    239   0    0     0     77.82  86.61  N/A         N/A          0.31         0.31         90.38  84.557   1.57     28.76       28.6        223      1.9      3.46          0.61    42.47     0.62    0.65    0.85    0.30    0.90     79.90   7.02    -1.00   -1.00   0.87    2554.40    13.12    28.20  
134  T0889TS251_5-D1     251s    72.59    100.00  134   N/A       N/A        -0.06     -0.06      50.21    N/A           32.05    46.21    2.748    3.535    239   0    0     0     82.01  92.05  N/A         N/A          0.45         0.45         92.05  82.458   1.85     30.94       28.7        235      2.4      1.61          0.66    54.18     0.66    0.74    0.97    0.16    0.93     88.20   7.24    91.35   82.24   0.87    2562.10    2.46     89.52  
135  T0889TS467_2-D1     467s    71.55    100.00  135   N/A       N/A        -0.12     -0.12      51.36    N/A           30.19    44.60    3.931    4.758    239   0    0     0     75.31  82.85  N/A         N/A          0.23         0.23         84.10  79.973   1.72     28.18       26.4        224      2.5      1.01          0.63    48.12     0.64    0.69    0.90    0.32    0.90     79.30   6.92    89.40   77.14   0.84    2368.20    8.23     47.19  
136  T0889TS455_1-D1     455s    69.14    100.00  136   -0.49     -0.49      -0.26     -0.26      49.48    -0.68         26.53    42.12    4.132    5.03     239   2    0     0     66.95  82.85  -0.06       -0.06        -0.03        -0.03        84.94  80.689   1.78     28.04       26.1        222      2.6      3.68          0.58    31.17     0.58    0.62    0.91    0.36    0.89     76.00   6.92    83.43   69.84   0.84    2337.70    7.94     32.87  
137  T0889TS455_5-D1     455s    67.89    100.00  137   N/A       N/A        -0.33     -0.33      50.21    N/A           28.74    45.70    6.788    7.418    239   0    0     0     73.64  83.26  N/A         N/A          0.18         0.18         85.77  78.232   1.85     26.15       25.4        207      2.1      3.39          0.58    46.23     0.62    0.66    0.75    0.39    0.88     87.80   6.81    84.93   77.38   0.81    2167.20    26.13    32.50  
138  T0889TS382_3-D1     382s    67.26    100.00  138   N/A       N/A        -0.36     -0.36      46.44    N/A           24.62    40.02    3.938    4.941    239   5    0     0     67.78  84.94  N/A         N/A          -0.00        -0.00        84.94  63.06    2.02     30.07       24.5        230      2.7      2.09          0.60    39.54     0.60    0.66    0.92    0.32    0.90     74.50   7.13    -1.00   -1.00   0.83    2220.90    4.50     N/A    
139  T0889TS382_4-D1     382s    66.74    100.00  139   N/A       N/A        -0.39     -0.39      45.81    N/A           25.38    39.88    3.903    4.916    239   6    0     0     68.62  84.52  N/A         N/A          0.02         0.02         84.52  64.316   2.00     30.07       24.6        229      2.6      2.10          0.60    38.28     0.60    0.67    0.92    0.32    0.90     75.10   7.13    87.34   73.63   0.83    2213.40    4.58     N/A    
140  T0889TS382_1-D1     382s    66.74    100.00  139   -0.64     -0.64      -0.39     -0.39      45.81    -0.95         24.93    39.76    3.711    4.703    239   5    0     0     69.46  84.52  0.02        0.02         0.05         0.05         84.52  64.497   1.97     30.07       24.3        228      2.6      2.18          0.59    37.03     0.60    0.67    0.93    0.33    0.91     78.30   7.13    87.42   73.40   0.83    2190.80    4.50     N/A    
141  T0889TS382_2-D1     382s    66.53    100.00  141   N/A       N/A        -0.41     -0.41      45.61    N/A           25.07    39.73    3.702    4.639    239   6    0     0     0.00   0.00   N/A         N/A          -2.15        -2.15        0.00   66.274   1.96     30.22       24.5        229      2.6      2.15          0.59    38.28     0.59    0.67    0.93    0.33    0.91     74.50   7.13    87.62   73.36   0.83    2205.00    4.59     N/A    
142  T0889TS382_5-D1     382s    66.21    100.00  142   N/A       N/A        -0.42     -0.42      45.08    N/A           25.70    39.81    3.939    4.924    239   7    0     0     69.04  83.68  N/A         N/A          0.04         0.04         83.68  62.382   1.95     30.22       24.5        229      2.6      2.18          0.60    38.49     0.60    0.67    0.92    0.32    0.90     74.00   7.13    87.39   73.66   0.83    2206.50    4.56     N/A    
143  T0889TS455_2-D1     455s    63.39    100.00  143   N/A       N/A        -0.58     -0.58      44.88    N/A           21.92    39.53    5.163    5.864    239   2    0     0     58.58  78.24  N/A         N/A          -0.30        -0.30        86.19  79.845   1.68     26.15       25.2        211      2        3.69          0.54    21.76     0.53    0.56    0.81    0.54    0.87     77.10   6.58    80.64   64.66   0.83    2268.20    10.86    36.74  
144  T0889TS451_2-D1     451s    57.43    100.00  144   N/A       N/A        -0.92     -0.92      36.72    N/A           19.23    32.56    6.046    7.043    239   2    0     0     64.02  76.57  N/A         N/A          -0.12        -0.12        76.57  56.84    2.03     26.30       17.4        204      3.1      2.71          0.48    27.62     0.54    0.51    0.85    0.53    0.87     77.10   6.58    -1.00   -1.00   0.74    1619.00    20.03    N/A    
145  T0889TS455_4-D1     455s    56.70    100.00  145   N/A       N/A        -0.96     -0.96      39.02    N/A           15.84    28.82    5.709    6.836    239   1    0     0     52.30  72.38  N/A         N/A          -0.49        -0.49        74.06  62.661   1.83     24.85       18.9        197      3        3.37          0.48    21.13     0.50    0.51    0.84    0.57    0.84     63.90   5.60    75.67   63.05   0.74    1761.40    12.28    43.61  
146  T0889TS451_3-D1     451s    56.59    100.00  146   N/A       N/A        -0.97     -0.97      36.82    N/A           18.00    32.64    7.34     8.274    239   3    0     0     62.34  75.73  N/A         N/A          -0.18        -0.18        75.73  54.988   2.10     25.14       18.6        204      2.7      2.62          0.48    26.78     0.53    0.52    0.80    0.52    0.86     78.40   6.58    83.18   61.64   0.74    1712.70    28.49    N/A    
147  T0889TS451_1-D1     451s    55.23    100.00  147   -1.40     -1.40      -1.05     -1.05      34.62    -1.79         17.74    30.84    6.175    7.108    239   0    0     0     61.51  73.64  -0.22       -0.22        -0.20        -0.20        73.64  51.681   2.10     25.43       17.1        210      3.3      2.73          0.48    25.52     0.54    0.52    0.85    0.53    0.87     76.50   6.58    -1.00   -1.00   0.73    1590.40    19.16    N/A    
148  T0889TS451_4-D1     451s    54.71    100.00  148   N/A       N/A        -1.08     -1.08      35.04    N/A           15.15    29.87    7.37     8.175    239   2    0     0     60.25  74.06  N/A         N/A          -0.24        -0.24        74.06  53.312   2.19     23.83       16.9        201      3.2      2.76          0.47    23.64     0.53    0.51    0.81    0.56    0.86     78.10   6.47    82.31   60.58   0.71    1579.00    26.22    N/A    
149  T0889TS451_5-D1     451s    54.60    100.00  149   N/A       N/A        -1.08     -1.08      35.04    N/A           17.09    31.00    8.11     9.069    239   3    0     0     60.25  73.22  N/A         N/A          -0.24        -0.24        73.22  51.916   2.07     24.27       16.6        199      3        2.77          0.47    23.85     0.54    0.52    0.79    0.55    0.85     76.60   6.47    82.56   60.37   0.71    1553.30    27.65    N/A    
150  T0889TS180_5-D1     180s    44.04    100.00  150   N/A       N/A        -1.68     -1.68      24.79    N/A           11.66    19.26    7.443    8.393    239   6    0     0     43.10  61.51  N/A         N/A          -0.78        -0.78        61.92  39.325   2.43     23.25       11.9        195      3.9      3.47          0.34    22.59     0.49    0.50    0.76    0.62    0.81     64.70   5.73    74.56   57.65   0.63    1159.50    24.87    60.45  
151  T0889TS434_5-D1     434s    23.12    100.00  151   N/A       N/A        -2.87     -2.87      11.19    N/A           3.10     6.45     15.979   16.723   239   0    0     0     7.95   36.82  N/A         N/A          -1.90        -1.90        41.42  24.843   2.58     10.05       2.6         119      4.1      3.30          0.29    10.67     0.46    0.36    0.38    1.34    0.56     52.10   4.42    48.94   48.60   0.44    413.50     112.98   79.67  
152  T0889TS434_3-D1     434s    20.92    100.00  152   N/A       N/A        -2.99     -2.99      10.25    N/A           4.39     5.81     14.799   15.079   239   0    0     0     8.37   25.10  N/A         N/A          -1.88        -1.88        31.80  16.66    2.50     6.14        2.6         113      4.9      3.04          0.28    13.18     0.46    0.35    0.47    1.42    0.56     57.70   4.07    48.14   46.62   0.39    351.80     64.81    77.97  
153  T0889TS434_1-D1     434s    17.57    100.00  153   -3.86     -3.86      -3.18     -3.18      8.05     -3.77         1.63     5.75     12.889   13.471   239   0    0     0     2.09   21.76  -2.02       -2.02        -2.08        -2.08        30.13  18.982   2.80     5.85        2           117      5.5      2.95          0.26    10.25     0.45    0.32    0.41    1.35    0.64     54.90   3.70    46.09   45.73   0.39    344.10     75.42    78.74  
154  T0889TS434_2-D1     434s    17.36    100.00  154   N/A       N/A        -3.20     -3.20      8.79     N/A           1.39     4.98     18.905   19.236   239   0    0     0     4.60   9.21   N/A         N/A          -2.00        -2.00        25.52  16.627   2.82     6.14        1.3         64       3.7      3.11          0.25    10.67     0.46    0.30    0.35    1.53    0.49     55.10   2.58    -1.00   -1.00   0.34    179.20     112.15   77.97  
155  T0889TS434_4-D1     434s    16.95    100.00  155   N/A       N/A        -3.22     -3.22      8.27     N/A           2.63     4.90     17.286   17.772   239   0    0     0     4.60   18.41  N/A         N/A          -2.00        -2.00        30.54  19.273   2.60     5.12        1.3         105      4.8      3.14          0.24    11.51     0.45    0.30    0.31    1.59    0.52     56.40   4.07    41.25   44.96   0.37    283.70     181.17   80.06  
156  T0889TS321_4-D1     321s    16.32    100.00  156   N/A       N/A        -3.26     -3.26      9.83     N/A           1.51     4.86     17.35    17.464   239   4    0     0     0.00   0.00   N/A         N/A          -2.15        -2.15        0.00   18.192   2.54     4.54        3.8         54       2.6      3.52          0.24    8.16      0.44    0.29    0.35    1.78    0.57     65.80   4.42    43.63   44.05   0.28    190.60     185.13   26.26  
157  T0889TS321_1-D1     321s    15.79    100.00  157   -3.98     -3.98      -3.29     -3.29      10.14    -3.62         1.49     4.83     19.076   19.337   239   2    0     0     1.26   20.92  -2.04       -2.04        -2.11        -2.11        26.78  20.72    2.22     3.81        4.4         54       2.5      3.16          0.22    7.74      0.43    0.27    0.29    1.99    0.53     69.10   3.89    39.75   42.40   0.30    191.60     306.14   26.67  
158  T0889TS321_5-D1     321s    15.38    100.00  158   N/A       N/A        -3.31     -3.31      9.83     N/A           1.38     4.80     24.779   25.152   239   5    0     0     0.00   0.00   N/A         N/A          -2.15        -2.15        0.00   19.835   2.10     4.54        4.5         54       2.6      3.19          0.21    7.95      0.43    0.26    0.24    2.20    0.48     64.70   1.99    37.10   42.69   0.27    189.00     323.27   27.88  
159  T0889TS321_3-D1     321s    15.06    100.00  159   N/A       N/A        -3.33     -3.33      9.73     N/A           1.51     4.86     15.59    15.802   239   2    0     0     1.67   1.67   N/A         N/A          -2.09        -2.09        25.94  16.318   2.60     4.54        3.9         54       2.5      3.22          0.23    8.79      0.43    0.26    0.30    1.72    0.58     63.10   3.89    41.61   42.58   0.32    190.20     204.69   26.23  
160  T0889TS321_2-D1     321s    14.96    100.00  160   N/A       N/A        -3.33     -3.33      9.83     N/A           1.33     4.76     19.804   20.233   239   2    0     0     0.84   19.67  N/A         N/A          -2.12        -2.12        22.59  17.57    2.36     5.12        4.3         84       12.3     3.11          0.22    8.16      0.43    0.27    0.32    2.13    0.50     64.80   3.89    38.66   43.07   0.27    237.30     181.51   26.66  
161  T0889TS464_5-D1     464s    11.82    100.00  161   N/A       N/A        -3.51     -3.51      9.10     N/A           3.13     7.46     45.492   44.685   239   0    0     0     0.00   0.00   N/A         N/A          -2.15        -2.15        20.08  13.055   2.35     1.35        1.3         35       2.3      2.08          0.20    8.37      0.44    0.26    0.36    2.61    0.49     53.00   1.99    26.02   40.44   0.21    96.40      802.22   21.65  
162  T0889TS464_2-D1     464s    10.36    100.00  162   N/A       N/A        -3.59     -3.59      6.28     N/A           2.25     3.27     29.223   29.178   239   5    0     0     0.00   0.00   N/A         N/A          -2.15        -2.15        13.39  10.812   2.12     1.35        0.2         31       2.8      3.07          0.15    3.56      0.35    0.15    0.34    2.57    0.51     23.80   2.58    -1.00   -1.00   0.20    74.60      565.10   19.52  

