#    Model               GR#     GDT_TS   NP_P    RANK  Z-M1-GDT  Z-M1s-GDT  Z-MA-GDT  Z-MAs-GDT  GDT_HA   Z-M1s-GDT-HA  GDC_SC   GDC_ALL  RMS_CA   RMS_ALL  NP    err  PC01  PC05  AL0_P  AL4_P  Z-M1-AL0_p  Z-M1s-AL0_p  Z-MA-AL0_p   Z-MAs-AL0_p  ALI_P  LGA_S    RMSD[L]  Z-score[M]  Z-Score[D]  Al.Res.  RMSD[D]  MolPrb_Score  LDDT    SphGr     CAD_AA  RPF     CODM    DFM     Handed.  SOV     CE      QCS     CONTS   TMscore  Dali(raw)  FlexE    QSE    

1    T0881TS048_1-D1     048s    69.43    100.00  1     1.08      1.08       1.19      1.19       49.01    1.25          26.33    39.27    3.437    4.405    202   5    0     0     63.86  88.61  0.95        0.95         1.04         1.04         88.61  73.044   1.80     26.46       23.9        194      2.2      2.68          0.56    56.93     0.53    0.58    0.91    0.36    0.89     64.90   6.81    85.98   65.71   0.85    1885.60    8.84     32.14  
2    T0881TS092_1-D1     092s    69.43    100.00  1     1.08      1.08       1.19      1.19       49.01    1.25          26.33    39.27    3.437    4.405    202   5    0     0     63.86  88.61  0.95        0.95         1.04         1.04         88.61  73.044   1.80     26.46       23.9        194      2.2      2.68          0.56    56.93     0.53    0.58    0.91    0.36    0.89     64.90   6.81    85.98   65.71   0.85    1885.60    8.84     32.14  
3    T0881TS005_4-D1     005s    68.44    100.00  3     N/A       N/A        1.14      1.14       47.65    N/A           26.12    39.73    3.393    4.151    202   2    0     0     72.28  86.14  N/A         N/A          1.36         1.36         86.14  63.324   1.85     26.91       21.3        192      2.5      1.59          0.58    62.38     0.56    0.63    0.93    0.30    0.90     75.80   6.70    90.65   72.67   0.82    1696.10    7.38     31.60  
4    T0881TS287_2-D1     287s    66.46    100.00  4     N/A       N/A        1.05      1.05       45.79    N/A           26.23    37.97    3.486    4.445    202   1    0     0     65.35  84.16  N/A         N/A          1.09         1.09         84.16  60.097   2.01     26.00       20.8        187      2.6      3.08          0.55    55.20     0.53    0.61    0.91    0.43    0.90     85.20   6.70    85.83   69.50   0.80    1662.60    8.09     83.42  
5    T0881TS287_1-D1     287s    66.46    100.00  4     0.93      0.93       1.05      1.05       45.79    1.01          26.23    37.97    3.486    4.445    202   1    0     0     65.35  84.16  1.02        1.02         1.09         1.09         84.16  60.097   2.01     26.00       20.8        187      2.6      3.08          0.55    55.20     0.53    0.61    0.91    0.43    0.90     85.20   6.70    85.83   69.50   0.80    1662.60    8.09     83.42  
6    T0881TS275_5-D1     275s    66.09    100.00  6     N/A       N/A        1.04      1.04       45.79    N/A           24.02    37.55    3.742    4.768    202   2    0     0     60.89  87.13  N/A         N/A          0.92         0.92         87.13  65.088   1.93     22.63       20.2        185      2.2      3.32          0.53    50.74     0.49    0.54    0.86    0.53    0.89     59.60   6.47    84.19   62.70   0.82    1617.90    11.50    N/A    
7    T0881TS236_2-D1     236s    65.72    100.00  7     N/A       N/A        1.02      1.02       44.80    N/A           26.52    36.33    3.549    4.553    202   3    0     0     65.35  84.16  N/A         N/A          1.09         1.09         84.16  58.896   2.03     25.54       20.5        188      2.6      2.99          0.54    53.71     0.52    0.59    0.90    0.45    0.90     76.10   6.70    84.85   68.74   0.80    1640.10    8.28     84.59  
8    T0881TS236_1-D1     236s    65.72    100.00  7     0.89      0.89       1.02      1.02       44.80    0.94          26.52    36.33    3.549    4.553    202   3    0     0     65.35  84.16  1.02        1.02         1.09         1.09         84.16  58.896   2.03     25.54       20.5        188      2.6      2.99          0.54    53.71     0.52    0.59    0.90    0.45    0.90     76.10   6.70    84.85   68.74   0.80    1640.10    8.28     84.59  
9    T0881TS236_3-D1     236s    65.59    100.00  9     N/A       N/A        1.01      1.01       44.31    N/A           24.49    35.95    3.411    4.42     202   3    0     0     67.33  84.65  N/A         N/A          1.17         1.17         84.65  60.579   1.97     25.39       20.4        188      2.7      3.08          0.51    54.46     0.53    0.59    0.91    0.42    0.90     85.80   6.70    84.84   68.68   0.80    1635.40    8.25     85.03  
10   T0881TS287_3-D1     287s    65.59    100.00  9     N/A       N/A        1.01      1.01       45.30    N/A           27.12    35.90    3.85     4.722    202   4    0     0     64.36  82.18  N/A         N/A          1.06         1.06         82.18  59.376   1.97     25.08       20.3        182      2.4      2.97          0.55    50.99     0.51    0.58    0.89    0.45    0.89     70.50   6.47    84.96   67.86   0.80    1624.70    9.81     83.52  
11   T0881TS287_4-D1     287s    65.59    100.00  9     N/A       N/A        1.01      1.01       45.05    N/A           27.50    37.83    3.872    4.782    202   2    0     0     64.36  83.66  N/A         N/A          1.06         1.06         83.66  59.752   2.01     24.77       20.5        184      2.4      3.02          0.52    51.24     0.51    0.58    0.89    0.44    0.89     81.70   6.58    84.49   68.11   0.80    1638.00    9.78     82.07  
12   T0881TS250_3-D1     250s    65.47    100.00  12    N/A       N/A        1.01      1.01       45.67    N/A           25.70    36.82    4.012    4.897    202   0    0     0     61.39  85.15  N/A         N/A          0.94         0.94         85.15  63.079   1.95     25.23       21          189      2.5      1.91          0.54    48.02     0.54    0.55    0.87    0.45    0.87     72.60   6.70    83.70   64.83   0.81    1675.40    11.84    80.28  
13   T0881TS250_4-D1     250s    64.85    100.00  13    N/A       N/A        0.98      0.98       45.17    N/A           25.62    36.90    4.014    4.897    202   0    0     0     62.87  85.64  N/A         N/A          1.00         1.00         85.64  61.395   2.02     24.77       21          190      2.5      2.05          0.54    48.27     0.53    0.55    0.86    0.47    0.88     72.60   6.70    83.63   64.70   0.81    1673.80    11.80    80.53  
14   T0881TS250_2-D1     250s    64.73    100.00  14    N/A       N/A        0.98      0.98       45.55    N/A           25.91    37.60    4.023    4.889    202   0    0     0     62.87  86.14  N/A         N/A          1.00         1.00         86.14  62.63    1.98     25.23       21          190      2.5      2.27          0.54    49.26     0.53    0.55    0.86    0.45    0.87     72.60   6.70    83.47   64.70   0.81    1679.70    11.92    80.25  
15   T0881TS250_5-D1     250s    64.60    100.00  15    N/A       N/A        0.97      0.97       45.17    N/A           24.90    36.34    4.012    4.913    202   0    0     0     61.88  86.14  N/A         N/A          0.96         0.96         86.14  62.862   2.05     25.54       21          189      2.5      2.00          0.54    47.77     0.53    0.55    0.87    0.46    0.88     76.20   6.70    83.50   64.57   0.81    1675.70    11.75    80.47  
16   T0881TS452_2-D1     452s    64.60    100.00  15    N/A       N/A        0.97      0.97       43.94    N/A           20.90    36.47    3.993    5.03     202   1    0     0     61.88  87.62  N/A         N/A          0.96         0.96         87.62  69.466   1.85     26.30       21.7        190      2.2      3.11          0.52    48.27     0.50    0.52    0.85    0.50    0.88     59.30   6.70    80.69   61.52   0.83    1731.50    12.21    77.91  
17   T0881TS236_5-D1     236s    64.60    100.00  15    N/A       N/A        0.97      0.97       43.56    N/A           25.08    36.69    3.85     4.644    202   3    0     0     65.84  81.19  N/A         N/A          1.11         1.11         81.19  58.511   1.91     25.23       19.8        190      2.8      3.26          0.50    55.94     0.54    0.60    0.90    0.44    0.89     77.30   6.47    85.83   69.30   0.79    1586.90    8.67     83.20  
18   T0881TS250_1-D1     250s    64.23    100.00  18    0.81      0.81       0.95      0.95       44.31    0.90          26.04    36.22    4.056    4.933    202   0    0     0     62.87  84.65  0.90        0.90         1.00         1.00         84.65  61.449   2.01     25.08       20.8        188      2.5      2.03          0.53    48.76     0.54    0.55    0.86    0.46    0.87     66.90   6.47    83.30   64.39   0.81    1661.20    12.01    80.15  
19   T0881TS236_4-D1     236s    63.86    100.00  19    N/A       N/A        0.94      0.94       42.83    N/A           22.74    34.51    3.982    4.817    202   6    0     0     63.86  82.67  N/A         N/A          1.04         1.04         82.67  57.322   2.05     24.47       19.9        184      2.7      3.13          0.50    50.74     0.51    0.57    0.89    0.43    0.88     79.70   6.58    84.96   68.05   0.79    1600.50    9.69     83.19  
20   T0881TS251_4-D1     251s    63.74    100.00  20    N/A       N/A        0.93      0.93       40.96    N/A           21.13    32.19    3.239    4.409    202   1    0     0     55.94  90.10  N/A         N/A          0.73         0.73         90.10  73.844   1.81     26.15       22.1        193      2.2      1.73          0.51    48.51     0.50    0.54    0.91    0.51    0.90     72.90   6.81    85.92   63.54   0.85    1755.00    6.85     85.38  
21   T0881TS005_1-D1     005s    63.49    100.00  21    0.77      0.77       0.92      0.92       42.20    0.75          19.12    32.55    3.769    4.685    202   2    0     0     61.88  87.62  0.86        0.86         0.96         0.96         87.62  63.95    2.01     26.46       20.4        193      2.6      1.73          0.52    51.73     0.52    0.54    0.89    0.42    0.88     73.20   6.70    85.72   64.05   0.81    1631.90    10.22    35.79  
22   T0881TS005_2-D1     005s    62.87    100.00  22    N/A       N/A        0.89      0.89       42.70    N/A           23.03    35.04    4.001    4.973    202   2    0     0     63.37  85.64  N/A         N/A          1.02         1.02         86.63  64.531   1.97     25.84       20.4        191      2.5      1.50          0.52    45.79     0.50    0.54    0.85    0.47    0.87     80.10   6.70    82.32   62.64   0.81    1635.50    12.82    38.29  
23   T0881TS479_1-D1     479s    62.50    100.00  23    0.72      0.72       0.88      0.88       41.71    0.71          19.37    31.87    3.893    4.879    202   0    0     0     57.92  82.18  0.68        0.68         0.80         0.80         82.18  58.272   2.10     25.54       20.2        190      2.7      3.11          0.52    50.25     0.49    0.56    0.89    0.42    0.88     68.10   6.70    84.18   64.81   0.80    1609.90    9.63     81.86  
24   T0881TS479_4-D1     479s    62.50    100.00  23    N/A       N/A        0.88      0.88       41.59    N/A           17.63    31.93    4.197    5.362    202   0    0     0     55.94  87.13  N/A         N/A          0.73         0.73         87.13  66.472   1.93     24.01       21.7        189      2.2      2.73          0.47    40.10     0.46    0.47    0.82    0.53    0.86     54.30   6.58    77.41   59.13   0.83    1727.90    14.84    80.26  
25   T0881TS495_4-D1     495s    62.25    100.00  25    N/A       N/A        0.87      0.87       41.83    N/A           23.75    34.53    4.121    4.946    202   0    0     0     60.40  84.16  N/A         N/A          0.90         0.90         84.16  58.475   2.07     24.47       19.7        186      2.5      2.06          0.52    47.28     0.52    0.53    0.86    0.50    0.87     62.20   6.58    80.68   61.46   0.80    1586.00    12.61    80.86  
26   T0881TS183_1-D1     183s    62.13    100.00  26    0.70      0.70       0.86      0.86       41.59    0.71          21.45    31.59    4.077    4.887    202   0    0     0     60.40  84.65  0.79        0.79         0.90         0.90         84.65  62.268   2.02     25.39       20          187      2.7      3.31          0.51    50.25     0.49    0.55    0.86    0.47    0.88     59.50   6.11    82.02   64.00   0.79    1602.50    10.72    82.64  
27   T0881TS345_1-D1     345s    61.76    100.00  27    0.69      0.69       0.84      0.84       40.47    0.62          23.27    33.35    3.968    4.945    202   1    0     0     58.42  83.17  0.70        0.70         0.82         0.82         84.16  59.357   2.03     23.09       19.5        186      2.8      2.88          0.50    47.77     0.50    0.52    0.86    0.48    0.88     85.30   6.58    80.33   62.26   0.79    1564.60    12.93    80.82  
28   T0881TS183_5-D1     183s    61.76    100.00  27    N/A       N/A        0.84      0.84       40.47    N/A           18.60    32.79    4.137    5.217    202   0    0     0     56.93  87.62  N/A         N/A          0.77         0.77         87.62  68.061   1.90     24.16       21.9        190      2.2      3.04          0.48    41.83     0.47    0.48    0.83    0.52    0.86     55.00   6.70    77.48   58.59   0.83    1741.50    14.12    80.66  
29   T0881TS345_4-D1     345s    61.63    100.00  29    N/A       N/A        0.84      0.84       41.96    N/A           20.21    32.57    4.231    5.279    202   0    0     0     59.41  83.17  N/A         N/A          0.86         0.86         83.17  61.9     2.00     23.86       19.6        183      2.6      3.06          0.48    40.10     0.47    0.49    0.81    0.58    0.87     71.90   6.58    81.52   62.63   0.79    1572.50    13.51    80.24  
30   T0881TS495_3-D1     495s    61.51    100.00  30    N/A       N/A        0.83      0.83       41.09    N/A           21.53    33.10    4.245    5.08     202   0    0     0     60.89  83.17  N/A         N/A          0.92         0.92         83.17  59.033   1.99     24.77       18.9        185      2.6      2.14          0.51    45.54     0.51    0.52    0.85    0.53    0.86     63.00   6.47    79.10   61.14   0.79    1494.40    12.83    80.35  
31   T0881TS405_4-D1     405s    61.14    100.00  31    N/A       N/A        0.82      0.82       41.09    N/A           20.19    33.78    4.534    5.358    202   4    0     0     58.42  84.65  N/A         N/A          0.82         0.82         84.65  59.484   1.96     23.86       20.2        184      2.3      3.59          0.49    45.79     0.48    0.50    0.82    0.59    0.86     84.60   6.58    79.96   64.37   0.80    1621.70    12.07    81.68  
32   T0881TS405_5-D1     405s    61.14    100.00  31    N/A       N/A        0.82      0.82       41.09    N/A           20.19    33.78    4.534    5.358    202   4    0     0     58.42  84.65  N/A         N/A          0.82         0.82         84.65  59.484   1.96     23.86       20.2        184      2.3      3.59          0.49    45.79     0.48    0.50    0.82    0.59    0.86     84.60   6.58    79.96   64.37   0.80    1621.70    12.07    81.68  
33   T0881TS405_3-D1     405s    61.14    100.00  31    N/A       N/A        0.82      0.82       41.09    N/A           20.19    33.78    4.534    5.358    202   4    0     0     58.42  84.65  N/A         N/A          0.82         0.82         84.65  59.484   1.96     23.86       20.2        184      2.3      3.59          0.49    45.79     0.48    0.50    0.82    0.59    0.86     84.60   6.58    79.96   64.37   0.80    1621.70    12.07    81.68  
34   T0881TS405_2-D1     405s    61.14    100.00  31    N/A       N/A        0.82      0.82       41.09    N/A           20.19    33.78    4.534    5.358    202   4    0     0     58.42  84.65  N/A         N/A          0.82         0.82         84.65  59.484   1.96     23.86       20.2        184      2.3      3.59          0.49    45.79     0.48    0.50    0.82    0.59    0.86     84.60   6.58    79.96   64.37   0.80    1621.70    12.07    81.68  
35   T0881TS405_1-D1     405s    61.02    100.00  35    0.65      0.65       0.81      0.81       41.09    0.67          19.49    33.12    4.432    5.233    202   3    0     0     59.90  86.14  0.77        0.77         0.88         0.88         86.14  61.979   1.99     23.09       20.5        188      2.5      3.67          0.49    43.07     0.49    0.51    0.83    0.55    0.87     80.30   6.58    80.33   64.52   0.81    1641.20    11.46    83.27  
36   T0881TS495_5-D1     495s    60.89    100.00  36    N/A       N/A        0.80      0.80       40.72    N/A           22.54    32.80    4.4      5.189    202   0    0     0     57.92  84.16  N/A         N/A          0.80         0.80         84.16  58.076   2.04     23.40       19.3        185      2.6      2.21          0.51    45.05     0.52    0.51    0.83    0.55    0.86     70.20   6.47    78.29   60.69   0.79    1550.60    14.38    81.20  
37   T0881TS220_1-D1     220s    60.40    100.00  37    0.62      0.62       0.78      0.78       42.45    0.77          23.14    35.55    4.885    5.562    202   1    0     0     54.95  86.63  0.55        0.55         0.69         0.69         86.63  66.638   1.98     23.86       21.2        189      2.3      2.37          0.49    47.03     0.51    0.48    0.80    0.61    0.86     66.30   6.47    76.81   59.14   0.82    1693.40    15.19    45.81  
38   T0881TS275_4-D1     275s    60.40    100.00  37    N/A       N/A        0.78      0.78       40.22    N/A           18.69    32.21    4.238    5.158    202   2    0     0     59.90  83.66  N/A         N/A          0.88         0.88         83.66  62.111   2.01     19.42       19          183      2.5      3.46          0.50    47.52     0.47    0.51    0.84    0.56    0.87     64.40   6.47    82.57   61.32   0.79    1530.30    12.37    N/A    
39   T0881TS345_2-D1     345s    60.27    100.00  39    N/A       N/A        0.78      0.78       38.98    N/A           20.68    31.11    4.143    5.109    202   0    0     0     57.92  82.67  N/A         N/A          0.80         0.80         82.67  57.619   2.05     23.40       18.9        183      2.7      3.20          0.44    46.29     0.48    0.51    0.85    0.49    0.88     70.80   5.86    78.66   60.78   0.78    1524.60    13.59    80.89  
40   T0881TS382_5-D1     382s    60.27    100.00  39    N/A       N/A        0.78      0.78       39.73    N/A           23.14    33.36    4.366    5.169    202   7    0     0     57.43  84.16  N/A         N/A          0.79         0.79         84.16  59.674   1.98     24.62       19.1        181      2.5      2.29          0.51    48.02     0.50    0.53    0.85    0.49    0.87     59.70   6.58    80.24   61.68   0.79    1540.10    11.90    N/A    
41   T0881TS495_1-D1     495s    60.02    100.00  41    0.60      0.60       0.77      0.77       39.11    0.52          20.18    30.90    4.246    5.154    202   0    0     0     58.91  84.65  0.72        0.72         0.84         0.84         84.65  57.365   2.09     24.16       19.3        187      2.7      2.41          0.50    45.54     0.50    0.51    0.85    0.49    0.87     59.20   6.47    78.55   61.67   0.79    1555.20    12.58    80.80  
42   T0881TS359_4-D1     359s    60.02    100.00  41    N/A       N/A        0.77      0.77       39.73    N/A           19.09    30.82    4.309    5.128    202   4    0     0     57.43  81.19  N/A         N/A          0.79         0.79         81.19  57.608   1.98     22.02       18.8        181      2.5      3.34          0.48    45.05     0.49    0.50    0.84    0.56    0.86     66.70   6.47    81.44   60.45   0.78    1514.00    11.86    37.47  
43   T0881TS220_4-D1     220s    59.90    100.00  43    N/A       N/A        0.76      0.76       41.83    N/A           22.32    35.11    4.876    5.466    202   1    0     0     56.44  86.63  N/A         N/A          0.75         0.75         86.63  65.183   2.02     23.86       20.3        188      2.4      2.13          0.49    45.30     0.50    0.48    0.80    0.64    0.86     53.60   6.47    76.84   58.11   0.81    1625.90    15.12    46.31  
44   T0881TS220_5-D1     220s    59.90    100.00  43    N/A       N/A        0.76      0.76       41.34    N/A           23.93    34.84    4.798    5.474    202   1    0     0     54.46  86.14  N/A         N/A          0.67         0.67         86.14  70.499   1.91     22.33       20.7        186      2.2      2.29          0.49    45.54     0.50    0.47    0.80    0.62    0.86     51.00   6.47    76.50   57.90   0.82    1654.20    15.78    45.12  
45   T0881TS284_2-D1     284s    59.78    100.00  45    N/A       N/A        0.75      0.75       39.85    N/A           19.56    31.57    4.453    5.309    202   9    0     0     58.42  81.68  N/A         N/A          0.82         0.82         81.68  56.236   2.05     24.32       19.1        179      2.5      3.56          0.50    45.05     0.48    0.52    0.82    0.52    0.86     78.50   6.11    80.03   62.20   0.78    1538.00    13.21    46.24  
46   T0881TS425_3-D1     425s    59.78    100.00  45    N/A       N/A        0.75      0.75       41.59    N/A           20.23    34.37    5.026    5.771    202   4    0     0     56.93  84.65  N/A         N/A          0.77         0.77         84.65  63.221   1.86     24.16       20.8        188      2.4      3.72          0.47    41.09     0.46    0.46    0.75    0.68    0.85     47.00   6.47    76.65   58.60   0.81    1666.10    20.06    38.56  
47   T0881TS287_5-D1     287s    59.53    100.00  47    N/A       N/A        0.74      0.74       40.47    N/A           19.41    31.43    4.751    5.774    202   5    0     0     54.95  84.16  N/A         N/A          0.69         0.69         84.16  64.607   1.90     24.62       20.9        185      2.4      3.06          0.44    36.63     0.47    0.47    0.78    0.61    0.86     75.40   6.58    76.89   56.77   0.81    1668.10    16.68    83.75  
48   T0881TS183_2-D1     183s    59.16    100.00  48    N/A       N/A        0.73      0.73       38.74    N/A           18.65    29.75    4.447    5.228    202   0    0     0     55.45  83.17  N/A         N/A          0.71         0.71         83.17  57.215   2.22     24.77       18.9        190      2.7      3.40          0.48    43.56     0.47    0.50    0.83    0.56    0.87     56.20   6.58    79.82   61.24   0.79    1526.40    12.62    83.45  
49   T0881TS382_1-D1     382s    59.03    100.00  49    0.55      0.55       0.72      0.72       38.74    0.50          22.09    33.10    4.448    5.212    202   6    0     0     57.43  82.67  0.66        0.66         0.79         0.79         82.67  60.521   1.99     24.16       18.8        183      2.6      2.29          0.50    47.77     0.50    0.52    0.85    0.51    0.86     64.20   6.47    79.84   60.82   0.78    1517.20    12.27    N/A    
50   T0881TS077_1-D1     077s    59.03    100.00  49    0.55      0.55       0.72      0.72       41.34    0.69          18.34    33.00    4.984    5.745    202   3    0     0     55.45  85.15  0.57        0.57         0.71         0.71         85.15  63.631   1.90     22.79       21          186      2.3      3.92          0.48    44.06     0.46    0.47    0.75    0.67    0.85     50.20   6.58    77.04   59.14   0.81    1679.10    20.15    39.03  
51   T0881TS077_2-D1     077s    59.03    100.00  49    N/A       N/A        0.72      0.72       41.46    N/A           20.54    34.49    5.106    5.86     202   2    0     0     58.42  85.64  N/A         N/A          0.82         0.82         85.64  64.748   1.83     22.17       21          189      2.4      3.77          0.48    40.35     0.46    0.46    0.75    0.64    0.85     47.00   6.47    75.28   56.31   0.81    1675.40    20.79    38.84  
52   T0881TS421_2-D1     421s    58.91    100.00  52    N/A       N/A        0.72      0.72       37.99    N/A           16.79    30.29    4.662    5.43     202   0    0     0     58.91  82.18  N/A         N/A          0.84         0.84         82.67  57.533   2.02     23.25       18.6        182      2.6      4.65          0.23    44.80     0.44    0.49    0.81    0.52    0.87     59.00   6.11    77.79   60.34   0.77    1502.50    14.37    N/A    
53   T0881TS382_3-D1     382s    58.79    100.00  53    N/A       N/A        0.71      0.71       38.49    N/A           21.46    32.41    4.478    5.275    202   5    0     0     57.43  83.17  N/A         N/A          0.79         0.79         83.17  61.181   2.00     24.32       18.8        181      2.6      2.23          0.50    45.79     0.49    0.51    0.84    0.50    0.86     51.70   6.58    79.81   60.79   0.78    1514.00    12.55    N/A    
54   T0881TS005_3-D1     005s    58.79    100.00  53    N/A       N/A        0.71      0.71       38.62    N/A           18.79    30.50    4.606    5.485    202   2    0     0     54.95  83.17  N/A         N/A          0.69         0.69         83.17  63.381   2.06     24.32       19.8        188      2.6      1.51          0.49    42.57     0.49    0.50    0.80    0.53    0.86     71.70   6.47    80.03   60.41   0.80    1588.30    19.05    40.57  
55   T0881TS430_3-D1     430s    58.79    100.00  53    N/A       N/A        0.71      0.71       40.84    N/A           22.50    34.49    4.863    5.422    202   1    0     0     56.44  86.14  N/A         N/A          0.75         0.75         87.13  64.547   1.89     23.55       20.4        188      2.3      2.31          0.48    46.78     0.49    0.48    0.81    0.64    0.86     59.10   6.47    76.93   58.31   0.81    1631.10    14.93    46.06  
56   T0881TS382_2-D1     382s    58.66    100.00  56    N/A       N/A        0.71      0.71       38.37    N/A           22.13    31.09    4.493    5.21     202   5    0     0     55.45  82.67  N/A         N/A          0.71         0.71         82.67  58.254   1.97     24.16       18.7        179      2.5      2.29          0.50    48.02     0.50    0.52    0.84    0.52    0.86     64.60   6.47    79.76   60.58   0.78    1506.70    12.50    N/A    
57   T0881TS430_1-D1     430s    58.66    100.00  56    0.53      0.53       0.71      0.71       40.47    0.62          19.60    33.36    4.827    5.563    202   1    0     0     55.94  86.14  0.59        0.59         0.73         0.73         86.14  65.852   1.98     22.94       20.5        188      2.4      2.33          0.48    46.04     0.50    0.47    0.81    0.60    0.86     55.30   6.47    76.63   58.48   0.81    1640.50    15.11    46.04  
58   T0881TS220_3-D1     220s    58.66    100.00  56    N/A       N/A        0.71      0.71       41.09    N/A           22.81    33.77    4.981    5.498    202   1    0     0     54.95  85.64  N/A         N/A          0.69         0.69         85.64  66.699   1.87     24.01       20.4        186      2.4      2.24          0.48    45.79     0.50    0.46    0.79    0.66    0.85     61.00   6.58    75.61   56.83   0.81    1633.20    16.53    46.31  
59   T0881TS425_2-D1     425s    58.66    100.00  56    N/A       N/A        0.71      0.71       40.22    N/A           19.72    32.66    5.039    5.779    202   1    0     0     54.95  84.65  N/A         N/A          0.69         0.69         84.65  59.81    1.92     23.70       20.2        185      2.3      3.91          0.46    40.10     0.45    0.44    0.76    0.68    0.85     51.40   6.47    75.36   56.27   0.80    1618.90    19.09    39.59  
60   T0881TS382_4-D1     382s    58.54    100.00  60    N/A       N/A        0.70      0.70       38.00    N/A           22.52    32.79    4.457    5.222    202   5    0     0     56.44  83.17  N/A         N/A          0.75         0.75         83.17  60.621   1.98     24.01       18.7        181      2.5      2.25          0.50    46.78     0.50    0.52    0.85    0.52    0.86     57.40   6.58    79.81   60.78   0.78    1506.40    12.38    N/A    
61   T0881TS430_5-D1     430s    58.29    100.00  61    N/A       N/A        0.69      0.69       39.60    N/A           22.81    33.41    4.799    5.488    202   1    0     0     56.44  86.63  N/A         N/A          0.75         0.75         86.63  65.32    1.97     22.94       20.4        186      2.3      2.11          0.49    43.81     0.50    0.47    0.79    0.61    0.86     55.30   6.58    75.99   57.64   0.81    1635.00    15.79    45.97  
62   T0881TS251_5-D1     251s    58.17    100.00  62    N/A       N/A        0.68      0.68       36.63    N/A           18.95    30.44    4.47     5.334    202   2    0     0     55.94  82.18  N/A         N/A          0.73         0.73         82.18  55.996   2.17     24.32       18          187      2.7      1.82          0.47    42.33     0.49    0.46    0.83    0.60    0.87     80.80   6.47    80.04   61.05   0.78    1460.00    12.05    76.81  
63   T0881TS284_3-D1     284s    58.17    100.00  62    N/A       N/A        0.68      0.68       40.10    N/A           18.45    32.75    5.52     6.318    202   3    0     0     56.44  78.22  N/A         N/A          0.75         0.75         83.66  63.51    1.99     24.01       20.4        185      2.4      3.62          0.48    39.85     0.47    0.47    0.74    0.67    0.83     57.50   6.47    74.27   57.72   0.80    1631.40    21.42    47.15  
64   T0881TS425_5-D1     425s    58.17    100.00  62    N/A       N/A        0.68      0.68       40.47    N/A           18.21    32.15    5.171    5.951    202   5    0     0     52.97  84.16  N/A         N/A          0.61         0.61         84.16  64.713   1.95     21.72       20          182      2.3      4.05          0.47    38.86     0.45    0.44    0.71    0.74    0.83     49.00   6.47    73.60   55.75   0.80    1603.00    21.45    40.07  
65   T0881TS479_2-D1     479s    57.92    100.00  65    N/A       N/A        0.67      0.67       39.48    N/A           19.97    30.62    4.876    5.584    202   0    0     0     56.93  84.16  N/A         N/A          0.77         0.77         85.15  61.144   1.99     24.47       20          187      2.5      3.22          0.47    45.30     0.48    0.48    0.76    0.67    0.85     56.30   6.47    75.22   58.35   0.80    1603.00    18.08    78.59  
66   T0881TS467_1-D1     467s    57.92    100.00  65    0.49      0.49       0.67      0.67       36.76    0.35          19.07    28.91    4.542    5.523    202   2    0     0     49.01  82.18  0.28        0.28         0.46         0.46         82.67  58.076   1.97     24.93       18.9        188      2.7      1.75          0.48    39.36     0.47    0.47    0.81    0.57    0.86     75.00   6.47    77.80   57.22   0.80    1521.10    14.86    51.52  
67   T0881TS077_4-D1     077s    57.80    100.00  67    N/A       N/A        0.67      0.67       39.23    N/A           17.59    31.31    5.077    5.867    202   2    0     0     54.46  83.17  N/A         N/A          0.67         0.67         83.17  58.954   1.93     22.79       19.6        184      2.5      3.77          0.46    41.34     0.45    0.44    0.75    0.68    0.85     55.10   6.47    73.96   55.22   0.80    1571.80    19.46    40.38  
68   T0881TS425_4-D1     425s    57.55    100.00  68    N/A       N/A        0.66      0.66       38.62    N/A           19.31    32.31    5.05     5.83     202   2    0     0     54.95  84.16  N/A         N/A          0.69         0.69         84.16  63.149   1.98     23.86       20.6        187      2.4      3.97          0.46    38.12     0.45    0.45    0.75    0.68    0.85     50.40   6.47    74.69   55.61   0.81    1649.30    20.66    39.66  
69   T0881TS425_1-D1     425s    57.55    100.00  68    0.47      0.47       0.66      0.66       39.11    0.52          17.57    31.75    5.266    5.976    202   8    0     0     50.50  83.66  0.34        0.34         0.52         0.52         83.66  61.596   1.91     22.33       20.2        184      2.4      4.09          0.46    38.12     0.45    0.44    0.75    0.69    0.84     48.40   6.47    74.67   56.44   0.80    1620.00    18.98    40.77  
70   T0881TS430_4-D1     430s    57.43    100.00  70    N/A       N/A        0.65      0.65       38.49    N/A           24.04    33.68    4.806    5.348    202   1    0     0     57.43  86.63  N/A         N/A          0.79         0.79         86.63  62.585   2.08     22.48       18.3        191      2.7      2.28          0.46    47.77     0.50    0.47    0.81    0.66    0.86     54.10   6.47    76.06   56.67   0.80    1477.70    15.62    46.68  
71   T0881TS077_3-D1     077s    57.18    100.00  71    N/A       N/A        0.64      0.64       37.87    N/A           20.03    32.34    5.053    5.807    202   2    0     0     54.46  84.16  N/A         N/A          0.67         0.67         84.16  63.388   1.98     23.86       20          185      2.4      3.72          0.47    40.84     0.45    0.43    0.76    0.71    0.85     48.50   6.58    74.50   55.27   0.80    1607.50    19.73    39.62  
72   T0881TS251_2-D1     251s    57.05    100.00  72    N/A       N/A        0.63      0.63       36.63    N/A           18.45    30.09    4.684    5.543    202   2    0     0     55.94  80.20  N/A         N/A          0.73         0.73         80.20  57.47    2.13     23.70       17.3        185      2.8      1.57          0.47    42.82     0.48    0.47    0.83    0.61    0.86     74.90   6.47    80.22   61.41   0.78    1407.60    12.44    77.02  
73   T0881TS345_3-D1     345s    57.05    100.00  72    N/A       N/A        0.63      0.63       36.39    N/A           18.07    26.11    4.337    5.256    202   1    0     0     48.02  82.67  N/A         N/A          0.42         0.42         82.67  61.26    1.90     25.08       20.5        189      2.7      3.08          0.45    43.81     0.48    0.52    0.85    0.52    0.87     75.80   6.58    83.40   60.92   0.80    1637.80    12.47    82.63  
74   T0881TS258_1-D1     258s    56.81    100.00  74    0.43      0.43       0.62      0.62       35.64    0.27          15.26    24.80    4.287    5.283    202   0    0     0     49.50  86.14  0.30        0.30         0.48         0.48         86.14  62.518   1.95     25.39       21          191      2.7      3.83          0.47    42.82     0.46    0.50    0.85    0.52    0.87     76.20   6.58    83.17   59.87   0.81    1677.60    12.37    41.65  
75   T0881TS220_2-D1     220s    56.81    100.00  74    N/A       N/A        0.62      0.62       38.12    N/A           22.25    32.52    4.967    5.616    202   1    0     0     53.96  85.15  N/A         N/A          0.65         0.65         85.15  62.357   2.07     22.17       19.3        187      2.5      2.17          0.47    45.05     0.50    0.47    0.81    0.60    0.85     56.40   6.47    75.82   56.65   0.79    1553.50    14.89    48.13  
76   T0881TS313_2-D1     313s    56.68    100.00  76    N/A       N/A        0.62      0.62       38.74    N/A           21.75    31.54    5.168    5.835    202   0    0     0     55.94  83.17  N/A         N/A          0.73         0.73         83.17  63.453   2.02     22.63       19.7        185      2.5      2.67          0.47    41.58     0.49    0.45    0.77    0.64    0.85     62.00   6.47    75.40   57.20   0.80    1580.80    18.19    43.18  
77   T0881TS077_5-D1     077s    56.68    100.00  76    N/A       N/A        0.62      0.62       38.86    N/A           19.07    32.52    5.304    6        202   2    0     0     57.92  84.16  N/A         N/A          0.80         0.80         84.16  61.969   1.91     23.40       20.9        184      2.3      3.87          0.46    39.85     0.45    0.44    0.74    0.67    0.84     59.80   6.23    73.07   55.94   0.81    1667.60    20.88    40.58  
78   T0881TS258_2-D1     258s    56.56    100.00  78    N/A       N/A        0.61      0.61       35.52    N/A           14.39    26.83    4.3      5.244    202   0    0     0     48.51  86.63  N/A         N/A          0.44         0.44         86.63  61.36    1.99     25.23       21          191      2.7      4.04          0.46    43.81     0.45    0.50    0.85    0.54    0.87     73.60   6.58    83.14   59.91   0.81    1674.80    12.58    41.32  
79   T0881TS430_2-D1     430s    56.44    100.00  79    N/A       N/A        0.61      0.61       37.99    N/A           20.65    32.45    4.947    5.595    202   1    0     0     52.97  84.16  N/A         N/A          0.61         0.61         84.16  61.817   2.09     22.63       19.5        187      2.5      2.50          0.47    43.56     0.49    0.46    0.81    0.61    0.85     54.50   6.47    75.78   56.88   0.79    1565.80    14.77    47.88  
80   T0881TS313_4-D1     313s    56.44    100.00  79    N/A       N/A        0.61      0.61       38.61    N/A           20.82    31.26    5.183    5.868    202   0    0     0     55.94  82.18  N/A         N/A          0.73         0.73         82.18  63.724   2.04     22.79       19.7        184      2.4      2.49          0.46    40.35     0.49    0.45    0.77    0.65    0.85     63.80   6.47    75.51   57.28   0.79    1581.70    18.38    43.23  
81   T0881TS313_1-D1     313s    56.31    100.00  81    0.41      0.41       0.60      0.60       37.99    0.44          20.49    30.68    5.171    5.873    202   0    0     0     54.95  84.16  0.55        0.55         0.69         0.69         84.16  61.921   2.01     22.02       19.6        184      2.4      2.36          0.46    40.35     0.49    0.45    0.77    0.65    0.85     62.00   6.47    75.57   57.41   0.79    1575.10    18.32    43.28  
82   T0881TS380_1-D1     380s    56.31    100.00  81    0.41      0.41       0.60      0.60       36.14    0.31          17.45    24.70    4.448    5.368    202   2    0     0     48.51  83.66  0.25        0.25         0.44         0.44         83.66  61.39    1.96     25.08       20.6        190      2.8      3.88          0.48    41.83     0.47    0.50    0.85    0.50    0.86     66.90   6.70    82.66   59.49   0.80    1650.10    13.57    N/A    
83   T0881TS026_1-D1     026s    56.31    100.00  81    0.41      0.41       0.60      0.60       36.14    0.31          17.45    24.70    4.448    5.368    202   2    0     0     48.51  83.66  0.25        0.25         0.44         0.44         83.66  61.39    1.96     25.08       20.6        190      2.8      3.88          0.48    41.83     0.47    0.50    0.85    0.50    0.86     66.90   6.70    82.66   59.49   0.80    1650.10    13.57    N/A    
84   T0881TS026_2-D1     026s    56.31    100.00  81    N/A       N/A        0.60      0.60       36.14    N/A           17.45    24.70    4.448    5.368    202   2    0     0     48.51  83.66  N/A         N/A          0.44         0.44         83.66  61.39    1.96     25.08       20.6        190      2.8      3.88          0.48    41.83     0.47    0.50    0.85    0.50    0.86     66.90   6.70    82.66   59.49   0.80    1650.10    13.57    N/A    
85   T0881TS275_3-D1     275s    56.31    100.00  81    N/A       N/A        0.60      0.60       37.50    N/A           19.25    29.00    5.193    5.959    202   4    0     0     51.98  80.69  N/A         N/A          0.57         0.57         80.69  59.68    2.12     22.02       18.3        184      2.7      3.20          0.45    37.38     0.47    0.43    0.74    0.67    0.84     67.90   6.47    76.07   56.15   0.78    1479.20    19.63    N/A    
86   T0881TS380_2-D1     380s    56.31    100.00  81    N/A       N/A        0.60      0.60       36.14    N/A           17.45    24.70    4.448    5.368    202   2    0     0     48.51  83.66  N/A         N/A          0.44         0.44         83.66  61.39    1.96     25.08       20.6        190      2.8      3.88          0.48    41.83     0.47    0.50    0.85    0.50    0.86     66.90   6.70    82.66   59.49   0.80    1650.10    13.57    N/A    
87   T0881TS258_4-D1     258s    56.19    100.00  87    N/A       N/A        0.60      0.60       35.15    N/A           15.80    26.82    4.283    5.313    202   1    0     0     48.51  85.15  N/A         N/A          0.44         0.44         85.15  60.045   2.06     25.39       20.7        191      2.7      3.71          0.47    41.34     0.45    0.50    0.85    0.53    0.87     75.70   6.58    82.73   59.86   0.81    1654.30    12.69    41.76  
88   T0881TS313_3-D1     313s    56.19    100.00  87    N/A       N/A        0.60      0.60       37.50    N/A           20.61    30.89    5.171    5.852    202   0    0     0     55.94  83.17  N/A         N/A          0.73         0.73         83.17  63.417   2.02     22.79       19.6        184      2.4      2.43          0.47    40.59     0.50    0.45    0.77    0.64    0.85     63.80   6.47    75.45   57.40   0.79    1578.50    18.39    43.27  
89   T0881TS313_5-D1     313s    56.19    100.00  87    N/A       N/A        0.60      0.60       37.87    N/A           19.47    30.36    5.164    5.851    202   0    0     0     55.45  83.17  N/A         N/A          0.71         0.71         83.17  61.779   2.10     22.63       19.5        184      2.4      2.34          0.46    40.84     0.49    0.45    0.77    0.65    0.85     62.00   6.47    75.42   57.05   0.79    1564.40    18.32    43.46  
90   T0881TS258_5-D1     258s    56.19    100.00  87    N/A       N/A        0.60      0.60       35.27    N/A           16.83    26.79    4.318    5.295    202   1    0     0     47.52  84.65  N/A         N/A          0.40         0.40         84.65  61.845   1.95     25.23       20.9        191      2.7      3.92          0.47    41.83     0.45    0.50    0.85    0.53    0.87     74.00   6.70    83.18   59.67   0.81    1667.70    12.88    41.24  
91   T0881TS258_3-D1     258s    55.82    100.00  91    N/A       N/A        0.58      0.58       34.41    N/A           15.54    26.94    4.308    5.244    202   0    0     0     49.50  86.63  N/A         N/A          0.48         0.48         86.63  61.267   2.02     25.08       20.5        188      2.7      3.77          0.47    42.57     0.45    0.50    0.85    0.52    0.87     71.80   6.70    83.10   59.65   0.80    1641.30    12.40    41.48  
92   T0881TS119_1-D1     119s    55.69    100.00  92    0.38      0.38       0.57      0.57       37.99    0.44          19.68    30.94    5.233    5.936    202   10   0     0     53.47  81.68  0.48        0.48         0.63         0.63         82.67  61.035   2.06     22.63       19.7        183      2.4      4.10          0.42    39.60     0.47    0.45    0.76    0.66    0.84     62.60   6.47    75.41   56.93   0.79    1585.60    22.24    61.32  
93   T0881TS444_4-D1     444s    55.69    100.00  92    N/A       N/A        0.57      0.57       34.90    N/A           18.40    28.51    4.814    5.62     202   1    0     0     51.49  79.70  N/A         N/A          0.55         0.55         79.70  56.583   2.05     24.32       18.7        185      2.9      3.54          0.48    44.55     0.50    0.50    0.78    0.57    0.84     80.50   6.35    77.04   60.13   0.77    1506.30    17.02    42.83  
94   T0881TS275_1-D1     275s    55.69    100.00  92    0.38      0.38       0.57      0.57       37.50    0.41          16.70    29.23    5.353    6.112    202   2    0     0     50.00  81.68  0.32        0.32         0.50         0.50         81.68  60.264   2.18     21.41       18.3        183      2.6      3.12          0.44    36.63     0.45    0.42    0.73    0.71    0.84     57.60   6.35    75.45   55.83   0.77    1478.50    20.41    N/A    
95   T0881TS349_1-D1     349s    55.69    100.00  92    0.38      0.38       0.57      0.57       37.99    0.44          22.48    31.49    5.233    5.866    202   10   0     0     53.47  81.68  0.48        0.48         0.63         0.63         82.67  61.035   2.06     22.63       19.7        183      2.4      3.36          0.41    39.85     0.49    0.44    0.76    0.66    0.84     62.60   6.47    75.41   56.93   0.79    1585.60    22.24    61.32  
96   T0881TS444_3-D1     444s    55.32    100.00  96    N/A       N/A        0.56      0.56       33.79    N/A           21.12    28.67    4.67     5.56     202   3    0     0     51.49  77.72  N/A         N/A          0.55         0.55         77.72  53.351   2.12     23.25       17.8        187      3.1      3.65          0.46    44.55     0.47    0.51    0.83    0.56    0.85     63.60   6.47    80.54   59.51   0.75    1440.30    12.69    42.39  
97   T0881TS275_2-D1     275s    55.32    100.00  96    N/A       N/A        0.56      0.56       37.13    N/A           18.32    30.69    5.353    6.17     202   4    0     0     51.49  82.18  N/A         N/A          0.55         0.55         82.18  58.492   2.11     22.94       18.5        182      2.6      3.01          0.45    38.37     0.47    0.43    0.73    0.72    0.84     62.50   6.47    75.21   56.03   0.77    1496.10    19.91    N/A    
98   T0881TS357_4-D1     357s    55.20    100.00  98    N/A       N/A        0.55      0.55       36.63    N/A           17.09    26.98    5.295    6.03     202   1    0     0     52.97  81.68  N/A         N/A          0.61         0.61         82.67  57.993   2.07     22.17       18.9        180      2.4      4.96          0.42    34.90     0.41    0.41    0.73    0.72    0.84     32.60   6.47    75.55   56.99   0.78    1525.60    19.27    48.18  
99   T0881TS357_1-D1     357s    55.20    100.00  98    0.35      0.35       0.55      0.55       36.63    0.34          14.73    26.69    5.305    6.15     202   1    0     0     52.48  81.19  0.43        0.43         0.59         0.59         82.18  58.288   2.06     20.49       18.8        180      2.5      4.91          0.42    35.40     0.42    0.41    0.74    0.72    0.84     25.50   6.47    76.01   57.40   0.78    1518.40    19.36    45.82  
100  T0881TS357_3-D1     357s    55.07    100.00  100   N/A       N/A        0.55      0.55       36.63    N/A           13.13    26.36    5.266    6.174    202   1    0     0     52.48  81.68  N/A         N/A          0.59         0.59         82.67  58.194   2.01     22.48       18.9        184      2.6      4.90          0.42    32.92     0.40    0.40    0.75    0.72    0.84     28.00   6.47    75.66   57.30   0.78    1521.40    19.43    45.83  
101  T0881TS357_5-D1     357s    55.07    100.00  100   N/A       N/A        0.55      0.55       37.13    N/A           15.40    26.35    5.297    6.11     202   1    0     0     52.48  82.67  N/A         N/A          0.59         0.59         83.66  57.455   2.08     23.25       19          182      2.5      4.96          0.41    33.42     0.41    0.40    0.74    0.73    0.84     31.20   6.47    76.02   56.79   0.78    1531.00    19.53    46.68  
102  T0881TS357_2-D1     357s    55.07    100.00  100   N/A       N/A        0.55      0.55       36.88    N/A           14.30    25.87    5.256    6.113    202   0    0     0     51.98  81.68  N/A         N/A          0.57         0.57         82.67  58.017   2.03     23.09       18.9        182      2.5      4.88          0.41    34.65     0.40    0.41    0.75    0.70    0.84     23.90   6.47    75.63   57.68   0.78    1525.00    19.25    45.78  
103  T0881TS183_3-D1     183s    54.95    100.00  103   N/A       N/A        0.54      0.54       36.01    N/A           15.81    27.07    5.047    5.965    202   0    0     0     51.98  84.16  N/A         N/A          0.57         0.57         84.16  60.832   1.89     21.26       20.1        184      2.5      3.19          0.44    32.43     0.45    0.43    0.79    0.64    0.84     60.70   6.35    76.21   55.14   0.79    1613.20    15.83    70.79  
104  T0881TS359_1-D1     359s    54.95    100.00  103   0.34      0.34       0.54      0.54       35.89    0.29          18.98    28.69    4.802    5.674    202   10   0     0     48.02  82.67  0.23        0.23         0.42         0.42         83.17  58.617   1.91     24.01       19.1        185      2.6      3.82          0.45    38.12     0.47    0.45    0.79    0.70    0.84     80.50   6.58    76.58   58.73   0.79    1529.80    17.67    43.26  
105  T0881TS479_3-D1     479s    54.83    100.00  105   N/A       N/A        0.53      0.53       35.89    N/A           15.91    26.77    4.995    5.905    202   0    0     0     51.49  84.16  N/A         N/A          0.55         0.55         84.16  61.493   1.96     22.02       20.1        187      2.7      2.88          0.44    32.67     0.45    0.43    0.81    0.59    0.85     67.10   6.47    76.18   55.41   0.79    1612.50    15.15    71.07  
106  T0881TS359_2-D1     359s    54.70    100.00  106   N/A       N/A        0.53      0.53       35.27    N/A           19.06    27.10    4.89     5.77     202   5    0     0     49.01  81.19  N/A         N/A          0.46         0.46         81.68  58.106   1.99     23.86       18.7        186      2.8      3.68          0.45    36.63     0.46    0.45    0.79    0.69    0.84     77.10   6.47    73.59   58.07   0.79    1507.00    18.83    44.08  
107  T0881TS421_1-D1     421s    54.70    100.00  106   0.32      0.32       0.53      0.53       34.66    0.20          14.97    26.26    5.078    5.876    202   8    0     0     45.05  82.18  0.10        0.10         0.30         0.30         82.18  60.403   2.02     24.16       19.8        186      2.6      4.58          0.23    38.86     0.44    0.48    0.78    0.58    0.86     69.60   5.99    81.76   58.81   0.78    1586.30    15.34    N/A    
108  T0881TS359_3-D1     359s    54.70    100.00  106   N/A       N/A        0.53      0.53       35.27    N/A           19.06    27.10    4.89     5.77     202   5    0     0     49.01  81.19  N/A         N/A          0.46         0.46         81.68  58.106   1.99     23.86       18.7        186      2.8      3.68          0.45    36.63     0.46    0.45    0.79    0.69    0.84     77.10   6.47    73.59   58.07   0.79    1507.00    18.83    44.08  
109  T0881TS359_5-D1     359s    54.58    100.00  109   N/A       N/A        0.52      0.52       34.78    N/A           17.98    27.47    5.148    5.981    202   2    0     0     47.03  85.15  N/A         N/A          0.38         0.38         85.15  64.896   1.85     25.23       21.5        188      2.4      3.26          0.42    35.40     0.44    0.38    0.68    0.73    0.84     59.10   6.70    70.76   49.12   0.82    1715.30    29.18    43.51  
110  T0881TS479_5-D1     479s    54.08    100.00  110   N/A       N/A        0.50      0.50       32.43    N/A           14.92    25.09    4.531    5.808    202   0    0     0     47.52  88.61  N/A         N/A          0.40         0.40         88.61  59.498   2.08     25.23       20.1        189      2.4      3.06          0.42    34.41     0.43    0.39    0.78    0.69    0.85     47.30   6.70    77.13   51.14   0.81    1609.40    18.04    77.62  
111  T0881TS452_1-D1     452s    54.08    100.00  110   0.29      0.29       0.50      0.50       35.15    0.24          16.79    27.16    5.026    5.997    202   5    0     0     48.02  83.66  0.23        0.23         0.42         0.42         83.66  58.311   2.01     23.09       19.2        182      2.5      3.42          0.44    35.15     0.45    0.44    0.75    0.61    0.84     73.60   6.35    76.40   58.74   0.78    1542.70    19.31    69.03  
112  T0881TS251_1-D1     251s    53.71    100.00  112   0.27      0.27       0.48      0.48       32.67    0.05          16.97    26.64    5.033    5.87     202   2    0     0     49.50  82.67  0.30        0.30         0.48         0.48         82.67  55.806   2.13     24.16       17.7        187      2.6      1.73          0.44    38.12     0.48    0.43    0.79    0.68    0.85     66.60   6.35    75.46   57.31   0.78    1438.40    15.28    75.82  
113  T0881TS446_1-D1     446s    53.22    100.00  113   0.25      0.25       0.46      0.46       36.76    0.35          20.44    30.09    7.985    8.656    202   1    0     0     51.49  72.77  0.39        0.39         0.55         0.55         80.69  60.209   2.00     20.19       18          183      2.7      1.18          0.44    31.68     0.48    0.42    0.65    0.76    0.77     67.80   6.23    76.37   55.18   0.77    1455.00    30.36    69.72  
114  T0881TS183_4-D1     183s    52.72    100.00  114   N/A       N/A        0.44      0.44       30.94    N/A           11.40    23.03    4.457    5.684    202   0    0     0     45.54  83.66  N/A         N/A          0.32         0.32         83.66  54.353   2.23     25.54       18.5        193      2.6      3.36          0.43    35.15     0.44    0.41    0.80    0.70    0.85     50.00   6.70    77.70   52.35   0.80    1494.00    16.64    80.06  
115  T0881TS446_2-D1     446s    52.10    100.00  115   N/A       N/A        0.41      0.41       35.27    N/A           16.54    27.53    8.441    9.168    202   1    0     0     50.00  69.31  N/A         N/A          0.50         0.50         77.23  56.619   2.03     19.42       17.6        183      3        1.50          0.43    30.20     0.47    0.40    0.63    0.80    0.76     74.40   6.11    75.96   55.63   0.75    1432.80    31.81    69.61  
116  T0881TS444_2-D1     444s    52.10    100.00  115   N/A       N/A        0.41      0.41       32.18    N/A           17.37    25.39    7.285    7.871    202   0    0     0     49.01  75.74  N/A         N/A          0.46         0.46         75.74  51.24    2.20     21.87       15.6        173      2.9      3.66          0.43    31.68     0.45    0.43    0.64    0.81    0.78     58.30   6.35    70.89   51.88   0.71    1284.00    43.55    46.38  
117  T0881TS464_1-D1     464s    51.98    100.00  117   0.19      0.19       0.41      0.41       33.79    0.14          16.18    25.58    7.388    8.121    202   10   0     0     45.54  76.24  0.12        0.12         0.32         0.32         76.24  58.357   2.08     22.33       16.2        172      2.5      4.33          0.44    29.95     0.43    0.41    0.51    0.93    0.77     43.90   6.47    63.35   50.46   0.75    1325.80    46.93    46.36  
118  T0881TS464_4-D1     464s    51.98    100.00  117   N/A       N/A        0.41      0.41       33.41    N/A           14.86    24.95    5.981    6.684    202   7    0     0     45.54  76.73  N/A         N/A          0.32         0.32         76.73  57.434   2.04     22.48       16.2        173      2.6      4.35          0.44    30.94     0.43    0.40    0.64    0.85    0.80     39.90   6.47    65.03   50.59   0.75    1324.80    24.75    46.42  
119  T0881TS464_3-D1     464s    51.98    100.00  117   N/A       N/A        0.41      0.41       33.79    N/A           16.18    25.58    7.388    8.121    202   10   0     0     45.54  76.24  N/A         N/A          0.32         0.32         76.24  58.357   2.08     22.33       16.2        172      2.5      4.33          0.44    29.95     0.43    0.41    0.51    0.93    0.77     43.90   6.47    63.35   50.46   0.75    1325.80    46.93    46.36  
120  T0881TS251_3-D1     251s    51.86    100.00  120   N/A       N/A        0.40      0.40       31.68    N/A           16.71    26.43    5.183    6.046    202   2    0     0     49.50  81.68  N/A         N/A          0.48         0.48         81.68  54.971   2.15     22.79       17.8        189      2.9      1.68          0.43    36.39     0.46    0.41    0.78    0.69    0.84     80.40   6.58    75.22   57.25   0.78    1445.20    15.61    75.57  
121  T0881TS444_5-D1     444s    50.87    100.00  121   N/A       N/A        0.36      0.36       31.07    N/A           15.88    24.47    7.799    8.463    202   0    0     0     45.05  72.77  N/A         N/A          0.30         0.30         72.77  49.248   2.22     21.26       15.2        174      3.1      3.66          0.44    30.20     0.45    0.42    0.61    0.79    0.78     53.60   6.11    70.06   51.79   0.70    1255.70    52.85    47.99  
122  T0881TS444_1-D1     444s    50.37    100.00  122   0.10      0.10       0.34      0.34       29.82    -0.15         15.67    24.77    8.512    9.177    202   0    0     0     46.04  74.75  0.14        0.14         0.34         0.34         74.75  50.127   2.28     22.94       15.1        173      2.9      3.78          0.44    30.69     0.44    0.44    0.52    0.79    0.77     52.70   5.99    69.50   51.53   0.71    1250.50    68.15    46.60  
123  T0881TS467_3-D1     467s    49.75    100.00  123   N/A       N/A        0.31      0.31       27.35    N/A           13.38    22.42    4.84     5.865    202   0    0     0     42.08  85.15  N/A         N/A          0.19         0.19         85.15  58.64    2.14     25.08       19.4        190      2.5      1.54          0.42    32.92     0.44    0.40    0.76    0.69    0.83     56.30   6.70    74.69   51.55   0.80    1563.00    19.56    56.68  
124  T0881TS467_2-D1     467s    49.63    100.00  124   N/A       N/A        0.30      0.30       31.07    N/A           16.44    25.79    6.736    7.457    202   1    0     0     49.01  67.82  N/A         N/A          0.46         0.46         74.26  51.56    2.20     20.03       14.9        172      3.1      1.43          0.43    33.66     0.46    0.42    0.74    0.76    0.80     73.80   5.99    77.49   55.68   0.71    1230.80    19.55    56.61  
125  T0881TS016_1-D1     016s    49.63    100.00  124   0.07      0.07       0.30      0.30       31.93    0.00          16.83    24.02    6.294    7.045    202   0    0     0     43.07  84.65  0.01        0.01         0.23         0.23         84.65  60.435   1.87     23.55       20          181      2.2      3.46          0.40    23.76     0.43    0.33    0.59    0.89    0.81     59.40   6.70    64.69   45.49   0.80    1606.70    40.20    49.27  
126  T0881TS495_2-D1     495s    49.13    100.00  126   N/A       N/A        0.28      0.28       32.80    N/A           16.48    26.36    12.912   13.08    202   0    0     0     45.05  73.76  N/A         N/A          0.30         0.30         73.76  54.731   2.04     20.49       15          166      2.8      2.25          0.39    20.30     0.43    0.34    0.35    1.15    0.68     40.20   6.35    56.90   45.75   0.69    1236.30    174.65   76.74  
127  T0881TS467_4-D1     467s    48.89    100.00  127   N/A       N/A        0.27      0.27       30.32    N/A           17.16    25.54    6.536    7.171    202   1    0     0     43.07  78.71  N/A         N/A          0.23         0.23         83.66  58.16    2.16     21.72       16.1        176      2.5      1.88          0.41    25.50     0.44    0.37    0.65    0.74    0.81     61.20   6.11    71.12   47.43   0.75    1321.10    27.30    57.41  
128  T0881TS166_1-D1     166s    46.66    95.05   128   -0.09     -0.09      0.17      0.17       28.96    -0.22         15.50    22.33    5.704    6.557    192   2    0     0     41.09  82.18  -0.08       -0.08        0.15         0.15         82.18  60.226   2.03     23.34       19          177      2.3      3.32          0.38    28.96     0.42    0.33    0.58    0.85    0.81     49.90   6.35    61.65   43.41   0.77    1503.20    29.21    49.33  
129  T0881TS345_5-D1     345s    35.64    100.00  129   N/A       N/A        -0.32     -0.32      24.88    N/A           13.25    19.05    16.282   16.579   202   3    0     0     34.16  46.04  N/A         N/A          -0.12        -0.12        50.00  36.976   2.21     12.09       6.2         107      2.8      3.18          0.26    19.80     0.43    0.26    0.06    1.66    0.58     73.90   5.33    47.59   46.55   0.48    554.30     175.77   84.18  
130  T0881TS005_5-D1     005s    17.33    100.00  130   N/A       N/A        -1.14     -1.14      10.40    N/A           4.70     7.34     21.172   21.146   202   0    0     0     0.00   15.84  N/A         N/A          -1.45        -1.45        35.64  25.031   2.46     3.07        2.7         92       4.2      1.53          0.20    6.93      0.36    0.10    -0.01   1.90    0.49     58.20   2.30    38.85   27.95   0.38    346.00     173.16   82.85  
131  T0881TS180_4-D1     180s    15.59    100.00  131   N/A       N/A        -1.21     -1.21      8.54     N/A           2.52     4.10     25.18    25.605   202   0    0     0     6.93   17.82  N/A         N/A          -1.18        -1.18        27.23  19.446   2.30     1.84        0.8         72       5.3      2.98          0.14    6.19      0.33    0.09    -0.03   2.33    0.56     40.40   2.58    32.09   23.70   0.28    198.60     829.28   28.78  
132  T0881TS180_3-D1     180s    14.48    100.00  132   N/A       N/A        -1.26     -1.26      7.92     N/A           2.07     4.27     23.689   23.782   202   0    0     0     0.00   0.00   N/A         N/A          -1.45        -1.45        24.75  17.663   2.43     0.77        0.5         62       4.6      3.01          0.14    4.70      0.33    0.07    -0.03   2.18    0.54     45.50   2.30    32.29   23.48   0.29    183.80     660.78   27.70  
133  T0881TS434_1-D1     434s    14.11    100.00  133   -1.75     -1.75      -1.28     -1.28      7.68     -1.77         1.65     3.48     17.923   18.295   202   0    0     0     0.50   0.00   -1.92       -1.92        -1.43        -1.43        20.79  11.447   2.86     2.00        0           0        N/A      2.67          0.16    5.20      0.33    0.06    0.07    2.17    0.53     18.80   1.24    31.02   23.51   0.26    N/A        201.27   79.49  
134  T0881TS451_5-D1     451s    13.98    100.00  134   N/A       N/A        -1.29     -1.29      7.92     N/A           1.87     4.53     20.623   20.893   202   3    0     0     9.90   10.89  N/A         N/A          -1.06        -1.06        25.74  17.67    2.47     1.08        0.3         69       7.4      2.71          0.20    4.21      0.34    0.10    0.09    2.15    0.50     38.30   2.58    42.05   28.80   0.25    157.30     230.80   N/A    
135  T0881TS321_2-D1     321s    13.86    100.00  135   N/A       N/A        -1.29     -1.29      8.05     N/A           2.28     4.94     26.95    27.179   202   5    0     0     0.00   0.00   N/A         N/A          -1.45        -1.45        18.32  14.338   2.18     0.62        0.4         53       5        3.29          0.15    5.45      0.34    0.10    0.03    2.44    0.51     49.90   2.58    30.59   27.51   0.22    134.10     673.81   22.65  
136  T0881TS407_2-D1     407s    13.37    100.00  136   N/A       N/A        -1.31     -1.31      6.93     N/A           1.89     4.17     20.463   20.913   202   1    0     0     0.00   13.86  N/A         N/A          -1.45        -1.45        22.28  15.281   2.65     1.54        0.3         40       2.5      3.79          0.16    3.96      0.32    0.01    -0.19   2.42    0.50     32.64   2.30    26.28   23.00   0.28    106.80     292.41   86.44  
137  T0881TS321_3-D1     321s    13.24    100.00  137   N/A       N/A        -1.32     -1.32      7.67     N/A           2.05     3.77     22.144   22.492   202   7    0     0     0.50   2.48   N/A         N/A          -1.43        -1.43        18.81  14.012   2.81     1.23        0.2         38       3.1      3.34          0.13    4.70      0.33    0.08    -0.02   2.45    0.51     49.00   1.64    29.88   26.27   0.22    99.50      349.28   24.57  
138  T0881TS451_4-D1     451s    13.12    100.00  138   N/A       N/A        -1.32     -1.32      7.18     N/A           0.89     3.03     20.556   20.78    202   2    0     0     0.00   0.00   N/A         N/A          -1.45        -1.45        19.31  12.251   2.39     1.54        0           0        N/A      2.71          0.19    4.46      0.32    0.09    0.08    2.12    0.49     15.00   2.30    41.31   27.58   0.24    N/A        221.97   N/A    
139  T0881TS432_3-D1     432s    13.12    100.00  138   N/A       N/A        -1.32     -1.32      8.66     N/A           4.04     6.64     20.33    20.529   202   1    0     0     0.00   1.98   N/A         N/A          -1.45        -1.45        19.31  10.01    2.80     2.15        0           0        N/A      1.19          0.19    4.46      0.36    0.08    0.01    2.10    0.51     40.50   1.24    33.92   28.10   0.30    N/A        227.07   N/A    
140  T0881TS432_4-D1     432s    12.99    100.00  140   N/A       N/A        -1.33     -1.33      6.44     N/A           2.25     3.43     20.278   20.518   202   0    0     0     5.94   14.36  N/A         N/A          -1.22        -1.22        22.28  14.775   2.74     1.38        0.6         34       2.1      1.14          0.17    3.71      0.35    0.07    0.02    2.26    0.51     46.40   3.29    33.24   24.59   0.26    98.40      247.82   N/A    
141  T0881TS451_1-D1     451s    12.87    100.00  141   -1.81     -1.81      -1.34     -1.34      6.93     -1.82         1.38     3.80     19.795   20.261   202   2    0     0     5.45   7.43   -1.69       -1.69        -1.24        -1.24        18.81  13.197   2.55     0.93        0           0        N/A      2.76          0.18    4.46      0.34    0.09    0.07    2.19    0.51     28.30   2.58    41.32   27.41   0.24    N/A        238.95   N/A    
142  T0881TS451_2-D1     451s    12.75    100.00  142   N/A       N/A        -1.34     -1.34      7.43     N/A           0.47     3.54     20.159   20.705   202   2    0     0     0.00   3.47   N/A         N/A          -1.45        -1.45        24.26  16.434   2.83     1.38        0           0        N/A      2.64          0.19    5.20      0.35    0.11    0.07    2.14    0.50     28.80   2.58    40.23   27.24   0.25    N/A        242.36   N/A    
143  T0881TS451_3-D1     451s    12.62    100.00  143   N/A       N/A        -1.35     -1.35      7.80     N/A           1.52     3.69     19.828   20.286   202   5    0     0     2.48   3.96   N/A         N/A          -1.35        -1.35        23.27  15.8     2.54     1.69        0.4         73       4.4      2.42          0.19    4.70      0.34    0.09    0.10    2.04    0.49     33.00   2.30    40.47   27.30   0.29    179.70     222.46   N/A    
144  T0881TS321_4-D1     321s    12.38    100.00  144   N/A       N/A        -1.36     -1.36      8.17     N/A           2.21     4.72     32.678   33.345   202   12   0     0     0.00   0.00   N/A         N/A          -1.45        -1.45        19.31  14.195   2.45     1.23        0.6         51       4.8      3.48          0.13    4.21      0.34    0.08    -0.07   2.45    0.49     53.00   3.29    25.63   26.37   0.22    125.50     1232.54  23.10  
145  T0881TS407_3-D1     407s    12.13    100.00  145   N/A       N/A        -1.37     -1.37      6.68     N/A           0.65     3.01     21.526   22.027   202   4    0     0     0.50   3.96   N/A         N/A          -1.43        -1.43        24.26  15.28    2.76     1.54        0           0        N/A      3.86          0.17    3.96      0.33    0.04    -0.12   2.06    0.48     17.31   1.64    28.55   23.56   0.28    N/A        224.71   88.29  
146  T0881TS452_5-D1     452s    12.01    100.00  146   N/A       N/A        -1.37     -1.37      6.44     N/A           1.17     3.06     18.311   18.714   202   10   0     0     0.00   2.48   N/A         N/A          -1.45        -1.45        22.28  15.201   2.58     0.77        0           0        N/A      4.06          0.14    5.45      0.33    0.06    -0.03   2.42    0.51     42.60   2.30    28.18   27.06   0.29    N/A        133.07   25.60  
147  T0881TS446_5-D1     446s    12.01    100.00  146   N/A       N/A        -1.37     -1.37      7.06     N/A           2.84     4.86     20.072   20.226   202   0    0     0     0.00   1.98   N/A         N/A          -1.45        -1.45        27.72  18.522   2.62     1.08        1.2         46       4.1      1.48          0.16    5.69      0.34    0.04    -0.03   2.35    0.53     54.60   2.58    32.82   24.51   0.30    132.70     241.83   31.17  
148  T0881TS432_1-D1     432s    12.01    100.00  146   -1.86     -1.86      -1.37     -1.37      7.43     -1.79         1.77     4.21     20.141   20.438   202   0    0     0     0.00   0.50   -1.94       -1.94        -1.45        -1.45        21.29  14.395   2.62     1.23        0           0        N/A      0.81          0.19    5.20      0.36    0.11    0.08    2.14    0.50     43.20   1.64    36.72   28.04   0.27    N/A        206.50   N/A    
149  T0881TS180_2-D1     180s    11.88    100.00  149   N/A       N/A        -1.38     -1.38      6.44     N/A           1.37     2.71     17.572   18.238   202   1    0     0     0.99   7.92   N/A         N/A          -1.41        -1.41        25.74  16.541   2.79     1.08        0           0        N/A      3.21          0.15    3.96      0.33    0.08    0.06    2.01    0.53     39.30   2.30    35.80   26.32   0.31    N/A        169.59   22.99  
150  T0881TS321_1-D1     321s    11.88    100.00  149   -1.86     -1.86      -1.38     -1.38      7.30     -1.80         1.30     3.40     27.531   28.096   202   6    0     0     0.00   0.00   -1.94       -1.94        -1.45        -1.45        17.33  10.005   3.09     1.54        0.1         52       6.1      3.15          0.14    6.19      0.34    0.12    0.05    2.43    0.48     54.70   2.83    30.24   28.39   0.23    140.70     639.01   22.41  
151  T0881TS180_1-D1     180s    11.88    100.00  149   -1.86     -1.86      -1.38     -1.38      5.94     -1.89         0.55     1.85     20.683   20.99    202   6    0     0     0.50   2.48   -1.92       -1.92        -1.43        -1.43        25.74  17.822   2.35     0.31        0.1         31       2.5      3.28          0.13    3.71      0.32    0.03    -0.10   2.16    0.49     48.30   2.30    28.58   23.02   0.27    83.40      196.24   21.85  
152  T0881TS407_4-D1     407s    11.63    100.00  152   N/A       N/A        -1.39     -1.39      6.44     N/A           0.65     3.18     21.491   22.032   202   2    0     0     0.00   0.00   N/A         N/A          -1.45        -1.45        25.25  16.366   2.51     1.38        0           0        N/A      4.01          0.17    3.22      0.32    0.01    -0.15   2.34    0.49     25.47   1.24    27.34   22.80   0.25    N/A        284.11   87.48  
153  T0881TS026_3-D1     026s    11.39    100.00  153   N/A       N/A        -1.40     -1.40      5.45     N/A           0.87     2.91     17.661   18.183   202   2    0     0     0.50   8.42   N/A         N/A          -1.43        -1.43        18.81  12.363   2.63     2.45        0.3         40       3.8      4.08          0.19    6.68      0.35    0.08    0.06    2.00    0.53     53.20   1.64    30.82   26.59   0.30    95.50      160.65   N/A    
154  T0881TS421_5-D1     421s    11.39    82.67   153   N/A       N/A        -1.40     -1.40      6.56     N/A           0.96     2.61     22.389   22.708   167   14   0     0     0.00   0.00   N/A         N/A          -1.45        -1.45        20.79  15.599   2.18     0.96        0.1         53       5        4.69          0.06    4.46      0.26    0.02    -0.12   2.40    0.51     35.80   3.07    18.17   16.02   0.27    126.60     469.27   N/A    
155  T0881TS380_3-D1     380s    11.39    100.00  153   N/A       N/A        -1.40     -1.40      5.45     N/A           0.87     2.91     17.661   18.183   202   2    0     0     0.50   8.42   N/A         N/A          -1.43        -1.43        18.81  12.363   2.63     2.45        0.3         40       3.8      4.08          0.19    6.68      0.35    0.08    0.06    2.00    0.53     53.20   1.64    30.82   26.59   0.30    95.50      160.65   N/A    
156  T0881TS434_2-D1     434s    11.26    100.00  156   N/A       N/A        -1.41     -1.41      6.69     N/A           2.27     4.03     21.707   22.114   202   0    0     0     0.00   1.49   N/A         N/A          -1.45        -1.45        17.82  9.918    2.71     1.08        0           0        N/A      2.52          0.15    4.70      0.34    0.05    -0.03   2.51    0.50     21.20   1.64    31.05   23.48   0.25    N/A        321.62   79.72  
157  T0881TS407_5-D1     407s    10.89    100.00  157   N/A       N/A        -1.42     -1.42      6.07     N/A           0.73     2.81     20.89    21.354   202   6    0     0     0.00   8.91   N/A         N/A          -1.45        -1.45        24.26  14.554   2.53     2.15        0           0        N/A      4.11          0.17    2.48      0.31    0.01    -0.20   2.48    0.50     21.29   1.64    27.27   21.89   0.29    N/A        287.28   89.13  
158  T0881TS407_1-D1     407s    10.89    100.00  157   -1.91     -1.91      -1.42     -1.42      6.44     -1.86         1.24     3.28     20.763   21.363   202   1    0     0     6.93   11.88  -1.63       -1.63        -1.18        -1.18        23.76  16.709   2.64     2.30        0.1         65       4.1      4.09          0.17    3.47      0.31    0.01    -0.13   2.24    0.50     24.18   1.64    26.35   22.28   0.29    159.90     239.74   88.70  
159  T0881TS432_5-D1     432s    10.89    100.00  157   N/A       N/A        -1.42     -1.42      6.31     N/A           2.30     2.69     22.18    22.515   202   0    0     0     0.00   0.00   N/A         N/A          -1.45        -1.45        18.32  12.925   2.37     0.62        0           0        N/A      1.48          0.18    3.96      0.35    0.06    -0.01   2.26    0.48     41.80   1.99    31.28   25.00   0.23    N/A        236.96   N/A    
160  T0881TS284_1-D1     284s    10.77    100.00  160   -1.92     -1.92      -1.43     -1.43      6.31     -1.87         0.91     3.34     18.092   18.807   202   0    0     0     0.00   0.50   -1.94       -1.94        -1.45        -1.45        26.24  14.873   2.47     2.00        0.6         73       4.8      3.56          0.16    5.20      0.32    0.01    -0.10   2.31    0.52     40.70   1.24    27.25   22.95   0.30    191.40     225.22   86.00  
161  T0881TS180_5-D1     180s    10.77    100.00  160   N/A       N/A        -1.43     -1.43      4.95     N/A           0.66     1.66     18.733   19.111   202   3    0     0     0.00   0.50   N/A         N/A          -1.45        -1.45        23.76  14.91    2.56     0.77        0           0        N/A      3.83          0.12    4.95      0.32    0.11    0.14    1.89    0.50     15.90   1.99    27.06   26.82   0.26    N/A        153.58   23.25  
162  T0881TS434_3-D1     434s    10.77    100.00  160   N/A       N/A        -1.43     -1.43      5.82     N/A           1.23     2.72     19.811   20.209   202   0    0     0     0.00   4.95   N/A         N/A          -1.45        -1.45        22.28  14.805   2.81     -0.45       0           0        N/A      2.90          0.16    4.70      0.34    0.07    0.08    2.21    0.49     12.60   1.64    31.77   24.67   0.26    N/A        207.86   80.32  
163  T0881TS026_4-D1     026s    10.64    100.00  163   N/A       N/A        -1.43     -1.43      5.08     N/A           0.37     2.03     17.901   18.331   202   2    0     0     1.98   15.35  N/A         N/A          -1.37        -1.37        25.74  12.709   2.68     1.23        0.4         59       5.7      4.27          0.19    6.44      0.33    0.06    -0.01   2.10    0.53     54.10   1.64    27.62   24.70   0.32    124.70     171.93   N/A    
164  T0881TS380_5-D1     380s    10.64    100.00  163   N/A       N/A        -1.43     -1.43      5.08     N/A           0.37     2.03     17.901   18.331   202   2    0     0     1.98   15.35  N/A         N/A          -1.37        -1.37        25.74  12.709   2.68     1.23        0.4         59       5.7      4.27          0.19    6.44      0.33    0.06    -0.01   2.10    0.53     54.10   1.64    27.62   24.70   0.32    124.70     171.93   N/A    
165  T0881TS380_4-D1     380s    10.64    100.00  163   N/A       N/A        -1.43     -1.43      5.08     N/A           0.37     2.03     17.901   18.331   202   2    0     0     1.98   15.35  N/A         N/A          -1.37        -1.37        25.74  12.709   2.68     1.23        0.4         59       5.7      4.27          0.19    6.44      0.33    0.06    -0.01   2.10    0.53     54.10   1.64    27.62   24.70   0.32    124.70     171.93   N/A    
166  T0881TS284_4-D1     284s    10.64    100.00  163   N/A       N/A        -1.43     -1.43      5.33     N/A           1.64     3.02     19.876   20.483   202   3    0     0     0.50   0.00   N/A         N/A          -1.43        -1.43        22.77  14.856   2.49     -0.14       0           0        N/A      3.81          0.18    3.47      0.32    0.04    -0.16   2.15    0.50     35.00   1.99    25.82   22.68   0.26    N/A        385.59   85.64  
167  T0881TS026_5-D1     026s    10.64    100.00  163   N/A       N/A        -1.43     -1.43      5.08     N/A           0.37     2.03     17.901   18.331   202   2    0     0     1.98   15.35  N/A         N/A          -1.37        -1.37        25.74  12.709   2.68     1.23        0.4         59       5.7      4.27          0.19    6.44      0.33    0.06    -0.01   2.10    0.53     54.10   1.64    27.62   24.70   0.32    124.70     171.93   N/A    
168  T0881TS421_3-D1     421s    10.64    81.19   163   N/A       N/A        -1.43     -1.43      5.95     N/A           1.43     3.31     19.176   19.34    164   3    0     0     0.00   0.00   N/A         N/A          -1.45        -1.45        20.79  16.153   2.11     -0.01       0           0        N/A      4.69          0.06    5.69      0.25    0.05    0.00    2.44    0.50     43.76   1.64    22.21   16.44   0.26    N/A        93.27    N/A    
169  T0881TS432_2-D1     432s    10.52    100.00  169   N/A       N/A        -1.44     -1.44      6.44     N/A           1.71     2.66     21.533   21.514   202   0    0     0     0.50   0.99   N/A         N/A          -1.43        -1.43        18.32  12.91    2.48     0.62        0           0        N/A      1.39          0.18    3.96      0.36    0.09    0.03    2.23    0.49     44.60   1.99    31.35   26.29   0.26    N/A        319.24   N/A    
170  T0881TS434_4-D1     434s    10.52    100.00  169   N/A       N/A        -1.44     -1.44      5.57     N/A           0.87     3.17     23.049   23.347   202   0    0     0     0.50   4.95   N/A         N/A          -1.43        -1.43        21.78  13.912   2.90     1.08        0           0        N/A      2.79          0.14    4.46      0.32    0.06    -0.01   2.35    0.51     13.90   1.24    30.77   23.99   0.28    N/A        308.80   81.17  
171  T0881TS321_5-D1     321s    10.40    100.00  171   N/A       N/A        -1.45     -1.45      6.56     N/A           0.87     3.09     25.808   26.281   202   3    0     0     0.00   1.49   N/A         N/A          -1.45        -1.45        17.82  13.494   2.28     0.16        0.1         39       2.8      3.34          0.13    4.95      0.34    0.10    -0.03   2.28    0.53     46.00   2.30    26.14   27.66   0.22    110.00     735.69   21.25  
172  T0881TS452_3-D1     452s    10.15    100.00  172   N/A       N/A        -1.46     -1.46      6.07     N/A           1.80     3.45     19.6     20.076   202   3    0     0     0.99   1.98   N/A         N/A          -1.41        -1.41        23.27  15.905   2.74     0.62        0.1         54       8.6      3.61          0.18    6.19      0.33    0.07    -0.04   2.16    0.50     44.30   1.99    24.00   26.13   0.26    122.10     187.03   23.45  
173  T0881TS028_3-D1     028s    10.03    94.55   173   N/A       N/A        -1.46     -1.46      5.94     N/A           2.42     2.41     24.03    24.203   191   4    0     0     0.00   3.47   N/A         N/A          -1.45        -1.45        18.81  13.139   2.70     0.51        0.5         47       6.9      3.49          0.13    3.71      0.28    0.03    -0.04   2.22    0.50     33.00   1.64    22.38   20.72   0.24    109.60     424.99   90.41  
174  T0881TS028_1-D1     028s    9.90     94.55   174   -1.96     -1.96      -1.47     -1.47      6.07     -1.89         1.87     2.41     23.743   23.881   191   2    0     0     0.00   3.96   -1.94       -1.94        -1.45        -1.45        16.83  10.415   2.87     0.67        0           0        N/A      3.52          0.13    3.71      0.29    0.03    -0.04   2.30    0.49     33.95   1.24    21.91   21.29   0.25    N/A        433.34   91.41  
175  T0881TS434_5-D1     434s    9.78     100.00  175   N/A       N/A        -1.47     -1.47      5.45     N/A           1.40     2.47     22.423   22.94    202   0    0     0     0.00   0.00   N/A         N/A          -1.45        -1.45        17.82  11.689   2.55     0.16        0           0        N/A      2.37          0.14    4.95      0.34    0.05    -0.03   2.57    0.49     10.20   2.30    24.34   23.32   0.23    N/A        373.05   81.38  
176  T0881TS467_5-D1     467s    9.78     100.00  175   N/A       N/A        -1.47     -1.47      5.82     N/A           0.26     1.87     19.553   20.036   202   0    0     0     1.98   6.93   N/A         N/A          -1.37        -1.37        27.23  18.499   2.27     0.47        0           0        N/A      1.55          0.18    3.47      0.34    0.02    -0.09   1.98    0.51     51.20   2.30    26.06   23.20   0.31    N/A        184.38   84.44  
177  T0881TS028_2-D1     028s    9.65     94.55   177   N/A       N/A        -1.48     -1.48      5.82     N/A           2.03     2.35     23.362   23.606   191   2    0     0     0.99   4.46   N/A         N/A          -1.41        -1.41        20.79  13.191   2.51     0.51        0           0        N/A      3.63          0.13    3.96      0.29    0.04    -0.04   2.26    0.49     34.61   1.24    22.05   21.04   0.25    N/A        419.47   91.49  
178  T0881TS028_4-D1     028s    9.41     94.55   178   N/A       N/A        -1.49     -1.49      5.82     N/A           1.41     3.42     24.611   24.785   191   1    0     0     1.98   4.46   N/A         N/A          -1.37        -1.37        21.29  13.454   2.61     0.98        0           0        N/A      3.18          0.13    3.96      0.28    0.04    -0.04   2.31    0.49     39.33   1.64    21.53   20.55   0.25    N/A        471.99   91.16  
179  T0881TS452_4-D1     452s    9.41     100.00  178   N/A       N/A        -1.49     -1.49      5.45     N/A           0.73     2.77     19.727   20.178   202   2    0     0     0.00   0.00   N/A         N/A          -1.45        -1.45        27.23  17.804   2.48     1.08        0.5         63       3.3      4.27          0.14    4.21      0.32    0.00    -0.12   2.49    0.50     44.90   3.07    27.26   21.81   0.29    179.90     190.77   23.11  
180  T0881TS284_5-D1     284s    9.28     100.00  180   N/A       N/A        -1.50     -1.50      4.83     N/A           0.96     2.17     21.518   21.944   202   1    0     0     0.50   1.49   N/A         N/A          -1.43        -1.43        20.30  12.066   2.59     0.62        0           0        N/A      3.61          0.16    3.96      0.31    0.04    -0.14   2.27    0.48     34.80   1.99    23.04   23.47   0.24    N/A        335.70   87.33  
181  T0881TS028_5-D1     028s    8.91     94.55   181   N/A       N/A        -1.51     -1.51      5.45     N/A           2.35     2.65     23.404   23.673   191   2    0     0     0.99   4.46   N/A         N/A          -1.41        -1.41        21.78  14.211   2.64     0.36        0           0        N/A      3.74          0.13    3.96      0.28    0.04    -0.03   2.21    0.50     36.31   1.24    21.99   20.63   0.25    N/A        421.86   91.25  
182  T0881TS455_3-D1     455s    8.79     100.00  182   N/A       N/A        -1.52     -1.52      4.71     N/A           1.02     2.08     28.466   28.503   202   0    0     0     0.00   0.00   N/A         N/A          -1.45        -1.45        20.30  12.988   2.72     0.31        0           0        N/A      3.39          0.16    4.95      0.31    0.06    -0.00   2.33    0.50     26.60   1.24    21.12   24.72   0.19    N/A        501.36   92.22  
183  T0881TS455_2-D1     455s    8.66     100.00  183   N/A       N/A        -1.52     -1.52      4.83     N/A           0.99     1.54     18.782   19.184   202   3    0     0     0.00   3.47   N/A         N/A          -1.45        -1.45        20.30  12.229   2.75     0.93        0           0        N/A      3.59          0.17    4.46      0.31    0.02    -0.14   2.26    0.50     27.10   2.83    21.45   21.56   0.27    N/A        201.97   91.54  
184  T0881TS455_1-D1     455s    8.66     100.00  183   -2.03     -2.03      -1.52     -1.52      4.83     -1.98         0.18     1.88     20.152   20.763   202   3    0     0     0.00   0.50   -1.94       -1.94        -1.45        -1.45        18.32  10.389   3.04     0.62        0           0        N/A      3.53          0.16    5.94      0.32    0.03    -0.16   2.37    0.51     24.80   2.30    23.14   22.44   0.24    N/A        233.80   92.97  
185  T0881TS464_5-D1     464s    8.54     100.00  185   N/A       N/A        -1.53     -1.53      5.57     N/A           0.89     2.52     43.469   44.05    202   1    0     0     0.00   0.00   N/A         N/A          -1.45        -1.45        13.86  7.907    2.58     0.16        0           0        N/A      2.05          0.12    5.20      0.32    0.04    0.01    3.38    0.52     16.60   1.99    19.86   21.55   0.20    N/A        2252.15  19.80  
186  T0881TS421_4-D1     421s    8.17     51.49   186   N/A       N/A        -1.54     -1.54      4.95     N/A           1.33     2.39     17.003   17.565   104   37   0     0     0.00   0.00   N/A         N/A          -1.45        -1.45        24.26  16.355   2.73     1.28        0.3         63       4.6      5.08          0.02    2.97      0.14    0.02    -0.01   4.60    0.50     10.50   1.64    10.65   8.98    0.26    125.30     91.78    N/A    
187  T0881TS446_4-D1     446s    8.04     100.00  187   N/A       N/A        -1.55     -1.55      5.20     N/A           1.09     2.55     30.036   30.494   202   0    0     0     0.00   3.96   N/A         N/A          -1.45        -1.45        20.79  15.42    2.07     0.31        0.6         34       2.6      1.28          0.14    4.46      0.35    0.04    -0.11   2.62    0.50     46.80   1.24    19.99   22.93   0.21    139.20     774.41   25.55  
188  T0881TS464_2-D1     464s    7.92     100.00  188   N/A       N/A        -1.56     -1.56      4.96     N/A           0.38     1.85     35.968   36.074   202   0    0     0     0.00   4.95   N/A         N/A          -1.45        -1.45        12.87  9.618    2.26     0.62        0           0        N/A      1.94          0.12    4.46      0.32    0.04    0.09    3.13    0.53     16.60   2.30    21.20   21.25   0.17    N/A        970.72   18.17  
189  T0881TS446_3-D1     446s    7.92     97.03   188   N/A       N/A        -1.56     -1.56      5.08     N/A           1.83     2.82     32.152   32.318   196   0    0     0     0.00   0.00   N/A         N/A          -1.45        -1.45        18.32  14.352   2.49     0.18        0.8         40       3        1.11          0.13    5.45      0.32    0.05    -0.06   2.54    0.50     46.38   1.24    20.15   23.07   0.21    125.50     935.54   24.41  
190  T0881TS455_4-D1     455s    7.92     100.00  188   N/A       N/A        -1.56     -1.56      4.21     N/A           1.15     1.58     30.499   30.698   202   2    0     0     0.00   1.98   N/A         N/A          -1.45        -1.45        14.36  10.119   2.57     -0.45       0           0        N/A      3.59          0.15    4.70      0.31    0.04    -0.08   2.40    0.49     6.10    2.58    21.67   23.29   0.21    N/A        690.13   93.23  
191  T0881TS455_5-D1     455s    7.30     100.00  191   N/A       N/A        -1.58     -1.58      4.33     N/A           1.20     2.74     24.093   24.761   202   3    0     0     0.00   0.00   N/A         N/A          -1.45        -1.45        19.80  13.818   2.45     -0.45       0           0        N/A      3.13          0.15    3.47      0.31    0.03    -0.08   2.29    0.50     32.20   1.99    22.28   21.47   0.21    N/A        346.04   94.00  

