#    Model               GR#     GDT_TS   NP_P    RANK  Z-M1-GDT  Z-M1s-GDT  Z-MA-GDT  Z-MAs-GDT  GDT_HA   Z-M1s-GDT-HA  GDC_SC   GDC_ALL  RMS_CA   RMS_ALL  NP    err  PC01  PC05  AL0_P  AL4_P  Z-M1-AL0_p  Z-M1s-AL0_p  Z-MA-AL0_p   Z-MAs-AL0_p  ALI_P  LGA_S    RMSD[L]  Z-score[M]  Z-Score[D]  Al.Res.  RMSD[D]  MolPrb_Score  LDDT    SphGr     CAD_AA  RPF     CODM    DFM     Handed.  SOV     CE      QCS     CONTS   TMscore  Dali(raw)  FlexE    QSE    

1    T0885TS005_2-D1     005s    87.94    100.00  1     N/A       N/A        2.32      2.32       73.69    N/A           45.77    66.64    2.393    3.196    114   0    0     0     92.11  95.61  N/A         N/A          1.96         1.96         95.61  92.702   1.30     16.89       19.5        111      1.5      0.81          0.75    86.40     0.73    0.79    0.95    0.15    0.95     97.40   6.23    93.60   90.19   0.89    966.80     0.91     23.66  
2    T0885TS005_3-D1     005s    84.65    100.00  2     N/A       N/A        2.11      2.11       66.45    N/A           39.47    59.48    2.709    3.729    114   0    0     0     89.47  95.61  N/A         N/A          1.85         1.85         95.61  91.074   1.37     16.35       18.5        111      1.6      0.82          0.71    83.77     0.71    0.76    0.95    0.17    0.93     83.70   6.23    92.60   87.99   0.87    919.80     2.52     24.35  
3    T0885TS005_4-D1     005s    83.77    100.00  3     N/A       N/A        2.05      2.05       66.23    N/A           39.01    58.71    3.055    4.092    114   0    0     0     86.84  92.98  N/A         N/A          1.74         1.74         92.98  89.62    1.36     16.16       17.9        110      1.7      1.12          0.70    82.89     0.69    0.76    0.94    0.20    0.93     87.60   6.11    92.47   86.84   0.87    896.50     1.91     28.10  
4    T0885TS005_5-D1     005s    83.77    100.00  3     N/A       N/A        2.05      2.05       67.98    N/A           39.76    61.33    6.998    7.754    114   0    0     0     87.72  89.47  N/A         N/A          1.78         1.78         89.47  88.177   1.18     15.25       17.8        104      1.2      0.82          0.71    80.70     0.70    0.75    0.92    0.20    0.84     86.10   6.23    91.79   86.33   0.85    890.40     4.22     32.96  
5    T0885TS005_1-D1     005s    76.97    100.00  5     1.62      1.62       1.60      1.60       56.58    1.87          34.49    50.18    2.93     3.879    114   0    0     0     82.46  91.23  1.53        1.53         1.56         1.56         91.23  84.838   1.70     16.35       16.8        110      2        1.19          0.68    84.65     0.67    0.74    0.92    0.21    0.92     97.50   5.86    89.12   85.08   0.81    845.90     1.56     N/A    
6    T0885TS345_5-D1     345s    72.81    100.00  6     N/A       N/A        1.33      1.33       55.26    N/A           28.71    46.23    9.157    9.912    114   0    0     0     73.68  78.07  N/A         N/A          1.19         1.19         79.82  77.862   1.56     14.15       12.4        97       1.9      2.48          0.57    64.91     0.59    0.61    0.84    0.41    0.83     93.20   5.73    79.91   74.20   0.75    646.80     7.71     68.89  
7    T0885TS405_1-D1     405s    72.59    100.00  7     1.31      1.31       1.32      1.32       53.29    1.56          27.09    44.43    5.618    6.331    114   0    0     0     81.58  89.47  1.49        1.49         1.52         1.52         89.47  81.733   1.78     15.62       14          103      1.8      3.04          0.53    75.00     0.61    0.67    0.87    0.34    0.85     96.00   5.86    85.25   79.67   0.78    718.20     4.41     88.21  
8    T0885TS405_3-D1     405s    70.83    100.00  8     N/A       N/A        1.20      1.20       50.88    N/A           21.42    41.06    5.75     6.66     114   0    0     0     79.82  87.72  N/A         N/A          1.45         1.45         87.72  79.885   1.80     15.62       14.3        105      2.1      3.58          0.60    74.12     0.59    0.64    0.83    0.34    0.84     98.40   5.99    84.90   78.39   0.76    732.50     4.01     87.76  
9    T0885TS183_1-D1     183s    70.17    100.00  9     1.13      1.13       1.16      1.16       51.10    1.36          27.51    43.39    3.826    4.629    114   0    0     0     78.95  91.23  1.38        1.38         1.41         1.41         92.98  78.494   1.87     15.80       15.7        110      2.2      1.92          0.64    79.39     0.65    0.69    0.92    0.20    0.89     96.50   5.99    87.76   82.31   0.78    793.80     3.39     90.03  
10   T0885TS430_1-D1     430s    69.96    100.00  10    1.11      1.11       1.14      1.14       49.78    1.24          28.89    42.68    4.984    5.582    114   0    0     0     72.81  86.84  1.11        1.11         1.16         1.16         86.84  79.838   1.92     15.62       12.5        106      2.3      1.84          0.61    80.70     0.65    0.67    0.90    0.33    0.87     91.70   5.86    80.79   75.42   0.76    653.90     4.00     38.03  
11   T0885TS405_2-D1     405s    69.96    100.00  10    N/A       N/A        1.14      1.14       50.44    N/A           27.43    43.77    5.386    6.176    114   0    0     0     80.70  89.47  N/A         N/A          1.49         1.49         89.47  79.104   1.85     15.80       13.7        104      1.9      2.73          0.52    76.75     0.61    0.66    0.87    0.29    0.85     93.90   5.99    85.14   78.11   0.76    705.00     4.53     88.04  
12   T0885TS092_1-D1     092s    69.74    100.00  12    1.10      1.10       1.13      1.13       49.34    1.20          25.10    36.38    4.057    4.916    114   1    0     0     69.30  90.35  0.95        0.95         1.01         1.01         90.35  84.495   1.62     15.25       15.9        107      1.9      3.02          0.60    70.61     0.62    0.64    0.86    0.32    0.88     95.40   5.86    82.78   76.19   0.81    806.90     3.84     32.72  
13   T0885TS048_1-D1     048s    69.74    100.00  12    1.10      1.10       1.13      1.13       49.34    1.20          25.10    36.38    4.057    4.916    114   1    0     0     69.30  90.35  0.95        0.95         1.01         1.01         90.35  84.495   1.62     15.25       15.9        107      1.9      3.02          0.60    70.61     0.62    0.64    0.86    0.32    0.88     95.40   5.86    82.78   76.19   0.81    806.90     3.84     32.72  
14   T0885TS479_2-D1     479s    69.30    100.00  14    N/A       N/A        1.10      1.10       50.88    N/A           24.66    39.13    4.905    5.409    114   0    0     0     71.05  85.09  N/A         N/A          1.09         1.09         87.72  78.696   1.99     15.80       14.2        108      2.7      2.85          0.63    81.58     0.63    0.70    0.89    0.28    0.85     88.00   5.73    85.87   82.27   0.77    727.00     3.65     87.44  
15   T0885TS421_3-D1     421s    68.86    90.35   15    N/A       N/A        1.07      1.07       51.97    N/A           26.39    42.49    3.278    4.526    103   11   0     0     71.05  78.95  N/A         N/A          1.09         1.09         80.70  75.527   1.63     14.07       12.8        97       1.9      4.53          0.30    62.72     0.49    0.55    0.69    0.42    0.75     73.09   5.60    75.26   69.53   0.73    633.80     7.38     N/A    
16   T0885TS430_3-D1     430s    68.42    100.00  16    N/A       N/A        1.04      1.04       48.24    N/A           24.76    39.42    3.477    4.345    114   0    0     0     72.81  91.23  N/A         N/A          1.16         1.16         91.23  79.173   1.95     15.98       13.4        107      2.1      1.40          0.59    75.44     0.64    0.64    0.90    0.28    0.90     92.40   5.73    82.11   75.65   0.77    694.40     3.83     38.94  
17   T0885TS345_1-D1     345s    68.42    100.00  16    1.00      1.00       1.04      1.04       48.90    1.16          20.65    39.55    5.002    5.899    114   0    0     0     67.54  86.84  0.87        0.87         0.94         0.94         86.84  70.897   1.97     15.80       13.6        103      2.1      2.67          0.55    72.81     0.59    0.63    0.88    0.41    0.85     90.50   5.73    83.62   77.50   0.75    701.30     5.06     72.76  
18   T0885TS479_1-D1     479s    68.20    100.00  18    0.98      0.98       1.03      1.03       48.24    1.10          26.09    41.06    3.923    4.722    114   0    0     0     74.56  88.60  1.18        1.18         1.23         1.23         90.35  75.634   2.00     15.98       14.9        109      2.4      2.24          0.62    78.51     0.64    0.68    0.92    0.23    0.88     89.70   5.99    86.78   81.32   0.77    758.10     3.50     88.93  
19   T0885TS220_5-D1     220s    67.76    100.00  19    N/A       N/A        1.00      1.00       46.93    N/A           26.07    39.36    3.34     4.177    114   0    0     0     70.18  91.23  N/A         N/A          1.05         1.05         91.23  78.597   1.99     16.16       13.7        109      2.2      2.15          0.59    75.44     0.65    0.65    0.91    0.27    0.90     92.00   5.73    82.50   75.63   0.78    705.10     3.66     38.49  
20   T0885TS444_5-D1     444s    67.54    100.00  20    N/A       N/A        0.98      0.98       48.24    N/A           23.04    40.13    5.85     6.722    114   1    0     0     68.42  82.46  N/A         N/A          0.98         0.98         82.46  76.994   1.80     15.07       12.7        102      2.5      3.56          0.59    70.61     0.60    0.67    0.85    0.47    0.82     95.20   5.86    85.05   77.12   0.73    663.00     4.35     32.20  
21   T0885TS444_2-D1     444s    67.33    100.00  21    N/A       N/A        0.97      0.97       46.27    N/A           22.25    40.32    4.228    5.156    114   0    0     0     69.30  83.33  N/A         N/A          1.01         1.01         85.96  76.447   1.90     15.98       12.4        107      2.4      2.71          0.56    71.05     0.58    0.61    0.88    0.32    0.88     82.50   5.73    83.43   73.12   0.75    648.90     6.08     30.66  
22   T0885TS220_3-D1     220s    67.11    100.00  22    N/A       N/A        0.96      0.96       46.05    N/A           26.34    40.79    5.037    5.631    114   0    0     0     74.56  85.96  N/A         N/A          1.23         1.23         85.96  78.49    1.80     15.62       12.3        106      2.4      2.37          0.59    78.51     0.64    0.65    0.90    0.33    0.86     92.40   5.86    80.60   74.58   0.75    644.80     4.02     37.81  
23   T0885TS251_2-D1     251s    67.11    100.00  22    N/A       N/A        0.96      0.96       48.03    N/A           19.80    39.97    4.854    5.921    114   0    0     0     71.93  81.58  N/A         N/A          1.12         1.12         83.33  69.392   1.85     14.70       12          100      2.3      3.62          0.55    63.16     0.55    0.59    0.85    0.47    0.84     93.60   5.60    80.47   74.76   0.74    629.40     5.72     86.30  
24   T0885TS430_4-D1     430s    66.67    100.00  24    N/A       N/A        0.93      0.93       45.83    N/A           26.05    39.44    4.744    5.484    114   0    0     0     70.18  87.72  N/A         N/A          1.05         1.05         87.72  77.632   2.00     15.43       12.6        107      2.6      2.02          0.58    76.32     0.64    0.63    0.86    0.35    0.86     81.40   5.86    80.81   73.95   0.75    655.00     4.51     39.23  
25   T0885TS313_4-D1     313s    66.23    100.00  25    N/A       N/A        0.90      0.90       45.40    N/A           27.15    37.40    3.825    4.896    114   0    0     0     68.42  85.96  N/A         N/A          0.98         0.98         85.96  73.772   2.09     15.43       14.1        111      3.3      2.23          0.60    77.19     0.64    0.65    0.92    0.34    0.87     95.90   5.46    81.75   76.80   0.74    725.30     3.90     37.83  
26   T0885TS313_1-D1     313s    66.23    100.00  25    0.84      0.84       0.90      0.90       45.40    0.84          26.36    37.61    3.872    4.932    114   0    0     0     68.42  85.96  0.91        0.91         0.98         0.98         85.96  76.259   1.96     15.43       14.1        111      3.3      2.09          0.60    76.32     0.63    0.64    0.91    0.35    0.87     95.90   5.46    81.91   76.83   0.74    724.50     3.96     37.80  
27   T0885TS220_4-D1     220s    66.23    100.00  25    N/A       N/A        0.90      0.90       45.40    N/A           26.66    38.67    4.601    5.398    114   0    0     0     71.05  87.72  N/A         N/A          1.09         1.09         87.72  78.24    2.06     15.43       12.7        109      2.8      1.89          0.58    73.68     0.63    0.63    0.87    0.35    0.86     82.10   5.86    81.22   73.87   0.75    659.80     4.40     39.48  
28   T0885TS432_3-D1     432s    65.79    100.00  28    N/A       N/A        0.87      0.87       45.62    N/A           20.99    35.32    6.539    7.22     114   0    0     0     61.40  79.82  N/A         N/A          0.68         0.68         83.33  70.199   2.16     14.15       12.9        109      4.1      0.92          0.60    82.02     0.63    0.65    0.88    0.27    0.80     96.50   5.73    77.19   79.78   0.71    671.50     1.93     N/A    
29   T0885TS313_2-D1     313s    65.79    100.00  28    N/A       N/A        0.87      0.87       44.73    N/A           26.27    37.44    3.838    4.828    114   0    0     0     68.42  86.84  N/A         N/A          0.98         0.98         86.84  74.675   2.05     15.62       14.3        111      3.2      2.15          0.60    76.75     0.63    0.65    0.91    0.34    0.87     95.90   5.46    81.97   77.40   0.74    733.40     3.90     37.71  
30   T0885TS026_4-D1     026s    65.57    100.00  30    N/A       N/A        0.86      0.86       46.27    N/A           19.62    37.21    6.941    7.651    114   0    0     0     71.05  82.46  N/A         N/A          1.09         1.09         85.09  71.114   2.07     14.70       11.9        104      2.4      4.08          0.54    65.79     0.57    0.60    0.61    0.43    0.78     94.40   5.86    80.15   72.94   0.73    624.00     8.65     N/A    
31   T0885TS119_1-D1     119s    65.57    100.00  30    0.79      0.79       0.86      0.86       44.74    0.78          21.40    35.29    3.88     4.983    114   2    0     0     62.28  82.46  0.64        0.64         0.72         0.72         82.46  75.276   1.84     15.62       13.6        111      3.3      3.93          0.56    71.49     0.60    0.62    0.91    0.35    0.87     94.40   5.73    80.68   75.19   0.74    701.80     4.36     38.84  
32   T0885TS380_4-D1     380s    65.57    100.00  30    N/A       N/A        0.86      0.86       46.27    N/A           19.62    37.21    6.941    7.651    114   0    0     0     71.05  82.46  N/A         N/A          1.09         1.09         85.09  71.114   2.07     14.70       11.9        104      2.4      4.08          0.54    65.79     0.57    0.60    0.61    0.43    0.78     94.40   5.86    80.15   72.94   0.73    624.00     8.65     N/A    
33   T0885TS349_1-D1     349s    65.57    100.00  30    0.79      0.79       0.86      0.86       44.74    0.78          22.65    35.20    3.88     5.011    114   2    0     0     62.28  82.46  0.64        0.64         0.72         0.72         82.46  75.276   1.84     15.62       13.6        111      3.3      3.14          0.56    71.05     0.59    0.61    0.91    0.35    0.87     94.40   5.73    80.68   75.19   0.74    701.80     4.36     38.84  
34   T0885TS313_3-D1     313s    65.57    100.00  30    N/A       N/A        0.86      0.86       44.74    N/A           25.79    36.85    3.876    4.89     114   0    0     0     62.28  83.33  N/A         N/A          0.72         0.72         83.33  74.036   1.92     15.43       14.1        111      3.3      2.31          0.59    75.00     0.63    0.64    0.91    0.35    0.87     95.10   5.46    81.99   76.90   0.74    724.90     3.94     38.00  
35   T0885TS313_5-D1     313s    65.57    100.00  30    N/A       N/A        0.86      0.86       44.52    N/A           24.72    37.22    3.885    4.929    114   0    0     0     66.67  85.96  N/A         N/A          0.90         0.90         85.96  73.191   2.02     15.62       14.1        111      3.3      2.09          0.59    74.56     0.64    0.64    0.91    0.34    0.87     95.90   5.46    81.74   77.03   0.74    724.10     3.96     38.04  
36   T0885TS405_4-D1     405s    65.13    100.00  36    N/A       N/A        0.83      0.83       44.95    N/A           20.41    37.35    4.985    5.936    114   0    0     0     71.05  85.09  N/A         N/A          1.09         1.09         85.09  69.136   2.09     15.62       12.2        105      2.4      3.25          0.56    73.25     0.57    0.62    0.89    0.36    0.85     94.70   5.86    82.78   74.67   0.73    637.00     4.27     86.72  
37   T0885TS432_2-D1     432s    65.13    100.00  36    N/A       N/A        0.83      0.83       46.05    N/A           19.31    33.18    5.997    6.713    114   0    0     0     60.53  82.46  N/A         N/A          0.65         0.65         82.46  67.246   2.04     15.43       12.1        108      3.2      0.50          0.59    82.02     0.62    -0.20   0.87    0.32    0.83     96.70   5.86    79.10   76.70   0.70    633.20     2.04     N/A    
38   T0885TS251_1-D1     251s    64.91    100.00  38    0.74      0.74       0.81      0.81       46.71    0.96          22.29    39.52    6.137    7.083    114   0    0     0     70.18  79.82  0.99        0.99         1.05         1.05         79.82  70.344   1.90     14.52       11.5        98       2.1      3.01          0.55    62.72     0.58    0.60    0.85    0.46    0.83     96.20   5.73    77.60   74.44   0.71    607.00     6.98     85.45  
39   T0885TS382_1-D1     382s    64.47    100.00  39    0.71      0.71       0.78      0.78       44.52    0.75          22.27    36.27    4.171    5.206    114   2    0     0     64.91  89.47  0.76        0.76         0.83         0.83         89.47  78.841   1.98     16.53       14.5        109      2.7      2.15          0.57    71.49     0.57    0.60    0.91    0.44    0.85     85.50   5.86    79.52   75.17   0.77    742.90     3.72     N/A    
40   T0885TS382_5-D1     382s    64.25    100.00  40    N/A       N/A        0.77      0.77       43.64    N/A           21.62    36.64    4.149    5.265    114   2    0     0     64.04  88.60  N/A         N/A          0.79         0.79         88.60  77.793   1.94     16.53       14.3        109      2.5      1.79          0.56    68.86     0.56    0.59    0.91    0.43    0.85     88.60   5.73    78.88   74.09   0.77    734.00     4.01     N/A    
41   T0885TS382_3-D1     382s    64.03    100.00  41    N/A       N/A        0.75      0.75       43.86    N/A           22.35    36.56    4.022    5.299    114   1    0     0     66.67  88.60  N/A         N/A          0.90         0.90         88.60  77.408   1.98     16.35       14.2        110      2.8      1.98          0.56    69.74     0.57    0.59    0.91    0.45    0.85     97.00   5.86    78.42   73.49   0.76    729.30     4.80     N/A    
42   T0885TS382_4-D1     382s    64.03    100.00  41    N/A       N/A        0.75      0.75       43.64    N/A           22.75    36.74    4.145    5.359    114   2    0     0     62.28  88.60  N/A         N/A          0.72         0.72         88.60  77.633   1.91     16.53       14.4        109      2.5      2.02          0.56    68.42     0.57    0.58    0.91    0.44    0.85     96.20   5.73    78.68   73.96   0.77    736.30     4.18     N/A    
43   T0885TS432_1-D1     432s    64.03    100.00  41    0.68      0.68       0.75      0.75       44.30    0.73          24.88    38.41    4.927    5.494    114   0    0     0     62.28  78.95  0.64        0.64         0.72         0.72         78.95  68.574   1.95     15.25       13.5        109      3.4      0.69          0.63    85.53     0.66    -0.20   0.87    0.18    0.85     98.70   5.99    79.34   79.94   0.69    697.30     1.77     N/A    
44   T0885TS258_2-D1     258s    64.03    100.00  41    N/A       N/A        0.75      0.75       44.96    N/A           22.57    37.41    4.622    5.539    114   0    0     0     65.79  80.70  N/A         N/A          0.87         0.87         80.70  66.487   2.00     15.62       11.6        103      2.9      4.19          0.57    70.61     0.59    0.63    0.85    0.43    0.84     88.30   5.73    82.63   77.11   0.71    609.80     5.31     34.27  
45   T0885TS258_4-D1     258s    63.60    100.00  45    N/A       N/A        0.73      0.73       43.42    N/A           18.42    35.95    4.675    5.567    114   1    0     0     64.91  80.70  N/A         N/A          0.83         0.83         80.70  66.401   2.13     15.80       11.4        103      3        4.28          0.57    71.49     0.55    0.63    0.85    0.43    0.84     94.60   5.73    82.34   76.57   0.70    603.40     5.65     34.74  
46   T0885TS382_2-D1     382s    62.94    100.00  46    N/A       N/A        0.68      0.68       42.76    N/A           21.48    35.81    4.264    5.493    114   0    0     0     64.04  85.09  N/A         N/A          0.79         0.79         85.09  73.563   1.94     16.16       14          107      2.5      2.04          0.54    67.98     0.57    0.59    0.89    0.49    0.85     80.70   5.86    77.79   72.29   0.75    718.40     4.90     N/A    
47   T0885TS479_3-D1     479s    62.72    100.00  47    N/A       N/A        0.67      0.67       42.98    N/A           19.78    31.67    6.02     6.713    114   0    0     0     58.77  82.46  N/A         N/A          0.58         0.58         82.46  65.143   2.17     15.62       12.4        105      2.6      2.72          0.56    75.44     0.61    0.63    0.90    0.34    0.85     96.50   5.73    81.21   74.20   0.69    645.40     3.95     88.40  
48   T0885TS405_5-D1     405s    61.84    100.00  48    N/A       N/A        0.61      0.61       41.45    N/A           19.41    33.48    6.632    7.531    114   0    0     0     61.40  85.96  N/A         N/A          0.68         0.68         85.96  74.71    1.96     15.43       11.7        102      2.3      3.54          0.52    66.23     0.56    0.58    0.77    0.51    0.80     90.90   5.73    77.95   72.46   0.72    617.70     5.45     87.57  
49   T0885TS183_2-D1     183s    61.40    100.00  49    N/A       N/A        0.58      0.58       41.01    N/A           19.41    31.46    6.618    7.306    114   0    0     0     62.28  85.09  N/A         N/A          0.72         0.72         85.09  65.047   2.20     15.62       12.4        104      2.7      2.42          0.55    73.68     0.59    0.61    0.90    0.34    0.85     93.70   5.73    79.88   74.47   0.69    646.10     3.91     88.61  
50   T0885TS258_1-D1     258s    61.18    100.00  50    0.47      0.47       0.57      0.57       41.23    0.45          14.21    33.70    4.991    5.999    114   1    0     0     54.39  79.82  0.29        0.29         0.39         0.39         79.82  63.64    2.14     15.25       10.4        96       2.5      4.22          0.54    66.23     0.55    0.60    0.83    0.60    0.82     92.20   5.60    79.34   74.96   0.70    556.70     6.04     37.69  
51   T0885TS236_5-D1     236s    60.97    100.00  51    N/A       N/A        0.55      0.55       40.13    N/A           22.47    33.93    4.787    6.117    114   0    0     0     59.65  82.46  N/A         N/A          0.61         0.61         83.33  70.954   1.99     14.88       11.3        98       2.2      2.79          0.49    61.84     0.56    0.51    0.87    0.47    0.84     98.00   5.60    72.67   67.82   0.71    603.70     5.79     80.36  
52   T0885TS444_4-D1     444s    60.97    100.00  51    N/A       N/A        0.55      0.55       40.57    N/A           19.35    32.64    8.442    9.263    114   0    0     0     59.65  81.58  N/A         N/A          0.61         0.61         81.58  72.371   2.00     14.70       11.2        101      2.3      3.29          0.50    62.72     0.56    0.56    0.82    0.51    0.75     79.20   5.60    77.03   68.27   0.73    594.10     8.37     37.92  
53   T0885TS236_2-D1     236s    60.31    100.00  53    N/A       N/A        0.51      0.51       38.81    N/A           20.75    33.13    4.71     5.629    114   0    0     0     57.89  81.58  N/A         N/A          0.54         0.54         82.46  62.57    2.18     14.88       11.3        103      2.7      2.88          0.52    61.84     0.55    0.55    0.85    0.52    0.85     96.00   5.60    79.89   68.01   0.72    598.90     6.31     81.68  
54   T0885TS495_2-D1     495s    59.87    100.00  54    N/A       N/A        0.48      0.48       38.82    N/A           17.91    30.34    5.59     6.586    114   0    0     0     57.02  78.95  N/A         N/A          0.50         0.50         78.95  57.414   2.19     14.88       9.4         103      2.8      1.93          0.52    69.74     0.57    0.55    0.77    0.47    0.84     68.80   5.60    74.48   65.84   0.68    511.40     4.87     85.12  
55   T0885TS250_1-D1     250s    59.87    100.00  54    0.38      0.38       0.48      0.48       38.82    0.23          17.91    30.34    5.59     6.585    114   0    0     0     57.02  78.95  0.41        0.41         0.50         0.50         78.95  57.414   2.19     14.88       9.4         103      2.8      1.95          0.52    69.74     0.57    0.55    0.77    0.47    0.84     68.80   5.60    74.48   65.84   0.68    511.40     4.87     85.12  
56   T0885TS495_5-D1     495s    59.87    100.00  54    N/A       N/A        0.48      0.48       38.82    N/A           17.91    30.34    5.59     6.586    114   0    0     0     57.02  78.95  N/A         N/A          0.50         0.50         78.95  57.414   2.19     14.88       9.4         103      2.8      1.93          0.52    69.74     0.57    0.55    0.77    0.47    0.84     68.80   5.60    74.48   65.84   0.68    511.40     4.87     85.12  
57   T0885TS495_4-D1     495s    59.87    100.00  54    N/A       N/A        0.48      0.48       38.82    N/A           17.91    30.34    5.59     6.584    114   0    0     0     57.02  78.95  N/A         N/A          0.50         0.50         78.95  57.414   2.19     14.88       9.4         103      2.8      1.93          0.52    69.74     0.57    0.55    0.77    0.47    0.84     68.80   5.60    74.48   65.84   0.68    511.40     4.87     85.12  
58   T0885TS495_3-D1     495s    59.87    100.00  54    N/A       N/A        0.48      0.48       38.82    N/A           17.91    30.34    5.59     6.586    114   0    0     0     57.02  78.95  N/A         N/A          0.50         0.50         78.95  57.414   2.19     14.88       9.4         103      2.8      1.93          0.52    69.74     0.57    0.55    0.77    0.47    0.84     68.80   5.60    74.48   65.84   0.68    511.40     4.87     85.12  
59   T0885TS432_4-D1     432s    59.87    100.00  54    N/A       N/A        0.48      0.48       38.82    N/A           13.12    25.80    4.464    5.211    114   0    0     0     57.89  85.09  N/A         N/A          0.54         0.54         85.09  61.88    2.31     16.16       11.4        108      3.2      0.50          0.58    78.95     0.63    0.65    0.88    0.26    0.87     98.20   5.73    79.82   74.93   0.68    600.60     2.68     N/A    
60   T0885TS495_1-D1     495s    59.87    100.00  54    0.38      0.38       0.48      0.48       38.82    0.23          17.93    30.34    5.59     6.582    114   0    0     0     57.02  78.95  0.41        0.41         0.50         0.50         78.95  57.414   2.19     14.88       9.4         103      2.8      1.93          0.52    69.74     0.57    0.56    0.77    0.47    0.84     68.80   5.60    74.48   65.84   0.68    511.40     4.87     85.12  
61   T0885TS287_4-D1     287s    59.65    100.00  61    N/A       N/A        0.47      0.47       38.59    N/A           24.70    33.89    4.704    5.478    114   0    0     0     57.89  83.33  N/A         N/A          0.54         0.54         85.09  65.465   2.18     15.07       11.3        104      2.8      2.74          0.50    64.47     0.56    0.57    0.85    0.48    0.85     96.10   5.46    78.65   67.74   0.72    599.50     6.59     81.96  
62   T0885TS275_3-D1     275s    59.43    100.00  62    N/A       N/A        0.45      0.45       39.47    N/A           16.58    28.93    4.943    6.204    114   0    0     0     53.51  76.32  N/A         N/A          0.36         0.36         76.32  61.657   2.03     14.88       10.3        99       3.1      3.06          0.48    57.02     0.53    0.51    0.87    0.44    0.85     81.80   5.60    72.77   65.77   0.68    555.30     8.80     N/A    
63   T0885TS287_5-D1     287s    59.43    100.00  62    N/A       N/A        0.45      0.45       37.72    N/A           22.02    31.93    4.707    5.623    114   0    0     0     57.89  83.33  N/A         N/A          0.54         0.54         85.09  67.658   2.04     15.07       11.2        103      2.8      2.77          0.49    60.53     0.55    0.54    0.85    0.50    0.85     96.10   5.46    78.87   67.63   0.71    593.80     6.60     81.82  
64   T0885TS251_3-D1     251s    59.43    100.00  62    N/A       N/A        0.45      0.45       39.91    N/A           12.67    30.97    5.706    7.058    114   0    0     0     59.65  79.82  N/A         N/A          0.61         0.61         79.82  70.484   1.98     14.52       10.7        94       2.2      3.10          0.47    51.75     0.52    0.49    0.84    0.76    0.82     92.50   5.46    74.23   67.81   0.70    569.80     7.60     85.21  
65   T0885TS451_5-D1     451s    59.43    100.00  62    N/A       N/A        0.45      0.45       38.60    N/A           17.37    24.89    6.585    7.301    114   3    0     0     47.37  78.95  N/A         N/A          0.10         0.10         78.95  58.932   2.45     15.25       9.9         104      3        2.78          0.52    71.49     0.57    0.57    0.89    0.36    0.83     98.40   5.73    75.63   70.10   0.63    534.20     4.45     N/A    
66   T0885TS275_1-D1     275s    59.43    100.00  62    0.35      0.35       0.45      0.45       38.60    0.21          17.83    29.34    3.956    5.297    114   0    0     0     52.63  78.95  0.21        0.21         0.32         0.32         78.95  60.19    2.24     14.70       10.4        105      3.1      2.89          0.48    56.58     0.51    0.50    0.89    0.47    0.86     77.90   5.46    72.04   64.79   0.69    558.70     7.14     N/A    
67   T0885TS287_1-D1     287s    59.21    100.00  67    0.33      0.33       0.44      0.44       39.26    0.27          20.14    33.11    6.684    7.682    114   0    0     0     56.14  78.07  0.37        0.37         0.47         0.47         78.95  63.383   2.00     12.51       10.2        99       2.5      2.61          0.49    58.77     0.55    0.52    0.80    0.51    0.80     80.60   5.46    71.08   65.79   0.70    549.90     9.32     79.78  
68   T0885TS250_5-D1     250s    59.21    100.00  67    N/A       N/A        0.44      0.44       38.38    N/A           17.31    30.63    5.774    6.804    114   0    0     0     56.14  77.19  N/A         N/A          0.47         0.47         77.19  56.484   2.20     14.34       9.2         102      2.9      1.89          0.51    65.79     0.55    0.54    0.78    0.49    0.83     76.90   5.33    73.36   64.63   0.67    502.90     5.59     84.11  
69   T0885TS287_3-D1     287s    59.21    100.00  67    N/A       N/A        0.44      0.44       37.72    N/A           19.82    32.25    4.697    5.609    114   0    0     0     54.39  81.58  N/A         N/A          0.39         0.39         82.46  63.604   2.21     15.07       11.3        104      2.8      2.70          0.49    58.77     0.54    0.54    0.85    0.51    0.85     91.60   5.46    78.79   68.18   0.71    600.20     6.37     81.91  
70   T0885TS250_2-D1     250s    59.21    100.00  67    N/A       N/A        0.44      0.44       38.16    N/A           16.88    30.28    5.645    6.579    114   0    0     0     56.14  78.07  N/A         N/A          0.47         0.47         78.07  57.164   2.18     15.07       9.1         105      3        2.18          0.51    67.98     0.56    0.55    0.79    0.49    0.84     78.40   5.60    73.95   65.46   0.67    500.80     4.97     84.99  
71   T0885TS250_3-D1     250s    58.99    100.00  71    N/A       N/A        0.42      0.42       38.16    N/A           18.68    30.95    5.724    6.725    114   0    0     0     59.65  80.70  N/A         N/A          0.61         0.61         80.70  58.594   2.22     14.88       9.2         104      2.9      2.18          0.51    67.54     0.56    0.54    0.78    0.50    0.83     78.40   5.60    73.61   65.15   0.68    501.90     5.01     84.82  
72   T0885TS250_4-D1     250s    58.99    100.00  71    N/A       N/A        0.42      0.42       37.94    N/A           18.48    31.60    5.67     6.603    114   0    0     0     58.77  78.07  N/A         N/A          0.58         0.58         78.07  57.07    2.12     14.88       9.2         105      2.8      1.90          0.51    67.98     0.57    0.54    0.80    0.47    0.83     84.00   5.60    73.98   65.68   0.68    504.70     4.88     84.62  
73   T0885TS077_3-D1     077s    58.99    100.00  71    N/A       N/A        0.42      0.42       37.50    N/A           21.42    30.91    4.404    5.437    114   1    0     0     50.88  81.58  N/A         N/A          0.25         0.25         81.58  65.69    2.12     12.69       10.5        103      2.8      3.41          0.48    60.96     0.52    0.51    0.78    0.55    0.85     84.30   5.19    70.32   62.57   0.71    564.20     7.27     38.72  
74   T0885TS425_3-D1     425s    58.77    100.00  74    N/A       N/A        0.41      0.41       37.50    N/A           17.51    29.52    4.5      5.391    114   1    0     0     53.51  81.58  N/A         N/A          0.36         0.36         81.58  67.325   2.10     14.15       10.3        101      2.6      3.72          0.49    62.72     0.53    0.53    0.80    0.52    0.86     89.00   5.19    70.58   63.93   0.70    551.80     7.00     38.59  
75   T0885TS345_4-D1     345s    58.77    100.00  74    N/A       N/A        0.41      0.41       39.26    N/A           17.02    30.49    9.116    9.769    114   0    0     0     54.39  74.56  N/A         N/A          0.39         0.39         77.19  62.721   2.17     14.15       9.4         96       2.6      2.43          0.51    69.30     0.58    0.58    0.84    0.42    0.73     94.30   5.33    71.91   72.38   0.65    514.50     6.67     76.02  
76   T0885TS425_4-D1     425s    58.77    100.00  74    N/A       N/A        0.41      0.41       37.50    N/A           18.62    30.72    4.548    5.489    114   1    0     0     54.39  84.21  N/A         N/A          0.39         0.39         84.21  65.214   2.17     13.79       10.6        103      2.7      3.81          0.48    60.96     0.51    0.51    0.73    0.55    0.85     86.00   5.33    71.03   64.00   0.70    565.40     7.22     38.11  
77   T0885TS236_1-D1     236s    58.33    100.00  77    0.26      0.26       0.38      0.38       38.38    0.19          20.67    32.02    6.601    7.59     114   0    0     0     55.26  79.82  0.33        0.33         0.43         0.43         80.70  65.982   1.94     14.88       11.1        99       2.5      2.67          0.49    60.09     0.56    0.53    0.80    0.56    0.80     79.40   5.19    72.71   67.60   0.71    587.20     8.62     80.01  
78   T0885TS220_1-D1     220s    58.33    100.00  77    0.26      0.26       0.38      0.38       38.38    0.19          18.52    32.33    8.639    9.393    114   0    0     0     55.26  78.07  0.33        0.33         0.43         0.43         78.95  67.789   1.95     12.69       10.6        104      4        2.26          0.55    71.93     0.62    0.58    0.85    0.51    0.71     95.10   5.33    71.01   73.37   0.69    568.80     4.05     48.75  
79   T0885TS275_2-D1     275s    58.33    100.00  77    N/A       N/A        0.38      0.38       38.60    N/A           16.40    28.87    9.803    10.624   114   0    0     0     56.14  78.07  N/A         N/A          0.47         0.47         78.07  62.739   2.11     13.97       10          95       2.4      3.27          0.48    54.39     0.53    0.50    0.80    0.63    0.72     78.50   5.60    73.67   65.66   0.66    539.50     12.85    N/A    
80   T0885TS236_3-D1     236s    58.33    100.00  77    N/A       N/A        0.38      0.38       37.06    N/A           20.95    30.97    4.795    5.616    114   0    0     0     57.02  81.58  N/A         N/A          0.50         0.50         83.33  62.441   2.14     15.25       11          103      2.8      2.65          0.49    58.77     0.53    0.53    0.84    0.56    0.84     88.80   5.33    77.58   66.20   0.70    583.10     6.73     82.28  
81   T0885TS357_5-D1     357s    58.11    100.00  81    N/A       N/A        0.37      0.37       37.50    N/A           15.16    25.35    4.218    5.228    114   0    0     0     48.25  75.44  N/A         N/A          0.14         0.14         76.32  55.067   2.26     15.98       10.6        105      3.9      2.07          0.53    66.23     0.56    0.56    0.88    0.43    0.84     86.40   5.46    73.65   69.74   0.66    567.00     6.22     N/A    
82   T0885TS425_2-D1     425s    58.11    100.00  81    N/A       N/A        0.37      0.37       36.19    N/A           20.97    30.57    4.465    5.404    114   0    0     0     52.63  82.46  N/A         N/A          0.32         0.32         82.46  65.923   2.13     13.79       10.7        103      2.7      3.54          0.49    63.16     0.53    0.52    0.78    0.53    0.85     89.30   5.19    71.13   63.53   0.70    572.60     7.06     38.72  
83   T0885TS077_1-D1     077s    58.11    100.00  81    0.25      0.25       0.37      0.37       36.62    0.03          17.23    29.55    4.431    5.486    114   1    0     0     54.39  82.46  0.29        0.29         0.39         0.39         82.46  67.332   2.10     12.33       10.7        103      2.8      3.69          0.48    61.40     0.53    0.51    0.78    0.55    0.85     84.40   5.04    70.25   63.26   0.71    572.00     7.12     38.69  
84   T0885TS251_4-D1     251s    57.90    100.00  84    N/A       N/A        0.35      0.35       38.60    N/A           15.75    28.86    6.74     7.36     114   0    0     0     53.51  78.07  N/A         N/A          0.36         0.36         78.95  60.373   2.23     13.79       9.1         99       2.8      2.90          0.50    66.23     0.55    0.54    0.84    0.39    0.79     86.00   5.33    69.92   68.09   0.66    497.50     5.86     85.22  
85   T0885TS467_3-D1     467s    57.90    100.00  84    N/A       N/A        0.35      0.35       37.72    N/A           20.65    30.59    5.802    6.482    114   0    0     0     50.88  79.82  N/A         N/A          0.25         0.25         82.46  63.532   2.15     15.25       11.4        104      2.8      1.05          0.53    65.35     0.57    0.58    0.81    0.36    0.81     95.60   5.46    76.82   69.30   0.68    604.60     7.60     60.59  
86   T0885TS425_5-D1     425s    57.90    100.00  84    N/A       N/A        0.35      0.35       36.40    N/A           19.55    29.70    4.582    5.565    114   1    0     0     57.02  80.70  N/A         N/A          0.50         0.50         80.70  69.751   2.11     13.24       10.5        103      2.6      3.93          0.48    62.28     0.51    0.50    0.78    0.55    0.85     85.70   5.19    71.09   63.89   0.70    562.90     7.21     38.76  
87   T0885TS451_3-D1     451s    57.67    100.00  87    N/A       N/A        0.34      0.34       36.84    N/A           17.29    26.58    8.57     9.469    114   2    0     0     56.14  79.82  N/A         N/A          0.47         0.47         79.82  58.957   2.49     15.43       9.6         104      2.9      2.77          0.50    68.42     0.57    0.56    0.89    0.35    0.84     98.10   5.46    76.75   69.37   0.64    519.90     5.35     N/A    
88   T0885TS275_4-D1     275s    57.67    100.00  87    N/A       N/A        0.34      0.34       39.69    N/A           15.81    28.63    9.196    10.053   114   0    0     0     54.39  77.19  N/A         N/A          0.39         0.39         77.19  58.98    2.11     13.79       9.9         97       2.8      2.88          0.48    58.77     0.53    0.53    0.83    0.60    0.78     81.70   5.60    73.83   64.94   0.66    536.70     11.10    N/A    
89   T0885TS430_5-D1     430s    57.67    100.00  87    N/A       N/A        0.34      0.34       37.72    N/A           18.52    30.91    8.698    9.367    114   0    0     0     53.51  77.19  N/A         N/A          0.36         0.36         78.95  65.485   1.94     12.51       10.1        98       2.6      1.70          0.55    71.93     0.63    0.58    0.84    0.51    0.71     95.60   5.04    70.51   72.81   0.69    545.60     4.21     49.64  
90   T0885TS451_2-D1     451s    57.46    100.00  90    N/A       N/A        0.32      0.32       37.06    N/A           10.61    24.59    7.059    8.006    114   3    0     0     51.75  79.82  N/A         N/A          0.28         0.28         79.82  55.251   2.46     15.62       9.2         104      2.9      2.93          0.49    62.28     0.58    0.55    0.89    0.43    0.81     98.80   5.60    73.91   68.06   0.65    505.60     5.46     N/A    
91   T0885TS077_5-D1     077s    57.24    100.00  91    N/A       N/A        0.31      0.31       35.97    N/A           17.29    29.02    4.404    5.343    114   1    0     0     52.63  80.70  N/A         N/A          0.32         0.32         80.70  64.689   1.94     13.61       10.5        103      2.7      4.08          0.48    62.28     0.52    0.52    0.79    0.53    0.86     85.70   5.33    72.51   64.14   0.70    563.20     6.65     38.81  
92   T0885TS077_2-D1     077s    57.02    100.00  92    N/A       N/A        0.30      0.30       35.75    N/A           16.30    28.92    4.566    5.541    114   2    0     0     52.63  81.58  N/A         N/A          0.32         0.32         81.58  59.965   2.14     13.79       10.6        103      2.7      3.64          0.48    60.09     0.52    0.50    0.77    0.56    0.85     80.30   5.19    71.42   63.38   0.69    566.30     7.80     39.18  
93   T0885TS425_1-D1     425s    57.02    100.00  92    0.17      0.17       0.30      0.30       35.53    -0.07         16.64    29.28    4.504    5.462    114   2    0     0     50.88  80.70  0.13        0.13         0.25         0.25         80.70  57.316   2.13     12.33       10.5        103      2.7      3.71          0.48    61.40     0.52    0.50    0.78    0.57    0.85     86.00   5.04    69.99   62.86   0.70    560.60     7.52     39.43  
94   T0885TS451_4-D1     451s    57.02    100.00  92    N/A       N/A        0.30      0.30       36.40    N/A           14.01    25.54    6.397    7.465    114   2    0     0     54.39  77.19  N/A         N/A          0.39         0.39         77.19  54.912   2.37     15.25       9.2         105      3.5      2.79          0.49    63.60     0.55    0.54    0.91    0.34    0.82     98.10   5.60    75.56   70.06   0.63    502.30     4.52     N/A    
95   T0885TS287_2-D1     287s    57.02    100.00  92    N/A       N/A        0.30      0.30       37.06    N/A           20.20    31.01    6.689    7.712    114   0    0     0     47.37  80.70  N/A         N/A          0.10         0.10         80.70  67.457   2.00     11.78       10.2        99       2.4      2.65          0.48    54.82     0.55    0.51    0.81    0.51    0.80     79.90   5.46    70.11   65.20   0.71    548.40     9.05     80.55  
96   T0885TS479_5-D1     479s    56.80    100.00  96    N/A       N/A        0.28      0.28       41.23    N/A           18.75    33.20    9.955    10.52    114   0    0     0     57.89  67.54  N/A         N/A          0.54         0.54         69.30  62.277   1.86     11.78       8.7         87       3        2.71          0.50    60.96     0.55    0.53    0.68    0.82    0.67     85.10   4.42    58.16   68.58   0.61    480.00     13.20    74.70  
97   T0885TS357_1-D1     357s    56.80    100.00  96    0.15      0.15       0.28      0.28       36.62    0.03          17.51    27.58    5.954    6.814    114   0    0     0     52.63  71.93  0.21        0.21         0.32         0.32         73.68  53.736   2.28     14.34       10.1        106      3.9      1.56          0.52    67.98     0.57    0.56    0.89    0.39    0.81     88.80   5.46    67.67   70.33   0.64    545.30     5.51     N/A    
98   T0885TS251_5-D1     251s    56.58    100.00  98    N/A       N/A        0.27      0.27       37.06    N/A           11.90    26.67    6.823    7.609    114   0    0     0     50.88  75.44  N/A         N/A          0.25         0.25         78.07  60.826   2.27     13.24       9.2         98       2.9      2.92          0.49    63.16     0.55    0.53    0.83    0.42    0.79     85.00   5.33    69.65   67.71   0.65    502.40     6.20     84.44  
99   T0885TS430_2-D1     430s    56.36    100.00  99    N/A       N/A        0.25      0.25       37.72    N/A           21.76    31.74    9.439    10.196   114   0    0     0     50.88  67.54  N/A         N/A          0.25         0.25         78.07  64.311   2.06     11.78       9.7         100      2.9      1.66          0.53    71.93     0.61    0.57    0.82    0.59    0.68     98.20   5.19    67.70   69.38   0.68    526.30     4.83     52.92  
100  T0885TS077_4-D1     077s    56.14    100.00  100   N/A       N/A        0.24      0.24       34.65    N/A           15.79    28.57    4.598    5.521    114   0    0     0     49.12  78.95  N/A         N/A          0.17         0.17         78.95  59.662   2.15     11.96       10.3        101      2.7      3.89          0.48    60.09     0.52    0.51    0.77    0.60    0.85     83.50   5.19    69.93   63.36   0.69    551.20     7.33     39.87  
101  T0885TS183_5-D1     183s    56.14    100.00  100   N/A       N/A        0.24      0.24       39.91    N/A           19.96    32.55    10.003   10.495   114   0    0     0     59.65  69.30  N/A         N/A          0.61         0.61         71.05  59.774   2.03     12.14       8.6         85       3.1      3.13          0.51    65.35     0.55    0.53    0.68    0.81    0.66     86.30   5.04    58.23   67.94   0.60    474.50     11.68    74.41  
102  T0885TS432_5-D1     432s    56.14    100.00  100   N/A       N/A        0.24      0.24       35.53    N/A           13.58    25.32    6.719    7.283    114   0    0     0     47.37  78.95  N/A         N/A          0.10         0.10         78.95  55.686   2.50     14.70       9.4         104      3.4      1.04          0.54    75.44     0.60    0.61    0.91    0.27    0.81     96.20   5.60    72.06   71.92   0.63    510.60     3.17     N/A    
103  T0885TS220_2-D1     220s    55.92    100.00  103   N/A       N/A        0.22      0.22       37.28    N/A           21.92    31.42    9.445    10.193   114   0    0     0     50.88  70.18  N/A         N/A          0.25         0.25         79.82  64.499   2.16     12.14       9.7         99       2.9      1.97          0.53    71.49     0.61    0.56    0.82    0.61    0.68     99.30   5.19    67.51   69.24   0.67    518.40     4.79     52.86  
104  T0885TS183_4-D1     183s    55.92    100.00  103   N/A       N/A        0.22      0.22       35.52    N/A           14.01    26.15    5.56     6.081    114   0    0     0     43.86  68.42  N/A         N/A          -0.04        -0.04        71.05  56.764   2.08     14.70       10          106      3.8      2.63          0.54    69.30     0.59    0.59    0.89    0.33    0.82     87.50   5.73    71.24   69.75   0.64    541.20     6.19     83.58  
105  T0885TS026_1-D1     026s    55.92    100.00  103   0.09      0.09       0.22      0.22       35.74    -0.05         14.98    27.29    9.042    9.625    114   0    0     0     51.75  75.44  0.17        0.17         0.28         0.28         75.44  60.837   2.16     14.70       8.7         98       3        3.77          0.49    67.54     0.55    0.56    0.81    0.47    0.79     93.10   5.46    71.21   67.11   0.64    476.40     7.98     N/A    
106  T0885TS380_1-D1     380s    55.92    100.00  103   0.09      0.09       0.22      0.22       35.74    -0.05         14.98    27.29    9.042    9.625    114   0    0     0     51.75  75.44  0.17        0.17         0.28         0.28         75.44  60.837   2.16     14.70       8.7         98       3        3.77          0.49    67.54     0.55    0.56    0.81    0.47    0.79     93.10   5.46    71.21   67.11   0.64    476.40     7.98     N/A    
107  T0885TS380_5-D1     380s    55.26    100.00  107   N/A       N/A        0.18      0.18       36.40    N/A           16.96    26.44    7.908    8.824    114   0    0     0     50.00  78.95  N/A         N/A          0.21         0.21         78.95  60.938   2.23     14.88       11          98       2.8      3.62          0.48    65.35     0.56    0.56    0.83    0.41    0.84     91.90   5.46    77.68   71.12   0.67    585.10     8.74     N/A    
108  T0885TS026_5-D1     026s    55.26    100.00  107   N/A       N/A        0.18      0.18       36.40    N/A           16.96    26.44    7.908    8.824    114   0    0     0     50.00  78.95  N/A         N/A          0.21         0.21         78.95  60.938   2.23     14.88       11          98       2.8      3.62          0.48    65.35     0.56    0.56    0.83    0.41    0.84     91.90   5.46    77.68   71.12   0.67    585.10     8.74     N/A    
109  T0885TS467_2-D1     467s    55.04    100.00  109   N/A       N/A        0.17      0.17       34.21    N/A           11.11    23.14    5.136    5.93     114   0    0     0     49.12  84.21  N/A         N/A          0.17         0.17         85.96  62.152   2.51     14.70       11.8        107      3.1      1.19          0.51    63.60     0.57    0.54    0.83    0.51    0.81     84.20   5.73    73.82   69.07   0.67    619.20     5.78     61.91  
110  T0885TS421_5-D1     421s    54.83    89.47   110   N/A       N/A        0.15      0.15       36.62    N/A           20.79    28.45    4.239    5.166    102   0    0     0     48.25  71.05  N/A         N/A          0.14         0.14         74.56  62.262   2.15     11.67       9.8         93       2.6      4.27          0.31    64.91     0.51    0.52    0.71    0.48    0.71     86.25   5.46    67.12   66.51   0.64    502.20     4.20     N/A    
111  T0885TS284_2-D1     284s    54.60    100.00  111   N/A       N/A        0.14      0.14       36.84    N/A           17.49    29.06    7.349    8.176    114   0    0     0     50.00  57.89  N/A         N/A          0.21         0.21         61.40  55.261   2.02     9.59        7.1         69       3        3.40          0.46    60.96     0.56    0.53    0.78    0.54    0.80     93.50   4.25    56.11   66.99   0.56    342.30     12.57    N/A    
112  T0885TS236_4-D1     236s    54.39    100.00  112   N/A       N/A        0.12      0.12       33.77    N/A           16.96    27.87    6.517    7.656    114   0    0     0     45.61  81.58  N/A         N/A          0.03         0.03         81.58  66.755   2.04     13.97       10.8        99       2.3      2.66          0.47    51.32     0.54    0.49    0.79    0.66    0.79     80.30   5.33    70.47   65.66   0.71    575.80     9.75     80.97  
113  T0885TS452_4-D1     452s    53.95    100.00  113   N/A       N/A        0.09      0.09       34.21    N/A           12.90    26.41    6.447    7.336    114   2    0     0     50.88  73.68  N/A         N/A          0.25         0.25         74.56  50.708   2.28     9.59        8.4         94       2.9      3.96          0.44    58.33     0.51    0.54    0.74    0.56    0.76     96.20   5.04    71.13   65.55   0.62    467.60     7.74     71.33  
114  T0885TS467_5-D1     467s    53.51    100.00  114   N/A       N/A        0.06      0.06       36.18    N/A           18.50    30.05    10.008   10.664   114   0    0     0     51.75  63.16  N/A         N/A          0.28         0.28         70.18  54.414   1.96     10.87       7.8         88       2.8      1.73          0.50    60.09     0.56    0.52    0.70    0.62    0.66     92.70   4.58    64.85   67.37   0.61    441.10     7.59     56.68  
115  T0885TS380_3-D1     380s    53.07    100.00  115   N/A       N/A        0.04      0.04       33.99    N/A           18.28    26.49    7.141    7.954    114   1    0     0     42.98  75.44  N/A         N/A          -0.08        -0.08        77.19  58.369   2.25     14.34       11.2        101      3        4.12          0.50    64.91     0.56    0.54    0.67    0.39    0.77     81.50   5.60    75.35   71.09   0.65    593.40     7.12     N/A    
116  T0885TS026_3-D1     026s    53.07    100.00  115   N/A       N/A        0.04      0.04       33.99    N/A           18.28    26.49    7.141    7.954    114   1    0     0     42.98  75.44  N/A         N/A          -0.08        -0.08        77.19  58.369   2.25     14.34       11.2        101      3        4.12          0.50    64.91     0.56    0.54    0.67    0.39    0.77     81.50   5.60    75.35   71.09   0.65    593.40     7.12     N/A    
117  T0885TS357_2-D1     357s    53.07    100.00  115   N/A       N/A        0.04      0.04       33.77    N/A           13.79    24.07    6.225    7.187    114   0    0     0     40.35  70.18  N/A         N/A          -0.19        -0.19        72.81  49.147   2.37     12.88       9.3         98       3.3      2.03          0.50    60.96     0.55    0.53    0.84    0.46    0.79     83.30   5.46    69.18   67.48   0.62    506.80     7.42     N/A    
118  T0885TS452_1-D1     452s    52.63    100.00  118   -0.15     -0.15      0.01      0.01       32.67    -0.34         10.79    21.20    7.181    7.851    114   0    0     0     27.19  74.56  -0.92       -0.92        -0.74        -0.74        74.56  62.959   1.95     14.52       7.7         94       2.8      3.50          0.43    54.82     0.53    0.50    0.75    0.57    0.80     81.30   4.74    71.16   64.46   0.61    437.30     8.66     70.64  
119  T0885TS451_1-D1     451s    52.63    100.00  118   -0.15     -0.15      0.01      0.01       32.45    -0.36         14.05    20.40    7.081    7.842    114   2    0     0     42.11  71.05  -0.25       -0.25        -0.12        -0.12        71.05  46.937   2.55     15.43       6.9         104      3.5      2.81          0.47    63.16     0.54    0.53    0.88    0.39    0.82     98.20   5.19    72.07   65.80   0.58    402.20     6.25     N/A    
120  T0885TS421_1-D1     421s    52.41    89.47   120   -0.17     -0.17      -0.01     -0.01      33.11    -0.30         12.84    20.68    4.002    5.385    102   0    0     0     44.74  78.07  -0.14       -0.14        -0.01        -0.01        80.70  64.134   2.01     11.67       10.7        95       2.4      4.26          0.24    50.00     0.46    0.45    0.69    0.54    0.72     76.86   5.04    70.32   60.95   0.68    540.00     6.41     N/A    
121  T0885TS359_2-D1     359s    52.41    91.23   120   N/A       N/A        -0.01     -0.01      32.23    N/A           15.78    23.45    3.747    4.977    104   0    0     0     49.12  72.81  N/A         N/A          0.17         0.17         72.81  47.184   2.39     14.96       7.9         95       3.1      3.06          0.42    53.51     0.48    0.44    0.73    0.55    0.85     68.06   4.89    67.83   57.63   0.61    428.10     7.36     38.03  
122  T0885TS258_3-D1     258s    51.97    100.00  122   N/A       N/A        -0.04     -0.04      32.45    N/A           14.78    23.61    5.734    6.385    114   0    0     0     45.61  71.93  N/A         N/A          0.03         0.03         73.68  57.333   2.14     13.61       10.5        102      3.4      3.40          0.51    64.04     0.55    0.56    0.80    0.46    0.79     89.50   5.04    72.06   69.95   0.65    560.20     6.22     47.25  
123  T0885TS284_3-D1     284s    51.75    100.00  123   N/A       N/A        -0.05     -0.05      33.77    N/A           14.25    24.79    7.665    8.618    114   1    0     0     45.61  50.00  N/A         N/A          0.03         0.03         56.14  50.967   1.93     10.32       6.1         76       3.5      3.41          0.42    56.58     0.52    0.48    0.77    0.53    0.82     86.80   3.70    55.07   62.84   0.52    338.10     12.85    N/A    
124  T0885TS284_5-D1     284s    51.75    100.00  123   N/A       N/A        -0.05     -0.05      32.90    N/A           12.45    24.34    8.807    9.732    114   0    0     0     44.74  71.05  N/A         N/A          -0.01        -0.01        71.05  50.676   2.35     13.42       8.5         96       3.4      2.72          0.49    57.46     0.51    0.52    0.81    0.56    0.73     82.60   5.04    63.55   63.60   0.59    471.40     9.91     N/A    
125  T0885TS380_2-D1     380s    51.75    100.00  123   N/A       N/A        -0.05     -0.05      31.58    N/A           13.32    25.16    8.889    9.776    114   0    0     0     44.74  71.05  N/A         N/A          -0.01        -0.01        71.05  52.3     2.24     13.06       8.8         98       3.2      3.67          0.46    57.46     0.53    0.50    0.81    0.59    0.71     97.30   5.33    68.23   67.98   0.61    486.40     8.01     N/A    
126  T0885TS026_2-D1     026s    51.75    100.00  123   N/A       N/A        -0.05     -0.05      31.58    N/A           13.32    25.16    8.889    9.776    114   0    0     0     44.74  71.05  N/A         N/A          -0.01        -0.01        71.05  52.3     2.24     13.06       8.8         98       3.2      3.67          0.46    57.46     0.53    0.50    0.81    0.59    0.71     97.30   5.33    68.23   67.98   0.61    486.40     8.01     N/A    
127  T0885TS275_5-D1     275s    50.66    100.00  127   N/A       N/A        -0.12     -0.12      30.92    N/A           8.78     19.72    10.616   11.357   114   0    0     0     42.11  71.05  N/A         N/A          -0.12        -0.12        72.81  50.006   2.24     12.88       6.9         93       3.4      3.04          0.45    53.95     0.52    0.49    0.78    0.65    0.78     80.20   5.19    67.97   64.31   0.59    405.90     15.26    N/A    
128  T0885TS258_5-D1     258s    50.66    100.00  127   N/A       N/A        -0.12     -0.12      31.80    N/A           13.16    20.12    6.311    7.026    114   0    0     0     40.35  71.05  N/A         N/A          -0.19        -0.19        71.93  50.668   2.24     13.06       9.7         98       3.3      3.14          0.51    61.84     0.57    0.55    0.80    0.48    0.77     78.40   5.19    70.67   68.48   0.63    526.70     7.30     49.37  
129  T0885TS357_4-D1     357s    50.44    100.00  129   N/A       N/A        -0.14     -0.14      31.14    N/A           14.92    23.87    10.151   11.166   114   0    0     0     40.35  71.05  N/A         N/A          -0.19        -0.19        73.68  52.712   2.20     13.06       9.3         98       3.6      1.99          0.49    56.58     0.55    0.50    0.79    0.75    0.64     75.60   5.33    65.42   66.51   0.62    510.20     9.54     N/A    
130  T0885TS016_1-D1     016s    50.44    100.00  129   -0.31     -0.31      -0.14     -0.14      32.24    -0.38         13.44    23.68    8.673    9.63     114   0    0     0     44.74  66.67  -0.14       -0.14        -0.01        -0.01        69.30  53.965   2.25     12.33       8.7         96       3.1      2.84          0.43    52.19     0.50    0.45    0.79    0.62    0.75     77.70   5.19    63.00   62.89   0.61    482.90     14.57    48.48  
131  T0885TS359_5-D1     359s    50.22    89.47   131   N/A       N/A        -0.15     -0.15      30.26    N/A           13.47    22.02    3.937    5.093    102   0    0     0     47.37  67.54  N/A         N/A          0.10         0.10         67.54  45.513   2.36     15.25       7.8         92       3        3.46          0.41    56.14     0.45    0.45    0.69    0.52    0.83     65.67   5.04    61.78   57.78   0.59    417.90     5.57     39.69  
132  T0885TS464_4-D1     464s    50.22    100.00  131   N/A       N/A        -0.15     -0.15      31.14    N/A           11.70    22.64    9.782    10.76    114   0    0     0     38.60  62.28  N/A         N/A          -0.26        -0.26        62.28  54.415   2.07     10.50       7.7         94       3.4      3.57          0.42    42.98     0.48    0.43    0.75    0.78    0.65     80.40   5.19    56.77   55.81   0.59    434.60     14.95    49.63  
133  T0885TS357_3-D1     357s    50.22    100.00  131   N/A       N/A        -0.15     -0.15      31.14    N/A           11.64    19.31    8.847    9.851    114   0    0     0     35.96  60.53  N/A         N/A          -0.37        -0.37        64.91  49.339   2.30     12.33       8.7         98       3.9      2.26          0.48    55.70     0.54    0.49    0.78    0.82    0.66     74.40   5.33    67.86   65.60   0.59    479.60     9.02     N/A    
134  T0885TS479_4-D1     479s    50.00    100.00  134   N/A       N/A        -0.17     -0.17      31.14    N/A           10.99    21.93    9.503    10.142   114   0    0     0     44.74  64.91  N/A         N/A          -0.01        -0.01        74.56  53.744   2.14     10.87       7.4         94       3.2      2.61          0.46    60.53     0.56    0.50    0.79    0.55    0.69     89.60   5.04    70.17   68.38   0.61    423.70     5.96     76.08  
135  T0885TS464_1-D1     464s    50.00    100.00  134   -0.34     -0.34      -0.17     -0.17      30.92    -0.50         11.17    22.24    9.764    10.774   114   0    0     0     40.35  64.04  -0.33       -0.33        -0.19        -0.19        64.04  53.876   2.04     10.50       7.8         95       3.3      3.33          0.42    41.67     0.48    0.43    0.75    0.78    0.65     80.50   5.19    56.78   55.84   0.59    439.60     14.60    49.73  
136  T0885TS464_3-D1     464s    49.34    100.00  136   N/A       N/A        -0.21     -0.21      30.27    N/A           9.45     20.71    9.693    10.529   114   0    0     0     35.96  64.04  N/A         N/A          -0.37        -0.37        64.04  53.656   2.08     10.68       7.5         93       3.4      3.40          0.42    43.42     0.47    0.43    0.77    0.77    0.70     79.50   5.19    56.58   55.08   0.59    427.30     15.07    49.90  
137  T0885TS180_4-D1     180s    49.12    100.00  137   N/A       N/A        -0.22     -0.22      28.73    N/A           11.52    18.81    7.58     8.459    114   0    0     0     36.84  66.67  N/A         N/A          -0.34        -0.34        72.81  51.724   2.46     11.60       5.9         93       2.9      3.11          0.35    53.07     0.53    0.49    0.74    0.51    0.83     75.20   4.42    70.20   63.45   0.57    353.20     9.95     60.05  
138  T0885TS183_3-D1     183s    48.90    100.00  138   N/A       N/A        -0.24     -0.24      29.61    N/A           11.11    21.69    9.435    10.053   114   0    0     0     35.96  64.04  N/A         N/A          -0.37        -0.37        73.68  55.025   2.23     9.95        8           93       2.9      2.74          0.45    59.21     0.55    0.49    0.78    0.59    0.69     96.10   4.58    69.31   66.56   0.61    466.10     6.20     75.63  
139  T0885TS444_1-D1     444s    48.47    100.00  139   -0.45     -0.45      -0.27     -0.27      28.95    -0.68         9.13     18.23    6.873    7.665    114   0    0     0     31.58  75.44  -0.72       -0.72        -0.55        -0.55        76.32  50.069   2.45     12.14       8.6         99       3.3      3.30          0.46    55.26     0.53    0.50    0.82    0.55    0.75     87.10   5.19    66.51   65.19   0.62    477.20     6.95     50.49  
140  T0885TS166_1-D1     166s    47.37    84.21   140   -0.54     -0.54      -0.34     -0.34      29.82    -0.60         13.77    21.34    4.2      5.392    96    2    0     0     39.47  62.28  -0.37       -0.37        -0.23        -0.23        63.16  43.624   2.23     12.94       7.1         83       3.3      3.64          0.39    50.44     0.43    0.43    0.57    0.58    0.83     74.19   4.58    53.29   56.41   0.54    378.00     8.57     42.21  
141  T0885TS284_1-D1     284s    46.71    100.00  141   -0.58     -0.58      -0.38     -0.38      34.65    -0.15         17.21    28.42    16.858   17.278   114   0    0     0     50.00  54.39  0.09        0.09         0.21         0.21         57.02  53.73    1.78     8.67        5.6         65       1.8      3.07          0.39    37.28     0.48    0.43    0.45    0.98    0.59     77.00   4.74    38.77   56.12   0.51    339.90     124.25   N/A    
142  T0885TS180_2-D1     180s    46.27    100.00  142   N/A       N/A        -0.41     -0.41      25.66    N/A           10.16    16.26    6.087    7.093    114   0    0     0     31.58  64.04  N/A         N/A          -0.55        -0.55        64.04  41.737   2.59     12.69       5.1         95       3.8      2.98          0.37    54.82     0.54    0.50    0.83    0.55    0.78     79.10   5.04    62.65   63.56   0.54    334.70     8.11     60.09  
143  T0885TS180_3-D1     180s    45.83    100.00  143   N/A       N/A        -0.44     -0.44      25.44    N/A           9.19     14.26    5.967    7.157    114   0    0     0     24.56  69.30  N/A         N/A          -0.84        -0.84        69.30  45.77    2.74     6.66        4.2         85       3.2      3.03          0.32    46.93     0.50    0.44    0.69    0.74    0.79     86.00   4.58    60.05   59.89   0.55    298.40     10.02    59.31  
144  T0885TS407_2-D1     407s    45.40    100.00  144   N/A       N/A        -0.47     -0.47      25.00    N/A           8.20     15.06    5.528    6.919    114   1    0     0     29.82  64.04  N/A         N/A          -0.63        -0.63        64.04  39.808   2.51     11.23       5.2         90       3.9      3.15          0.43    45.61     0.50    0.43    0.79    0.77    0.77     84.50   4.89    58.27   59.19   0.53    322.00     10.99    51.69  
145  T0885TS180_1-D1     180s    45.17    100.00  145   -0.70     -0.70      -0.48     -0.48      26.09    -0.94         6.11     12.69    6.411    7.229    114   0    0     0     24.56  58.77  -1.03       -1.03        -0.84        -0.84        62.28  42.058   2.60     9.77        4           89       4        2.84          0.37    57.89     0.55    0.52    0.82    0.49    0.78     92.40   4.89    62.71   65.18   0.50    275.70     7.53     54.66  
146  T0885TS407_4-D1     407s    45.17    100.00  145   N/A       N/A        -0.48     -0.48      24.78    N/A           7.57     15.77    5.768    6.995    114   0    0     0     25.44  62.28  N/A         N/A          -0.81        -0.81        62.28  38.726   2.60     12.14       5.8         94       3.9      3.37          0.44    47.81     0.52    0.44    0.79    0.83    0.76     85.20   4.89    59.11   60.63   0.52    350.90     10.27    52.56  
147  T0885TS407_5-D1     407s    44.30    100.00  147   N/A       N/A        -0.54     -0.54      24.78    N/A           6.48     15.08    5.792    7.203    114   0    0     0     28.95  62.28  N/A         N/A          -0.66        -0.66        62.28  36.914   2.58     10.87       5.3         93       4.6      2.78          0.43    47.81     0.51    0.43    0.78    0.81    0.75     93.40   4.89    58.50   59.69   0.52    327.40     10.67    53.36  
148  T0885TS407_3-D1     407s    44.08    100.00  148   N/A       N/A        -0.55     -0.55      23.91    N/A           7.15     14.27    5.824    7.057    114   1    0     0     25.44  64.04  N/A         N/A          -0.81        -0.81        64.04  40.183   2.91     11.23       5.4         94       4.2      3.20          0.43    47.37     0.50    0.44    0.78    0.82    0.75     95.90   5.04    59.84   61.14   0.51    329.80     10.72    52.90  
149  T0885TS359_4-D1     359s    42.98    92.98   149   N/A       N/A        -0.63     -0.63      25.88    N/A           14.24    19.26    9.493    10.049   106   2    0     0     34.21  58.77  N/A         N/A          -0.44        -0.44        66.67  45.664   2.36     10.20       6.2         79       2.7      3.66          0.36    54.39     0.47    0.40    0.64    0.70    0.64     72.15   4.42    45.14   55.94   0.55    353.80     9.72     53.40  
150  T0885TS444_3-D1     444s    42.98    100.00  149   N/A       N/A        -0.63     -0.63      24.78    N/A           10.30    17.43    7.337    8.46     114   0    0     0     30.70  61.40  N/A         N/A          -0.59        -0.59        66.67  46.123   2.22     10.68       7.6         98       4.2      3.56          0.46    55.70     0.53    0.49    0.74    0.62    0.73     72.80   5.33    65.03   63.02   0.58    430.40     9.06     53.29  
151  T0885TS407_1-D1     407s    42.76    100.00  151   -0.87     -0.87      -0.64     -0.64      23.46    -1.19         8.08     15.32    7.202    8.368    114   0    0     0     20.18  58.77  -1.23       -1.23        -1.03        -1.03        58.77  38.42    2.66     10.13       5.7         95       4.2      3.04          0.40    45.18     0.50    0.42    0.78    0.79    0.72     82.60   4.74    57.41   59.34   0.52    346.00     10.61    53.97  
152  T0885TS467_4-D1     467s    41.89    100.00  152   N/A       N/A        -0.70     -0.70      22.81    N/A           7.21     15.11    6.34     7.275    114   0    0     0     18.42  58.77  N/A         N/A          -1.10        -1.10        59.65  38.491   2.65     10.32       4.8         96       5        1.06          0.44    57.46     0.55    0.50    0.82    0.52    0.75     92.90   4.58    62.73   65.06   0.51    307.40     7.27     64.98  
153  T0885TS321_4-D1     321s    39.69    100.00  153   N/A       N/A        -0.84     -0.84      23.03    N/A           5.43     12.04    9.304    10.325   114   0    0     0     11.40  58.77  N/A         N/A          -1.39        -1.39        60.53  46.165   2.27     11.05       5.8         91       3.9      3.04          0.35    35.96     0.50    0.38    0.70    1.24    0.62     95.00   4.74    51.15   58.98   0.52    330.40     16.66    53.47  
154  T0885TS434_1-D1     434s    38.82    100.00  154   -1.16     -1.16      -0.90     -0.90      22.37    -1.29         6.03     14.17    10.254   10.922   114   0    0     0     16.67  54.39  -1.38       -1.38        -1.17        -1.17        57.02  38.19    2.45     9.22        3.4         76       3.7      2.96          0.33    36.84     0.48    -0.20   0.57    0.96    0.64     51.20   3.70    43.74   54.91   0.47    240.60     19.68    75.16  
155  T0885TS452_2-D1     452s    38.82    100.00  154   N/A       N/A        -0.90     -0.90      22.37    N/A           7.37     13.82    7.361    7.976    114   0    0     0     27.19  54.39  N/A         N/A          -0.74        -0.74        60.53  42.368   2.39     9.59        4.1         74       2.9      3.85          0.37    47.81     0.49    0.42    0.69    0.60    0.74     88.40   4.42    53.29   56.31   0.54    277.40     9.66     54.89  
156  T0885TS359_1-D1     359s    37.06    100.00  156   -1.29     -1.29      -1.01     -1.01      19.08    -1.59         3.15     8.69     7.022    7.813    114   0    0     0     15.79  56.14  -1.42       -1.42        -1.21        -1.21        66.67  42.834   2.83     8.86        5.4         98       4.2      3.06          0.37    40.35     0.49    0.38    0.72    0.85    0.72     91.90   4.74    56.02   58.30   0.53    334.60     11.46    66.57  
157  T0885TS345_2-D1     345s    35.31    100.00  157   N/A       N/A        -1.13     -1.13      22.80    N/A           9.23     16.41    13.078   13.4     114   0    0     0     1.75   37.72  N/A         N/A          -1.79        -1.79        48.25  34.516   2.45     5.38        3.7         75       4        2.35          0.44    57.02     0.58    0.50    0.52    0.81    0.57     94.30   3.70    42.39   66.71   0.43    260.30     34.69    65.60  
158  T0885TS359_3-D1     359s    34.21    100.00  158   N/A       N/A        -1.20     -1.20      21.05    N/A           7.76     11.82    13.068   13.311   114   0    0     0     6.14   28.95  N/A         N/A          -1.61        -1.61        62.28  41.889   2.63     5.02        4.2         75       4        2.77          0.35    42.11     0.50    0.34    0.51    0.94    0.59     76.00   4.42    36.35   52.24   0.52    292.50     31.72    67.11  
159  T0885TS345_3-D1     345s    33.77    100.00  159   N/A       N/A        -1.23     -1.23      20.39    N/A           8.46     12.70    12.19    13.121   114   0    0     0     0.00   0.00   N/A         N/A          -1.86        -1.86        43.86  30.585   2.46     8.49        2.4         68       3.9      3.17          0.36    43.86     0.51    0.41    0.56    1.44    0.46     90.40   4.42    41.25   62.29   0.40    198.00     18.46    73.95  
160  T0885TS434_2-D1     434s    32.67    100.00  160   N/A       N/A        -1.30     -1.30      17.76    N/A           4.90     8.10     11.237   11.965   114   0    0     0     0.88   8.77   N/A         N/A          -1.83        -1.83        48.25  30.532   2.58     5.93        1.7         68       3.4      2.71          0.32    34.21     0.47    0.34    0.63    0.97    0.63     69.00   4.25    40.31   52.17   0.44    182.80     17.61    76.81  
161  T0885TS180_5-D1     180s    32.46    100.00  161   N/A       N/A        -1.32     -1.32      17.54    N/A           6.13     10.38    10.811   11.285   114   7    0     0     18.42  43.86  N/A         N/A          -1.10        -1.10        45.61  31.102   2.52     7.58        1.9         66       4.7      3.63          0.24    51.75     0.49    0.46    0.63    1.26    0.48     97.30   4.42    40.67   63.35   0.42    177.20     6.92     44.10  
162  T0885TS452_5-D1     452s    32.46    100.00  161   N/A       N/A        -1.32     -1.32      20.61    N/A           2.92     10.29    12.999   13.587   114   1    0     0     18.42  28.95  N/A         N/A          -1.10        -1.10        56.14  37.913   2.35     6.85        2.9         82       4        3.97          0.32    42.54     0.49    0.41    0.61    0.81    0.57     83.50   4.25    35.85   58.00   0.41    222.30     21.36    43.76  
163  T0885TS321_1-D1     321s    32.02    100.00  163   -1.66     -1.66      -1.34     -1.34      19.74    -1.53         3.93     9.50     10.948   11.446   114   1    0     0     16.67  37.72  -1.38       -1.38        -1.17        -1.17        42.11  32.957   2.45     6.30        2.2         58       3        3.39          0.38    39.47     0.53    0.40    0.55    1.18    0.53     95.80   3.89    38.81   59.17   0.41    238.50     28.02    44.79  
164  T0885TS434_3-D1     434s    30.26    100.00  164   N/A       N/A        -1.46     -1.46      18.42    N/A           7.69     12.23    11.985   12.751   114   0    0     0     1.75   4.39   N/A         N/A          -1.79        -1.79        46.49  29.257   2.50     4.29        2.1         65       3.8      2.79          0.33    32.46     0.47    -0.20   0.59    1.05    0.56     67.20   3.50    36.36   53.93   0.40    178.10     18.69    71.29  
165  T0885TS434_4-D1     434s    29.82    100.00  165   N/A       N/A        -1.49     -1.49      18.86    N/A           6.70     10.90    14.507   14.96    114   0    0     0     0.00   0.00   N/A         N/A          -1.86        -1.86        36.84  28.098   2.40     5.75        1.4         57       5.2      2.72          0.31    31.14     0.49    0.34    0.51    1.47    0.49     77.70   4.07    33.02   51.67   0.33    151.30     22.99    72.40  
166  T0885TS434_5-D1     434s    29.82    100.00  165   N/A       N/A        -1.49     -1.49      19.30    N/A           8.20     10.43    14.893   15.455   114   0    0     0     14.91  34.21  N/A         N/A          -1.25        -1.25        46.49  31.406   2.57     4.65        1.3         62       4        2.54          0.32    32.46     0.50    0.36    0.58    1.09    0.54     67.70   3.70    38.04   53.25   0.39    157.10     26.44    72.74  
167  T0885TS464_5-D1     464s    29.39    100.00  167   N/A       N/A        -1.52     -1.52      16.89    N/A           4.80     9.33     11.883   12.393   114   0    0     0     0.00   0.00   N/A         N/A          -1.86        -1.86        40.35  28.083   2.32     5.75        0.6         46       4.8      2.09          0.32    41.23     0.48    0.39    0.62    1.06    0.61     85.60   3.50    33.77   52.67   0.31    129.60     45.18    40.09  
168  T0885TS446_3-D1     446s    28.07    100.00  168   N/A       N/A        -1.60     -1.60      18.64    N/A           5.89     12.44    18.881   19.501   114   0    0     0     0.00   0.00   N/A         N/A          -1.86        -1.86        43.86  40.395   1.99     4.10        2.7         61       3.7      0.50          0.32    30.70     0.52    0.36    0.28    1.20    0.54     62.40   3.07    30.23   56.62   0.37    209.40     137.08   37.61  
169  T0885TS467_1-D1     467s    27.63    100.00  169   -1.98     -1.98      -1.63     -1.63      15.79    -1.89         2.92     5.82     10.807   11.691   114   0    0     0     4.39   29.82  -1.93       -1.93        -1.68        -1.68        39.47  27.443   2.48     1.91        2.1         73       5.5      1.25          0.36    35.53     0.50    0.35    0.51    1.28    0.54     74.00   3.50    35.35   55.55   0.35    201.00     27.23    73.81  
170  T0885TS446_2-D1     446s    27.19    100.00  170   N/A       N/A        -1.66     -1.66      18.20    N/A           5.43     10.60    19.168   19.804   114   0    0     0     0.00   0.00   N/A         N/A          -1.86        -1.86        45.61  43.052   1.70     2.64        3.1         58       3.1      1.21          0.31    29.82     0.51    0.33    0.25    1.27    0.58     46.60   3.07    30.30   55.29   0.41    230.20     141.18   37.50  
171  T0885TS452_3-D1     452s    26.75    100.00  171   N/A       N/A        -1.69     -1.69      16.89    N/A           3.60     6.85     13.707   14.374   114   6    0     0     5.26   22.81  N/A         N/A          -1.65        -1.65        37.72  26.375   2.53     3.56        1           54       5.5      4.17          0.31    32.46     0.48    0.33    0.35    1.34    0.49     92.20   3.70    34.91   54.77   0.33    135.50     25.44    39.44  
172  T0885TS321_2-D1     321s    26.75    100.00  171   N/A       N/A        -1.69     -1.69      16.89    N/A           5.04     9.89     11.719   12.478   114   0    0     0     0.00   35.09  N/A         N/A          -1.86        -1.86        46.49  29.051   2.53     4.10        1.9         62       3.9      3.11          0.31    33.33     0.49    0.32    0.50    1.40    0.55     98.70   3.29    35.36   54.91   0.38    186.30     23.59    39.52  
173  T0885TS321_3-D1     321s    26.32    100.00  173   N/A       N/A        -1.72     -1.72      16.01    N/A           5.26     10.44    12.145   12.959   114   0    0     0     1.75   19.30  N/A         N/A          -1.79        -1.79        32.46  25.066   2.48     2.28        0.9         46       3.1      2.95          0.32    30.26     0.50    0.32    0.44    1.31    0.54     97.80   3.50    36.34   55.91   0.32    132.20     34.12    35.03  
174  T0885TS446_1-D1     446s    25.88    100.00  174   -2.10     -2.10      -1.75     -1.75      17.32    -1.75         5.91     9.31     18.777   19.471   114   0    0     0     0.00   0.00   -2.12       -2.12        -1.86        -1.86        44.74  41.886   1.91     2.64        2.8         58       3.1      0.52          0.30    30.26     0.51    0.33    0.25    1.35    0.57     48.20   3.07    29.54   55.73   0.38    224.40     144.66   37.71  
175  T0885TS028_4-D1     028s    24.12    96.49   175   N/A       N/A        -1.86     -1.86      16.01    N/A           5.21     9.69     14.222   14.445   110   4    0     0     0.00   0.00   N/A         N/A          -1.86        -1.86        37.72  30.792   2.21     2.88        1.4         49       4.7      2.75          0.27    20.61     0.44    0.27    0.33    1.73    0.52     59.73   2.30    24.40   46.58   0.31    149.20     71.50    75.61  
176  T0885TS321_5-D1     321s    24.12    100.00  175   N/A       N/A        -1.86     -1.86      15.79    N/A           2.92     5.28     16.683   16.902   114   0    0     0     0.00   0.00   N/A         N/A          -1.86        -1.86        35.96  26.411   2.79     2.83        0.4         40       3.6      3.04          0.29    25.00     0.49    0.31    0.36    1.73    0.51     96.10   2.30    29.43   54.40   0.30    117.80     38.31    31.85  
177  T0885TS446_5-D1     446s    23.90    100.00  177   N/A       N/A        -1.88     -1.88      17.55    N/A           6.13     9.50     23.025   23.272   114   0    0     0     0.00   0.00   N/A         N/A          -1.86        -1.86        37.72  34.947   1.93     0.82        0.9         44       2.9      0.52          0.28    25.88     0.51    0.35    0.28    1.44    0.54     62.80   3.07    27.36   55.21   0.30    133.10     197.26   36.06  
178  T0885TS446_4-D1     446s    23.68    98.25   178   N/A       N/A        -1.89     -1.89      17.54    N/A           4.20     10.47    21.076   21.416   112   0    0     0     0.00   0.00   N/A         N/A          -1.86        -1.86        45.61  36.984   2.13     0.46        2.2         58       3.2      0.73          0.30    25.88     0.50    0.33    0.30    1.44    0.59     60.42   2.83    29.68   53.34   0.37    185.00     99.41    36.06  
179  T0885TS455_1-D1     455s    23.25    100.00  179   -2.30     -2.30      -1.92     -1.92      17.76    -1.71         4.58     9.29     16.289   17.08    114   1    0     0     3.51   25.44  -1.97       -1.97        -1.72        -1.72        28.95  24.141   2.15     1.91        0.5         39       8.1      3.08          0.26    21.05     0.40    0.28    0.47    1.74    0.46     62.40   3.29    17.61   43.52   0.26    93.40      45.92    79.81  
180  T0885TS028_1-D1     028s    22.37    96.49   180   -2.36     -2.36      -1.98     -1.98      14.91    -1.97         0.47     4.63     15.189   15.618   110   2    0     0     0.00   0.00   -2.12       -2.12        -1.86        -1.86        35.96  28.554   2.10     2.70        1.6         42       2.9      3.07          0.28    17.11     0.42    0.28    0.34    1.72    0.50     63.88   3.29    27.80   45.80   0.33    141.30     79.36    83.93  
181  T0885TS455_4-D1     455s    22.37    100.00  180   N/A       N/A        -1.98     -1.98      11.62    N/A           1.94     6.08     11.491   12.699   114   0    0     0     2.63   22.81  N/A         N/A          -1.76        -1.76        31.58  22.266   2.34     3.74        0.3         51       3.9      2.95          0.27    24.56     0.37    0.24    0.44    1.48    0.53     55.10   1.99    32.29   39.16   0.31    101.40     36.90    79.77  
182  T0885TS028_2-D1     028s    22.15    96.49   182   N/A       N/A        -1.99     -1.99      14.47    N/A           0.29     4.55     15.039   15.462   110   2    0     0     1.75   9.65   N/A         N/A          -1.79        -1.79        39.47  28.85    2.48     2.70        1.3         42       2.6      2.80          0.27    16.67     0.44    0.27    0.34    1.68    0.51     63.88   3.29    27.91   45.78   0.33    143.10     78.65    83.98  
183  T0885TS028_3-D1     028s    21.71    96.49   183   N/A       N/A        -2.02     -2.02      14.47    N/A           0.64     4.58     14.223   15.05    110   2    0     0     0.00   34.21  N/A         N/A          -1.86        -1.86        35.09  34.458   1.66     4.18        2           46       4.3      2.70          0.27    17.54     0.46    0.28    0.42    1.61    0.54     63.68   2.83    26.88   47.68   0.33    148.70     46.50    81.90  
184  T0885TS028_5-D1     028s    21.05    96.49   184   N/A       N/A        -2.06     -2.06      14.47    N/A           3.24     6.21     14.664   15.081   110   2    0     0     0.00   32.46  N/A         N/A          -1.86        -1.86        32.46  32.121   1.39     3.44        1.9         46       4.7      2.82          0.25    15.35     0.43    0.27    0.43    1.76    0.51     48.63   2.30    21.86   45.03   0.30    147.20     67.72    84.33  
185  T0885TS464_2-D1     464s    19.52    100.00  185   N/A       N/A        -2.16     -2.16      14.69    N/A           5.53     11.12    18.978   19.164   114   0    0     0     0.00   0.00   N/A         N/A          -1.86        -1.86        25.44  22.335   1.83     1.55        0.6         36       3.2      2.08          0.27    29.82     0.47    0.34    0.39    1.77    0.49     65.90   1.99    19.36   51.11   0.23    75.90      123.59   29.18  
186  T0885TS455_5-D1     455s    14.91    100.00  186   N/A       N/A        -2.47     -2.47      10.09    N/A           1.54     3.84     37.737   37.777   114   0    0     0     0.00   0.00   N/A         N/A          -1.86        -1.86        28.07  20.113   2.48     -0.10       0           0        N/A      3.42          0.17    17.98     0.35    0.19    0.53    2.10    0.57     43.50   1.99    14.74   32.37   0.23    N/A        298.02   88.17  
187  T0885TS455_3-D1     455s    14.69    100.00  187   N/A       N/A        -2.48     -2.48      8.55     N/A           1.88     2.97     14.861   15.446   114   0    0     0     0.88   0.88   N/A         N/A          -1.83        -1.83        31.58  20.678   2.35     0.27        0           0        N/A      3.49          0.21    10.96     0.35    0.17    0.26    1.70    0.50     27.60   1.99    18.54   32.53   0.27    N/A        110.30   85.10  
188  T0885TS421_4-D1     421s    14.47    62.28   188   N/A       N/A        -2.49     -2.49      8.77     N/A           3.58     3.80     12.251   12.889   71    0    0     0     0.00   7.89   N/A         N/A          -1.86        -1.86        37.72  23.7     2.68     0.68        0           0        N/A      4.34          0.05    14.04     0.24    0.11    0.13    2.00    0.51     27.78   1.24    11.53   17.93   0.35    N/A        29.13    N/A    
189  T0885TS455_2-D1     455s    14.25    100.00  189   N/A       N/A        -2.51     -2.51      8.12     N/A           0.61     3.53     16.938   17.235   114   0    0     0     0.00   0.00   N/A         N/A          -1.86        -1.86        20.18  13.573   2.51     -0.65       0           0        N/A      2.79          0.21    12.28     0.35    0.18    0.44    2.23    0.49     24.00   1.64    18.61   31.70   0.21    N/A        86.41    88.18  
190  T0885TS421_2-D1     421s    11.40    32.46   190   N/A       N/A        -2.70     -2.70      7.67     N/A           5.20     4.63     9.74     10.557   37    8    0     0     0.00   0.00   N/A         N/A          -1.86        -1.86        17.54  11.861   2.37     0.64        0           0        N/A      4.93          0.01    7.89      0.10    0.06    0.05    4.10    0.50     0.58    1.99    5.65    9.42    0.14    N/A        64.40    N/A    

