#    Model               GR#     GDT_TS   NP_P    RANK  Z-M1-GDT  Z-M1s-GDT  Z-MA-GDT  Z-MAs-GDT  GDT_HA   Z-M1s-GDT-HA  GDC_SC   GDC_ALL  RMS_CA   RMS_ALL  NP    err  PC01  PC05  AL0_P  AL4_P  Z-M1-AL0_p  Z-M1s-AL0_p  Z-MA-AL0_p   Z-MAs-AL0_p  ALI_P  LGA_S    RMSD[L]  Z-score[M]  Z-Score[D]  Al.Res.  RMSD[D]  MolPrb_Score  LDDT    SphGr     CAD_AA  RPF     CODM    DFM     Handed.  SOV     CE      QCS     CONTS   TMscore  Dali(raw)  FlexE    QSE    

1    T0883TS016_1-D1     016s    89.40    100.00  1     0.50      0.50       0.56      0.56       76.50    0.57          46.07    70.19    5.369    5.51     217   1    0     0     89.86  92.63  0.57        0.57         0.62         0.62         92.63  92.216   0.94     27.62       33.3        206      1.3      3.22          0.77    83.87     0.70    0.80    0.92    0.28    0.91     97.60   7.34    93.91   87.46   0.92    2816.40    4.51     18.09  
2    T0883TS005_4-D1     005s    89.40    100.00  1     N/A       N/A        0.56      0.56       76.50    N/A           55.30    71.55    4.069    4.33     217   1    0     0     90.78  93.09  N/A         N/A          0.65         0.65         93.09  92.716   1.03     27.77       34.8        207      1.1      1.25          0.79    87.33     0.73    0.82    0.95    0.19    0.93     97.00   7.34    93.94   88.32   0.93    2827.00    3.89     65.09  
3    T0883TS236_1-D1     236s    89.40    100.00  1     0.50      0.50       0.56      0.56       77.19    0.61          52.20    71.41    4.88     5.084    217   2    0     0     89.40  91.71  0.56        0.56         0.60         0.60         91.71  91.42    0.90     27.77       32.5        206      1.4      2.77          0.78    85.94     0.72    0.81    0.91    0.33    0.91     97.80   7.34    93.45   86.71   0.92    2756.00    4.33     84.57  
4    T0883TS275_1-D1     275s    89.40    100.00  1     0.50      0.50       0.56      0.56       77.08    0.60          48.17    70.98    5.088    5.302    217   2    0     0     89.86  93.09  -2.21       -2.21        -2.11        -2.11        93.09  92.067   1.17     27.62       33.3        208      1.4      2.98          0.78    86.87     0.71    0.81    0.93    0.24    0.91     97.10   7.34    93.93   87.43   0.92    2822.20    4.33     N/A    
5    T0883TS479_2-D1     479s    89.29    100.00  5     N/A       N/A        0.56      0.56       76.50    N/A           42.99    67.81    5.911    6.123    217   0    0     0     90.32  93.55  N/A         N/A          0.63         0.63         93.55  92.115   0.96     27.62       33.1        206      1.3      2.75          0.76    86.41     0.70    0.81    0.93    0.25    0.92     84.00   7.34    93.85   87.38   0.92    2803.20    5.21     91.09  
6    T0883TS275_4-D1     275s    89.29    100.00  5     N/A       N/A        0.56      0.56       76.96    N/A           52.58    71.45    4.56     4.731    217   2    0     0     88.94  92.63  N/A         N/A          0.59         0.59         92.63  91.851   1.18     27.77       33.1        208      1.5      3.21          0.79    86.41     0.72    0.83    0.94    0.17    0.95     95.70   7.24    93.72   87.02   0.92    2804.90    4.66     N/A    
7    T0883TS220_1-D1     220s    89.29    100.00  5     0.49      0.49       0.56      0.56       77.77    0.64          60.33    74.16    5.04     5.185    217   1    0     0     89.86  92.63  0.57        0.57         0.62         0.62         92.63  91.592   0.86     27.77       33.1        207      1.4      1.83          0.82    85.71     0.77    0.82    0.90    0.32    0.91     95.70   7.34    94.29   87.60   0.92    2800.90    4.41     26.18  
8    T0883TS220_4-D1     220s    89.17    100.00  8     N/A       N/A        0.55      0.55       76.84    N/A           59.06    73.25    4.605    4.788    217   1    0     0     89.86  92.17  N/A         N/A          0.62         0.62         92.17  92.188   1.05     27.77       33          209      1.4      1.63          0.81    84.56     0.76    0.82    0.92    0.30    0.92     95.90   7.34    94.07   87.06   0.92    2794.50    4.16     25.35  
9    T0883TS464_1-D1     464s    89.17    100.00  8     0.49      0.49       0.55      0.55       75.58    0.53          42.44    68.18    3.964    4.229    217   1    0     0     90.78  94.47  0.60        0.60         0.65         0.65         94.47  92.449   1.12     27.92       32.9        207      1.1      3.44          0.76    85.48     0.68    0.80    0.95    0.21    0.93     96.50   7.34    93.53   86.90   0.93    2786.70    3.39     17.60  
10   T0883TS183_4-D1     183s    89.06    100.00  10    N/A       N/A        0.55      0.55       75.58    N/A           43.02    66.24    5.576    5.864    217   0    0     0     89.86  93.55  N/A         N/A          0.62         0.62         93.55  91.962   1.00     27.77       33          206      1.2      2.88          0.73    84.79     0.67    0.79    0.94    0.25    0.92     85.00   7.34    93.75   86.84   0.92    2799.20    4.72     88.91  
11   T0883TS479_4-D1     479s    88.94    100.00  11    N/A       N/A        0.55      0.55       75.58    N/A           45.70    67.57    5.326    5.546    217   0    0     0     89.86  93.09  N/A         N/A          0.62         0.62         93.09  91.756   1.16     27.62       34.3        207      1.4      2.77          0.76    85.71     0.71    0.82    0.93    0.23    0.92     86.20   7.24    93.24   86.58   0.92    2794.30    5.13     89.57  
12   T0883TS005_1-D1     005s    88.94    100.00  11    0.48      0.48       0.55      0.55       73.16    0.40          53.56    70.10    3.52     3.809    217   1    0     0     91.71  94.47  0.63        0.63         0.68         0.68         94.47  92.536   1.06     27.92       33.2        210      1.5      1.43          0.78    88.48     0.74    0.82    0.96    0.17    0.94     90.70   7.34    93.82   88.19   0.93    2789.10    3.50     63.55  
13   T0883TS464_4-D1     464s    88.94    100.00  11    N/A       N/A        0.55      0.55       75.00    N/A           41.83    68.13    3.951    4.203    217   1    0     0     90.78  93.55  N/A         N/A          0.65         0.65         93.55  92.477   1.12     28.07       32.9        208      1.3      3.44          0.76    85.25     0.69    0.80    0.95    0.21    0.93     96.50   7.34    93.50   86.91   0.93    2785.90    3.40     17.64  
14   T0883TS479_5-D1     479s    88.94    100.00  11    N/A       N/A        0.55      0.55       76.27    N/A           41.02    66.96    3.615    3.976    217   0    0     0     89.86  93.09  N/A         N/A          0.62         0.62         93.55  93.302   1.10     28.51       33.3        207      1.3      2.88          0.74    84.56     0.69    0.79    0.95    0.17    0.94     86.10   7.34    93.65   87.31   0.93    2817.00    3.65     89.35  
15   T0883TS183_1-D1     183s    88.83    100.00  15    0.47      0.47       0.54      0.54       75.81    0.54          41.43    66.02    5.813    6.078    217   0    0     0     90.32  93.55  0.53        0.53         0.58         0.58         93.55  92.259   1.01     27.62       33.1        206      1.2      2.76          0.73    83.87     0.67    0.78    0.93    0.24    0.92     87.20   7.34    93.96   87.24   0.92    2805.10    4.99     92.18  
16   T0883TS287_3-D1     287s    88.83    100.00  15    N/A       N/A        0.54      0.54       76.50    N/A           50.75    70.38    5.878    6.045    217   2    0     0     89.86  93.09  N/A         N/A          0.42         0.42         93.09  91.582   1.19     27.62       32.9        206      1.4      2.82          0.76    85.25     0.71    0.82    0.93    0.27    0.91     95.50   7.34    -1.00   -1.00   0.92    2783.70    5.15     83.55  
17   T0883TS183_3-D1     183s    88.71    100.00  17    N/A       N/A        0.54      0.54       76.15    N/A           44.03    66.80    5.428    5.655    217   0    0     0     88.94  93.09  N/A         N/A          0.59         0.59         93.09  91.814   1.13     27.62       34.3        207      1.4      2.73          0.76    85.25     0.70    0.81    0.93    0.25    0.91     85.10   7.34    93.23   86.56   0.92    2795.10    5.24     89.83  
18   T0883TS275_2-D1     275s    88.71    100.00  17    N/A       N/A        0.54      0.54       75.58    N/A           50.09    70.65    5.421    5.641    217   1    0     0     89.40  92.17  N/A         N/A          0.60         0.60         92.17  91.622   1.02     27.77       33          204      1.3      3.02          0.77    84.56     0.72    0.82    0.93    0.25    0.92     95.30   7.24    93.71   86.90   0.92    2786.20    5.08     N/A    
19   T0883TS183_5-D1     183s    88.71    100.00  17    N/A       N/A        0.54      0.54       75.58    N/A           42.90    66.27    3.239    3.685    217   0    0     0     88.94  93.09  N/A         N/A          0.59         0.59         93.55  93.059   1.17     28.36       33.5        215      1.9      2.81          0.73    85.02     0.67    0.78    0.96    0.17    0.94     85.60   7.24    93.66   87.25   0.94    2830.20    3.39     91.09  
20   T0883TS287_2-D1     287s    88.71    100.00  17    N/A       N/A        0.54      0.54       75.58    N/A           52.80    71.15    5.428    5.596    217   1    0     0     89.40  91.71  N/A         N/A          0.58         0.58         91.71  91.234   0.98     27.77       32.2        208      1.6      2.88          0.78    85.02     0.70    0.82    0.93    0.28    0.91     95.50   7.34    -1.00   -1.00   0.92    2737.80    4.75     83.71  
21   T0883TS236_2-D1     236s    88.59    100.00  21    N/A       N/A        0.53      0.53       75.69    N/A           50.79    70.23    5.94     6.087    217   2    0     0     90.32  93.09  N/A         N/A          -2.17        -2.17        93.09  91.321   1.13     27.62       32.8        207      1.4      2.91          0.76    84.33     0.71    0.82    0.93    0.28    0.91     92.70   7.34    93.42   86.28   0.92    2778.30    5.26     84.77  
22   T0883TS220_5-D1     220s    88.59    100.00  21    N/A       N/A        0.53      0.53       76.39    N/A           57.92    72.58    4.97     5.127    217   1    0     0     89.86  92.63  N/A         N/A          -1.70        -1.70        92.63  91.244   0.91     27.77       32.7        207      1.4      1.89          0.80    85.25     0.76    0.82    0.91    0.31    0.91     89.70   7.34    93.89   86.80   0.92    2764.10    4.25     26.46  
23   T0883TS220_3-D1     220s    88.59    100.00  21    N/A       N/A        0.53      0.53       77.19    N/A           59.09    73.32    4.978    5.155    217   1    0     0     89.40  92.17  N/A         N/A          0.55         0.55         92.17  91.37    0.96     27.77       32.9        208      1.5      1.71          0.81    85.94     0.76    0.82    0.91    0.32    0.91     95.90   7.34    93.97   86.84   0.92    2784.50    4.15     26.33  
24   T0883TS452_1-D1     452s    88.59    100.00  21    0.46      0.46       0.53      0.53       75.46    0.52          45.38    68.22    3.845    4.123    217   1    0     0     89.40  94.01  0.56        0.56         0.60         0.60         94.01  92.053   1.17     27.77       33          207      1.3      3.62          0.76    87.33     0.70    0.82    0.96    0.17    0.94     96.00   7.24    93.07   86.83   0.92    2793.00    3.79     N/A    
25   T0883TS452_3-D1     452s    88.59    100.00  21    N/A       N/A        0.53      0.53       73.39    N/A           43.19    66.56    2.464    3.01     217   1    0     0     88.48  92.17  N/A         N/A          0.58         0.58         92.17  92.026   1.11     28.36       32.1        211      1.6      3.54          0.72    85.48     0.67    0.79    0.96    0.18    0.94     93.80   7.34    92.92   85.50   0.93    2718.30    3.50     N/A    
26   T0883TS479_1-D1     479s    88.59    100.00  21    0.46      0.46       0.53      0.53       75.46    0.52          41.30    65.38    5.794    6.035    217   0    0     0     89.86  93.09  0.57        0.57         0.62         0.62         93.09  92.162   1.00     27.62       33          206      1.2      3.02          0.73    83.87     0.67    0.79    0.93    0.25    0.92     83.10   7.34    93.65   86.92   0.92    2793.20    5.08     92.07  
27   T0883TS077_3-D1     077s    88.48    100.00  27    N/A       N/A        0.53      0.53       76.27    N/A           45.40    69.25    6.064    6.284    217   1    0     0     88.48  92.17  N/A         N/A          0.58         0.58         92.17  91.618   0.94     27.47       32.6        206      1.5      3.47          0.75    82.72     0.68    0.79    0.92    0.27    0.91     95.00   7.34    -1.00   -1.00   0.92    2757.00    5.81     18.94  
28   T0883TS359_3-D1     359s    88.36    94.93   28    N/A       N/A        0.52      0.52       76.61    N/A           48.36    69.78    1.379    1.94     206   1    0     0     89.40  92.17  N/A         N/A          0.60         0.60         92.17  91.495   0.98     27.65       34.8        205      1.2      2.87          0.74    85.02     0.68    0.78    0.89    0.19    0.88     91.32   7.24    93.69   86.58   0.91    2785.40    2.54     14.68  
29   T0883TS077_5-D1     077s    88.36    100.00  28    N/A       N/A        0.52      0.52       75.92    N/A           41.63    67.58    6.091    6.335    217   2    0     0     89.40  92.17  N/A         N/A          0.60         0.60         92.17  91.313   1.05     27.62       32.3        206      1.5      3.67          0.73    83.18     0.68    0.79    0.92    0.29    0.91     93.40   7.34    93.14   85.51   0.91    2739.30    5.92     19.02  
30   T0883TS359_4-D1     359s    88.36    94.93   28    N/A       N/A        0.52      0.52       76.61    N/A           48.36    69.78    1.379    1.94     206   1    0     0     89.40  92.17  N/A         N/A          0.60         0.60         92.17  91.495   0.98     27.65       34.8        205      1.2      2.87          0.74    85.02     0.68    0.78    0.89    0.19    0.88     91.32   7.24    93.69   86.58   0.91    2785.40    2.54     14.68  
31   T0883TS446_3-D1     446s    88.36    98.16   28    N/A       N/A        0.52      0.52       77.19    N/A           53.79    70.89    1.639    2.287    213   1    0     0     89.86  94.47  N/A         N/A          0.62         0.62         94.47  92.56    1.17     28.21       34.4        210      1.3      1.38          0.79    86.87     0.73    0.82    0.95    0.14    0.93     95.80   7.34    95.14   87.42   0.93    2819.90    2.13     92.32  
32   T0883TS425_5-D1     425s    88.36    100.00  28    N/A       N/A        0.52      0.52       75.58    N/A           42.10    67.16    6.03     6.271    217   2    0     0     87.56  93.55  N/A         N/A          0.55         0.55         93.55  91.931   1.03     27.62       32.7        208      1.5      3.58          0.75    84.56     0.68    0.79    0.92    0.26    0.92     95.30   7.24    93.36   86.17   0.92    2773.90    5.82     18.72  
33   T0883TS446_2-D1     446s    88.25    98.16   33    N/A       N/A        0.52      0.52       75.34    N/A           54.16    69.94    1.809    2.342    213   1    0     0     89.86  93.55  N/A         N/A          0.62         0.62         93.55  91.915   1.14     28.21       33.9        208      1.3      1.32          0.78    85.94     0.72    0.82    0.94    0.16    0.93     94.03   7.34    93.61   86.98   0.93    2780.40    2.97     92.21  
34   T0883TS005_5-D1     005s    88.25    100.00  33    N/A       N/A        0.52      0.52       74.42    N/A           52.46    69.96    4.446    4.76     217   1    0     0     91.71  93.55  N/A         N/A          0.68         0.68         93.55  92.497   0.99     27.92       33.1        209      1.5      1.27          0.77    87.10     0.72    0.81    0.94    0.20    0.92     97.30   7.34    93.73   87.62   0.92    2770.60    4.05     62.30  
35   T0883TS425_4-D1     425s    88.25    100.00  33    N/A       N/A        0.52      0.52       75.23    N/A           42.37    67.01    6.149    6.4      217   1    0     0     87.56  92.17  N/A         N/A          0.55         0.55         92.17  91.497   1.05     27.62       32.4        206      1.5      3.67          0.74    82.72     0.67    0.78    0.92    0.27    0.91     89.10   7.24    92.60   85.25   0.91    2743.70    6.36     19.22  
36   T0883TS077_2-D1     077s    88.25    100.00  33    N/A       N/A        0.52      0.52       75.12    N/A           42.41    67.25    6.082    6.306    217   1    0     0     87.56  92.63  N/A         N/A          -0.85        -0.85        92.63  91.463   1.07     27.62       32.1        206      1.6      3.65          0.75    83.41     0.68    0.80    0.92    0.28    0.92     95.00   7.24    -1.00   -1.00   0.91    2722.40    6.12     19.18  
37   T0883TS287_1-D1     287s    88.25    100.00  33    0.44      0.44       0.52      0.52       75.46    0.52          50.82    69.07    5.624    5.755    217   1    0     0     88.48  92.17  0.59        0.59         0.63         0.63         92.17  91.917   1.07     27.47       32.6        206      1.3      2.90          0.76    85.48     0.71    0.82    0.93    0.29    0.91     92.10   7.24    92.53   86.18   0.92    2763.50    4.95     83.69  
38   T0883TS077_4-D1     077s    88.25    100.00  33    N/A       N/A        0.52      0.52       75.23    N/A           41.89    67.33    6.102    6.339    217   2    0     0     88.48  92.63  N/A         N/A          0.58         0.58         92.63  91.2     1.04     27.77       32.2        206      1.5      3.80          0.74    83.87     0.68    0.80    0.92    0.28    0.92     94.40   7.24    93.36   85.73   0.91    2723.60    5.88     19.08  
39   T0883TS345_3-D1     345s    88.13    100.00  39    N/A       N/A        0.51      0.51       74.66    N/A           50.62    68.97    5.371    5.527    217   0    0     0     90.32  91.71  N/A         N/A          0.53         0.53         91.71  91.064   1.09     27.62       31.8        205      1.4      2.86          0.73    86.41     0.69    0.81    0.93    0.21    0.93     90.90   7.24    93.25   85.50   0.91    2696.10    4.97     83.54  
40   T0883TS236_3-D1     236s    88.13    100.00  39    N/A       N/A        0.51      0.51       74.77    N/A           50.71    69.92    6.225    6.379    217   2    0     0     88.48  91.71  N/A         N/A          0.58         0.58         91.71  91.264   0.95     27.62       31.9        208      1.6      2.88          0.76    83.87     0.70    0.81    0.91    0.23    0.93     93.10   7.24    93.12   85.39   0.91    2706.90    6.07     85.16  
41   T0883TS405_1-D1     405s    88.02    100.00  41    0.43      0.43       0.51      0.51       74.89    0.49          47.49    67.37    5.259    5.443    217   1    0     0     88.94  92.63  0.55        0.55         0.59         0.59         92.63  91.412   1.17     27.62       32.6        208      1.5      3.20          0.76    83.18     0.68    0.81    0.93    0.28    0.91     92.70   7.24    92.70   85.76   0.92    2760.00    4.57     93.06  
42   T0883TS275_5-D1     275s    88.02    100.00  41    N/A       N/A        0.51      0.51       75.46    N/A           44.60    68.48    4.983    5.262    217   1    0     0     88.48  92.63  N/A         N/A          0.58         0.58         92.63  91.382   1.22     27.77       32.5        208      1.5      2.92          0.76    82.72     0.70    0.81    0.93    0.26    0.91     94.70   7.24    93.56   86.39   0.92    2753.80    4.76     N/A    
43   T0883TS425_2-D1     425s    88.02    100.00  41    N/A       N/A        0.51      0.51       75.35    N/A           44.65    67.94    6.156    6.353    217   4    0     0     86.18  92.17  N/A         N/A          0.50         0.50         92.17  91.426   1.10     27.77       32.2        207      1.6      3.79          0.74    84.10     0.67    0.80    0.92    0.27    0.91     95.80   7.24    93.15   85.59   0.91    2732.30    6.00     19.18  
44   T0883TS258_4-D1     258s    88.02    100.00  41    N/A       N/A        0.51      0.51       74.54    N/A           41.41    65.98    5.473    5.726    217   1    0     0     90.78  92.63  N/A         N/A          0.63         0.63         92.63  91.642   1.10     27.62       32.9        206      1.3      3.98          0.74    85.25     0.66    0.79    0.90    0.26    0.91     79.20   7.24    93.46   86.75   0.92    2769.30    5.20     18.73  
45   T0883TS183_2-D1     183s    87.90    100.00  45    N/A       N/A        0.50      0.50       74.42    N/A           40.95    65.08    5.841    6.104    217   0    0     0     88.48  92.63  N/A         N/A          0.58         0.58         92.63  91.032   1.16     27.62       31.9        205      1.4      2.73          0.72    85.71     0.67    0.78    0.93    0.27    0.92     85.20   7.34    93.28   85.55   0.92    2709.40    5.13     93.18  
46   T0883TS452_2-D1     452s    87.90    100.00  45    N/A       N/A        0.50      0.50       74.42    N/A           42.72    67.96    5.187    5.432    217   2    0     0     90.32  92.17  N/A         N/A          0.63         0.63         92.17  91.022   1.07     27.92       32.6        208      1.5      3.64          0.72    83.41     0.69    0.80    0.93    0.27    0.91     96.50   7.24    93.43   86.41   0.92    2763.00    4.48     N/A    
47   T0883TS220_2-D1     220s    87.90    100.00  45    N/A       N/A        0.50      0.50       75.81    N/A           57.76    72.39    5.044    5.21     217   1    0     0     89.40  92.17  N/A         N/A          0.60         0.60         92.17  91.01    1.02     27.62       32.7        206      1.4      1.59          0.80    85.71     0.76    0.81    0.90    0.33    0.91     89.20   7.24    93.80   86.48   0.92    2768.70    4.40     26.33  
48   T0883TS258_3-D1     258s    87.90    100.00  45    N/A       N/A        0.50      0.50       74.89    N/A           39.82    65.52    5.684    5.996    217   0    0     0     90.78  92.63  N/A         N/A          0.39         0.39         92.63  91.499   1.11     27.47       32.8        206      1.3      3.81          0.73    83.41     0.65    0.79    0.90    0.27    0.91     75.00   7.24    93.32   86.34   0.91    2768.30    5.63     18.73  
49   T0883TS425_1-D1     425s    87.90    100.00  45    0.42      0.42       0.50      0.50       74.20    0.45          43.86    67.50    6.164    6.363    217   2    0     0     87.56  91.24  0.50        0.50         0.55         0.55         91.24  91.155   0.97     27.62       32.1        208      1.7      3.60          0.75    82.49     0.68    0.79    0.92    0.29    0.91     96.10   7.24    -1.00   -1.00   0.91    2726.80    6.15     19.40  
50   T0883TS405_5-D1     405s    87.90    100.00  45    N/A       N/A        0.50      0.50       75.23    N/A           43.03    66.68    5.948    6.088    217   1    0     0     88.48  92.63  N/A         N/A          0.58         0.58         92.63  91.45    1.21     27.62       32.3        205      1.2      2.96          0.76    84.56     0.70    0.81    0.92    0.27    0.91     93.40   7.24    92.66   85.98   0.92    2739.00    5.35     92.86  
51   T0883TS425_3-D1     425s    87.79    100.00  51    N/A       N/A        0.50      0.50       74.89    N/A           42.32    67.08    6.055    6.298    217   2    0     0     86.64  92.63  N/A         N/A          0.52         0.52         92.63  91.463   1.02     27.62       32.3        208      1.6      3.77          0.74    83.87     0.67    0.79    0.92    0.27    0.91     93.70   7.24    93.22   85.82   0.92    2738.40    5.99     19.14  
52   T0883TS077_1-D1     077s    87.67    100.00  52    0.41      0.41       0.49      0.49       74.54    0.47          42.68    67.12    6.044    6.28     217   1    0     0     88.02  93.09  0.52        0.52         0.56         0.56         93.09  91.41    1.05     27.62       32.4        208      1.6      3.68          0.74    84.33     0.68    0.79    0.92    0.27    0.91     94.00   7.34    93.09   85.55   0.92    2745.40    5.96     19.06  
53   T0883TS464_3-D1     464s    87.67    100.00  52    N/A       N/A        0.49      0.49       73.39    N/A           40.54    66.50    4.353    4.622    217   7    0     0     89.86  92.17  N/A         N/A          0.62         0.62         92.17  91.283   1.02     27.47       32          204      1.1      3.65          0.74    82.95     0.66    0.78    0.83    0.35    0.92     94.10   7.24    92.92   85.22   0.91    2714.60    4.31     19.00  
54   T0883TS275_3-D1     275s    87.67    100.00  52    N/A       N/A        0.49      0.49       74.66    N/A           48.40    69.14    4.432    4.655    217   1    0     0     87.10  91.24  N/A         N/A          0.53         0.53         91.24  91.176   1.01     27.62       32          205      1.5      2.78          0.76    83.64     0.70    0.80    0.94    0.22    0.92     97.30   7.24    92.83   85.60   0.91    2720.10    4.74     N/A    
55   T0883TS345_1-D1     345s    87.67    100.00  52    0.41      0.41       0.49      0.49       74.66    0.48          47.01    68.03    5.811    5.992    217   0    0     0     88.02  92.17  -2.26       -2.26        -2.17        -2.17        92.17  90.889   1.00     27.62       32          204      1.4      2.92          0.73    83.87     0.67    0.79    0.92    0.25    0.92     92.00   7.24    93.26   85.60   0.91    2711.90    5.62     83.71  
56   T0883TS236_4-D1     236s    87.56    100.00  56    N/A       N/A        0.49      0.49       74.66    N/A           47.07    68.55    5.123    5.269    217   1    0     0     88.02  92.63  N/A         N/A          -1.26        -1.26        92.63  91.551   1.15     27.77       32.4        208      1.4      3.02          0.77    84.33     0.70    0.81    0.94    0.26    0.92     94.40   7.02    92.26   85.49   0.92    2742.30    4.73     85.23  
57   T0883TS479_3-D1     479s    87.56    100.00  56    N/A       N/A        0.49      0.49       74.65    N/A           38.39    64.18    5.821    6.127    217   0    0     0     86.64  92.63  N/A         N/A          0.52         0.52         92.63  90.812   1.09     27.17       31.9        206      1.5      3.02          0.71    82.72     0.67    0.78    0.93    0.28    0.91     79.60   7.34    93.04   85.46   0.91    2703.20    5.49     92.55  
58   T0883TS405_3-D1     405s    87.44    100.00  58    N/A       N/A        0.48      0.48       74.54    N/A           42.72    66.57    5.665    5.824    217   1    0     0     87.10  92.63  N/A         N/A          0.53         0.53         92.63  91.012   1.27     27.47       32          206      1.3      3.28          0.75    84.10     0.69    0.81    0.93    0.28    0.91     95.50   7.24    91.95   84.92   0.91    2714.40    5.07     92.71  
59   T0883TS405_4-D1     405s    87.44    100.00  58    N/A       N/A        0.48      0.48       74.54    N/A           42.72    66.57    5.665    5.824    217   1    0     0     87.10  92.63  N/A         N/A          0.53         0.53         92.63  91.012   1.27     27.47       32          206      1.3      3.28          0.75    84.10     0.69    0.81    0.93    0.28    0.91     95.50   7.24    91.95   84.92   0.91    2714.40    5.07     92.71  
60   T0883TS405_2-D1     405s    87.44    100.00  58    N/A       N/A        0.48      0.48       74.54    N/A           42.72    66.57    5.665    5.824    217   1    0     0     87.10  92.63  N/A         N/A          0.53         0.53         92.63  91.012   1.27     27.47       32          206      1.3      3.28          0.75    84.10     0.69    0.81    0.93    0.28    0.91     95.50   7.24    91.95   84.92   0.91    2714.40    5.07     92.71  
61   T0883TS313_1-D1     313s    87.33    100.00  61    0.40      0.40       0.48      0.48       74.89    0.49          52.95    69.91    5.077    5.295    217   0    0     0     87.10  92.63  0.49        0.49         0.53         0.53         92.63  91.046   1.12     27.77       32.4        208      1.5      2.00          0.77    83.18     0.72    0.81    0.94    0.26    0.92     92.20   7.24    92.81   85.60   0.91    2751.30    5.22     26.03  
62   T0883TS250_3-D1     250s    87.33    100.00  61    N/A       N/A        0.48      0.48       74.31    N/A           51.48    69.75    5.072    5.391    217   0    0     0     86.64  90.78  N/A         N/A          -2.17        -2.17        90.78  90.074   1.01     27.62       31.6        203      1.4      1.91          0.77    81.34     0.72    0.80    0.90    0.30    0.90     96.00   7.24    92.21   85.58   0.90    2681.70    5.26     93.16  
63   T0883TS345_4-D1     345s    87.33    100.00  61    N/A       N/A        0.48      0.48       73.97    N/A           51.00    67.63    4.993    5.246    217   0    0     0     88.02  91.24  N/A         N/A          0.25         0.25         91.24  90.139   1.14     27.62       31.4        205      1.5      2.83          0.72    82.72     0.67    0.80    0.93    0.23    0.93     80.70   7.24    92.70   84.60   0.91    2664.80    5.42     83.55  
64   T0883TS345_5-D1     345s    87.33    100.00  61    N/A       N/A        0.48      0.48       72.93    N/A           48.28    67.44    4.447    4.7      217   0    0     0     88.02  91.24  N/A         N/A          0.56         0.56         91.24  90.862   1.16     27.77       31.3        207      1.6      2.91          0.73    83.18     0.68    0.79    0.94    0.21    0.93     90.70   7.24    92.93   84.66   0.91    2657.60    4.58     83.62  
65   T0883TS250_5-D1     250s    87.33    100.00  61    N/A       N/A        0.48      0.48       74.31    N/A           53.03    70.18    5.041    5.367    217   0    0     0     86.64  91.24  N/A         N/A          0.49         0.49         91.24  90.201   0.99     27.62       31.6        205      1.6      1.89          0.77    82.03     0.74    0.80    0.90    0.28    0.90     96.10   7.24    92.15   85.40   0.91    2680.50    5.27     93.14  
66   T0883TS250_1-D1     250s    87.33    100.00  61    0.40      0.40       0.48      0.48       74.54    0.47          51.42    70.42    5.025    5.335    217   0    0     0     87.10  91.24  -2.10       -2.10        -2.01        -2.01        91.24  90.274   1.00     27.62       31.6        205      1.6      1.96          0.77    82.03     0.73    0.80    0.90    0.31    0.90     96.10   7.24    92.17   85.59   0.91    2679.70    5.01     93.17  
67   T0883TS005_3-D1     005s    87.21    100.00  67    N/A       N/A        0.48      0.48       71.54    N/A           51.09    67.92    4.412    4.697    217   2    0     0     91.24  93.09  N/A         N/A          0.66         0.66         93.09  91.976   1.16     27.77       32.8        207      1.2      1.32          0.77    87.33     0.71    0.81    0.95    0.21    0.92     89.30   7.34    93.65   87.26   0.92    2749.70    3.99     66.47  
68   T0883TS250_2-D1     250s    87.21    100.00  67    N/A       N/A        0.48      0.48       73.97    N/A           52.61    70.03    5.048    5.363    217   0    0     0     87.10  90.78  N/A         N/A          -2.09        -2.09        90.78  90.282   1.02     27.62       31.5        204      1.5      1.93          0.77    81.11     0.74    0.80    0.89    0.29    0.90     96.00   7.24    92.05   85.51   0.90    2675.40    5.31     93.12  
69   T0883TS251_3-D1     251s    87.10    100.00  69    N/A       N/A        0.47      0.47       73.16    N/A           55.53    69.47    3.451    3.723    217   1    0     0     87.56  92.17  N/A         N/A          0.52         0.52         92.17  90.996   1.22     27.62       31.9        205      1.4      1.42          0.78    84.79     0.73    0.82    0.95    0.19    0.93     91.20   7.24    91.22   85.53   0.91    2706.60    4.06     94.31  
70   T0883TS119_1-D1     119s    87.10    100.00  69    0.39      0.39       0.47      0.47       74.31    0.46          48.88    69.00    5.12     5.332    217   9    0     0     87.56  93.09  0.50        0.50         0.55         0.55         93.09  91.089   1.19     27.62       32.1        208      1.5      3.77          0.72    83.18     0.70    0.80    0.94    0.27    0.91     92.20   7.24    92.72   85.41   0.91    2717.50    5.87     45.87  
71   T0883TS313_5-D1     313s    87.10    100.00  69    N/A       N/A        0.47      0.47       74.08    N/A           52.59    69.96    5.082    5.304    217   0    0     0     87.56  92.63  N/A         N/A          0.65         0.65         92.63  91.008   1.17     27.77       32.3        208      1.5      2.02          0.77    83.18     0.72    0.81    0.94    0.26    0.92     92.20   7.24    92.72   85.48   0.91    2733.90    5.26     26.07  
72   T0883TS313_3-D1     313s    87.10    100.00  69    N/A       N/A        0.47      0.47       73.96    N/A           50.28    68.84    5.094    5.297    217   0    0     0     87.56  92.63  N/A         N/A          -0.43        -0.43        92.63  90.979   1.13     27.77       32.3        206      1.4      1.99          0.77    83.64     0.72    0.81    0.94    0.26    0.92     92.20   7.24    92.78   85.58   0.91    2739.00    5.18     26.11  
73   T0883TS349_1-D1     349s    87.10    100.00  69    0.39      0.39       0.47      0.47       74.31    0.46          51.63    69.25    5.12     5.343    217   9    0     0     87.56  93.09  -0.79       -0.79        -0.73        -0.73        93.09  91.089   1.19     27.62       32.1        208      1.5      3.05          0.74    83.18     0.69    0.80    0.94    0.27    0.91     92.20   7.24    92.72   85.41   0.91    2717.50    5.87     45.87  
74   T0883TS250_4-D1     250s    87.10    100.00  69    N/A       N/A        0.47      0.47       73.85    N/A           52.01    69.51    5.04     5.356    217   0    0     0     87.10  90.78  N/A         N/A          -2.17        -2.17        90.78  90.122   1.06     27.62       31.5        204      1.6      2.03          0.77    81.80     0.73    0.80    0.89    0.29    0.90     96.00   7.24    92.07   85.34   0.90    2671.60    5.17     93.16  
75   T0883TS313_2-D1     313s    86.98    100.00  75    N/A       N/A        0.47      0.47       74.31    N/A           53.15    69.89    5.105    5.314    217   0    0     0     87.56  92.63  N/A         N/A          0.33         0.33         92.63  91.044   1.12     27.92       32.3        208      1.6      1.96          0.77    83.41     0.72    0.81    0.94    0.26    0.91     92.20   7.24    92.76   85.43   0.91    2735.50    5.21     26.08  
76   T0883TS236_5-D1     236s    86.98    100.00  75    N/A       N/A        0.47      0.47       73.62    N/A           50.56    68.99    5.654    5.811    217   3    0     0     86.18  92.63  N/A         N/A          -2.17        -2.17        92.63  90.947   1.13     27.77       32.4        207      1.4      2.96          0.76    82.49     0.70    0.81    0.93    0.26    0.91     95.10   7.13    92.02   84.87   0.91    2746.00    5.78     85.20  
77   T0883TS421_3-D1     421s    86.98    96.31   75    N/A       N/A        0.47      0.47       74.42    N/A           42.51    64.07    1.752    2.348    209   0    0     0     88.02  92.17  N/A         N/A          0.56         0.56         92.17  90.183   1.21     27.70       33.2        205      1.5      4.25          0.43    84.33     0.61    0.77    0.91    0.18    0.90     70.50   7.24    91.90   84.24   0.91    2709.60    3.78     N/A    
78   T0883TS258_1-D1     258s    86.87    100.00  78    0.37      0.37       0.46      0.46       73.27    0.40          40.94    63.84    5.521    5.812    217   3    0     0     88.94  92.63  0.55        0.55         0.59         0.59         92.63  90.632   1.25     27.62       32.3        205      1.3      3.76          0.71    83.64     0.64    0.77    0.90    0.27    0.91     76.70   7.24    92.27   84.54   0.91    2720.10    5.66     19.39  
79   T0883TS287_4-D1     287s    86.87    100.00  78    N/A       N/A        0.46      0.46       73.85    N/A           48.39    67.65    6.236    6.436    217   2    0     0     86.64  90.78  N/A         N/A          0.52         0.52         90.78  90.23    1.13     27.47       31          204      1.6      2.79          0.74    80.88     0.68    0.79    0.90    0.25    0.93     92.90   7.24    91.07   83.21   0.90    2635.50    7.21     85.05  
80   T0883TS313_4-D1     313s    86.87    100.00  78    N/A       N/A        0.46      0.46       73.73    N/A           51.41    69.10    5.092    5.304    217   0    0     0     87.56  92.63  N/A         N/A          0.55         0.55         92.63  90.943   1.13     27.92       32.3        206      1.4      2.20          0.77    82.95     0.71    0.81    0.94    0.26    0.92     92.20   7.24    92.78   85.59   0.91    2735.90    5.16     26.09  
81   T0883TS258_2-D1     258s    86.75    100.00  81    N/A       N/A        0.46      0.46       73.50    N/A           42.45    64.77    5.592    5.882    217   4    0     0     87.10  92.17  N/A         N/A          0.66         0.66         92.17  90.939   1.17     27.77       32.2        204      1.3      3.95          0.72    84.10     0.65    0.79    0.90    0.27    0.90     78.40   7.24    92.74   85.48   0.91    2715.10    5.79     19.53  
82   T0883TS258_5-D1     258s    86.75    100.00  81    N/A       N/A        0.46      0.46       72.93    N/A           44.04    64.94    5.589    5.887    217   2    0     0     87.10  91.71  N/A         N/A          -1.11        -1.11        91.71  90.636   1.14     27.77       32.1        204      1.3      3.76          0.72    84.33     0.65    0.78    0.89    0.28    0.90     80.60   7.24    92.72   85.19   0.91    2693.10    5.75     19.71  
83   T0883TS251_2-D1     251s    86.75    100.00  81    N/A       N/A        0.46      0.46       73.27    N/A           56.04    69.82    3.428    3.612    217   1    0     0     88.02  91.71  N/A         N/A          0.55         0.55         92.63  91.303   1.23     27.47       31.7        210      1.7      1.39          0.78    86.64     0.72    0.83    0.95    0.18    0.94     89.40   7.24    91.06   84.41   0.92    2688.00    4.41     95.26  
84   T0883TS345_2-D1     345s    86.75    100.00  81    N/A       N/A        0.46      0.46       72.70    N/A           47.99    66.92    4.291    4.536    217   0    0     0     88.02  91.24  N/A         N/A          0.46         0.46         91.24  90.268   1.07     27.77       31.2        205      1.5      2.86          0.74    85.48     0.68    0.80    0.94    0.22    0.93     80.80   7.24    92.89   84.79   0.91    2651.20    4.38     83.92  
85   T0883TS446_1-D1     446s    86.64    98.16   85    0.36      0.36       0.45      0.45       71.08    0.29          55.75    67.14    1.795    2.272    213   1    0     0     90.32  94.01  0.59        0.59         0.63         0.63         94.01  91.37    1.27     28.21       33.2        209      1.4      1.00          0.78    85.94     0.73    0.82    0.94    0.16    0.92     94.03   7.24    93.10   86.01   0.92    2727.10    3.15     92.55  
86   T0883TS028_1-D1     028s    86.64    95.39   85    0.36      0.36       0.45      0.45       72.01    0.34          45.17    66.08    1.545    2.095    207   2    0     0     86.64  90.78  0.47        0.47         0.52         0.52         90.78  90.217   1.09     27.91       33.2        203      1.2      3.42          0.73    84.10     0.66    0.78    0.89    0.21    0.92     89.29   7.24    92.29   84.10   0.91    2666.60    3.07     15.99  
87   T0883TS421_2-D1     421s    86.64    96.31   85    N/A       N/A        0.45      0.45       74.31    N/A           43.19    64.10    1.665    2.329    209   0    0     0     88.48  92.17  N/A         N/A          0.58         0.58         92.17  91.004   1.22     27.82       34          205      1.4      4.35          0.44    85.94     0.62    0.76    0.91    0.18    0.90     74.55   7.24    91.70   84.47   0.91    2734.60    3.70     N/A    
88   T0883TS359_2-D1     359s    86.52    96.31   88    N/A       N/A        0.45      0.45       73.50    N/A           48.15    67.02    1.901    2.324    209   2    0     0     85.71  90.78  N/A         N/A          0.49         0.49         90.78  89.989   1.10     27.40       32.9        204      1.3      3.36          0.74    86.18     0.69    0.78    0.90    0.19    0.89     83.41   7.24    91.83   84.53   0.90    2686.30    3.67     17.41  
89   T0883TS359_1-D1     359s    86.52    96.31   88    0.36      0.36       0.45      0.45       73.50    0.42          48.15    67.02    1.901    2.324    209   2    0     0     85.71  90.78  0.44        0.44         0.49         0.49         90.78  89.989   1.10     27.40       32.9        204      1.3      3.36          0.74    86.18     0.69    0.78    0.90    0.19    0.89     83.41   7.24    91.83   84.53   0.90    2686.30    3.67     17.41  
90   T0883TS357_1-D1     357s    86.41    100.00  90    0.35      0.35       0.44      0.44       72.23    0.35          30.73    57.89    5.714    6.097    217   5    0     0     84.33  91.24  0.40        0.40         0.45         0.45         91.24  89.71    1.16     27.47       30.6        205      1.7      4.79          0.64    75.81     0.58    0.72    0.92    0.30    0.90     38.60   7.24    91.12   83.08   0.90    2604.70    6.65     26.91  
91   T0883TS166_1-D1     166s    86.41    96.31   90    0.35      0.35       0.44      0.44       73.27    0.40          48.50    65.85    1.776    2.189    209   1    0     0     85.71  91.24  0.36        0.36         0.40         0.40         91.24  90.407   1.14     27.79       33.1        204      1.4      2.90          0.75    85.02     0.68    0.79    0.90    0.19    0.90     89.28   7.24    -1.00   -1.00   0.91    2689.60    3.84     17.21  
92   T0883TS421_5-D1     421s    86.41    96.31   90    N/A       N/A        0.44      0.44       71.19    N/A           40.72    62.60    2.165    2.751    209   0    0     0     87.56  90.32  N/A         N/A          0.55         0.55         90.32  89.312   1.05     27.40       31.4        201      1.4      4.26          0.44    81.11     0.60    0.74    0.90    0.21    0.89     78.88   7.02    90.31   82.13   0.90    2571.20    5.60     N/A    
93   T0883TS446_5-D1     446s    86.29    98.16   93    N/A       N/A        0.44      0.44       73.04    N/A           52.96    68.60    4.937    5.3      213   1    0     0     88.02  90.78  N/A         N/A          0.56         0.56         90.78  89.611   1.09     27.17       32.4        204      1.5      1.38          0.76    82.49     0.71    0.80    0.87    0.27    0.89     94.72   7.24    -1.00   -1.00   0.90    2668.20    7.07     89.09  
94   T0883TS357_4-D1     357s    86.17    100.00  94    N/A       N/A        0.43      0.43       71.77    N/A           29.98    57.48    5.388    5.833    217   2    0     0     85.71  90.78  N/A         N/A          0.49         0.49         90.78  89.777   1.18     27.47       30.9        205      1.6      4.77          0.64    74.88     0.58    0.72    0.91    0.31    0.91     40.20   7.24    90.87   82.83   0.90    2627.40    6.57     30.25  
95   T0883TS287_5-D1     287s    86.06    100.00  95    N/A       N/A        0.43      0.43       73.27    N/A           49.02    66.35    5.397    5.586    217   2    0     0     84.79  90.32  N/A         N/A          0.46         0.46         90.32  89.067   1.13     27.62       30.7        207      1.8      2.88          0.75    81.57     0.68    0.80    0.93    0.31    0.90     93.80   7.24    90.37   82.77   0.90    2627.50    6.05     85.12  
96   T0883TS357_5-D1     357s    85.94    100.00  96    N/A       N/A        0.42      0.42       71.89    N/A           30.40    58.97    5.082    5.647    217   0    0     0     85.71  90.78  N/A         N/A          0.49         0.49         90.78  89.199   1.30     27.47       30.6        207      1.8      4.74          0.63    69.12     0.57    0.70    0.92    0.31    0.91     45.00   7.24    91.00   82.59   0.90    2609.90    6.30     28.26  
97   T0883TS380_4-D1     380s    85.83    100.00  97    N/A       N/A        0.42      0.42       70.16    N/A           42.35    63.92    4.66     4.98     217   2    0     0     87.56  90.32  N/A         N/A          0.55         0.55         90.32  89.645   1.18     27.32       30.4        206      1.6      3.78          0.72    83.41     0.66    0.78    0.93    0.23    0.93     83.70   7.24    91.93   82.24   0.90    2589.10    5.03     N/A    
98   T0883TS048_1-D1     048s    85.83    100.00  97    0.32      0.32       0.42      0.42       71.54    0.31          47.59    65.39    4.282    4.6      217   4    0     0     86.18  91.71  0.46        0.46         0.50         0.50         91.71  90.597   1.28     27.92       32          207      1.5      2.79          0.75    82.95     0.69    0.79    0.93    0.24    0.92     88.30   7.24    91.97   84.52   0.91    2709.80    4.92     20.28  
99   T0883TS092_1-D1     092s    85.83    100.00  97    0.32      0.32       0.42      0.42       71.54    0.31          47.59    65.39    4.282    4.6      217   4    0     0     86.18  91.71  0.46        0.46         0.50         0.50         91.71  90.597   1.28     27.92       32          207      1.5      2.79          0.75    82.95     0.69    0.79    0.93    0.24    0.92     88.30   7.24    91.97   84.52   0.91    2709.80    4.92     20.28  
100  T0883TS357_3-D1     357s    85.83    100.00  97    N/A       N/A        0.42      0.42       70.97    N/A           31.56    58.22    5.679    6.063    217   3    0     0     85.71  91.71  N/A         N/A          0.49         0.49         91.71  88.989   1.30     27.77       30.9        204      1.5      4.74          0.65    76.27     0.58    0.73    0.92    0.32    0.90     45.10   7.24    90.70   82.41   0.90    2624.20    6.79     29.63  
101  T0883TS026_4-D1     026s    85.83    100.00  97    N/A       N/A        0.42      0.42       70.16    N/A           42.35    63.92    4.66     4.98     217   2    0     0     87.56  90.32  N/A         N/A          0.55         0.55         90.32  89.645   1.18     27.32       30.4        206      1.6      3.78          0.72    83.41     0.66    0.78    0.93    0.23    0.93     83.70   7.24    91.93   82.24   0.90    2589.10    5.03     N/A    
102  T0883TS357_2-D1     357s    85.48    100.00  102   N/A       N/A        0.41      0.41       70.62    N/A           31.88    57.78    4.511    5.005    217   2    0     0     85.71  91.24  N/A         N/A          0.49         0.49         91.24  88.671   1.29     27.47       30.6        204      1.5      4.82          0.65    73.73     0.59    0.73    0.92    0.28    0.91     34.90   7.24    90.83   82.29   0.90    2601.70    6.14     27.23  
103  T0883TS444_5-D1     444s    85.14    100.00  103   N/A       N/A        0.39      0.39       69.70    N/A           44.00    64.19    4.53     4.77     217   1    0     0     87.10  92.63  N/A         N/A          0.53         0.53         92.63  89.916   1.16     27.92       32          207      1.4      3.73          0.74    83.64     0.68    0.79    0.94    0.28    0.92     89.80   7.24    92.18   84.42   0.91    2714.90    4.33     19.74  
104  T0883TS026_3-D1     026s    85.14    100.00  103   N/A       N/A        0.39      0.39       69.58    N/A           42.90    63.57    5.631    5.871    217   3    0     0     86.64  90.32  N/A         N/A          0.52         0.52         90.32  89.247   1.24     27.62       29.8        203      1.6      3.60          0.70    78.57     0.64    0.77    0.93    0.28    0.91     81.70   7.24    91.24   80.83   0.90    2533.90    5.97     N/A    
105  T0883TS251_5-D1     251s    85.14    100.00  103   N/A       N/A        0.39      0.39       69.24    N/A           52.80    64.93    4.916    5.034    217   1    0     0     86.18  92.17  N/A         N/A          0.50         0.50         92.17  89.767   1.30     27.62       31.6        207      1.6      1.74          0.77    85.94     0.72    0.82    0.91    0.28    0.91     90.10   7.24    91.49   84.49   0.91    2681.50    4.55     94.42  
106  T0883TS382_3-D1     382s    85.14    100.00  103   N/A       N/A        0.39      0.39       70.28    N/A           48.86    65.66    3.854    4.135    217   1    0     0     85.71  91.71  N/A         N/A          0.49         0.49         91.71  90.036   1.33     27.92       30.7        206      1.5      2.07          0.74    82.49     0.68    0.78    0.95    0.24    0.92     94.80   7.24    89.67   81.44   0.91    2611.10    5.39     N/A    
107  T0883TS380_3-D1     380s    85.14    100.00  103   N/A       N/A        0.39      0.39       69.58    N/A           42.90    63.57    5.631    5.871    217   3    0     0     86.64  90.32  N/A         N/A          0.52         0.52         90.32  89.247   1.24     27.62       29.8        203      1.6      3.60          0.70    78.57     0.64    0.77    0.93    0.28    0.91     81.70   7.24    91.24   80.83   0.90    2533.90    5.97     N/A    
108  T0883TS026_2-D1     026s    85.14    100.00  103   N/A       N/A        0.39      0.39       69.58    N/A           42.90    63.57    5.631    5.871    217   3    0     0     86.64  90.32  N/A         N/A          0.52         0.52         90.32  89.247   1.24     27.62       29.8        203      1.6      3.60          0.70    78.57     0.64    0.77    0.93    0.28    0.91     81.70   7.24    91.24   80.83   0.90    2533.90    5.97     N/A    
109  T0883TS380_2-D1     380s    85.14    100.00  103   N/A       N/A        0.39      0.39       69.58    N/A           42.90    63.57    5.631    5.871    217   3    0     0     86.64  90.32  N/A         N/A          0.52         0.52         90.32  89.247   1.24     27.62       29.8        203      1.6      3.60          0.70    78.57     0.64    0.77    0.93    0.28    0.91     81.70   7.24    91.24   80.83   0.90    2533.90    5.97     N/A    
110  T0883TS382_4-D1     382s    85.02    100.00  110   N/A       N/A        0.39      0.39       69.59    N/A           51.22    65.76    3.647    3.915    217   1    0     0     84.33  91.71  N/A         N/A          0.45         0.45         91.71  89.775   1.28     28.07       30.7        207      1.6      2.00          0.74    82.03     0.68    0.78    0.95    0.24    0.93     94.80   7.24    89.62   81.42   0.91    2608.20    5.45     N/A    
111  T0883TS382_1-D1     382s    85.02    100.00  110   0.28      0.28       0.39      0.39       70.05    0.24          50.38    65.77    3.733    3.993    217   1    0     0     85.25  92.17  0.43        0.43         0.48         0.48         92.17  89.451   1.47     27.62       30.7        207      1.7      1.89          0.74    83.18     0.68    0.78    0.94    0.25    0.92     94.80   7.24    89.59   81.32   0.91    2606.30    5.38     N/A    
112  T0883TS005_2-D1     005s    84.91    100.00  112   N/A       N/A        0.38      0.38       67.97    N/A           51.38    65.62    4.886    5.123    217   0    0     0     88.02  92.17  N/A         N/A          0.56         0.56         92.17  90.416   1.22     27.62       33          208      1.6      1.23          0.76    85.25     0.71    0.81    0.93    0.25    0.91     92.70   7.24    92.79   85.32   0.91    2676.60    4.99     66.36  
113  T0883TS382_5-D1     382s    84.91    100.00  112   N/A       N/A        0.38      0.38       70.05    N/A           50.01    65.72    3.85     4.187    217   1    0     0     84.79  91.71  N/A         N/A          0.46         0.46         91.71  89.211   1.45     27.77       30.7        206      1.6      1.93          0.74    82.26     0.68    0.78    0.93    0.27    0.92     94.80   7.24    89.61   81.46   0.90    2606.20    5.58     N/A    
114  T0883TS382_2-D1     382s    84.91    100.00  112   N/A       N/A        0.38      0.38       69.93    N/A           50.64    65.84    3.793    4.085    217   4    0     0     83.87  91.71  N/A         N/A          0.43         0.43         91.71  89.316   1.44     28.07       30.7        207      1.6      2.01          0.74    82.49     0.68    0.79    0.95    0.24    0.93     94.80   7.13    89.57   81.25   0.91    2605.80    5.51     N/A    
115  T0883TS026_1-D1     026s    84.45    100.00  115   0.26      0.26       0.36      0.36       66.24    0.04          42.22    61.92    5.528    5.769    217   2    0     0     88.48  91.71  0.53        0.53         0.58         0.58         91.71  89.686   1.31     27.77       29.7        209      1.8      3.74          0.70    80.88     0.65    0.78    0.92    0.28    0.90     80.60   7.24    91.82   82.00   0.90    2529.50    4.92     N/A    
116  T0883TS380_1-D1     380s    84.45    100.00  115   0.26      0.26       0.36      0.36       66.24    0.04          42.22    61.92    5.528    5.769    217   2    0     0     88.48  91.71  0.53        0.53         0.58         0.58         91.71  89.686   1.31     27.77       29.7        209      1.8      3.74          0.70    80.88     0.65    0.78    0.92    0.28    0.90     80.60   7.24    91.82   82.00   0.90    2529.50    4.92     N/A    
117  T0883TS421_4-D1     421s    84.45    93.55   115   N/A       N/A        0.36      0.36       71.08    N/A           45.27    62.42    1.64     2.295    203   0    0     0     85.25  89.40  N/A         N/A          0.48         0.48         89.40  88.586   1.12     27.17       32.8        199      1.2      4.01          0.41    82.49     0.59    0.74    0.85    0.24    0.85     72.69   7.24    91.18   82.65   0.89    2619.00    3.96     N/A    
118  T0883TS026_5-D1     026s    84.45    100.00  115   N/A       N/A        0.36      0.36       66.24    N/A           42.22    61.92    5.528    5.769    217   2    0     0     88.48  91.71  N/A         N/A          -2.17        -2.17        91.71  89.686   1.31     27.77       29.7        209      1.8      3.74          0.70    80.88     0.65    0.78    0.92    0.28    0.90     80.60   7.24    91.82   82.00   0.90    2529.50    4.92     N/A    
119  T0883TS380_5-D1     380s    84.45    100.00  115   N/A       N/A        0.36      0.36       66.24    N/A           42.22    61.92    5.528    5.769    217   2    0     0     88.48  91.71  N/A         N/A          0.58         0.58         91.71  89.686   1.31     27.77       29.7        209      1.8      3.74          0.70    80.88     0.65    0.78    0.92    0.28    0.90     80.60   7.24    91.82   82.00   0.90    2529.50    4.92     N/A    
120  T0883TS359_5-D1     359s    83.99    94.01   120   N/A       N/A        0.35      0.35       70.39    N/A           44.08    64.49    1.909    2.631    204   1    0     0     84.79  89.86  N/A         N/A          0.46         0.46         89.86  88.316   1.13     27.02       31.6        200      1.4      3.28          0.69    79.49     0.63    0.73    0.86    0.28    0.86     82.45   7.13    91.02   81.86   0.88    2558.60    3.32     17.33  
121  T0883TS421_1-D1     421s    83.87    95.39   121   0.23      0.23       0.34      0.34       68.89    0.18          38.94    59.30    2.219    2.78     207   3    0     0     84.79  90.32  0.41        0.41         0.46         0.46         90.32  88.014   1.26     27.60       31.4        202      1.5      4.19          0.43    78.80     0.59    0.74    0.88    0.26    0.87     78.89   7.02    88.20   80.23   0.89    2532.60    6.02     N/A    
122  T0883TS444_4-D1     444s    83.41    100.00  122   N/A       N/A        0.32      0.32       64.40    N/A           45.05    61.27    4.306    4.499    217   0    0     0     86.64  92.63  N/A         N/A          0.52         0.52         93.09  89.615   1.30     27.77       32.7        207      1.5      3.62          0.75    85.71     0.69    0.81    0.94    0.20    0.92     86.90   7.24    92.13   85.52   0.91    2672.40    4.28     21.04  
123  T0883TS251_1-D1     251s    83.30    100.00  123   0.20      0.20       0.32      0.32       66.82    0.07          50.56    63.52    5.644    5.808    217   1    0     0     86.64  90.78  0.49        0.49         0.53         0.53         90.78  88.483   1.22     27.62       31          204      1.6      1.66          0.76    83.41     0.71    0.81    0.93    0.27    0.91     80.40   7.02    90.48   83.90   0.89    2632.60    5.78     93.62  
124  T0883TS446_4-D1     446s    83.30    98.16   123   N/A       N/A        0.32      0.32       70.28    N/A           51.72    66.62    4.98     5.311    213   1    0     0     82.49  86.64  N/A         N/A          0.39         0.39         86.64  87.095   1.09     26.42       30.6        198      1.5      1.34          0.74    71.20     0.69    0.76    0.86    0.29    0.88     90.11   7.13    87.56   81.16   0.87    2528.10    11.39    85.46  
125  T0883TS407_2-D1     407s    83.06    100.00  125   N/A       N/A        0.31      0.31       66.47    N/A           39.17    59.05    3.07     3.589    217   4    0     0     85.71  91.24  N/A         N/A          0.49         0.49         91.24  88.853   1.32     28.21       29.2        211      2.3      3.22          0.68    82.72     0.62    0.75    0.94    0.22    0.93     85.30   7.24    90.34   79.80   0.90    2486.40    4.80     21.49  
126  T0883TS444_3-D1     444s    82.95    100.00  126   N/A       N/A        0.30      0.30       66.47    N/A           43.16    60.94    4.283    4.519    217   1    0     0     87.56  92.17  N/A         N/A          0.55         0.55         92.17  89.266   1.36     27.92       31          207      1.6      3.52          0.72    83.41     0.69    0.79    0.92    0.27    0.92     93.50   7.24    91.84   83.64   0.90    2635.00    4.51     20.74  
127  T0883TS251_4-D1     251s    82.60    100.00  127   N/A       N/A        0.29      0.29       66.82    N/A           49.75    63.15    4.747    4.928    217   2    0     0     83.41  90.32  N/A         N/A          0.42         0.42         90.32  87.893   1.30     27.62       30.7        207      1.9      1.44          0.76    83.87     0.71    0.81    0.94    0.22    0.91     90.50   7.24    90.56   83.46   0.90    2608.40    5.08     93.31  
128  T0883TS407_1-D1     407s    82.37    100.00  128   0.15      0.15       0.28      0.28       65.67    0.01          42.55    60.19    4.872    5.171    217   6    0     0     82.95  90.32  0.36        0.36         0.40         0.40         90.32  88.291   1.27     27.32       29.2        202      1.5      3.06          0.69    79.72     0.64    0.75    0.93    0.21    0.91     67.70   7.24    89.13   79.72   0.89    2489.50    6.26     22.02  
129  T0883TS467_1-D1     467s    82.26    100.00  129   0.15      0.15       0.28      0.28       67.28    0.09          49.12    62.59    5.388    5.584    217   1    0     0     85.71  90.78  0.44        0.44         0.49         0.49         90.78  87.701   1.31     27.32       29.8        205      1.8      1.47          0.73    80.88     0.69    0.79    0.90    0.30    0.89     87.10   7.02    90.51   82.67   0.89    2548.30    6.82     41.27  
130  T0883TS467_4-D1     467s    82.14    100.00  130   N/A       N/A        0.27      0.27       65.21    N/A           45.36    61.31    5.121    5.411    217   1    0     0     87.10  91.24  N/A         N/A          0.53         0.53         91.24  88.263   1.46     27.47       30.1        206      1.6      1.57          0.72    82.26     0.69    0.78    0.92    0.20    0.92     92.00   7.24    91.29   82.90   0.89    2563.40    5.81     40.05  
131  T0883TS467_2-D1     467s    82.14    100.00  130   N/A       N/A        0.27      0.27       63.25    N/A           41.69    54.84    2.614    3.083    217   1    0     0     82.95  91.71  N/A         N/A          0.40         0.40         91.71  88.625   1.54     28.66       29.5        214      2.1      1.43          0.72    84.33     0.69    0.78    0.96    0.19    0.94     85.10   7.13    90.24   81.45   0.90    2513.40    4.38     43.80  
132  T0883TS455_3-D1     455s    81.91    100.00  132   N/A       N/A        0.26      0.26       65.90    N/A           36.86    59.43    3.374    3.913    217   3    0     0     80.65  89.40  N/A         N/A          0.33         0.33         89.40  87.901   1.23     26.42       29.1        206      1.9      3.52          0.68    74.88     0.61    0.73    0.93    0.31    0.93     93.40   7.02    86.88   79.69   0.89    2483.70    5.93     23.91  
133  T0883TS407_5-D1     407s    81.80    100.00  133   N/A       N/A        0.26      0.26       65.78    N/A           42.16    58.56    5.25     5.605    217   1    0     0     84.33  88.94  N/A         N/A          0.45         0.45         88.94  86.779   1.39     27.32       27.7        203      1.8      3.10          0.68    75.81     0.63    0.74    0.92    0.28    0.90     70.20   7.02    87.36   77.74   0.88    2366.20    6.78     22.81  
134  T0883TS407_4-D1     407s    81.57    100.00  134   N/A       N/A        0.25      0.25       63.94    N/A           38.43    57.63    4.347    4.804    217   5    0     0     83.87  90.32  N/A         N/A          0.43         0.43         90.32  87.653   1.37     27.62       28.5        203      1.6      3.35          0.65    75.35     0.61    0.72    0.93    0.25    0.91     70.60   7.24    88.31   78.99   0.89    2428.10    6.43     22.09  
135  T0883TS452_4-D1     452s    81.45    100.00  135   N/A       N/A        0.24      0.24       63.25    N/A           36.15    58.28    5.453    5.804    217   6    0     0     82.49  91.24  N/A         N/A          0.39         0.39         91.24  87.667   1.18     27.77       30.3        202      1.4      4.03          0.65    74.65     0.63    0.75    0.92    0.31    0.90     88.10   7.24    91.08   82.42   0.89    2575.90    6.06     N/A    
136  T0883TS444_2-D1     444s    81.22    100.00  136   N/A       N/A        0.23      0.23       61.86    N/A           43.68    59.68    4.655    4.856    217   1    0     0     87.10  92.17  N/A         N/A          0.53         0.53         92.63  88.865   1.33     27.62       31.1        209      1.8      3.47          0.74    86.18     0.69    0.81    0.94    0.22    0.92     93.00   7.24    91.84   84.37   0.90    2637.80    5.04     21.61  
137  T0883TS407_3-D1     407s    80.99    100.00  137   N/A       N/A        0.22      0.22       63.82    N/A           41.31    58.69    4.926    5.155    217   2    0     0     83.41  90.78  N/A         N/A          0.42         0.42         90.78  86.543   1.41     27.17       28.7        204      1.9      3.02          0.70    81.57     0.64    0.77    0.93    0.22    0.92     82.50   7.24    88.98   79.59   0.88    2456.40    6.03     22.49  
138  T0883TS444_1-D1     444s    80.53    100.00  138   0.06      0.06       0.21      0.21       62.33    -0.17         40.82    58.05    4.236    4.503    217   0    0     0     85.71  91.71  0.44        0.44         0.49         0.49         91.71  87.614   1.47     27.92       29.2        209      2        3.57          0.71    82.49     0.65    0.77    0.95    0.21    0.92     94.90   7.24    90.07   82.39   0.89    2486.00    5.08     21.86  
139  T0883TS467_3-D1     467s    79.95    100.00  139   N/A       N/A        0.18      0.18       61.52    N/A           44.92    58.48    4.154    4.494    217   1    0     0     84.79  90.32  N/A         N/A          0.46         0.46         91.71  88.111   1.45     27.62       30          208      1.7      1.44          0.71    81.57     0.68    0.77    0.94    0.24    0.93     97.00   7.02    91.29   82.06   0.90    2551.80    5.21     40.82  
140  T0883TS467_5-D1     467s    76.61    100.00  140   N/A       N/A        0.05      0.05       58.30    N/A           40.59    52.90    7.007    7.367    217   1    0     0     77.88  87.10  N/A         N/A          0.25         0.25         89.40  84.926   1.54     26.72       25.5        209      2.2      1.54          0.64    74.19     0.64    0.70    0.68    0.47    0.88     89.70   6.81    -1.00   -1.00   0.87    2202.60    11.39    43.14  
141  T0883TS455_1-D1     455s    73.85    100.00  141   -0.26     -0.26      -0.06     -0.06      58.64    -0.36         32.83    53.46    7.104    7.455    217   3    0     0     72.35  82.03  0.02        0.02         0.07         0.07         88.02  84.787   1.38     24.33       27.5        195      1.6      3.46          0.59    57.37     0.57    0.62    0.69    0.58    0.84     85.00   6.58    78.66   70.42   0.86    2351.20    21.69    30.95  
142  T0883TS180_1-D1     180s    67.74    100.00  142   -0.56     -0.56      -0.31     -0.31      53.34    -0.64         34.45    47.11    6.262    6.576    217   2    0     0     60.37  79.72  0.44        0.44         0.49         0.49         85.25  84.516   1.34     24.93       27.5        198      2        3.01          0.50    55.99     0.57    0.62    0.81    0.51    0.83     82.70   6.81    -1.00   -1.00   0.86    2352.10    15.96    74.85  
143  T0883TS180_2-D1     180s    65.55    100.00  143   N/A       N/A        -0.40     -0.40      52.08    N/A           31.27    45.11    7.098    7.473    217   3    0     0     57.14  78.34  N/A         N/A          0.42         0.42         88.48  87.085   1.19     26.42       29.7        198      1.5      2.92          0.49    53.23     0.56    0.60    0.80    0.56    0.81     81.80   6.92    -1.00   -1.00   0.87    2525.90    18.42    73.86  
144  T0883TS455_4-D1     455s    58.06    100.00  144   N/A       N/A        -0.70     -0.70      45.51    N/A           23.70    38.66    13.696   13.946   217   6    0     0     56.22  66.82  N/A         N/A          -0.43        -0.43        78.34  71.828   1.67     20.59       20.1        177      2.1      3.76          0.47    39.86     0.49    0.48    0.34    1.13    0.66     71.40   5.73    60.18   56.23   0.75    1763.70    88.55    44.84  
145  T0883TS180_3-D1     180s    57.37    100.00  145   N/A       N/A        -0.73     -0.73      43.55    N/A           23.89    36.59    6.717    7.183    217   3    0     0     47.47  77.42  N/A         N/A          0.43         0.43         86.64  83.958   1.32     23.43       27.8        192      1.3      3.06          0.42    39.40     0.51    0.51    0.77    0.62    0.81     75.80   6.81    63.01   56.52   0.85    2381.30    22.57    68.10  
146  T0883TS455_2-D1     455s    53.80    100.00  146   N/A       N/A        -0.87     -0.87      39.75    N/A           23.73    35.97    13.658   13.823   217   4    0     0     50.69  60.37  N/A         N/A          -0.60        -0.60        78.34  65.604   2.04     18.65       17.9        179      2.4      3.43          0.45    34.79     0.51    0.49    0.37    1.20    0.65     70.60   5.99    59.98   53.42   0.74    1589.30    90.70    48.12  
147  T0883TS180_4-D1     180s    45.05    100.00  147   N/A       N/A        -1.23     -1.23      27.07    N/A           14.74    19.21    7.093    7.601    217   3    0     0     29.95  88.02  N/A         N/A          -1.24        -1.24        88.02  85.421   1.38     26.57       29.1        198      1.6      3.21          0.33    35.71     0.46    0.45    0.74    0.86    0.79     66.70   6.92    -1.00   -1.00   0.87    2478.50    21.49    58.34  
148  T0883TS432_1-D1     432s    37.67    100.00  148   -2.04     -2.04      -1.53     -1.53      18.20    -2.48         7.26     8.66     8.319    8.603    217   2    0     0     15.21  40.55  -1.78       -1.78        -1.70        -1.70        47.93  35.333   2.45     14.91       5.7         145      3.8      1.54          0.39    35.02     0.49    0.44    0.69    0.80    0.75     56.30   4.25    63.38   46.37   0.58    620.30     28.56    N/A    
149  T0883TS432_2-D1     432s    35.95    100.00  149   N/A       N/A        -1.60     -1.60      24.65    N/A           14.77    19.59    12.306   12.352   217   2    0     0     30.88  35.48  N/A         N/A          -1.21        -1.21        44.24  36.817   1.93     13.42       5.6         122      4.9      1.41          0.39    26.50     0.49    0.41    0.53    1.09    0.63     61.50   4.58    54.85   48.52   0.46    610.20     98.38    N/A    
150  T0883TS432_4-D1     432s    35.48    100.00  150   N/A       N/A        -1.62     -1.62      19.01    N/A           9.95     13.32    9.781    9.874    217   2    0     0     25.81  42.86  N/A         N/A          -1.37        -1.37        48.39  32.612   2.38     13.42       6           142      4.1      1.49          0.36    29.49     0.48    0.38    0.58    0.87    0.72     46.20   4.74    54.49   43.05   0.53    674.00     61.80    N/A    
151  T0883TS432_5-D1     432s    35.25    100.00  151   N/A       N/A        -1.62     -1.62      20.97    N/A           11.33    14.84    11.881   12.026   217   0    0     0     29.49  34.10  N/A         N/A          -1.26        -1.26        40.09  33.402   2.13     9.83        5.4         115      4        1.46          0.37    26.27     0.48    0.40    0.49    1.00    0.65     44.00   4.74    52.69   45.80   0.44    579.30     75.36    N/A    
152  T0883TS432_3-D1     432s    30.76    100.00  152   N/A       N/A        -1.81     -1.81      17.40    N/A           9.20     13.77    11.956   12.246   217   2    0     0     19.82  37.79  N/A         N/A          -1.56        -1.56        41.94  30.662   2.46     12.52       3.6         109      3.5      1.45          0.33    21.66     0.45    0.34    0.49    1.23    0.62     47.80   4.74    50.50   39.29   0.48    472.80     86.80    N/A    
153  T0883TS452_5-D1     452s    21.54    100.00  153   N/A       N/A        -2.18     -2.18      12.10    N/A           4.23     7.69     20.421   20.484   217   5    0     0     14.75  29.49  N/A         N/A          -1.71        -1.71        46.54  30.453   2.44     7.73        6.8         104      2.7      3.95          0.25    10.37     0.37    0.24    0.08    1.74    0.50     55.90   4.42    36.71   32.60   0.41    581.60     251.34   N/A    
154  T0883TS451_1-D1     451s    19.01    100.00  154   -2.95     -2.95      -2.28     -2.28      10.14    -2.91         3.77     6.74     16.376   16.383   217   3    0     0     11.98  16.59  -1.89       -1.89        -1.80        -1.80        23.04  16.34    2.38     2.35        0.8         31       4.5      2.83          0.26    12.44     0.38    0.27    0.52    1.81    0.44     31.00   2.83    38.56   34.46   0.31    66.70      108.03   N/A    
155  T0883TS451_4-D1     451s    18.20    100.00  155   N/A       N/A        -2.31     -2.31      10.95    N/A           2.66     6.41     16.479   16.309   217   4    0     0     0.00   5.53   N/A         N/A          -2.17        -2.17        23.96  13.56    2.59     3.85        0.6         91       12.7     3.08          0.25    11.75     0.38    0.27    0.51    1.84    0.45     30.30   2.58    -1.00   -1.00   0.31    206.90     124.91   N/A    
156  T0883TS451_5-D1     451s    17.97    100.00  156   N/A       N/A        -2.32     -2.32      10.71    N/A           3.03     6.88     16.986   16.823   217   2    0     0     0.00   16.13  N/A         N/A          -2.17        -2.17        25.35  15.638   2.73     3.25        0.6         86       8.3      3.01          0.25    13.36     0.38    0.28    0.51    1.60    0.45     30.90   2.30    39.48   33.04   0.32    211.40     110.99   N/A    
157  T0883TS451_3-D1     451s    17.51    100.00  157   N/A       N/A        -2.34     -2.34      10.71    N/A           3.34     7.97     15.911   15.86    217   2    0     0     14.29  20.74  N/A         N/A          -1.73        -1.73        27.65  19.208   2.28     3.40        0.7         94       13.3     2.94          0.25    10.37     0.38    0.28    0.53    1.70    0.45     19.00   2.58    37.63   33.34   0.31    215.20     104.92   N/A    
158  T0883TS451_2-D1     451s    16.13    100.00  158   N/A       N/A        -2.40     -2.40      9.33     N/A           3.31     5.83     16.979   16.9     217   3    0     0     1.84   17.51  N/A         N/A          -2.11        -2.11        25.35  16.966   2.44     3.25        0           0        N/A      3.08          0.26    10.14     0.38    0.27    0.52    1.81    0.44     35.50   2.58    -1.00   -1.00   0.31    N/A        111.77   N/A    
159  T0883TS434_2-D1     434s    15.55    100.00  159   N/A       N/A        -2.42     -2.42      7.83     N/A           1.65     3.67     18.407   18.602   217   0    0     0     5.07   15.67  N/A         N/A          -2.01        -2.01        23.96  14.982   2.64     2.05        0           0        N/A      2.66          0.18    5.76      0.36    0.15    0.09    2.04    0.50     26.00   1.99    32.03   25.61   0.28    N/A        323.78   81.86  
160  T0883TS434_3-D1     434s    14.52    100.00  160   N/A       N/A        -2.46     -2.46      6.56     N/A           1.37     4.13     13.524   14.034   217   0    0     0     2.76   14.29  N/A         N/A          -2.09        -2.09        25.35  14.799   2.82     2.65        0           0        N/A      2.68          0.21    6.68      0.36    0.19    0.28    1.75    0.60     21.60   2.83    35.35   27.61   0.31    N/A        175.11   82.05  
161  T0883TS180_5-D1     180s    13.71    100.00  161   N/A       N/A        -2.50     -2.50      5.99     N/A           1.47     2.58     15.523   15.768   217   49   0     0     1.84   8.76   N/A         N/A          -2.11        -2.11        21.20  13.274   2.72     1.75        0           0        N/A      4.27          0.09    9.22      0.33    0.20    0.14    2.21    0.49     24.60   1.24    25.93   29.85   0.29    N/A        106.13   26.78  
162  T0883TS434_1-D1     434s    12.90    100.00  162   -3.25     -3.25      -2.53     -2.53      7.49     -3.05         1.58     5.00     20.641   20.718   217   0    0     0     0.00   0.00   -2.26       -2.26        -2.17        -2.17        20.28  11.086   2.77     2.50        0           0        N/A      2.77          0.19    6.91      0.35    0.18    0.12    1.89    0.50     23.80   2.83    32.57   28.27   0.26    N/A        408.16   80.87  
163  T0883TS464_5-D1     464s    12.79    100.00  163   N/A       N/A        -2.53     -2.53      8.87     N/A           3.01     5.15     26.4     26.532   217   0    0     0     0.00   9.68   N/A         N/A          -2.17        -2.17        20.74  14.811   2.14     1.16        0           0        N/A      2.93          0.14    4.61      0.33    0.08    0.03    2.77    0.49     30.10   1.99    23.45   21.02   0.23    N/A        824.93   21.44  
164  T0883TS434_4-D1     434s    11.98    100.00  164   N/A       N/A        -2.57     -2.57      6.57     N/A           1.40     3.92     18.553   18.773   217   0    0     0     0.00   0.92   N/A         N/A          -2.17        -2.17        19.35  11.03    2.64     2.50        0           0        N/A      2.64          0.18    6.68      0.36    0.15    0.08    2.19    0.45     23.10   1.99    29.93   26.09   0.22    N/A        322.36   82.32  
165  T0883TS434_5-D1     434s    11.64    100.00  165   N/A       N/A        -2.58     -2.58      6.34     N/A           0.84     3.03     19.659   19.715   217   0    0     0     2.30   6.45   N/A         N/A          -2.10        -2.10        17.97  11.245   2.88     1.46        0           0        N/A      2.72          0.19    7.37      0.36    0.18    0.19    1.75    0.49     26.40   2.83    31.23   27.15   0.24    N/A        241.44   82.38  
166  T0883TS464_2-D1     464s    11.06    100.00  166   N/A       N/A        -2.60     -2.60      6.91     N/A           1.33     2.71     24.965   25.471   217   0    0     0     0.00   0.00   N/A         N/A          -2.17        -2.17        17.51  10.606   2.85     0.86        0           0        N/A      1.95          0.15    3.92      0.34    0.09    0.04    2.51    0.52     30.10   1.64    21.78   20.98   0.22    N/A        865.55   20.88  
167  T0883TS321_1-D1     321s    10.71    100.00  167   -3.36     -3.36      -2.62     -2.62      6.45     -3.10         1.39     4.41     26.289   26.613   217   14   0     0     0.00   0.00   -2.26       -2.26        -2.17        -2.17        15.67  10.048   2.63     1.46        0           0        N/A      3.57          0.14    4.84      0.34    0.12    0.07    2.25    0.50     60.90   1.64    -1.00   -1.00   0.21    N/A        576.85   21.43  
168  T0883TS321_2-D1     321s    9.91     100.00  168   N/A       N/A        -2.65     -2.65      6.22     N/A           1.41     2.45     22.466   22.626   217   15   0     0     0.46   6.45   N/A         N/A          0.62         0.62         21.66  14.445   2.40     -0.19       0           0        N/A      3.54          0.13    3.69      0.33    0.11    0.08    2.53    0.47     61.70   1.24    22.28   21.91   0.23    N/A        359.35   21.31  
169  T0883TS321_3-D1     321s    9.56     100.00  169   N/A       N/A        -2.66     -2.66      6.45     N/A           1.39     3.15     30.247   30.385   217   7    0     0     0.00   0.00   N/A         N/A          0.65         0.65         17.05  11.422   2.45     0.26        0           0        N/A      3.34          0.15    4.38      0.34    0.11    0.07    2.48    0.49     60.90   1.64    24.37   21.91   0.18    N/A        867.69   21.30  
170  T0883TS321_5-D1     321s    9.22     100.00  170   N/A       N/A        -2.68     -2.68      5.99     N/A           2.14     4.04     32.223   32.432   217   10   0     0     0.00   0.00   N/A         N/A          0.49         0.49         12.90  8.618    2.50     -0.04       0           0        N/A      3.43          0.13    3.92      0.33    0.11    0.10    2.39    0.49     56.10   1.64    24.05   21.63   0.18    N/A        1202.94  19.59  
171  T0883TS321_4-D1     321s    8.41     100.00  171   N/A       N/A        -2.71     -2.71      5.18     N/A           1.08     3.01     32.711   33.131   217   8    0     0     0.00   0.00   N/A         N/A          -2.17        -2.17        13.82  7.849    2.86     0.11        0           0        N/A      3.37          0.14    4.15      0.33    0.10    0.15    2.64    0.47     62.40   1.24    21.22   21.44   0.16    N/A        949.95   19.68  
172  T0883TS455_5-D1     455s    8.06     100.00  172   N/A       N/A        -2.72     -2.72      4.26     N/A           0.89     1.86     22.26    22.536   217   5    0     0     0.00   0.00   N/A         N/A          -2.17        -2.17        18.43  9.485    2.76     0.71        0           0        N/A      3.56          0.17    3.00      0.30    0.07    -0.10   2.28    0.47     25.80   1.64    24.43   20.63   0.24    N/A        390.73   92.23  

