#    Model               GR#     GDT_TS   NP_P    RANK  Z-M1-GDT  Z-M1s-GDT  Z-MA-GDT  Z-MAs-GDT  GDT_HA   Z-M1s-GDT-HA  GDC_SC   GDC_ALL  RMS_CA   RMS_ALL  NP    err  PC01  PC05  AL0_P  AL4_P  Z-M1-AL0_p  Z-M1s-AL0_p  Z-MA-AL0_p   Z-MAs-AL0_p  ALI_P  LGA_S    RMSD[L]  Z-score[M]  Z-Score[D]  Al.Res.  RMSD[D]  MolPrb_Score  LDDT    SphGr     CAD_AA  RPF     CODM    DFM     Handed.  SOV     CE      QCS     CONTS   TMscore  Dali(raw)  FlexE    QSE    

1    T0893TS220_5-D2     220s    87.28    100.00  1     N/A       N/A        1.09      1.09       69.67    N/A           45.47    62.90    2.274    2.89     169   0    0     0     89.94  94.67  N/A         N/A          0.84         0.84         94.67  91.77    1.34     22.76       24.5        162      1.4      1.51          0.74    88.76     0.71    0.78    0.96    0.15    0.94     87.90   6.58    95.15   86.33   0.91    1670.40    2.76     26.64  
2    T0893TS005_1-D2     005s    87.28    100.00  1     1.08      1.08       1.09      1.09       68.19    1.16          46.73    63.09    1.541    2.237    169   0    0     0     94.08  97.04  1.01        1.01         1.00         1.00         97.04  94.021   1.39     23.73       25.9        168      1.4      1.39          0.75    92.60     0.71    0.83    0.98    0.11    0.95     83.50   7.02    95.21   87.40   0.93    1753.20    1.86     23.84  
3    T0893TS220_3-D2     220s    85.21    100.00  3     N/A       N/A        0.97      0.97       68.20    N/A           43.78    62.03    1.862    2.577    169   0    0     0     88.17  94.67  N/A         N/A          0.76         0.76         95.27  91.462   1.28     23.73       25.5        166      1.5      1.49          0.74    90.53     0.71    0.79    0.98    0.11    0.94     94.50   7.02    95.41   87.06   0.92    1729.90    1.99     26.34  
4    T0893TS183_1-D2     183s    84.61    100.00  4     0.91      0.91       0.94      0.94       68.34    1.17          33.78    56.30    2.541    3.392    169   0    0     0     88.17  94.67  0.74        0.74         0.76         0.76         95.27  90.984   1.46     23.25       24.2        164      1.8      3.02          0.68    85.50     0.64    0.74    0.96    0.15    0.94     79.50   6.58    94.02   85.04   0.90    1646.00    3.08     91.87  
5    T0893TS220_4-D2     220s    84.17    100.00  5     N/A       N/A        0.91      0.91       66.72    N/A           46.22    60.01    2.693    3.244    169   0    0     0     86.39  91.72  N/A         N/A          0.69         0.69         92.31  90.206   1.48     22.44       24.6        161      1.6      1.26          0.74    87.57     0.71    0.79    0.97    0.14    0.93     91.60   6.58    95.03   85.87   0.89    1671.30    2.96     28.55  
6    T0893TS479_1-D2     479s    83.73    100.00  6     0.85      0.85       0.89      0.89       66.12    1.00          36.64    56.46    2.637    3.337    169   0    0     0     86.98  93.49  0.68        0.68         0.72         0.72         94.08  90.795   1.56     22.60       24.1        163      1.8      2.57          0.69    86.39     0.64    0.75    0.96    0.15    0.93     79.40   6.58    94.23   85.78   0.90    1640.10    3.04     91.70  
7    T0893TS005_3-D2     005s    83.73    100.00  6     N/A       N/A        0.89      0.89       64.20    N/A           40.09    56.00    1.753    2.305    169   0    0     0     89.94  97.04  N/A         N/A          0.84         0.84         97.04  91.674   1.51     23.73       24.7        168      1.7      1.11          0.74    94.08     0.71    0.82    0.98    0.13    0.95     85.10   7.02    95.02   87.33   0.91    1682.80    1.75     24.75  
8    T0893TS405_4-D2     405s    83.43    100.00  8     N/A       N/A        0.87      0.87       67.31    N/A           37.43    57.37    2.765    3.5      169   3    0     0     86.39  92.31  N/A         N/A          0.69         0.69         92.90  89.284   1.50     23.25       23.4        165      2        3.71          0.66    86.39     0.66    0.75    0.96    0.15    0.92     76.10   6.58    93.89   84.71   0.89    1600.60    2.93     94.62  
9    T0893TS479_4-D2     479s    83.14    100.00  9     N/A       N/A        0.85      0.85       64.94    N/A           35.08    56.39    2.316    3.109    169   0    0     0     87.57  95.27  N/A         N/A          0.74         0.74         95.86  90.52    1.46     23.08       24.2        166      1.8      2.73          0.69    87.57     0.65    0.77    0.97    0.15    0.94     87.10   6.58    94.28   85.85   0.90    1647.30    2.69     90.73  
10   T0893TS183_3-D2     183s    82.84    100.00  10    N/A       N/A        0.84      0.84       64.05    N/A           32.25    54.14    2.05     3.082    169   0    0     0     88.76  96.45  N/A         N/A          0.79         0.79         96.45  90.642   1.53     23.57       24.1        166      1.7      2.99          0.68    86.09     0.64    0.76    0.97    0.13    0.94     83.20   6.58    94.23   86.06   0.90    1641.60    2.42     90.04  
11   T0893TS183_2-D2     183s    81.51    100.00  11    N/A       N/A        0.76      0.76       62.13    N/A           32.46    51.95    1.986    2.85     169   0    0     0     85.21  94.67  N/A         N/A          0.65         0.65         94.67  88.952   1.64     23.73       23.3        168      1.9      2.79          0.68    89.94     0.66    0.75    0.97    0.14    0.94     71.80   6.92    93.27   83.89   0.89    1594.20    2.64     87.63  
12   T0893TS313_4-D2     313s    81.36    100.00  12    N/A       N/A        0.75      0.75       67.16    N/A           43.09    58.92    3.894    4.439    169   0    0     0     85.21  89.35  N/A         N/A          0.65         0.65         90.53  87.665   1.48     21.95       23.3        162      2.1      1.92          0.71    81.95     0.67    0.73    0.92    0.22    0.90     75.60   6.58    93.67   83.00   0.87    1588.80    4.79     26.23  
13   T0893TS313_1-D2     313s    81.21    100.00  13    0.69      0.69       0.75      0.75       66.86    1.06          43.94    58.31    3.873    4.475    169   0    0     0     86.98  89.35  0.68        0.68         0.72         0.72         90.53  87.361   1.42     21.95       23.2        162      2.1      1.90          0.70    81.66     0.67    0.73    0.92    0.22    0.90     75.60   6.58    93.43   82.94   0.87    1583.60    4.86     26.37  
14   T0893TS313_2-D2     313s    80.92    100.00  14    N/A       N/A        0.73      0.73       65.68    N/A           44.67    58.13    3.89     4.491    169   0    0     0     85.21  88.76  N/A         N/A          0.65         0.65         89.94  87.67    1.53     21.79       23.1        162      2        1.84          0.70    81.66     0.67    0.73    0.92    0.23    0.90     75.60   6.58    93.37   82.85   0.87    1580.10    4.81     26.39  
15   T0893TS313_3-D2     313s    80.92    100.00  14    N/A       N/A        0.73      0.73       66.42    N/A           44.85    58.63    3.873    4.379    169   0    0     0     85.21  89.35  N/A         N/A          0.65         0.65         90.53  87.444   1.52     21.95       23.1        162      2        1.90          0.71    81.66     0.67    0.73    0.92    0.22    0.90     70.60   6.58    93.41   83.02   0.87    1581.20    4.84     26.41  
16   T0893TS479_2-D2     479s    80.77    100.00  16    N/A       N/A        0.72      0.72       61.39    N/A           33.10    51.48    2.342    3.335    169   0    0     0     85.80  95.86  N/A         N/A          0.67         0.67         95.86  89.225   1.65     22.28       23.3        164      1.8      2.97          0.67    84.62     0.64    0.74    0.96    0.17    0.93     82.90   6.58    93.16   83.25   0.89    1593.40    3.62     90.86  
17   T0893TS405_3-D2     405s    80.77    100.00  16    N/A       N/A        0.72      0.72       64.35    N/A           35.32    54.43    3.724    4.124    169   1    0     0     85.21  88.17  N/A         N/A          0.65         0.65         88.17  85.098   1.45     21.95       22.1        159      2.1      3.38          0.67    81.66     0.64    0.73    0.94    0.19    0.93     93.30   6.23    93.49   81.37   0.86    1517.80    4.71     94.50  
18   T0893TS313_5-D2     313s    80.77    100.00  16    N/A       N/A        0.72      0.72       66.12    N/A           44.52    58.11    3.873    4.45     169   0    0     0     85.21  88.76  N/A         N/A          0.65         0.65         89.94  87.722   1.47     21.95       23.1        162      2        1.91          0.70    82.25     0.67    0.73    0.92    0.23    0.90     76.10   6.58    93.40   82.93   0.87    1580.20    4.81     26.30  
19   T0893TS479_5-D2     479s    80.62    100.00  19    N/A       N/A        0.71      0.71       62.28    N/A           33.33    52.62    2.595    3.47     169   0    0     0     86.39  92.90  N/A         N/A          0.69         0.69         92.90  88.329   1.57     22.92       22.8        164      1.9      2.64          0.66    79.88     0.63    0.71    0.96    0.19    0.93     88.80   6.58    93.23   82.99   0.88    1563.50    3.82     93.37  
20   T0893TS183_5-D2     183s    80.47    100.00  20    N/A       N/A        0.70      0.70       61.69    N/A           31.48    50.55    2.26     3.077    169   0    0     0     85.80  93.49  N/A         N/A          0.67         0.67         93.49  88.29    1.67     23.41       22.6        165      1.9      3.02          0.67    85.21     0.65    0.75    0.96    0.18    0.94     79.40   6.70    92.66   81.84   0.88    1548.10    3.30     91.16  
21   T0893TS467_1-D2     467s    80.33    100.00  21    0.63      0.63       0.70      0.70       60.50    0.58          38.60    53.54    2.827    3.346    169   0    0     0     84.02  91.12  0.54        0.54         0.60         0.60         91.12  87.268   1.61     23.08       21.6        162      1.9      1.29          0.68    87.57     0.65    0.75    0.95    0.20    0.92     80.80   6.47    92.35   81.20   0.87    1483.20    4.16     41.57  
22   T0893TS430_4-D2     430s    80.18    100.00  22    N/A       N/A        0.69      0.69       63.02    N/A           41.78    56.10    4.392    4.709    169   0    0     0     83.43  88.17  N/A         N/A          0.57         0.57         88.17  85.36    1.37     21.95       22.2        157      1.9      2.38          0.67    83.14     0.67    0.75    0.91    0.23    0.91     85.20   6.23    93.81   84.30   0.85    1523.30    5.48     31.71  
23   T0893TS287_4-D2     287s    80.18    100.00  22    N/A       N/A        0.69      0.69       62.28    N/A           40.49    55.41    4.276    4.696    169   3    0     0     85.21  89.35  N/A         N/A          0.65         0.65         90.53  86.398   1.50     21.95       22          159      1.9      2.91          0.67    79.88     0.65    0.70    0.84    0.34    0.88     90.60   6.47    93.18   82.49   0.86    1510.60    4.63     79.72  
24   T0893TS236_4-D2     236s    79.88    100.00  24    N/A       N/A        0.67      0.67       63.76    N/A           35.90    56.07    5.039    5.355    169   1    0     0     85.80  86.39  N/A         N/A          0.67         0.67         88.76  85.223   1.51     21.79       22.4        157      2.1      3.26          0.68    85.21     0.64    0.73    0.89    0.20    0.88     87.20   6.47    93.08   82.64   0.85    1534.30    5.64     79.44  
25   T0893TS119_1-D2     119s    79.73    100.00  25    0.59      0.59       0.66      0.66       64.64    0.89          37.22    56.39    3.872    4.49     169   4    0     0     82.84  89.35  0.49        0.49         0.55         0.55         90.53  87.195   1.52     21.95       22.8        161      2        3.78          0.64    80.18     0.65    0.72    0.91    0.22    0.90     83.60   6.58    93.36   82.96   0.87    1561.10    5.07     49.71  
26   T0893TS349_1-D2     349s    79.73    100.00  25    0.59      0.59       0.66      0.66       64.64    0.89          42.70    57.19    3.872    4.429    169   4    0     0     82.84  89.35  0.49        0.49         0.55         0.55         90.53  87.195   1.52     21.95       22.8        161      2        2.92          0.67    80.77     0.65    0.73    0.91    0.22    0.90     83.60   6.58    93.36   82.96   0.87    1561.10    5.07     49.71  
27   T0893TS005_2-D2     005s    79.73    100.00  25    N/A       N/A        0.66      0.66       60.06    N/A           39.89    55.14    2.596    3.216    169   0    0     0     84.02  91.72  N/A         N/A          0.60         0.60         91.72  87.652   1.53     23.57       22.6        163      1.8      1.00          0.70    88.46     0.67    0.77    0.96    0.18    0.93     95.90   6.58    93.16   82.91   0.88    1548.40    2.82     22.81  
28   T0893TS425_4-D2     425s    79.59    100.00  28    N/A       N/A        0.65      0.65       61.84    N/A           33.38    53.64    3.217    3.779    169   0    0     0     84.62  88.17  N/A         N/A          0.62         0.62         88.17  86.453   1.46     22.92       21.7        159      2        2.78          0.66    80.47     0.65    0.71    0.94    0.20    0.93     94.00   6.35    92.69   81.75   0.86    1488.20    4.28     23.56  
29   T0893TS092_1-D2     092s    79.44    100.00  29    0.58      0.58       0.65      0.65       59.02    0.47          34.32    49.92    2.293    3.068    169   1    0     0     84.62  94.67  0.57        0.57         0.62         0.62         94.67  87.728   1.74     23.41       22.9        169      2.3      2.64          0.69    87.28     0.66    0.76    0.97    0.16    0.93     98.10   6.92    92.90   83.09   0.87    1568.60    2.89     22.32  
30   T0893TS048_1-D2     048s    79.44    100.00  29    0.58      0.58       0.65      0.65       59.02    0.47          34.32    49.92    2.293    3.068    169   1    0     0     84.62  94.67  0.57        0.57         0.62         0.62         94.67  87.728   1.74     23.41       22.9        169      2.3      2.64          0.69    87.28     0.66    0.76    0.97    0.16    0.93     98.10   6.92    92.90   83.09   0.87    1568.60    2.89     22.32  
31   T0893TS275_4-D2     275s    79.29    100.00  31    N/A       N/A        0.64      0.64       61.39    N/A           34.00    51.76    3.358    4.039    169   1    0     0     82.84  91.12  N/A         N/A          0.55         0.55         91.12  85.947   1.59     22.44       22.3        160      1.9      2.95          0.67    82.54     0.65    0.72    0.93    0.23    0.90     74.40   6.47    92.32   82.64   0.86    1527.00    4.71     N/A    
32   T0893TS430_5-D2     430s    79.29    100.00  31    N/A       N/A        0.64      0.64       62.87    N/A           42.01    56.75    4.62     4.927    169   1    0     0     85.21  89.94  N/A         N/A          0.65         0.65         89.94  85.895   1.50     22.28       22.1        159      1.8      2.17          0.69    82.54     0.66    0.73    0.90    0.24    0.92     89.40   6.23    93.18   81.44   0.86    1517.90    7.17     29.94  
33   T0893TS446_5-D2     446s    79.14    100.00  33    N/A       N/A        0.63      0.63       59.76    N/A           39.59    52.54    3.995    4.447    169   0    0     0     81.07  86.98  N/A         N/A          0.48         0.48         86.98  85.428   1.60     22.11       21.5        155      1.8      0.87          0.68    79.29     0.66    0.73    0.92    0.22    0.92     86.60   6.23    93.02   82.60   0.84    1478.60    5.46     86.25  
34   T0893TS405_5-D2     405s    78.99    100.00  34    N/A       N/A        0.62      0.62       62.72    N/A           34.01    51.97    3.832    4.295    169   1    0     0     80.47  91.12  N/A         N/A          0.45         0.45         91.12  85.394   1.58     22.28       21.5        155      1.7      3.09          0.65    77.51     0.62    0.70    0.91    0.25    0.92     88.20   6.23    92.04   79.49   0.85    1478.80    7.26     93.98  
35   T0893TS275_5-D2     275s    78.85    100.00  35    N/A       N/A        0.61      0.61       62.13    N/A           32.37    51.92    4.124    4.508    169   0    0     0     82.84  89.35  N/A         N/A          0.55         0.55         89.94  85.412   1.64     21.95       22          159      1.9      2.92          0.67    82.54     0.64    0.72    0.91    0.20    0.91     87.20   6.35    92.97   82.27   0.85    1511.80    5.88     N/A    
36   T0893TS250_4-D2     250s    78.70    100.00  36    N/A       N/A        0.60      0.60       60.21    N/A           39.09    54.13    2.823    3.653    169   0    0     0     82.84  91.12  N/A         N/A          0.55         0.55         91.12  86.429   1.64     22.92       22.5        161      1.9      1.60          0.68    80.18     0.67    0.71    0.95    0.24    0.92     88.10   6.58    91.31   80.17   0.86    1544.00    4.18     90.46  
37   T0893TS250_5-D2     250s    78.55    100.00  37    N/A       N/A        0.59      0.59       59.77    N/A           38.56    54.14    2.802    3.692    169   0    0     0     82.25  91.12  N/A         N/A          0.53         0.53         91.12  85.833   1.61     23.08       22.3        161      1.9      1.73          0.67    79.88     0.66    0.70    0.95    0.22    0.92     88.10   6.58    91.24   80.11   0.86    1531.10    4.21     90.43  
38   T0893TS250_1-D2     250s    78.40    100.00  38    0.51      0.51       0.59      0.59       59.17    0.48          38.21    53.88    2.86     3.658    169   0    0     0     82.84  91.12  0.49        0.49         0.55         0.55         91.12  86.45    1.63     22.92       22.4        161      1.9      1.63          0.67    79.29     0.67    0.71    0.94    0.23    0.92     88.10   6.58    91.14   79.95   0.86    1535.80    4.21     90.64  
39   T0893TS250_2-D2     250s    78.40    100.00  38    N/A       N/A        0.59      0.59       59.62    N/A           38.06    53.98    2.853    3.669    169   0    0     0     82.84  91.12  N/A         N/A          0.55         0.55         91.12  86.562   1.59     22.92       22.5        161      1.9      1.67          0.67    79.88     0.66    0.71    0.94    0.24    0.92     88.10   6.58    91.15   79.99   0.86    1539.30    4.19     90.66  
40   T0893TS359_3-D2     359s    78.11    100.00  40    N/A       N/A        0.57      0.57       60.95    N/A           33.41    52.45    4.496    4.957    169   0    0     0     84.62  86.39  N/A         N/A          0.62         0.62         88.17  84.787   1.53     21.79       21.8        155      1.7      2.99          0.63    78.70     0.62    0.67    0.87    0.30    0.89     90.20   6.47    91.74   80.43   0.84    1496.30    7.37     25.33  
41   T0893TS444_1-D2     444s    78.11    100.00  40    0.49      0.49       0.57      0.57       57.99    0.40          39.40    51.40    2.205    3.025    169   0    0     0     84.02  94.67  0.54        0.54         0.60         0.60         94.67  87.151   1.68     23.73       22.5        167      2        1.87          0.70    84.32     0.67    0.78    0.97    0.19    0.94     97.00   6.81    93.56   83.36   0.88    1541.60    2.96     N/A    
42   T0893TS359_4-D2     359s    78.11    100.00  40    N/A       N/A        0.57      0.57       60.95    N/A           33.41    52.45    4.496    4.957    169   0    0     0     84.62  86.39  N/A         N/A          0.62         0.62         88.17  84.787   1.53     21.79       21.8        155      1.7      2.99          0.63    78.70     0.62    0.67    0.87    0.30    0.89     90.20   6.47    91.74   80.43   0.84    1496.30    7.37     25.33  
43   T0893TS359_1-D2     359s    77.96    100.00  43    0.48      0.48       0.56      0.56       60.21    0.56          35.42    52.24    4.176    4.771    169   0    0     0     84.02  85.80  0.54        0.54         0.60         0.60         87.57  84.312   1.51     21.95       21.6        156      1.9      3.08          0.64    79.29     0.63    0.69    0.91    0.22    0.89     90.20   5.86    93.05   80.95   0.84    1485.00    5.95     25.42  
44   T0893TS359_2-D2     359s    77.96    100.00  43    N/A       N/A        0.56      0.56       60.21    N/A           35.42    52.24    4.176    4.771    169   0    0     0     84.02  85.80  N/A         N/A          0.60         0.60         87.57  84.312   1.51     21.95       21.6        156      1.9      3.08          0.64    79.29     0.63    0.69    0.91    0.22    0.89     90.20   5.86    93.05   80.95   0.84    1485.00    5.95     25.42  
45   T0893TS250_3-D2     250s    77.96    100.00  43    N/A       N/A        0.56      0.56       59.03    N/A           36.04    53.11    2.796    3.698    169   0    0     0     82.84  91.12  N/A         N/A          0.55         0.55         91.12  86.341   1.67     22.92       22.4        161      1.9      1.81          0.67    78.70     0.66    0.70    0.95    0.23    0.92     88.10   6.58    91.13   79.84   0.86    1533.30    4.27     90.83  
46   T0893TS275_3-D2     275s    77.81    100.00  46    N/A       N/A        0.55      0.55       59.47    N/A           34.85    52.09    3.706    4.251    169   0    0     0     81.07  89.35  N/A         N/A          0.48         0.48         90.53  84.06    1.59     21.95       21.4        160      2        3.03          0.66    81.07     0.63    0.72    0.92    0.20    0.91     90.70   6.35    92.27   79.74   0.85    1471.40    5.95     N/A    
47   T0893TS359_5-D2     359s    77.66    100.00  47    N/A       N/A        0.54      0.54       59.76    N/A           33.42    51.42    4.297    4.851    169   0    0     0     81.66  85.21  N/A         N/A          0.50         0.50         86.98  82.742   1.53     21.31       20.9        155      1.9      3.25          0.63    78.11     0.62    0.67    0.89    0.24    0.89     74.80   6.35    91.42   79.03   0.83    1439.30    7.81     26.30  
48   T0893TS005_5-D2     005s    77.37    100.00  48    N/A       N/A        0.53      0.53       57.40    N/A           34.77    50.52    2.832    3.472    169   1    0     0     83.43  90.53  N/A         N/A          0.57         0.57         90.53  85.352   1.69     23.57       21.5        164      2.2      1.01          0.68    82.25     0.66    0.76    0.96    0.20    0.92     83.50   6.47    93.18   81.89   0.86    1481.60    2.93     24.53  
49   T0893TS479_3-D2     479s    77.22    100.00  49    N/A       N/A        0.52      0.52       57.84    N/A           29.97    48.53    2.791    3.53     169   0    0     0     82.25  91.72  N/A         N/A          0.53         0.53         92.31  86.816   1.67     23.08       21.7        163      2.1      2.94          0.65    79.88     0.62    0.72    0.95    0.21    0.93     78.50   6.47    92.28   81.72   0.86    1490.40    3.82     92.76  
50   T0893TS452_3-D2     452s    77.07    100.00  50    N/A       N/A        0.51      0.51       58.58    N/A           33.32    51.97    3.894    4.308    169   0    0     0     81.07  88.76  N/A         N/A          0.48         0.48         88.76  83.276   1.50     22.11       20.4        156      2.1      3.33          0.63    80.77     0.61    0.70    0.91    0.22    0.92     89.30   5.99    91.90   77.73   0.84    1409.60    6.65     85.77  
51   T0893TS345_5-D2     345s    77.07    100.00  50    N/A       N/A        0.51      0.51       58.58    N/A           37.57    51.44    3.416    4.284    169   0    0     0     83.43  87.57  N/A         N/A          0.57         0.57         87.57  83.71    1.64     22.60       20.6        156      2.1      2.82          0.61    75.44     0.62    0.71    0.94    0.22    0.91     91.20   6.47    92.16   78.74   0.84    1421.20    5.98     78.65  
52   T0893TS220_1-D2     220s    77.07    100.00  50    0.42      0.42       0.51      0.51       57.99    0.40          41.40    53.78    3.92     4.202    169   0    0     0     83.43  89.35  0.52        0.52         0.57         0.57         89.35  84.937   1.46     22.28       22.1        159      2        1.81          0.70    83.73     0.69    0.74    0.92    0.24    0.90     97.80   6.47    93.31   81.92   0.85    1517.80    5.54     31.21  
53   T0893TS407_3-D2     407s    77.07    100.00  50    N/A       N/A        0.51      0.51       58.87    N/A           36.24    51.62    4.76     5.36     169   4    0     0     82.25  84.62  N/A         N/A          0.53         0.53         85.80  83.673   1.63     21.47       20.5        153      1.8      2.91          0.64    76.04     0.62    0.68    0.80    0.26    0.88     77.84   6.23    89.69   77.61   0.83    1410.20    11.65    26.45  
54   T0893TS405_1-D2     405s    76.92    100.00  54    0.41      0.41       0.50      0.50       59.62    0.52          31.30    51.36    4.146    4.594    169   0    0     0     83.43  91.12  0.52        0.52         0.57         0.57         91.72  85.459   1.63     21.79       21.9        157      1.8      3.37          0.65    81.95     0.62    0.71    0.90    0.24    0.92     88.10   6.23    92.66   81.31   0.85    1503.00    7.24     93.41  
55   T0893TS407_1-D2     407s    76.92    100.00  54    0.41      0.41       0.50      0.50       58.28    0.42          33.64    51.69    4.101    4.648    169   11   0     0     81.66  85.80  0.43        0.43         0.50         0.50         86.98  83.442   1.53     21.79       20.5        157      2.3      3.25          0.64    79.29     0.62    0.70    0.91    0.22    0.89     84.99   6.35    92.47   79.99   0.83    1413.20    6.49     25.66  
56   T0893TS405_2-D2     405s    76.92    100.00  54    N/A       N/A        0.50      0.50       58.58    N/A           31.78    49.67    4.308    4.813    169   1    0     0     82.84  88.17  N/A         N/A          0.55         0.55         88.17  83.185   1.48     22.11       21.1        156      1.9      3.28          0.64    78.11     0.61    0.71    0.90    0.23    0.92     85.90   6.23    92.28   79.99   0.84    1452.00    7.15     93.62  
57   T0893TS183_4-D2     183s    76.78    100.00  57    N/A       N/A        0.49      0.49       57.10    N/A           29.81    48.06    2.814    3.544    169   0    0     0     82.84  91.12  N/A         N/A          0.55         0.55         91.72  85.991   1.68     23.08       21.1        164      2.2      3.00          0.64    79.29     0.60    0.71    0.95    0.21    0.93     78.50   6.47    92.14   80.83   0.86    1455.10    3.89     92.40  
58   T0893TS005_4-D2     005s    76.78    100.00  57    N/A       N/A        0.49      0.49       57.25    N/A           37.91    52.11    3.255    3.864    169   0    0     0     80.47  89.35  N/A         N/A          0.45         0.45         90.53  86.79    1.56     22.60       21.7        164      2.3      0.83          0.67    81.95     0.65    0.73    0.95    0.25    0.91     94.20   6.47    92.48   82.05   0.86    1492.60    3.43     24.74  
59   T0893TS026_4-D2     026s    76.48    100.00  59    N/A       N/A        0.48      0.48       57.40    N/A           34.04    49.68    4.002    4.531    169   0    0     0     85.21  88.76  N/A         N/A          0.65         0.65         88.76  83.435   1.67     22.60       20.5        156      2        3.71          0.62    74.26     0.61    0.69    0.91    0.27    0.92     85.70   5.86    92.04   78.38   0.83    1415.40    6.95     N/A    
60   T0893TS444_2-D2     444s    76.48    100.00  59    N/A       N/A        0.48      0.48       56.06    N/A           35.99    48.64    2.579    3.26     169   0    0     0     81.07  91.72  N/A         N/A          0.48         0.48         91.72  86.24    1.73     23.57       21.6        164      2        1.96          0.66    83.14     0.66    0.74    0.96    0.19    0.93     93.30   6.47    92.17   80.97   0.86    1482.40    3.04     N/A    
61   T0893TS380_4-D2     380s    76.48    100.00  59    N/A       N/A        0.48      0.48       57.40    N/A           34.04    49.68    4.002    4.531    169   0    0     0     85.21  88.76  N/A         N/A          0.65         0.65         88.76  83.435   1.67     22.60       20.5        156      2        3.71          0.62    74.26     0.61    0.69    0.91    0.27    0.92     85.70   5.86    92.04   78.38   0.83    1415.40    6.95     N/A    
62   T0893TS380_2-D2     380s    76.48    100.00  59    N/A       N/A        0.48      0.48       57.40    N/A           34.04    49.68    4.002    4.531    169   0    0     0     85.21  88.76  N/A         N/A          0.65         0.65         88.76  83.435   1.67     22.60       20.5        156      2        3.71          0.62    74.26     0.61    0.69    0.91    0.27    0.92     85.70   5.86    92.04   78.38   0.83    1415.40    6.95     N/A    
63   T0893TS287_3-D2     287s    76.48    100.00  59    N/A       N/A        0.48      0.48       59.17    N/A           36.28    51.81    5.653    5.868    169   0    0     0     84.02  87.57  N/A         N/A          0.60         0.60         87.57  83.445   1.60     21.95       21.1        156      2.1      2.60          0.64    78.99     0.63    0.71    0.87    0.26    0.91     90.20   5.73    92.74   80.62   0.83    1455.50    8.87     83.89  
64   T0893TS026_2-D2     026s    76.48    100.00  59    N/A       N/A        0.48      0.48       57.40    N/A           34.04    49.68    4.002    4.531    169   0    0     0     85.21  88.76  N/A         N/A          0.65         0.65         88.76  83.435   1.67     22.60       20.5        156      2        3.71          0.62    74.26     0.61    0.69    0.91    0.27    0.92     85.70   5.86    92.04   78.38   0.83    1415.40    6.95     N/A    
65   T0893TS236_5-D2     236s    76.33    100.00  65    N/A       N/A        0.47      0.47       57.54    N/A           36.19    51.51    4.057    4.643    169   0    0     0     80.47  86.39  N/A         N/A          0.45         0.45         87.57  84.086   1.45     22.28       21.3        156      1.9      2.69          0.63    71.30     0.61    0.67    0.89    0.31    0.91     89.50   6.23    88.63   76.95   0.84    1466.80    7.31     83.85  
66   T0893TS287_1-D2     287s    76.33    100.00  65    0.38      0.38       0.47      0.47       58.58    0.44          36.02    51.91    4.919    5.302    169   1    0     0     82.84  86.98  0.49        0.49         0.55         0.55         87.57  82.947   1.51     21.95       20.6        154      1.9      2.60          0.65    76.63     0.62    0.70    0.89    0.23    0.90     90.20   6.35    90.84   78.78   0.83    1420.30    9.16     83.41  
67   T0893TS236_2-D2     236s    76.33    100.00  65    N/A       N/A        0.47      0.47       58.58    N/A           36.02    51.91    4.919    5.302    169   1    0     0     82.84  86.98  N/A         N/A          0.55         0.55         87.57  82.947   1.51     21.95       20.6        154      1.9      2.60          0.65    76.63     0.62    0.70    0.89    0.23    0.90     90.20   6.35    90.84   78.78   0.83    1420.30    9.16     83.68  
68   T0893TS236_1-D2     236s    76.33    100.00  65    0.38      0.38       0.47      0.47       58.58    0.44          36.02    51.91    4.919    5.302    169   1    0     0     82.84  86.98  0.49        0.49         0.55         0.55         87.57  82.947   1.51     21.95       20.6        154      1.9      2.60          0.65    76.63     0.62    0.70    0.89    0.23    0.90     90.20   6.35    90.84   78.78   0.83    1420.30    9.16     83.68  
69   T0893TS251_3-D2     251s    76.33    100.00  65    N/A       N/A        0.47      0.47       56.95    N/A           35.72    51.61    5.52     5.767    169   0    0     0     82.84  88.76  N/A         N/A          0.55         0.55         88.76  83.385   1.65     21.79       21          157      2.1      1.61          0.65    78.99     0.63    0.72    0.88    0.24    0.90     90.60   5.99    92.68   81.70   0.84    1449.10    8.87     93.11  
70   T0893TS345_3-D2     345s    76.18    100.00  70    N/A       N/A        0.46      0.46       57.54    N/A           37.05    49.40    3.446    4.088    169   0    0     0     83.43  88.17  N/A         N/A          0.57         0.57         89.35  82.806   1.70     22.11       20.4        157      2.1      2.66          0.63    78.99     0.62    0.71    0.93    0.21    0.92     91.00   6.23    92.16   78.17   0.83    1407.50    5.68     79.20  
71   T0893TS287_5-D2     287s    76.18    100.00  70    N/A       N/A        0.46      0.46       59.17    N/A           35.71    51.86    4.971    5.445    169   0    0     0     80.47  86.98  N/A         N/A          0.45         0.45         87.57  83.362   1.44     22.11       21.1        156      2.4      2.63          0.60    73.37     0.61    0.68    0.86    0.32    0.90     89.70   5.19    88.60   76.92   0.83    1454.30    9.10     82.52  
72   T0893TS258_3-D2     258s    76.03    100.00  72    N/A       N/A        0.45      0.45       59.47    N/A           28.69    46.51    4.628    5.09     169   2    0     0     77.51  82.84  N/A         N/A          0.33         0.33         83.43  81.605   1.73     21.63       19.7        155      2.4      3.74          0.63    71.30     0.59    0.68    0.89    0.25    0.91     86.50   5.86    89.83   75.23   0.82    1367.30    8.05     27.76  
73   T0893TS258_4-D2     258s    75.89    100.00  73    N/A       N/A        0.44      0.44       57.84    N/A           31.99    48.59    4.19     4.619    169   1    0     0     82.84  88.17  N/A         N/A          0.55         0.55         88.17  83.772   1.65     22.44       20.4        157      2.1      3.53          0.64    79.59     0.62    0.72    0.89    0.24    0.92     84.20   6.23    92.33   79.89   0.84    1407.90    7.65     25.72  
74   T0893TS452_1-D2     452s    75.89    100.00  73    0.35      0.35       0.44      0.44       56.66    0.30          31.48    49.41    4.678    5.137    169   0    0     0     80.47  86.39  0.38        0.38         0.45         0.45         86.39  83.032   1.64     22.11       20.4        157      2.2      3.24          0.63    76.04     0.60    0.69    0.89    0.25    0.91     90.00   6.23    91.69   79.58   0.83    1410.40    7.61     86.47  
75   T0893TS495_1-D2     495s    75.89    100.00  73    0.35      0.35       0.44      0.44       56.81    0.31          36.38    48.39    2.93     3.613    169   0    0     0     55.62  62.72  -0.78       -0.78        -0.55        -0.55        62.72  83.549   1.67     22.76       20.8        161      2.3      1.88          0.66    77.22     0.64    0.72    0.94    0.26    0.92     96.20   6.47    91.14   79.12   0.84    1434.40    4.56     91.09  
76   T0893TS444_4-D2     444s    75.89    100.00  73    N/A       N/A        0.44      0.44       55.33    N/A           34.49    50.37    3.662    4.2      169   0    0     0     81.07  88.76  N/A         N/A          0.48         0.48         88.76  83.873   1.64     21.95       20.6        156      1.9      1.42          0.65    79.29     0.64    0.70    0.91    0.30    0.91     90.20   6.35    90.68   77.69   0.84    1423.30    7.44     N/A    
77   T0893TS495_3-D2     495s    75.74    100.00  77    N/A       N/A        0.44      0.44       56.21    N/A           33.09    48.63    2.91     3.756    169   0    0     0     82.84  88.76  N/A         N/A          0.55         0.55         88.76  84.885   1.74     22.60       21.2        163      2.2      1.59          0.65    76.33     0.64    0.70    0.94    0.23    0.92     87.20   6.47    91.48   79.84   0.85    1457.80    7.04     89.72  
78   T0893TS258_1-D2     258s    75.74    100.00  77    0.34      0.34       0.44      0.44       57.69    0.37          29.64    47.07    4.134    4.695    169   1    0     0     82.25  88.17  0.46        0.46         0.53         0.53         88.17  83.403   1.61     22.11       20.4        157      2.1      3.33          0.63    78.99     0.61    0.70    0.90    0.23    0.92     88.30   6.23    92.13   79.63   0.83    1406.50    7.26     25.83  
79   T0893TS236_3-D2     236s    75.59    100.00  79    N/A       N/A        0.43      0.43       57.99    N/A           37.21    51.38    5.497    5.765    169   1    0     0     81.07  87.57  N/A         N/A          0.48         0.48         87.57  83.536   1.49     21.63       21.1        154      1.9      2.75          0.64    74.85     0.62    0.69    0.86    0.31    0.89     90.60   5.99    88.60   77.79   0.83    1452.60    8.39     84.90  
80   T0893TS345_4-D2     345s    75.59    100.00  79    N/A       N/A        0.43      0.43       57.10    N/A           33.49    48.96    3.855    4.274    169   0    0     0     81.66  86.98  N/A         N/A          0.50         0.50         86.98  82.404   1.62     21.79       20.2        156      2.1      2.63          0.64    77.51     0.62    0.71    0.90    0.23    0.92     91.40   5.60    91.98   78.48   0.83    1396.00    6.66     75.93  
81   T0893TS016_1-D2     016s    75.44    100.00  81    0.32      0.32       0.42      0.42       56.36    0.28          31.15    48.25    5.473    5.962    169   0    0     0     80.47  85.21  0.38        0.38         0.45         0.45         87.57  82.957   1.57     21.47       20.7        153      1.8      3.12          0.64    75.74     0.62    0.69    0.87    0.31    0.87     87.40   6.35    90.62   80.41   0.82    1428.70    9.53     27.23  
82   T0893TS220_2-D2     220s    75.44    100.00  81    N/A       N/A        0.42      0.42       56.95    N/A           37.03    51.62    5.255    5.609    169   0    0     0     78.70  84.02  N/A         N/A          0.38         0.38         84.02  81.592   1.50     20.82       19.9        155      2.4      1.74          0.67    75.44     0.67    0.72    0.88    0.30    0.88     95.50   5.99    92.53   80.29   0.81    1377.60    10.49    33.51  
83   T0893TS407_5-D2     407s    75.30    100.00  83    N/A       N/A        0.41      0.41       57.25    N/A           35.08    50.30    5.32     5.846    169   4    0     0     82.84  86.39  N/A         N/A          0.55         0.55         89.35  83.811   1.60     21.31       20.3        154      1.7      3.36          0.62    75.74     0.61    0.63    0.70    0.50    0.85     75.85   6.23    85.24   74.49   0.83    1398.90    12.85    27.11  
84   T0893TS251_1-D2     251s    75.30    100.00  83    0.31      0.31       0.41      0.41       56.36    0.28          36.32    50.59    3.251    3.817    169   0    0     0     79.88  87.57  0.35        0.35         0.43         0.43         87.57  81.957   1.66     22.76       20          159      2.1      1.03          0.66    82.25     0.64    0.73    0.94    0.25    0.92     82.60   6.47    92.44   79.14   0.84    1386.70    3.64     92.03  
85   T0893TS026_3-D2     026s    75.15    100.00  85    N/A       N/A        0.40      0.40       56.66    N/A           34.84    48.46    4.761    5.282    169   0    0     0     81.66  85.80  N/A         N/A          0.50         0.50         85.80  82.666   1.65     22.11       20.2        156      2        3.47          0.63    75.74     0.63    0.71    0.88    0.29    0.91     90.30   6.11    92.31   79.35   0.82    1399.80    10.16    N/A    
86   T0893TS284_3-D2     284s    75.15    100.00  85    N/A       N/A        0.40      0.40       56.95    N/A           27.34    47.32    4.281    4.883    169   3    0     0     80.47  84.62  N/A         N/A          0.45         0.45         86.39  80.894   1.57     21.31       19.8        156      2.3      3.02          0.63    75.44     0.60    0.68    0.91    0.29    0.89     86.30   6.23    91.77   78.31   0.82    1370.00    6.07     30.33  
87   T0893TS380_3-D2     380s    75.15    100.00  85    N/A       N/A        0.40      0.40       56.66    N/A           34.84    48.46    4.761    5.282    169   0    0     0     81.66  85.80  N/A         N/A          0.50         0.50         85.80  82.666   1.65     22.11       20.2        156      2        3.47          0.63    75.74     0.63    0.71    0.88    0.29    0.91     90.30   6.11    92.31   79.35   0.82    1399.80    10.16    N/A    
88   T0893TS026_1-D2     026s    75.15    100.00  85    0.30      0.30       0.40      0.40       56.66    0.30          34.84    48.46    4.761    5.282    169   0    0     0     81.66  85.80  0.43        0.43         0.50         0.50         85.80  82.666   1.65     22.11       20.2        156      2        3.47          0.63    75.74     0.63    0.71    0.88    0.29    0.91     90.30   6.11    92.31   79.35   0.82    1399.80    10.16    N/A    
89   T0893TS380_1-D2     380s    75.15    100.00  85    0.30      0.30       0.40      0.40       56.66    0.30          34.84    48.46    4.761    5.282    169   0    0     0     81.66  85.80  0.43        0.43         0.50         0.50         85.80  82.666   1.65     22.11       20.2        156      2        3.47          0.63    75.74     0.63    0.71    0.88    0.29    0.91     90.30   6.11    92.31   79.35   0.82    1399.80    10.16    N/A    
90   T0893TS258_5-D2     258s    75.00    100.00  90    N/A       N/A        0.39      0.39       56.66    N/A           32.26    48.33    4.338    4.865    169   0    0     0     82.25  88.17  N/A         N/A          0.53         0.53         88.17  83.079   1.68     22.28       20.4        157      2.1      3.25          0.64    79.29     0.61    0.71    0.89    0.24    0.92     80.50   6.23    92.31   80.09   0.83    1407.70    7.40     25.94  
91   T0893TS275_2-D2     275s    75.00    100.00  90    N/A       N/A        0.39      0.39       57.55    N/A           28.70    47.41    4.241    4.753    169   0    0     0     80.47  86.98  N/A         N/A          0.45         0.45         86.98  80.928   1.61     21.31       20.1        155      2        2.76          0.64    76.92     0.61    0.69    0.89    0.29    0.90     91.00   6.23    92.02   78.88   0.82    1390.70    6.58     N/A    
92   T0893TS077_3-D2     077s    74.70    100.00  92    N/A       N/A        0.38      0.38       55.17    N/A           33.36    49.02    3.571    4.353    169   0    0     0     79.88  88.76  N/A         N/A          0.43         0.43         89.35  83.323   1.68     22.44       21          161      2.3      3.40          0.64    78.99     0.62    0.70    0.94    0.22    0.91     71.10   6.23    91.47   79.25   0.84    1445.10    4.86     25.62  
93   T0893TS258_2-D2     258s    74.70    100.00  92    N/A       N/A        0.38      0.38       56.51    N/A           32.30    47.69    4.618    4.956    169   2    0     0     79.88  86.39  N/A         N/A          0.43         0.43         87.57  81.911   1.63     21.63       19.9        155      2        3.73          0.63    78.40     0.61    0.71    0.88    0.25    0.90     79.90   6.23    91.63   79.84   0.82    1375.00    7.75     27.07  
94   T0893TS251_5-D2     251s    74.70    100.00  92    N/A       N/A        0.38      0.38       55.62    N/A           31.87    48.56    2.95     3.576    169   1    0     0     76.92  89.35  N/A         N/A          0.31         0.31         89.35  82.524   1.76     22.76       20.3        159      2.2      0.74          0.67    81.07     0.66    0.73    0.93    0.21    0.92     90.80   6.47    91.61   79.28   0.84    1403.60    5.12     91.23  
95   T0893TS407_2-D2     407s    74.56    100.00  95    N/A       N/A        0.37      0.37       56.95    N/A           32.59    49.13    5.248    5.871    169   8    0     0     81.66  83.43  N/A         N/A          0.50         0.50         85.21  81.851   1.57     20.98       19.5        154      2        3.63          0.58    73.08     0.58    0.62    0.69    0.55    0.84     73.56   6.23    88.68   73.66   0.81    1347.40    12.26    27.38  
96   T0893TS380_5-D2     380s    74.56    100.00  95    N/A       N/A        0.37      0.37       56.66    N/A           31.87    48.13    5.575    5.764    169   1    0     0     81.07  85.21  N/A         N/A          0.48         0.48         85.21  81.218   1.63     21.31       20          156      2.2      3.71          0.64    77.51     0.62    0.72    0.83    0.28    0.90     89.20   5.60    92.50   80.18   0.81    1385.40    9.05     N/A    
97   T0893TS026_5-D2     026s    74.56    100.00  95    N/A       N/A        0.37      0.37       56.66    N/A           31.87    48.13    5.575    5.764    169   1    0     0     81.07  85.21  N/A         N/A          0.48         0.48         85.21  81.218   1.63     21.31       20          156      2.2      3.71          0.64    77.51     0.62    0.72    0.83    0.28    0.90     89.20   5.60    92.50   80.18   0.81    1385.40    9.05     N/A    
98   T0893TS421_4-D2     421s    74.56    100.00  95    N/A       N/A        0.37      0.37       57.40    N/A           34.13    48.88    6.248    6.811    169   38   0     0     77.51  84.02  N/A         N/A          0.33         0.33         84.62  81.395   1.62     21.15       19.6        149      1.8      4.59          0.36    75.74     0.56    0.64    0.42    0.63    0.82     75.40   6.23    87.23   77.64   0.81    1359.30    27.34    N/A    
99   T0893TS345_1-D2     345s    74.26    100.00  99    0.24      0.24       0.35      0.35       56.36    0.28          34.47    49.23    5.147    5.515    169   0    0     0     82.25  87.57  0.46        0.46         0.53         0.53         87.57  82.742   1.63     21.31       20          153      1.7      2.73          0.61    74.56     0.60    0.68    0.88    0.31    0.88     85.80   6.11    88.89   76.24   0.83    1387.30    8.59     77.54  
100  T0893TS452_2-D2     452s    74.26    100.00  99    N/A       N/A        0.35      0.35       56.07    N/A           29.93    46.75    4.161    4.658    169   1    0     0     79.29  87.57  N/A         N/A          0.41         0.41         87.57  82.241   1.67     21.95       20.2        154      1.9      3.52          0.61    72.78     0.59    0.69    0.88    0.31    0.92     90.50   6.11    92.01   79.02   0.82    1395.80    7.00     85.77  
101  T0893TS407_4-D2     407s    74.26    100.00  99    N/A       N/A        0.35      0.35       56.51    N/A           33.08    50.15    5.031    5.645    169   0    0     0     82.25  83.43  N/A         N/A          0.53         0.53         87.57  82.884   1.57     21.63       20.4        153      1.7      3.36          0.61    74.26     0.60    0.64    0.73    0.55    0.85     83.70   6.23    88.90   76.38   0.82    1404.90    10.37    26.46  
102  T0893TS166_1-D2     166s    74.11    99.41   102   0.23      0.23       0.34      0.34       55.03    0.18          32.18    48.52    4.456    4.746    168   0    0     0     77.51  88.17  0.24        0.24         0.33         0.33         88.17  82.103   1.72     22.16       20.4        156      2.1      3.02          0.65    79.29     0.62    0.71    0.89    0.28    0.89     71.47   5.99    90.93   77.96   0.82    1406.40    7.74     26.57  
103  T0893TS028_1-D2     028s    74.11    100.00  102   0.23      0.23       0.34      0.34       57.40    0.35          30.47    49.12    4.462    4.967    169   4    0     0     79.29  84.62  0.32        0.32         0.41         0.41         86.39  80.606   1.53     21.47       20          150      1.7      3.38          0.65    76.33     0.62    0.71    0.86    0.32    0.88     88.70   6.23    88.84   78.84   0.81    1383.30    10.11    27.78  
104  T0893TS077_1-D2     077s    73.97    100.00  104   0.22      0.22       0.34      0.34       55.62    0.22          31.07    47.34    4.274    4.788    169   2    0     0     79.29  85.80  0.32        0.32         0.41         0.41         85.80  81.138   1.73     21.79       20          157      2.2      3.31          0.64    76.92     0.62    0.70    0.89    0.31    0.90     91.00   6.23    92.02   79.07   0.82    1381.70    7.57     27.61  
105  T0893TS425_1-D2     425s    73.97    100.00  104   0.22      0.22       0.34      0.34       56.22    0.26          28.73    47.09    4.229    4.593    169   1    0     0     79.88  85.80  0.35        0.35         0.43         0.43         85.80  80.172   1.62     20.66       19.9        155      2.2      3.18          0.63    75.74     0.61    0.70    0.91    0.28    0.90     91.20   5.99    92.12   79.30   0.81    1376.30    6.37     27.72  
106  T0893TS446_3-D2     446s    73.97    100.00  104   N/A       N/A        0.34      0.34       55.92    N/A           34.73    48.87    4.351    4.893    169   0    0     0     78.11  86.98  N/A         N/A          0.36         0.36         87.57  81.67    1.72     21.95       20.8        157      2.2      1.23          0.66    75.15     0.64    0.70    0.90    0.28    0.91     85.90   6.23    91.32   78.81   0.82    1437.10    7.65     86.62  
107  T0893TS464_1-D2     464s    73.67    100.00  107   0.20      0.20       0.32      0.32       56.07    0.25          33.41    48.07    4.981    5.403    169   3    0     0     78.70  85.80  0.29        0.29         0.38         0.38         86.39  81.428   1.46     21.47       20          154      2.3      3.25          0.62    71.89     0.61    0.68    0.86    0.40    0.87     66.30   6.23    87.95   75.29   0.81    1382.20    8.20     28.97  
108  T0893TS444_3-D2     444s    73.67    100.00  107   N/A       N/A        0.32      0.32       54.88    N/A           34.08    48.65    4.639    4.967    169   0    0     0     79.88  84.62  N/A         N/A          0.43         0.43         86.39  80.543   1.53     21.15       19.4        150      1.7      1.82          0.64    73.96     0.62    0.69    0.86    0.39    0.88     81.80   5.99    89.63   76.72   0.81    1345.10    7.65     N/A    
109  T0893TS452_4-D2     452s    73.52    100.00  109   N/A       N/A        0.31      0.31       54.59    N/A           28.26    45.84    4.364    4.942    169   0    0     0     75.74  86.98  N/A         N/A          0.26         0.26         87.57  81.954   1.79     22.11       20.4        160      2.4      3.04          0.63    78.11     0.62    0.70    0.93    0.24    0.90     84.50   6.23    91.19   78.15   0.82    1409.70    5.24     85.63  
110  T0893TS345_2-D2     345s    73.37    100.00  110   N/A       N/A        0.30      0.30       55.18    N/A           31.99    48.29    5.764    6.178    169   0    0     0     81.66  87.57  N/A         N/A          0.50         0.50         88.17  82.212   1.58     21.31       20.3        153      2.1      2.64          0.61    74.26     0.61    0.67    0.85    0.32    0.87     90.20   5.99    88.29   76.51   0.82    1405.20    10.48    78.31  
111  T0893TS464_4-D2     464s    73.37    100.00  110   N/A       N/A        0.30      0.30       56.07    N/A           31.82    47.93    5.033    5.482    169   3    0     0     78.70  85.80  N/A         N/A          0.38         0.38         86.39  81.283   1.47     20.98       20          154      2.3      3.28          0.62    71.60     0.60    0.68    0.86    0.40    0.87     66.30   6.11    87.84   75.31   0.81    1385.80    8.33     29.02  
112  T0893TS464_3-D2     464s    73.22    100.00  112   N/A       N/A        0.29      0.29       55.92    N/A           35.51    48.45    5.012    5.463    169   3    0     0     78.11  84.62  N/A         N/A          0.36         0.36         85.21  81.293   1.48     20.98       20          154      2.3      3.61          0.62    71.89     0.61    0.68    0.86    0.40    0.87     66.30   6.23    87.95   75.36   0.81    1381.50    8.26     29.08  
113  T0893TS284_4-D2     284s    73.22    100.00  112   N/A       N/A        0.29      0.29       55.47    N/A           29.10    46.65    4.724    5.384    169   0    0     0     82.25  85.21  N/A         N/A          0.53         0.53         86.39  81.062   1.62     21.15       20.1        158      2.3      3.18          0.63    74.26     0.61    0.69    0.89    0.26    0.90     89.70   6.23    92.30   77.99   0.82    1391.40    8.85     30.34  
114  T0893TS444_5-D2     444s    73.22    100.00  112   N/A       N/A        0.29      0.29       53.70    N/A           34.44    48.63    4.284    4.784    169   0    0     0     77.51  85.80  N/A         N/A          0.33         0.33         86.39  81.498   1.74     21.79       19.6        153      2.1      1.63          0.64    74.85     0.62    0.70    0.90    0.27    0.90     84.80   6.23    85.88   79.34   0.82    1356.20    7.98     N/A    
115  T0893TS425_5-D2     425s    73.08    100.00  115   N/A       N/A        0.29      0.29       55.18    N/A           32.14    47.20    5.199    5.551    169   0    0     0     81.07  85.80  N/A         N/A          0.48         0.48         86.39  81.963   1.70     21.31       20.1        156      2.2      3.24          0.63    75.74     0.62    0.70    0.88    0.29    0.90     83.30   6.23    91.96   78.24   0.81    1390.20    10.48    27.71  
116  T0893TS446_2-D2     446s    72.78    100.00  116   N/A       N/A        0.27      0.27       52.66    N/A           33.80    45.93    3.538    4.416    169   0    0     0     73.96  86.39  N/A         N/A          0.19         0.19         86.39  82.064   1.55     22.11       20.9        160      2.4      0.74          0.63    70.71     0.62    0.67    0.92    0.30    0.91     91.10   6.47    88.86   75.52   0.84    1440.70    6.56     83.76  
117  T0893TS452_5-D2     452s    72.63    100.00  117   N/A       N/A        0.26      0.26       55.18    N/A           29.88    44.93    4.911    5.187    169   0    0     0     78.11  82.84  N/A         N/A          0.36         0.36         82.84  79.765   1.62     21.95       19.2        154      2.2      3.33          0.62    74.56     0.61    0.68    0.85    0.32    0.90     90.30   6.11    90.56   75.91   0.80    1334.60    10.36    83.85  
118  T0893TS275_1-D2     275s    72.34    100.00  118   0.12      0.12       0.24      0.24       52.37    -0.02         30.36    46.22    4.127    4.606    169   0    0     0     75.15  85.80  0.13        0.13         0.24         0.24         86.39  81.092   1.73     21.79       19.9        157      2.3      3.20          0.63    73.67     0.62    0.68    0.90    0.28    0.89     87.90   6.35    89.95   77.58   0.82    1376.20    8.76     N/A    
119  T0893TS425_2-D2     425s    72.19    100.00  119   N/A       N/A        0.23      0.23       53.55    N/A           29.49    46.89    5.625    6.182    169   2    0     0     78.11  82.84  N/A         N/A          0.36         0.36         84.02  79.588   1.58     20.01       18.8        149      2.1      3.30          0.61    72.78     0.59    0.66    0.86    0.35    0.85     82.70   5.99    90.75   76.67   0.80    1306.70    9.63     28.86  
120  T0893TS251_2-D2     251s    71.89    100.00  120   N/A       N/A        0.22      0.22       52.96    N/A           34.14    45.43    4.835    5.241    169   0    0     0     79.88  85.21  N/A         N/A          0.43         0.43         85.21  79.282   1.82     21.79       18.5        155      2.2      1.34          0.63    79.59     0.62    0.70    0.86    0.28    0.91     87.80   5.99    90.86   76.32   0.80    1288.20    7.77     91.14  
121  T0893TS430_1-D2     430s    71.30    100.00  121   0.05      0.05       0.18      0.18       51.48    -0.09         33.90    45.93    3.905    4.384    169   0    0     0     73.96  86.98  0.07        0.07         0.19         0.19         86.98  81.569   1.73     21.95       20.3        158      2.2      2.21          0.62    67.75     0.61    0.64    0.90    0.32    0.89     83.70   6.35    86.29   71.26   0.82    1403.80    7.41     37.42  
122  T0893TS077_5-D2     077s    71.30    100.00  121   N/A       N/A        0.18      0.18       50.89    N/A           30.31    45.07    6.027    6.353    169   0    0     0     76.92  82.84  N/A         N/A          0.31         0.31         82.84  78.34    1.71     21.15       18.6        151      2.3      3.31          0.62    72.49     0.62    0.67    0.85    0.33    0.87     91.20   5.86    90.81   77.25   0.79    1294.30    10.38    29.51  
123  T0893TS430_2-D2     430s    70.86    100.00  123   N/A       N/A        0.16      0.16       53.41    N/A           35.73    45.73    6.303    6.846    169   0    0     0     76.33  81.07  N/A         N/A          0.29         0.29         82.25  77.367   1.70     20.01       17.9        150      2.4      2.00          0.62    68.34     0.62    0.65    0.83    0.35    0.85     92.20   6.11    89.38   73.71   0.78    1254.50    15.43    37.42  
124  T0893TS421_2-D2     421s    70.86    100.00  123   N/A       N/A        0.16      0.16       52.07    N/A           30.67    44.86    5.623    6.327    169   6    0     0     77.51  84.02  N/A         N/A          0.33         0.33         85.21  78.979   1.77     21.15       19.1        153      2.2      4.32          0.30    70.71     0.57    0.62    0.63    0.65    0.83     57.70   6.23    86.73   74.36   0.80    1327.50    15.18    N/A    
125  T0893TS421_3-D2     421s    70.71    100.00  125   N/A       N/A        0.15      0.15       52.51    N/A           30.04    43.22    5.842    6.5      169   22   0     0     72.78  80.47  N/A         N/A          0.14         0.14         85.80  80.626   1.66     20.98       19          151      1.8      4.82          0.32    70.71     0.54    0.61    0.57    0.59    0.83     55.80   5.99    81.51   70.64   0.81    1318.60    19.95    N/A    
126  T0893TS287_2-D2     287s    70.41    100.00  126   N/A       N/A        0.13      0.13       51.33    N/A           29.97    43.05    5.229    5.725    169   0    0     0     73.96  82.84  N/A         N/A          0.19         0.19         82.84  72.012   1.83     21.47       18.1        155      2.5      2.72          0.58    68.93     0.58    0.64    0.87    0.33    0.88     89.30   6.11    88.92   72.89   0.78    1263.50    9.89     82.28  
127  T0893TS446_1-D2     446s    69.82    100.00  127   -0.04     -0.04      0.10      0.10       48.81    -0.29         31.04    43.49    3.833    4.589    169   0    0     0     70.41  85.21  -0.09       -0.09        0.05         0.05         85.21  80.621   1.81     20.18       19.5        159      2.6      0.67          0.60    69.23     0.62    0.65    0.91    0.30    0.90     95.90   6.35    88.03   73.77   0.81    1351.00    7.35     82.69  
128  T0893TS467_3-D2     467s    69.67    100.00  128   N/A       N/A        0.09      0.09       50.74    N/A           28.44    42.44    5.426    5.696    169   0    0     0     73.37  84.02  N/A         N/A          0.17         0.17         84.02  77.909   1.83     21.63       18.2        154      2.2      1.39          0.60    72.78     0.60    0.68    0.84    0.36    0.89     70.20   5.60    87.88   73.63   0.79    1274.10    10.00    46.70  
129  T0893TS077_2-D2     077s    69.23    100.00  129   N/A       N/A        0.07      0.07       49.55    N/A           26.18    41.33    5.147    5.83     169   1    0     0     75.15  82.25  N/A         N/A          0.24         0.24         82.25  70.445   1.71     20.18       17.8        151      2.6      3.18          0.59    66.57     0.60    0.65    0.86    0.34    0.86     92.30   5.86    88.10   73.15   0.78    1245.20    13.45    31.34  
130  T0893TS425_3-D2     425s    68.79    100.00  130   N/A       N/A        0.04      0.04       49.56    N/A           27.82    42.94    5.699    6.11     169   1    0     0     74.56  83.43  N/A         N/A          0.22         0.22         83.43  77.772   1.72     21.15       18          149      2.2      3.54          0.60    70.71     0.59    0.66    0.85    0.34    0.87     92.50   5.60    89.74   74.96   0.79    1260.00    11.63    30.70  
131  T0893TS446_4-D2     446s    68.64    100.00  131   N/A       N/A        0.03      0.03       48.97    N/A           31.03    43.16    5.071    5.76     169   0    0     0     73.37  79.29  N/A         N/A          0.17         0.17         79.29  75.143   1.57     20.34       17.3        152      2.7      1.40          0.61    67.46     0.61    0.66    0.87    0.36    0.88     82.50   5.86    89.53   74.45   0.77    1215.30    11.83    82.52  
132  T0893TS251_4-D2     251s    68.05    100.00  132   N/A       N/A        0.00      0.00       47.49    N/A           30.59    41.01    4.55     4.85     169   0    0     0     72.19  81.07  N/A         N/A          0.12         0.12         82.84  68.238   1.92     21.79       17.1        151      2.4      1.19          0.62    76.92     0.61    0.70    0.88    0.32    0.89     80.50   5.86    89.74   74.79   0.77    1200.80    6.85     91.26  
133  T0893TS421_5-D2     421s    67.60    100.00  133   N/A       N/A        -0.03     -0.03      48.97    N/A           29.59    42.03    5.424    5.988    169   5    0     0     69.23  81.07  N/A         N/A          -0.00        -0.00        85.80  78.476   1.85     20.98       19.2        152      2.1      4.41          0.28    64.20     0.55    0.59    0.66    0.68    0.83     64.90   6.11    83.34   67.28   0.80    1331.60    15.20    N/A    
134  T0893TS432_1-D2     432s    67.60    100.00  133   -0.19     -0.19      -0.03     -0.03      47.34    -0.40         28.90    42.40    5.711    5.974    169   0    0     0     78.11  87.57  0.27        0.27         0.36         0.36         87.57  77.873   1.86     21.31       17.8        154      2.2      1.32          0.60    81.66     0.63    0.68    0.87    0.32    0.86     95.00   5.60    89.66   76.41   0.79    1246.60    6.22     N/A    
135  T0893TS284_1-D2     284s    66.57    100.00  135   -0.25     -0.25      -0.08     -0.08      46.30    -0.47         22.26    37.48    5.563    6.107    169   1    0     0     65.68  78.11  -0.31       -0.31        -0.14        -0.14        78.11  70.654   1.85     21.15       17.2        152      2.5      3.22          0.58    70.12     0.59    0.64    0.86    0.33    0.87     89.10   5.99    87.48   75.49   0.76    1208.80    9.26     36.72  
136  T0893TS495_4-D2     495s    66.27    100.00  136   N/A       N/A        -0.10     -0.10      45.12    N/A           25.07    36.86    4.144    4.665    169   0    0     0     0.00   0.00   N/A         N/A          -2.80        -2.80        0.00   70.532   1.91     21.79       18.3        159      2.8      1.84          0.58    73.37     0.59    0.64    0.91    0.27    0.88     67.80   6.23    86.77   73.82   0.79    1280.30    5.28     86.97  
137  T0893TS495_2-D2     495s    65.98    100.00  137   N/A       N/A        -0.12     -0.12      46.01    N/A           28.27    36.09    5.899    6.376    169   0    0     0     20.71  21.30  N/A         N/A          -1.96        -1.96        21.30  67.163   1.91     20.50       17.2        152      2.6      1.76          0.59    71.30     0.62    0.65    0.87    0.35    0.86     94.90   5.86    87.69   76.21   0.75    1210.30    7.79     87.06  
138  T0893TS430_3-D2     430s    65.83    100.00  138   N/A       N/A        -0.13     -0.13      46.74    N/A           25.16    35.96    5.98     6.592    169   0    0     0     60.36  79.29  N/A         N/A          -0.36        -0.36        80.47  73.228   1.80     20.34       17.9        152      2.7      2.21          0.57    67.46     0.61    0.63    0.85    0.35    0.86     72.90   5.99    85.89   73.51   0.76    1251.90    9.33     44.06  
139  T0893TS284_5-D2     284s    65.09    100.00  139   N/A       N/A        -0.17     -0.17      46.30    N/A           22.93    36.41    5.346    6.074    169   0    0     0     61.54  78.70  N/A         N/A          -0.31        -0.31        79.29  72.229   1.91     20.34       17.2        152      2.7      3.40          0.56    67.16     0.58    0.62    0.87    0.31    0.87     73.10   5.86    85.59   72.39   0.76    1209.30    8.32     38.96  
140  T0893TS467_2-D2     467s    64.79    100.00  140   N/A       N/A        -0.18     -0.18      46.45    N/A           27.30    39.06    6.352    6.561    169   0    0     0     71.01  81.07  N/A         N/A          0.07         0.07         82.25  74.561   1.80     20.34       16.9        147      2.6      1.19          0.57    68.34     0.58    0.64    0.84    0.33    0.85     85.80   5.86    86.41   72.10   0.75    1187.60    10.72    51.03  
141  T0893TS077_4-D2     077s    63.91    100.00  141   N/A       N/A        -0.23     -0.23      44.38    N/A           21.51    34.73    5.163    5.765    169   1    0     0     59.76  78.11  N/A         N/A          -0.38        -0.38        78.11  66.94    1.97     19.85       16.7        154      2.8      3.26          0.55    67.16     0.56    0.62    0.86    0.38    0.86     77.70   5.73    84.89   70.50   0.76    1177.20    9.57     37.29  
142  T0893TS284_2-D2     284s    62.28    100.00  142   N/A       N/A        -0.33     -0.33      43.05    N/A           22.38    33.44    6.454    6.955    169   1    0     0     59.17  73.96  N/A         N/A          -0.41        -0.41        74.56  64.552   1.98     20.01       15.6        150      3        3.25          0.54    63.61     0.57    0.61    0.83    0.35    0.85     85.90   5.86    84.28   69.55   0.73    1109.20    12.29    41.32  
143  T0893TS495_5-D2     495s    62.28    100.00  142   N/A       N/A        -0.33     -0.33      42.75    N/A           24.73    34.24    4.676    5.519    169   0    0     0     59.17  78.11  N/A         N/A          -0.41        -0.41        78.70  59.587   2.06     20.66       16.5        150      2.6      1.84          0.55    63.31     0.59    0.60    0.87    0.39    0.88     87.80   5.86    85.07   70.37   0.75    1164.60    9.24     87.13  
144  T0893TS357_2-D2     357s    61.69    100.00  144   N/A       N/A        -0.36     -0.36      42.75    N/A           17.89    32.47    6.62     7.129    169   0    0     0     59.76  77.51  N/A         N/A          -0.38        -0.38        78.11  64.681   2.06     20.50       15.1        151      2.8      4.71          0.52    63.61     0.53    0.59    0.83    0.39    0.85     55.80   5.73    84.79   68.91   0.72    1076.80    12.55    41.70  
145  T0893TS357_3-D2     357s    61.54    100.00  145   N/A       N/A        -0.37     -0.37      42.45    N/A           19.57    32.62    6.329    6.762    169   0    0     0     59.76  76.92  N/A         N/A          -0.38        -0.38        77.51  64.104   2.16     19.69       14.9        151      2.8      4.90          0.50    65.09     0.53    0.59    0.82    0.36    0.85     50.30   5.73    84.15   68.13   0.72    1064.60    15.04    40.31  
146  T0893TS357_4-D2     357s    61.39    100.00  146   N/A       N/A        -0.38     -0.38      42.01    N/A           18.05    32.57    6.244    6.842    169   0    0     0     59.17  75.15  N/A         N/A          -0.41        -0.41        75.74  64.197   2.14     20.34       14.9        155      3.2      4.71          0.52    63.02     0.52    0.59    0.84    0.39    0.86     55.20   5.73    84.70   68.04   0.72    1063.80    12.60    42.09  
147  T0893TS382_3-D2     382s    61.24    100.00  147   N/A       N/A        -0.39     -0.39      42.45    N/A           26.32    34.55    6.041    6.516    169   7    0     0     56.21  74.56  N/A         N/A          -0.53        -0.53        75.15  67.387   1.93     18.24       15.3        142      2.4      1.66          0.55    62.43     0.58    0.61    0.82    0.45    0.85     69.00   5.86    82.37   68.25   0.72    1087.50    14.11    N/A    
148  T0893TS432_4-D2     432s    61.24    100.00  147   N/A       N/A        -0.39     -0.39      39.35    N/A           22.37    33.79    5.43     5.956    169   1    0     0     67.46  81.07  N/A         N/A          -0.07        -0.07        81.07  55.622   2.20     21.63       15.2        156      2.8      1.29          0.56    76.63     0.59    0.64    0.87    0.33    0.87     92.60   5.99    86.37   71.13   0.74    1081.00    8.48     N/A    
149  T0893TS382_1-D2     382s    61.09    100.00  149   -0.60     -0.60      -0.39     -0.39      42.31    -0.77         27.03    34.91    5.823    6.225    169   5    0     0     56.21  75.15  -0.76       -0.76        -0.53        -0.53        75.74  67.441   1.89     18.24       15.3        142      2.4      1.69          0.56    65.09     0.60    0.63    0.83    0.43    0.85     74.00   5.99    83.27   70.03   0.72    1088.40    12.66    N/A    
150  T0893TS467_5-D2     467s    61.09    100.00  149   N/A       N/A        -0.39     -0.39      40.98    N/A           23.13    34.71    6.025    6.177    169   0    0     0     65.68  78.70  N/A         N/A          -0.14        -0.14        78.70  57.707   2.17     21.15       14.7        150      2.8      1.08          0.56    72.19     0.59    0.64    0.82    0.34    0.87     86.70   5.60    87.72   71.54   0.73    1052.00    12.13    50.31  
151  T0893TS382_5-D2     382s    61.09    100.00  149   N/A       N/A        -0.39     -0.39      42.16    N/A           27.43    34.71    6.043    6.431    169   3    0     0     56.80  74.56  N/A         N/A          -0.50        -0.50        75.15  67.399   1.87     18.40       15.3        144      2.6      1.58          0.55    63.31     0.59    0.61    0.82    0.45    0.85     69.10   5.86    82.76   68.29   0.72    1088.80    14.09    N/A    
152  T0893TS382_2-D2     382s    61.09    100.00  149   N/A       N/A        -0.39     -0.39      42.31    N/A           25.11    33.99    6.043    6.432    169   3    0     0     56.80  75.15  N/A         N/A          -0.50        -0.50        75.74  68.301   1.91     18.40       15.3        144      2.6      1.59          0.55    62.43     0.57    0.60    0.82    0.45    0.85     67.50   5.86    82.87   68.24   0.72    1088.10    14.14    N/A    
153  T0893TS451_3-D2     451s    60.95    100.00  153   N/A       N/A        -0.40     -0.40      40.83    N/A           19.17    32.41    5.809    6.313    169   4    0     0     66.27  76.33  N/A         N/A          -0.12        -0.12        76.33  58.58    1.99     20.66       13.6        147      2.6      2.41          0.51    57.10     0.54    0.55    0.85    0.43    0.86     79.30   3.50    87.19   64.26   0.73    981.80     12.03    N/A    
154  T0893TS357_5-D2     357s    60.65    100.00  154   N/A       N/A        -0.42     -0.42      42.01    N/A           16.12    31.87    6.314    6.989    169   0    0     0     59.17  76.92  N/A         N/A          -0.41        -0.41        77.51  64.529   2.14     18.24       14.9        154      3.2      4.78          0.51    62.72     0.51    0.58    0.84    0.42    0.85     47.10   5.73    84.54   68.12   0.72    1062.30    12.77    41.34  
155  T0893TS357_1-D2     357s    60.65    100.00  154   -0.63     -0.63      -0.42     -0.42      40.68    -0.89         20.24    32.55    6.15     6.69     169   1    0     0     56.80  76.92  -0.73       -0.73        -0.50        -0.50        77.51  58.871   2.19     20.50       14.7        154      3.1      4.70          0.52    65.09     0.52    0.59    0.85    0.41    0.85     50.30   5.73    84.26   67.89   0.72    1053.10    11.78    42.88  
156  T0893TS382_4-D2     382s    60.65    100.00  154   N/A       N/A        -0.42     -0.42      41.72    N/A           28.16    35.18    6.064    6.435    169   5    0     0     56.21  75.15  N/A         N/A          -0.53        -0.53        75.74  66.802   1.83     18.07       15.3        143      2.5      1.82          0.55    63.61     0.59    0.61    0.82    0.46    0.85     70.60   5.86    82.72   68.20   0.72    1085.70    14.19    N/A    
157  T0893TS421_1-D2     421s    60.50    100.00  157   -0.64     -0.64      -0.43     -0.43      43.64    -0.67         24.56    35.62    6.455    7.28     169   9    0     0     59.76  69.82  -0.59       -0.59        -0.38        -0.38        78.11  58.269   1.99     18.40       15.7        146      2.5      4.35          0.25    52.96     0.50    0.50    0.58    0.85    0.78     61.70   5.60    81.74   61.07   0.74    1112.00    22.23    N/A    
158  T0893TS451_4-D2     451s    60.50    100.00  157   N/A       N/A        -0.43     -0.43      40.38    N/A           20.05    32.03    5.653    6.11     169   3    0     0     63.91  73.96  N/A         N/A          -0.22        -0.22        73.96  56.154   1.94     18.88       12.8        144      3        2.85          0.50    55.33     0.55    0.55    0.87    0.53    0.85     75.60   5.60    86.15   62.68   0.71    930.50     12.63    N/A    
159  T0893TS451_1-D2     451s    60.35    100.00  159   -0.65     -0.65      -0.44     -0.44      39.80    -0.96         20.56    33.14    5.271    5.753    169   5    0     0     64.50  74.56  -0.37       -0.37        -0.19        -0.19        74.56  59.049   2.10     20.18       13.3        149      3.3      2.97          0.52    58.58     0.54    0.56    0.86    0.48    0.87     77.50   5.04    86.17   62.95   0.72    962.40     13.49    N/A    
160  T0893TS180_4-D2     180s    60.06    100.00  160   N/A       N/A        -0.45     -0.45      42.60    N/A           27.42    36.70    6.512    7.152    169   1    0     0     60.95  72.19  N/A         N/A          -0.33        -0.33        73.96  70.601   1.59     18.24       15.5        143      3.4      2.99          0.43    55.33     0.53    0.53    0.69    0.65    0.80     82.60   5.73    84.88   62.13   0.72    1098.40    21.27    70.92  
161  T0893TS451_5-D2     451s    59.62    100.00  161   N/A       N/A        -0.48     -0.48      39.65    N/A           17.49    32.76    6.659    7.02     169   2    0     0     66.27  77.51  N/A         N/A          -0.12        -0.12        77.51  59.235   2.06     20.18       13.1        147      3        2.63          0.50    59.47     0.53    0.54    0.83    0.51    0.86     84.60   3.70    86.07   62.62   0.72    947.20     15.96    N/A    
162  T0893TS467_4-D2     467s    59.62    100.00  161   N/A       N/A        -0.48     -0.48      38.91    N/A           27.43    33.76    4.904    5.5      169   0    0     0     62.72  84.62  N/A         N/A          -0.26        -0.26        84.62  62.907   2.03     20.18       16.7        153      2.5      1.08          0.54    65.68     0.57    0.61    0.85    0.38    0.87     73.50   5.99    82.54   70.25   0.77    1178.70    11.23    52.77  
163  T0893TS432_3-D2     432s    59.02    100.00  163   N/A       N/A        -0.51     -0.51      37.43    N/A           19.39    27.96    5.159    5.446    169   0    0     0     59.17  81.66  N/A         N/A          -0.41        -0.41        81.66  55.052   2.31     21.63       13.8        153      3        1.06          0.55    74.56     0.59    0.64    0.84    0.42    0.86     82.00   5.99    85.72   70.44   0.72    993.40     6.98     N/A    
164  T0893TS451_2-D2     451s    57.69    100.00  164   N/A       N/A        -0.59     -0.59      37.43    N/A           20.07    32.44    6.673    7.125    169   2    0     0     60.95  69.82  N/A         N/A          -0.33        -0.33        71.60  56.043   2.08     19.69       12.3        142      3        2.46          0.50    55.33     0.54    0.52    0.82    0.49    0.85     77.80   4.89    85.63   61.63   0.69    901.70     15.71    N/A    
165  T0893TS180_1-D2     180s    56.66    100.00  165   -0.89     -0.89      -0.64     -0.64      35.50    -1.28         13.61    20.04    4.273    4.95     169   1    0     0     42.01  85.80  -1.42       -1.42        -1.10        -1.10        86.39  82.843   1.50     22.11       20.2        154      1.9      2.95          0.39    62.43     0.55    0.56    0.88    0.40    0.87     87.50   6.11    84.31   65.83   0.83    1395.10    8.19     67.62  
166  T0893TS432_2-D2     432s    55.77    100.00  166   N/A       N/A        -0.70     -0.70      34.02    N/A           16.12    23.91    5.198    5.642    169   0    0     0     48.52  81.07  N/A         N/A          -0.84        -0.84        81.07  53.788   2.28     21.79       13.7        153      3        0.64          0.54    71.30     0.57    0.62    0.87    0.36    0.86     92.80   5.73    86.25   69.74   0.71    989.30     7.55     N/A    
167  T0893TS180_5-D2     180s    49.85    100.00  167   N/A       N/A        -1.03     -1.03      29.14    N/A           16.07    23.77    6.127    6.74     169   1    0     0     50.89  63.91  N/A         N/A          -0.74        -0.74        67.46  44.569   2.28     17.27       9.9         144      3.6      3.64          0.33    55.03     0.49    0.55    0.83    0.57    0.81     47.00   5.19    80.43   63.00   0.64    746.50     9.11     66.87  
168  T0893TS180_2-D2     180s    45.71    100.00  168   N/A       N/A        -1.26     -1.26      26.48    N/A           10.08    14.78    7.061    7.499    169   1    0     0     27.22  69.23  N/A         N/A          -1.70        -1.70        71.01  58.652   2.05     14.68       12.9        141      3.1      3.12          0.36    51.18     0.51    0.49    0.75    0.59    0.81     84.90   4.74    76.03   59.46   0.67    940.60     14.92    58.81  
169  T0893TS180_3-D2     180s    43.64    100.00  169   N/A       N/A        -1.38     -1.38      24.56    N/A           14.75    18.80    6.312    7.089    169   0    0     0     28.99  76.33  N/A         N/A          -1.63        -1.63        77.51  72.198   1.89     17.43       16.4        153      2.8      3.04          0.31    44.67     0.49    0.46    0.78    0.66    0.81     79.60   5.86    72.26   55.52   0.74    1156.40    14.42    56.89  
170  T0893TS434_4-D2     434s    27.81    100.00  170   N/A       N/A        -2.28     -2.28      14.20    N/A           2.29     7.94     12.47    12.542   169   1    0     0     8.28   33.73  N/A         N/A          -2.46        -2.46        36.69  26.489   2.46     8.05        1.9         82       6.8      2.81          0.27    23.96     0.44    0.29    0.45    1.40    0.62     57.80   4.42    50.02   42.16   0.39    243.20     150.38   78.09  
171  T0893TS434_1-D2     434s    27.37    100.00  171   -2.77     -2.77      -2.30     -2.30      14.35    -2.85         6.16     7.91     14.943   15.076   169   0    0     0     10.06  40.24  -2.91       -2.91        -2.39        -2.39        44.38  29.61    2.65     6.92        3.1         79       3.5      2.79          0.27    28.70     0.45    0.33    0.46    1.32    0.65     68.20   4.42    51.10   44.88   0.44    266.00     136.45   79.23  
172  T0893TS434_3-D2     434s    27.07    100.00  172   N/A       N/A        -2.32     -2.32      13.61    N/A           5.11     7.55     11.081   11.427   169   0    0     0     9.47   36.09  N/A         N/A          -2.41        -2.41        42.01  30.776   2.26     9.51        2.5         82       3.6      2.87          0.29    31.66     0.47    0.33    0.59    1.03    0.66     53.40   4.07    56.61   43.13   0.43    303.70     54.18    78.39  
173  T0893TS434_5-D2     434s    21.60    100.00  173   N/A       N/A        -2.63     -2.63      11.83    N/A           2.83     5.35     19.551   19.734   169   0    0     0     0.00   26.04  N/A         N/A          -2.80        -2.80        30.77  19.634   2.43     3.21        0.5         67       5.4      2.49          0.25    20.41     0.45    0.28    0.47    1.39    0.53     41.00   3.29    43.77   41.07   0.32    170.00     68.67    81.96  
174  T0893TS434_2-D2     434s    18.79    100.00  174   N/A       N/A        -2.79     -2.79      10.06    N/A           3.06     4.98     18.627   19.482   169   0    0     0     3.55   23.08  N/A         N/A          -2.65        -2.65        31.95  20.583   2.58     3.21        0           0        N/A      2.91          0.25    19.23     0.44    0.28    0.38    1.71    0.51     46.10   2.83    41.96   42.39   0.31    N/A        101.10   81.02  
175  T0893TS321_2-D2     321s    18.05    100.00  175   N/A       N/A        -2.83     -2.83      12.13    N/A           5.24     9.06     19.744   20.397   169   4    0     0     0.00   0.00   N/A         N/A          -2.80        -2.80        25.44  17.206   2.63     4.01        0.3         55       3.9      3.09          0.22    13.02     0.41    0.20    0.18    1.94    0.52     80.50   2.30    35.50   36.64   0.29    141.50     218.45   30.02  
176  T0893TS321_3-D2     321s    17.90    100.00  176   N/A       N/A        -2.84     -2.84      13.17    N/A           1.08     5.30     20.637   21.049   169   0    0     0     0.00   0.00   N/A         N/A          -2.80        -2.80        23.67  16.399   2.49     3.04        0.2         39       3        3.11          0.20    10.95     0.41    0.19    0.24    2.23    0.50     71.40   2.30    31.88   34.07   0.20    117.70     308.43   28.24  
177  T0893TS321_1-D2     321s    16.86    100.00  177   -3.45     -3.45      -2.90     -2.90      11.98    -3.03         6.24     9.08     21.621   22.14    169   5    0     0     0.59   1.78   -3.35       -3.35        -2.77        -2.77        20.12  14.531   2.40     1.75        0.4         48       4.5      3.26          0.22    13.91     0.41    0.22    0.22    1.76    0.58     81.20   1.99    34.38   37.18   0.23    107.40     306.23   27.48  
178  T0893TS455_4-D2     455s    16.57    100.00  178   N/A       N/A        -2.91     -2.91      9.62     N/A           2.59     5.67     16.96    17.497   169   2    0     0     0.00   21.89  N/A         N/A          -2.80        -2.80        29.59  20.656   2.05     3.69        0.9         75       5.3      3.91          0.24    10.06     0.36    0.16    0.18    1.92    0.51     42.10   3.07    33.29   30.31   0.30    167.40     98.83    84.62  
179  T0893TS464_5-D2     464s    16.27    100.00  179   N/A       N/A        -2.93     -2.93      10.95    N/A           2.34     3.95     26.989   27.654   169   4    0     0     0.00   15.98  N/A         N/A          -2.80        -2.80        20.12  17.712   1.98     1.59        0           0        N/A      2.91          0.19    10.95     0.41    0.19    0.30    2.41    0.52     37.90   1.24    28.94   34.66   0.21    N/A        577.54   23.52  
180  T0893TS321_5-D2     321s    16.12    100.00  180   N/A       N/A        -2.94     -2.94      11.69    N/A           1.18     4.32     19.787   20.255   169   4    0     0     1.78   14.79  N/A         N/A          -2.72        -2.72        23.08  18.817   2.42     2.07        0.4         42       8.6      3.29          0.22    13.61     0.40    0.22    0.26    2.03    0.47     79.20   1.64    36.97   36.49   0.24    98.30      218.27   26.53  
181  T0893TS464_2-D2     464s    15.68    100.00  181   N/A       N/A        -2.97     -2.97      11.84    N/A           4.02     7.76     43.195   43.218   169   5    0     0     0.00   0.00   N/A         N/A          -2.80        -2.80        20.71  13.504   2.85     1.11        0           0        N/A      3.12          0.18    10.06     0.40    0.17    0.24    3.02    0.49     38.90   2.30    26.32   34.13   0.19    N/A        1060.22  23.28  
182  T0893TS321_4-D2     321s    15.09    100.00  182   N/A       N/A        -3.00     -3.00      11.69    N/A           5.16     8.11     21.953   22.178   169   3    0     0     0.59   1.78   N/A         N/A          -2.77        -2.77        18.93  14.009   2.73     1.27        0           0        N/A      3.00          0.20    10.65     0.42    0.19    0.15    2.21    0.49     64.90   2.83    34.06   35.01   0.25    N/A        384.17   24.81  
183  T0893TS455_1-D2     455s    13.46    100.00  183   -3.66     -3.66      -3.09     -3.09      8.43     -3.29         3.45     5.00     19.512   20.224   169   2    0     0     0.59   1.18   -3.35       -3.35        -2.77        -2.77        25.44  20.896   2.01     0.78        0.6         60       8        3.86          0.22    12.43     0.39    0.17    0.15    2.03    0.47     40.10   2.83    26.05   32.65   0.28    139.70     220.22   87.03  
184  T0893TS455_2-D2     455s    12.57    100.00  184   N/A       N/A        -3.14     -3.14      6.80     N/A           0.91     2.82     17.216   17.881   169   0    0     0     0.00   3.55   N/A         N/A          -2.80        -2.80        21.89  11.209   2.75     1.27        0           0        N/A      3.31          0.20    9.47      0.35    0.12    0.24    2.19    0.51     36.40   2.58    28.12   28.51   0.26    N/A        129.87   88.01  
185  T0893TS455_5-D2     455s    11.39    100.00  185   N/A       N/A        -3.21     -3.21      7.25     N/A           2.07     2.54     19.804   19.816   169   0    0     0     0.00   1.18   N/A         N/A          -2.80        -2.80        23.67  14.852   2.51     -0.51       0           0        N/A      3.40          0.19    6.21      0.36    0.11    0.13    2.18    0.49     37.20   1.64    23.37   28.23   0.22    N/A        227.35   92.75  
186  T0893TS455_3-D2     455s    9.32     100.00  186   N/A       N/A        -3.33     -3.33      5.03     N/A           0.36     2.33     19.828   20.436   169   1    0     0     0.00   0.00   N/A         N/A          -2.80        -2.80        21.30  12.543   2.66     0.78        0           0        N/A      3.55          0.17    6.21      0.32    0.06    0.07    2.31    0.50     7.60    1.64    21.20   21.65   0.25    N/A        163.32   91.84  

