#    Model               GR#     GDT_TS   NP_P    RANK  Z-M1-GDT  Z-M1s-GDT  Z-MA-GDT  Z-MAs-GDT  GDT_HA   Z-M1s-GDT-HA  GDC_SC   GDC_ALL  RMS_CA   RMS_ALL  NP    err  PC01  PC05  AL0_P  AL4_P  Z-M1-AL0_p  Z-M1s-AL0_p  Z-MA-AL0_p   Z-MAs-AL0_p  ALI_P  LGA_S    RMSD[L]  Z-score[M]  Z-Score[D]  Al.Res.  RMSD[D]  MolPrb_Score  LDDT    SphGr     CAD_AA  RPF     CODM    DFM     Handed.  SOV     CE      QCS     CONTS   TMscore  Dali(raw)  FlexE    QSE    

1    T0902TS005_4-D1     005s    60.71    100.00  1     N/A       N/A        1.01      1.01       40.26    N/A           22.41    35.36    4.909    5.336    231   0    0     0     64.94  79.65  N/A         N/A          1.13         1.13         80.52  60.329   2.04     26.90       18.7        216      3        1.28          0.57    66.23     0.60    0.64    0.87    0.46    0.86     57.10   6.70    89.26   71.01   0.79    1673.00    12.58    41.45  
2    T0902TS005_1-D1     005s    60.61    100.00  2     0.95      0.95       1.01      1.01       39.61    1.13          23.74    35.56    4.57     5.153    231   0    0     0     64.50  79.22  1.06        1.06         1.11         1.11         81.82  58.221   1.97     26.46       18.8        212      2.9      1.07          0.57    68.40     0.61    0.65    0.89    0.43    0.88     60.10   6.70    89.65   71.94   0.79    1687.90    10.35    38.42  
3    T0902TS005_2-D1     005s    59.52    100.00  3     N/A       N/A        0.94      0.94       39.94    N/A           23.47    34.37    5.57     6.135    231   1    0     0     63.64  77.06  N/A         N/A          1.07         1.07         78.79  58.177   2.04     24.11       17.7        201      2.8      0.69          0.55    62.99     0.60    0.62    0.85    0.46    0.86     56.30   5.86    88.19   70.72   0.76    1593.40    15.14    41.26  
4    T0902TS005_3-D1     005s    58.87    100.00  4     N/A       N/A        0.90      0.90       37.77    N/A           23.36    34.02    4.683    5.28     231   1    0     0     61.47  76.62  N/A         N/A          0.96         0.96         78.35  56.185   2.07     26.60       18.3        213      3.1      1.30          0.56    64.72     0.58    0.63    0.88    0.47    0.87     56.20   5.86    89.00   69.76   0.78    1639.30    14.07    39.77  
5    T0902TS345_2-D1     345s    58.44    100.00  5     N/A       N/A        0.87      0.87       38.31    N/A           22.50    33.09    4.738    5.28     231   0    0     0     64.94  78.79  N/A         N/A          1.13         1.13         80.09  55.961   2.10     26.16       18          212      3.1      2.84          0.52    65.80     0.58    0.62    0.88    0.44    0.87     66.90   6.58    -1.00   -1.00   0.77    1619.80    12.13    80.55  
6    T0902TS183_2-D1     183s    58.01    100.00  6     N/A       N/A        0.84      0.84       36.91    N/A           18.91    31.74    4.961    5.542    231   0    0     0     61.47  74.89  N/A         N/A          0.96         0.96         75.76  54.102   2.08     26.90       17.9        214      3.3      2.98          0.54    66.45     0.58    0.62    0.87    0.45    0.87     53.60   5.86    87.26   70.43   0.76    1611.40    13.84    80.48  
7    T0902TS479_1-D1     479s    57.68    100.00  7     0.74      0.74       0.82      0.82       36.91    0.84          21.30    32.16    4.884    5.468    231   0    0     0     60.61  80.95  0.84        0.84         0.92         0.92         80.95  57.68    2.19     25.72       18.8        212      3.1      2.94          0.54    66.88     0.58    0.62    0.88    0.40    0.88     64.80   5.46    -1.00   -1.00   0.77    1683.70    13.96    82.54  
8    T0902TS236_2-D1     236s    57.58    100.00  8     N/A       N/A        0.82      0.82       36.58    N/A           20.68    30.97    4.875    5.489    231   0    0     0     60.17  80.09  N/A         N/A          0.90         0.90         80.95  54.851   2.24     26.16       18.3        214      3        2.83          0.53    66.88     0.57    0.62    0.86    0.42    0.88     60.10   5.60    87.55   69.99   0.77    1641.70    15.52    83.33  
9    T0902TS236_1-D1     236s    57.58    100.00  8     0.73      0.73       0.82      0.82       36.58    0.81          20.68    30.97    4.875    5.489    231   0    0     0     60.17  80.09  0.82        0.82         0.90         0.90         80.95  54.851   2.24     26.16       18.3        214      3        2.83          0.53    66.88     0.57    0.62    0.86    0.42    0.88     60.10   5.60    87.55   69.99   0.77    1641.70    15.52    83.33  
10   T0902TS250_2-D1     250s    57.58    100.00  8     N/A       N/A        0.82      0.82       37.34    N/A           21.28    32.04    5.345    5.777    231   0    0     0     60.17  76.62  N/A         N/A          0.90         0.90         77.06  56.223   2.19     26.02       17.7        211      3.3      2.19          0.56    70.56     0.60    0.63    0.86    0.45    0.86     67.40   5.73    89.32   72.33   0.75    1593.70    14.82    83.77  
11   T0902TS183_1-D1     183s    57.36    100.00  11    0.71      0.71       0.80      0.80       36.47    0.79          20.96    31.11    4.917    5.481    231   0    0     0     58.01  79.22  0.70        0.70         0.79         0.79         79.22  55.587   2.21     25.87       18.9        212      3.1      2.99          0.55    67.75     0.58    0.63    0.87    0.40    0.88     61.90   5.33    88.95   71.68   0.77    1692.30    14.37    82.79  
12   T0902TS425_5-D1     425s    57.25    100.00  12    N/A       N/A        0.80      0.80       37.23    N/A           17.26    31.60    5.231    5.924    231   0    0     0     61.04  78.79  N/A         N/A          0.94         0.94         78.79  54.084   2.01     25.14       18.2        210      3.5      3.74          0.54    62.55     0.55    0.60    0.86    0.48    0.84     63.60   6.81    -1.00   -1.00   0.77    1637.60    7.35     39.97  
13   T0902TS236_5-D1     236s    57.25    100.00  12    N/A       N/A        0.80      0.80       37.34    N/A           23.65    33.62    4.969    5.573    231   2    0     0     64.94  77.92  N/A         N/A          1.13         1.13         79.65  56.796   2.13     26.75       17.9        210      3.1      2.85          0.55    67.75     0.59    0.63    0.88    0.45    0.86     60.50   6.23    88.56   70.08   0.76    1609.90    11.39    83.13  
14   T0902TS220_4-D1     220s    57.03    100.00  14    N/A       N/A        0.78      0.78       35.61    N/A           20.92    31.38    4.958    5.494    231   0    0     0     61.04  78.79  N/A         N/A          0.94         0.94         81.39  54.069   2.26     24.84       18.5        213      3.3      2.18          0.56    67.75     0.60    0.64    0.88    0.41    0.86     68.10   5.73    88.28   71.82   0.77    1656.10    11.74    45.64  
15   T0902TS005_5-D1     005s    56.93    100.00  15    N/A       N/A        0.78      0.78       36.37    N/A           22.55    31.83    5.829    6.204    231   3    0     0     58.01  77.92  N/A         N/A          0.79         0.79         79.22  53.831   2.09     24.84       17.5        206      3.1      1.38          0.56    66.02     0.60    0.63    0.84    0.49    0.86     65.90   5.86    89.02   70.24   0.75    1578.80    16.97    41.69  
16   T0902TS220_3-D1     220s    56.49    100.00  16    N/A       N/A        0.75      0.75       35.06    N/A           20.61    31.21    4.539    5.037    231   0    0     0     56.71  75.76  N/A         N/A          0.73         0.73         78.35  53.026   2.19     26.31       18.7        215      3.3      2.07          0.57    71.65     0.61    0.64    0.90    0.40    0.86     62.50   6.58    -1.00   -1.00   0.76    1678.00    9.57     45.76  
17   T0902TS220_2-D1     220s    56.38    100.00  17    N/A       N/A        0.74      0.74       36.04    N/A           22.56    30.91    4.763    5.266    231   0    0     0     56.28  74.03  N/A         N/A          0.71         0.71         75.76  52.293   2.18     25.14       17.8        213      3.4      1.69          0.56    67.53     0.61    0.63    0.88    0.44    0.86     66.00   5.73    -1.00   -1.00   0.75    1605.00    13.25    46.21  
18   T0902TS287_2-D1     287s    56.28    100.00  18    N/A       N/A        0.73      0.73       35.28    N/A           20.71    29.92    4.897    5.514    231   0    0     0     58.87  78.35  N/A         N/A          0.84         0.84         79.65  55.604   2.23     26.16       18.2        216      3.2      2.79          0.53    67.32     0.57    0.62    0.86    0.43    0.88     60.10   5.73    87.44   69.94   0.76    1633.30    15.52    83.04  
19   T0902TS250_1-D1     250s    56.28    100.00  18    0.64      0.64       0.73      0.73       35.93    0.74          21.99    30.80    5.441    5.885    231   0    0     0     58.01  75.76  0.70        0.70         0.79         0.79         76.62  53.016   2.18     25.58       17.7        208      3.3      2.24          0.57    71.43     0.60    0.64    0.86    0.45    0.86     66.90   5.86    88.73   71.87   0.74    1590.10    14.15    84.04  
20   T0902TS287_1-D1     287s    56.28    100.00  18    0.64      0.64       0.73      0.73       35.28    0.67          20.71    29.92    4.897    5.514    231   0    0     0     58.87  78.35  0.75        0.75         0.84         0.84         79.65  55.604   2.23     26.16       18.2        216      3.2      2.79          0.53    67.32     0.57    0.62    0.86    0.43    0.88     60.10   5.73    87.44   69.94   0.76    1633.30    15.52    83.04  
21   T0902TS077_5-D1     077s    56.17    100.00  21    N/A       N/A        0.73      0.73       37.01    N/A           19.88    32.17    6.285    6.87     231   1    0     0     57.14  76.19  N/A         N/A          0.75         0.75         77.49  55.579   2.00     24.55       17.6        205      3.9      3.54          0.54    66.23     0.56    0.60    0.84    0.47    0.83     70.50   6.11    86.76   68.56   0.74    1591.00    8.34     41.29  
22   T0902TS479_2-D1     479s    56.17    100.00  21    N/A       N/A        0.73      0.73       35.17    N/A           18.75    30.65    4.988    5.502    231   0    0     0     61.04  76.19  N/A         N/A          0.94         0.94         77.06  51.721   2.17     26.60       17.6        214      3.5      3.15          0.53    67.32     0.57    0.61    0.87    0.45    0.86     66.10   5.46    87.17   69.04   0.76    1582.20    13.74    82.02  
23   T0902TS077_2-D1     077s    55.84    100.00  23    N/A       N/A        0.71      0.71       35.71    N/A           17.26    30.75    5.979    6.648    231   1    0     0     58.87  77.06  N/A         N/A          0.84         0.84         77.06  54.827   2.08     26.31       17.4        205      4.2      3.38          0.53    62.55     0.54    0.59    0.85    0.49    0.83     68.90   6.23    86.15   68.38   0.75    1567.20    8.15     41.03  
24   T0902TS048_1-D1     048s    55.74    100.00  24    0.60      0.60       0.70      0.70       35.17    0.65          18.57    29.05    5.067    5.642    231   1    0     0     55.41  76.19  0.55        0.55         0.67         0.67         77.06  53.431   2.29     24.26       17.4        213      3.5      2.74          0.53    63.42     0.56    0.60    0.87    0.49    0.87     66.40   5.86    87.63   67.02   0.75    1571.30    15.91    40.29  
25   T0902TS092_1-D1     092s    55.74    100.00  24    0.60      0.60       0.70      0.70       35.17    0.65          18.57    29.05    5.067    5.642    231   1    0     0     55.41  76.19  0.55        0.55         0.67         0.67         77.06  53.431   2.29     24.26       17.4        213      3.5      2.74          0.53    63.42     0.56    0.60    0.87    0.49    0.87     66.40   5.86    87.63   67.02   0.75    1571.30    15.91    40.29  
26   T0902TS258_3-D1     258s    55.74    100.00  24    N/A       N/A        0.70      0.70       35.50    N/A           20.68    30.86    5.085    5.548    231   0    0     0     59.31  76.62  N/A         N/A          0.86         0.86         79.65  54.84    2.21     26.16       17.1        209      3        3.58          0.53    62.77     0.57    0.61    0.87    0.45    0.87     65.80   5.86    87.62   69.33   0.76    1543.30    13.38    39.25  
27   T0902TS250_4-D1     250s    55.63    100.00  27    N/A       N/A        0.69      0.69       35.61    N/A           21.17    30.89    5.439    5.877    231   0    0     0     55.84  74.46  N/A         N/A          0.69         0.69         75.76  52.55    2.21     25.28       17.6        211      3.5      2.46          0.56    69.48     0.59    0.63    0.86    0.45    0.86     73.00   5.73    89.19   72.04   0.74    1585.40    14.70    83.91  
28   T0902TS077_1-D1     077s    55.41    100.00  28    0.57      0.57       0.68      0.68       34.63    0.60          17.47    29.72    5.37     6.128    231   3    0     0     58.01  75.76  0.70        0.70         0.79         0.79         77.49  53.021   2.14     25.28       17.5        210      3.5      3.75          0.52    62.77     0.54    0.58    0.85    0.49    0.83     74.70   6.81    87.16   68.04   0.76    1578.40    8.07     40.50  
29   T0902TS345_3-D1     345s    55.41    100.00  28    N/A       N/A        0.68      0.68       34.52    N/A           18.79    28.93    4.859    5.418    231   0    0     0     54.98  73.16  N/A         N/A          0.64         0.64         75.32  52.239   2.15     24.84       16.5        209      3.4      2.78          0.51    61.47     0.56    0.59    0.87    0.51    0.85     63.00   6.58    86.27   66.38   0.75    1498.80    13.42    80.11  
30   T0902TS258_2-D1     258s    55.41    100.00  28    N/A       N/A        0.68      0.68       35.50    N/A           18.15    28.93    5.282    5.773    231   1    0     0     58.87  76.19  N/A         N/A          0.84         0.84         79.22  55.506   2.32     24.40       17.5        209      3.1      3.62          0.54    64.29     0.57    0.62    0.87    0.44    0.86     63.10   5.60    88.16   69.89   0.75    1574.00    13.77    40.61  
31   T0902TS425_2-D1     425s    55.41    100.00  28    N/A       N/A        0.68      0.68       35.06    N/A           19.38    30.24    5.531    6.184    231   4    0     0     58.44  75.32  N/A         N/A          0.81         0.81         77.06  53.501   2.12     24.84       17.8        208      3.6      3.70          0.54    63.42     0.54    0.59    0.85    0.51    0.83     77.90   6.47    87.67   69.56   0.75    1598.30    7.66     41.16  
32   T0902TS220_5-D1     220s    55.30    100.00  32    N/A       N/A        0.67      0.67       34.74    N/A           19.34    28.71    4.986    5.507    231   0    0     0     58.01  72.29  N/A         N/A          0.79         0.79         73.59  52.794   2.20     24.11       17.8        218      3.9      1.92          0.56    66.45     0.60    0.62    0.90    0.41    0.85     75.00   6.23    86.15   71.34   0.74    1603.00    11.45    47.49  
33   T0902TS026_3-D1     026s    55.30    100.00  32    N/A       N/A        0.67      0.67       35.06    N/A           19.93    29.38    5.398    5.824    231   1    0     0     59.74  77.92  N/A         N/A          0.88         0.88         79.22  54.107   2.27     26.46       17.6        212      3.3      3.77          0.54    67.97     0.58    0.62    0.86    0.43    0.87     59.80   5.86    87.84   69.67   0.75    1582.10    15.29    N/A    
34   T0902TS380_3-D1     380s    55.30    100.00  32    N/A       N/A        0.67      0.67       35.06    N/A           19.93    29.38    5.398    5.824    231   1    0     0     59.74  77.92  N/A         N/A          0.88         0.88         79.22  54.107   2.27     26.46       17.6        212      3.3      3.77          0.54    67.97     0.58    0.62    0.86    0.43    0.87     59.80   5.86    -1.00   -1.00   0.75    1582.10    15.29    N/A    
35   T0902TS345_1-D1     345s    55.09    100.00  35    0.55      0.55       0.66      0.66       34.74    0.61          19.13    29.21    5.721    6.08     231   1    0     0     52.81  77.92  0.41        0.41         0.54         0.54         78.35  51.441   2.33     24.26       17.1        211      3.4      3.00          0.51    66.02     0.57    0.59    0.75    0.52    0.84     61.20   6.47    84.56   68.37   0.74    1546.80    13.59    81.32  
36   T0902TS220_1-D1     220s    55.09    100.00  35    0.55      0.55       0.66      0.66       34.20    0.55          19.48    29.18    4.773    5.223    231   0    0     0     52.38  77.92  0.39        0.39         0.52         0.52         79.22  50.791   2.27     25.58       18.1        216      3.7      2.04          0.57    70.78     0.62    0.65    0.89    0.39    0.86     70.70   6.11    -1.00   -1.00   0.75    1625.70    12.80    47.24  
37   T0902TS407_2-D1     407s    54.98    100.00  37    N/A       N/A        0.65      0.65       34.31    N/A           16.50    29.48    5.437    6.034    231   29   0     0     56.71  75.76  N/A         N/A          0.73         0.73         76.19  55.385   2.09     24.11       15.6        196      2.9      3.51          0.33    58.23     0.52    0.54    0.73    0.72    0.83     57.70   5.33    80.67   63.62   0.74    1424.00    17.87    41.48  
38   T0902TS380_2-D1     380s    54.87    100.00  38    N/A       N/A        0.65      0.65       33.55    N/A           15.54    28.12    4.905    5.571    231   1    0     0     53.25  75.32  N/A         N/A          0.56         0.56         77.06  51.757   2.24     26.60       16.9        211      3.3      4.32          0.51    60.82     0.55    0.58    0.87    0.52    0.85     74.10   5.86    85.33   65.71   0.75    1525.90    12.64    N/A    
39   T0902TS250_3-D1     250s    54.87    100.00  38    N/A       N/A        0.65      0.65       34.52    N/A           20.19    29.93    5.478    5.903    231   0    0     0     58.87  75.32  N/A         N/A          0.84         0.84         76.62  53.012   2.31     25.58       17.7        208      3.3      2.13          0.56    69.91     0.60    0.63    0.86    0.45    0.86     68.10   5.86    89.28   72.10   0.74    1592.10    14.98    83.91  
40   T0902TS026_2-D1     026s    54.87    100.00  38    N/A       N/A        0.65      0.65       33.55    N/A           15.54    28.12    4.905    5.571    231   1    0     0     53.25  75.32  N/A         N/A          0.56         0.56         77.06  51.757   2.24     26.60       16.9        211      3.3      4.32          0.51    60.82     0.55    0.58    0.87    0.52    0.85     74.10   5.86    85.33   65.71   0.75    1525.90    12.64    N/A    
41   T0902TS421_5-D1     421s    54.76    100.00  41    N/A       N/A        0.64      0.64       34.41    N/A           17.15    29.44    5.023    5.564    231   42   0     0     56.71  74.89  N/A         N/A          0.73         0.73         74.89  52.698   2.13     25.87       16          208      3.3      4.59          0.25    60.17     0.51    0.58    0.83    0.51    0.85     55.20   5.04    86.27   63.88   0.75    1455.20    20.29    N/A    
42   T0902TS250_5-D1     250s    54.55    100.00  42    N/A       N/A        0.63      0.63       34.20    N/A           19.51    29.12    5.512    5.951    231   0    0     0     56.71  74.46  N/A         N/A          0.73         0.73         75.76  50.071   2.23     25.43       17.4        208      3.3      2.16          0.56    69.48     0.59    0.63    0.86    0.46    0.86     73.00   5.73    89.01   71.80   0.73    1573.00    14.43    84.06  
43   T0902TS166_1-D1     166s    54.44    100.00  43    0.50      0.50       0.62      0.62       32.80    0.40          14.97    26.36    4.606    5.267    231   1    0     0     48.05  76.62  0.14        0.14         0.30         0.30         78.35  53.771   2.25     26.46       17.1        209      3.1      3.18          0.50    59.09     0.53    0.57    0.88    0.54    0.85     73.60   6.35    -1.00   -1.00   0.76    1543.20    12.57    40.93  
44   T0902TS425_1-D1     425s    54.44    100.00  43    0.50      0.50       0.62      0.62       34.63    0.60          17.81    30.38    6.135    6.816    231   1    0     0     58.01  76.62  0.70        0.70         0.79         0.79         77.49  54.083   2.08     24.99       17.8        206      4        3.50          0.54    62.99     0.55    0.60    0.85    0.45    0.83     70.30   6.47    86.68   69.28   0.75    1598.80    7.87     41.36  
45   T0902TS077_3-D1     077s    54.33    100.00  45    N/A       N/A        0.61      0.61       33.88    N/A           17.60    29.75    5.837    6.455    231   2    0     0     58.01  76.19  N/A         N/A          0.79         0.79         76.62  52.045   2.07     24.55       18.1        207      3.7      3.64          0.53    60.61     0.55    0.59    0.86    0.54    0.83     62.40   6.47    88.03   69.23   0.75    1622.40    7.74     41.72  
46   T0902TS258_1-D1     258s    54.33    100.00  45    0.50      0.50       0.61      0.61       34.41    0.57          20.15    29.08    5.257    5.722    231   0    0     0     57.14  76.19  0.65        0.65         0.75         0.75         79.22  54.162   2.27     26.16       17          209      3.1      3.43          0.54    63.85     0.57    0.62    0.87    0.45    0.86     66.40   5.86    87.64   69.33   0.75    1536.10    13.41    40.60  
47   T0902TS407_1-D1     407s    54.22    100.00  47    0.49      0.49       0.60      0.60       33.33    0.46          17.14    28.70    5.266    6.005    231   7    0     0     53.68  76.19  0.46        0.46         0.58         0.58         76.19  54.011   2.17     23.52       16          196      2.8      3.38          0.48    55.84     0.51    0.54    0.82    0.65    0.84     54.40   5.46    83.03   63.72   0.75    1460.40    14.78    41.89  
48   T0902TS380_4-D1     380s    54.11    100.00  48    N/A       N/A        0.60      0.60       32.90    N/A           17.09    27.03    5.05     5.673    231   4    0     0     51.95  74.89  N/A         N/A          0.50         0.50         76.62  51.842   2.21     24.70       16.6        209      3.3      3.98          0.51    61.26     0.55    0.58    0.86    0.53    0.85     65.60   5.86    85.26   65.43   0.75    1501.40    12.25    N/A    
49   T0902TS380_1-D1     380s    54.11    100.00  48    0.48      0.48       0.60      0.60       32.90    0.41          17.09    27.03    5.05     5.673    231   4    0     0     51.95  74.89  0.36        0.36         0.50         0.50         76.62  51.842   2.21     24.70       16.6        209      3.3      3.98          0.51    61.26     0.55    0.58    0.86    0.53    0.85     65.60   5.86    85.26   65.43   0.75    1501.40    12.25    N/A    
50   T0902TS026_1-D1     026s    54.11    100.00  48    0.48      0.48       0.60      0.60       32.90    0.41          17.09    27.03    5.05     5.673    231   4    0     0     51.95  74.89  0.36        0.36         0.50         0.50         76.62  51.842   2.21     24.70       16.6        209      3.3      3.98          0.51    61.26     0.55    0.58    0.86    0.53    0.85     65.60   5.86    85.26   65.43   0.75    1501.40    12.25    N/A    
51   T0902TS026_4-D1     026s    54.11    100.00  48    N/A       N/A        0.60      0.60       32.90    N/A           17.09    27.03    5.05     5.673    231   4    0     0     51.95  74.89  N/A         N/A          0.50         0.50         76.62  51.842   2.21     24.70       16.6        209      3.3      3.98          0.51    61.26     0.55    0.58    0.86    0.53    0.85     65.60   5.86    85.26   65.43   0.75    1501.40    12.25    N/A    
52   T0902TS287_3-D1     287s    54.11    100.00  48    N/A       N/A        0.60      0.60       33.98    N/A           19.59    27.29    5.429    5.678    231   1    0     0     51.08  75.32  N/A         N/A          0.45         0.45         76.19  50.37    2.35     26.60       17.3        214      3.3      3.07          0.52    66.88     0.58    0.60    0.77    0.52    0.86     62.50   6.47    85.48   68.59   0.74    1561.50    11.91    83.27  
53   T0902TS357_3-D1     357s    54.11    100.00  48    N/A       N/A        0.60      0.60       33.77    N/A           16.37    25.71    4.934    5.678    231   0    0     0     55.41  76.62  N/A         N/A          0.67         0.67         77.49  54.494   2.36     23.82       17.7        210      3.2      4.60          0.51    59.31     0.52    0.57    0.87    0.51    0.86     47.60   5.73    -1.00   -1.00   0.74    1595.80    12.85    44.71  
54   T0902TS357_2-D1     357s    54.11    100.00  48    N/A       N/A        0.60      0.60       33.55    N/A           18.41    27.50    5.177    5.86     231   2    0     0     54.11  74.46  N/A         N/A          0.60         0.60         75.32  52.977   2.32     24.99       17.3        211      3.4      4.69          0.51    59.09     0.53    0.58    0.85    0.52    0.85     56.40   5.46    -1.00   -1.00   0.74    1561.70    16.17    43.87  
55   T0902TS357_1-D1     357s    54.11    100.00  48    0.48      0.48       0.60      0.60       33.77    0.50          16.07    27.19    5.135    5.766    231   3    0     0     56.71  77.06  0.63        0.63         0.73         0.73         77.92  52.163   2.27     25.14       17.7        210      3.2      4.51          0.50    61.47     0.53    0.58    0.86    0.45    0.86     57.60   5.73    84.14   67.30   0.75    1594.90    15.71    47.01  
56   T0902TS287_4-D1     287s    54.11    100.00  48    N/A       N/A        0.60      0.60       33.98    N/A           19.59    27.29    5.429    5.678    231   1    0     0     51.08  75.32  N/A         N/A          0.45         0.45         76.19  50.37    2.35     26.60       17.3        214      3.3      3.07          0.52    66.88     0.58    0.60    0.77    0.52    0.86     62.50   6.47    85.48   68.59   0.74    1561.50    11.91    83.27  
57   T0902TS016_1-D1     016s    54.11    100.00  48    0.48      0.48       0.60      0.60       33.66    0.49          16.62    28.33    4.996    5.548    231   4    0     0     54.11  76.19  0.48        0.48         0.60         0.60         77.06  51.717   2.23     26.46       16.7        206      3.2      3.38          0.51    59.96     0.53    0.57    0.84    0.51    0.85     68.90   5.99    85.39   65.46   0.75    1515.20    11.64    40.78  
58   T0902TS275_4-D1     275s    54.00    100.00  58    N/A       N/A        0.59      0.59       33.66    N/A           19.41    28.52    5.298    5.761    231   0    0     0     58.01  77.49  N/A         N/A          0.79         0.79         78.35  54.247   2.30     25.14       17.7        208      3.4      2.81          0.55    66.23     0.57    0.62    0.87    0.43    0.87     65.00   5.46    85.13   69.61   0.74    1595.20    13.73    N/A    
59   T0902TS421_3-D1     421s    53.90    100.00  59    N/A       N/A        0.58      0.58       33.44    N/A           17.40    27.64    5.066    5.706    231   32   0     0     57.58  77.49  N/A         N/A          0.77         0.77         78.79  52.539   2.28     24.99       16.4        203      3        4.61          0.26    59.09     0.52    0.58    0.83    0.50    0.86     53.70   4.89    85.83   65.03   0.75    1491.40    18.90    N/A    
60   T0902TS236_4-D1     236s    53.68    100.00  60    N/A       N/A        0.57      0.57       33.12    N/A           19.43    26.23    5.483    5.7      231   2    0     0     51.08  74.89  N/A         N/A          0.45         0.45         76.62  48.914   2.44     26.46       17.3        215      3.4      3.15          0.54    67.32     0.58    0.61    0.76    0.52    0.86     64.00   6.47    85.38   68.65   0.73    1558.70    11.69    82.97  
61   T0902TS236_3-D1     236s    53.68    100.00  60    N/A       N/A        0.57      0.57       33.12    N/A           19.43    26.23    5.483    5.7      231   2    0     0     51.08  74.89  N/A         N/A          0.45         0.45         76.62  48.914   2.44     26.46       17.3        215      3.4      3.15          0.54    67.32     0.58    0.61    0.76    0.52    0.86     64.00   6.47    -1.00   -1.00   0.73    1558.70    11.69    82.97  
62   T0902TS467_2-D1     467s    53.57    100.00  62    N/A       N/A        0.56      0.56       32.58    N/A           16.88    26.55    5.272    5.901    231   0    0     0     49.35  74.03  N/A         N/A          0.37         0.37         75.76  54.073   2.20     25.72       17          210      3.4      1.40          0.51    59.31     0.56    0.56    0.84    0.53    0.85     73.80   5.86    85.63   64.67   0.74    1534.30    17.56    57.71  
63   T0902TS421_4-D1     421s    53.46    100.00  63    N/A       N/A        0.56      0.56       33.22    N/A           18.11    27.19    6.521    6.955    231   38   0     0     54.11  73.16  N/A         N/A          0.60         0.60         75.32  47.323   2.20     22.50       15.8        196      2.9      4.55          0.24    60.61     0.51    0.56    0.69    0.73    0.77     67.70   5.04    83.86   64.25   0.72    1438.30    25.87    N/A    
64   T0902TS357_5-D1     357s    53.46    100.00  63    N/A       N/A        0.56      0.56       33.12    N/A           16.86    26.70    5.205    5.911    231   0    0     0     57.58  75.76  N/A         N/A          0.77         0.77         77.06  53.055   2.25     24.26       17.4        208      3.2      4.54          0.50    59.09     0.52    0.57    0.87    0.49    0.85     56.80   5.73    84.17   67.09   0.74    1572.10    12.79    46.20  
65   T0902TS407_5-D1     407s    53.35    100.00  65    N/A       N/A        0.55      0.55       31.93    N/A           14.96    26.54    5.412    6.209    231   8    0     0     50.22  74.03  N/A         N/A          0.41         0.41         74.03  51.987   2.18     24.70       15.2        199      3.4      3.57          0.46    54.55     0.51    0.51    0.77    0.71    0.83     46.30   6.23    84.00   61.42   0.74    1391.00    13.76    42.54  
66   T0902TS425_3-D1     425s    53.25    100.00  66    N/A       N/A        0.54      0.54       32.80    N/A           15.66    26.97    6.013    6.682    231   1    0     0     51.52  71.43  N/A         N/A          0.47         0.47         72.29  51.758   2.11     25.72       16.3        204      3.8      3.67          0.51    59.74     0.53    0.57    0.84    0.53    0.83     77.10   6.35    -1.00   -1.00   0.73    1477.00    8.38     44.01  
67   T0902TS425_4-D1     425s    53.25    100.00  66    N/A       N/A        0.54      0.54       33.55    N/A           16.69    28.27    6.322    7.05     231   2    0     0     53.68  75.76  N/A         N/A          0.58         0.58         76.62  51.973   2.17     24.99       17.1        205      4.3      3.69          0.52    62.99     0.54    0.58    0.85    0.49    0.82     72.70   6.35    86.21   67.74   0.73    1547.00    8.21     42.91  
68   T0902TS452_1-D1     452s    53.14    100.00  68    0.41      0.41       0.54      0.54       33.01    0.42          15.37    27.62    5.606    6.118    231   3    0     0     55.84  76.19  0.58        0.58         0.69         0.69         77.92  54.094   2.21     24.84       15.9        205      3.1      3.86          0.48    54.76     0.51    0.52    0.78    0.63    0.83     65.30   6.11    81.03   62.42   0.74    1449.00    12.50    N/A    
69   T0902TS407_3-D1     407s    53.14    100.00  68    N/A       N/A        0.54      0.54       32.58    N/A           17.61    27.57    5.735    6.29     231   10   0     0     54.11  74.03  N/A         N/A          0.60         0.60         74.46  52.744   2.15     23.38       16          198      3.7      3.73          0.48    56.93     0.52    0.54    0.81    0.63    0.83     58.00   5.73    83.22   63.47   0.73    1458.70    16.45    43.31  
70   T0902TS407_4-D1     407s    53.03    100.00  70    N/A       N/A        0.53      0.53       32.47    N/A           16.26    26.18    5.605    6.263    231   7    0     0     51.52  72.73  N/A         N/A          0.47         0.47         74.46  51.398   2.19     23.08       15.3        193      2.9      3.34          0.47    53.03     0.52    0.51    0.81    0.63    0.83     56.30   5.73    82.01   62.18   0.72    1402.00    17.64    43.77  
71   T0902TS345_4-D1     345s    53.03    100.00  70    N/A       N/A        0.53      0.53       32.69    N/A           18.21    27.31    5.706    6.101    231   0    0     0     55.84  74.89  N/A         N/A          0.69         0.69         75.32  51.224   2.33     24.99       17.3        208      3.2      2.94          0.52    69.26     0.57    0.60    0.79    0.51    0.85     64.00   6.47    86.11   68.15   0.74    1558.10    12.95    82.29  
72   T0902TS382_5-D1     382s    52.81    100.00  72    N/A       N/A        0.52      0.52       32.25    N/A           14.08    24.76    5.569    6.203    231   5    0     0     51.08  70.13  N/A         N/A          0.45         0.45         73.59  50.216   2.37     25.72       16.6        212      4        2.10          0.49    56.49     0.54    0.55    0.88    0.50    0.84     71.20   6.47    84.49   65.50   0.73    1501.80    11.32    N/A    
73   T0902TS275_3-D1     275s    52.71    100.00  73    N/A       N/A        0.51      0.51       33.23    N/A           15.94    27.84    6.017    6.499    231   1    0     0     51.95  72.29  N/A         N/A          0.50         0.50         74.03  52.844   2.10     23.52       17.4        204      3.3      3.27          0.53    60.61     0.54    0.59    0.83    0.52    0.83     73.90   4.89    83.56   67.82   0.73    1570.90    12.00    N/A    
74   T0902TS275_2-D1     275s    52.71    100.00  73    N/A       N/A        0.51      0.51       32.69    N/A           16.51    27.36    5.545    6.061    231   2    0     0     48.05  74.46  N/A         N/A          0.30         0.30         76.19  49.886   2.38     22.79       17.8        209      3.4      2.79          0.54    67.32     0.57    0.61    0.86    0.45    0.86     65.90   5.46    84.38   69.62   0.73    1598.60    14.72    N/A    
75   T0902TS357_4-D1     357s    52.60    100.00  75    N/A       N/A        0.50      0.50       32.25    N/A           14.94    25.07    5.432    6.058    231   0    0     0     53.68  74.46  N/A         N/A          0.58         0.58         75.32  50.464   2.37     24.99       17.5        209      3.4      4.58          0.50    57.58     0.53    0.58    0.85    0.52    0.85     52.80   5.60    84.47   68.09   0.73    1579.20    14.79    46.31  
76   T0902TS077_4-D1     077s    52.38    100.00  76    N/A       N/A        0.49      0.49       32.47    N/A           14.83    27.50    5.945    6.602    231   2    0     0     51.52  73.59  N/A         N/A          0.47         0.47         74.89  51.13    2.21     24.99       17.6        208      3.9      3.58          0.53    63.20     0.54    0.60    0.86    0.49    0.82     69.20   6.47    87.57   68.58   0.73    1584.60    7.98     43.74  
77   T0902TS345_5-D1     345s    52.27    100.00  77    N/A       N/A        0.48      0.48       31.60    N/A           16.10    24.17    5.38     5.781    231   0    0     0     48.92  74.89  N/A         N/A          0.35         0.35         75.76  48.63    2.53     24.70       17.1        207      3.3      2.69          0.50    66.02     0.57    0.61    0.86    0.48    0.86     67.10   5.73    87.61   69.50   0.72    1548.00    15.25    82.21  
78   T0902TS349_1-D1     349s    52.27    100.00  77    0.35      0.35       0.48      0.48       32.79    0.40          16.37    26.14    6.538    7.072    231   23   0     0     52.38  74.46  0.39        0.39         0.52         0.52         74.89  50.941   2.36     24.84       15.5        202      3.6      3.65          0.45    56.71     0.52    0.56    0.71    0.65    0.81     65.20   6.11    83.17   64.04   0.71    1416.60    15.19    56.21  
79   T0902TS313_1-D1     313s    52.27    100.00  77    0.35      0.35       0.48      0.48       32.58    0.38          15.55    25.77    6.624    7.122    231   2    0     0     53.68  69.70  0.46        0.46         0.58         0.58         71.00  49.73    2.27     24.70       15.3        201      3.6      2.73          0.51    56.71     0.55    0.55    0.73    0.67    0.80     65.20   6.11    83.05   64.91   0.71    1403.00    14.61    44.79  
80   T0902TS119_1-D1     119s    52.27    100.00  77    0.35      0.35       0.48      0.48       32.79    0.40          14.40    25.58    6.538    7.031    231   23   0     0     52.38  74.46  0.39        0.39         0.52         0.52         74.89  50.941   2.36     24.84       15.5        202      3.6      4.39          0.49    57.58     0.52    0.55    0.71    0.65    0.81     65.20   6.11    83.17   64.04   0.71    1416.60    15.19    56.21  
81   T0902TS313_5-D1     313s    52.27    100.00  77    N/A       N/A        0.48      0.48       32.47    N/A           16.86    26.68    6.592    7.098    231   3    0     0     55.84  71.86  N/A         N/A          0.69         0.69         73.16  50.511   2.26     24.55       15.4        203      3.6      2.79          0.51    58.44     0.55    0.55    0.73    0.66    0.80     64.90   6.11    83.04   65.03   0.71    1405.40    14.46    44.27  
82   T0902TS258_5-D1     258s    52.27    100.00  77    N/A       N/A        0.48      0.48       32.14    N/A           18.10    25.41    5.547    6.01     231   1    0     0     53.25  75.32  N/A         N/A          0.56         0.56         78.35  51.956   2.44     23.82       16.6        205      3.3      3.88          0.53    65.58     0.56    0.62    0.87    0.46    0.86     65.60   5.73    87.82   68.88   0.72    1507.40    13.79    43.28  
83   T0902TS382_1-D1     382s    52.16    100.00  83    0.34      0.34       0.47      0.47       32.36    0.35          14.49    24.14    5.775    6.453    231   2    0     0     50.22  69.26  0.27        0.27         0.41         0.41         71.86  48.58    2.30     25.58       16.1        210      4        1.92          0.49    55.63     0.53    0.55    0.87    0.51    0.84     71.50   6.23    84.39   65.45   0.72    1465.90    13.84    N/A    
84   T0902TS287_5-D1     287s    51.95    100.00  84    N/A       N/A        0.46      0.46       31.71    N/A           18.49    25.53    5.681    6.067    231   0    0     0     50.22  74.03  N/A         N/A          0.41         0.41         74.89  51.088   2.31     25.87       17.8        207      3.2      3.00          0.48    59.96     0.55    0.55    0.74    0.64    0.83     60.80   6.47    83.47   65.30   0.73    1603.80    12.35    82.90  
85   T0902TS313_4-D1     313s    51.95    100.00  84    N/A       N/A        0.46      0.46       32.25    N/A           14.98    25.42    6.589    7.114    231   2    0     0     53.68  70.56  N/A         N/A          0.58         0.58         71.86  49.255   2.30     24.70       15.4        202      3.6      2.73          0.51    57.36     0.55    0.55    0.73    0.67    0.80     65.00   6.11    82.93   65.00   0.71    1406.00    14.42    44.78  
86   T0902TS313_2-D1     313s    51.95    100.00  84    N/A       N/A        0.46      0.46       32.47    N/A           15.44    25.88    6.629    7.107    231   3    0     0     54.98  71.86  N/A         N/A          0.64         0.64         73.16  50.684   2.38     24.70       15.4        202      3.6      2.91          0.51    58.44     0.55    0.55    0.73    0.66    0.80     68.10   6.11    83.21   64.86   0.71    1411.80    14.59    44.74  
87   T0902TS382_2-D1     382s    51.95    100.00  84    N/A       N/A        0.46      0.46       32.03    N/A           15.35    24.97    5.454    6.086    231   4    0     0     48.92  70.13  N/A         N/A          0.35         0.35         72.29  49.418   2.33     25.28       16.6        215      4.2      1.98          0.50    56.71     0.54    0.56    0.88    0.51    0.84     69.80   6.58    84.58   65.31   0.72    1510.70    11.81    N/A    
88   T0902TS479_3-D1     479s    51.73    100.00  88    N/A       N/A        0.45      0.45       31.39    N/A           14.00    23.51    5.621    6.226    231   0    0     0     48.92  71.43  N/A         N/A          0.35         0.35         76.19  49.809   2.34     24.26       17.8        214      3.6      2.96          0.50    59.52     0.54    0.55    0.84    0.55    0.84     70.00   6.58    86.64   64.60   0.74    1605.50    13.34    78.20  
89   T0902TS313_3-D1     313s    51.73    100.00  88    N/A       N/A        0.45      0.45       32.47    N/A           15.09    25.99    6.609    7.15     231   2    0     0     55.41  70.13  N/A         N/A          0.67         0.67         71.43  49.963   2.32     24.55       15.3        200      3.6      2.79          0.51    56.93     0.55    0.55    0.73    0.69    0.80     62.40   6.11    83.07   64.75   0.71    1403.30    14.29    44.72  
90   T0902TS258_4-D1     258s    51.73    100.00  88    N/A       N/A        0.45      0.45       31.82    N/A           16.23    26.22    5.601    5.96     231   1    0     0     55.41  74.03  N/A         N/A          0.67         0.67         77.06  51.867   2.38     26.02       17.2        207      3.3      3.49          0.54    65.15     0.57    0.62    0.87    0.43    0.86     62.60   5.86    87.48   69.25   0.73    1553.90    13.44    43.01  
91   T0902TS382_4-D1     382s    51.62    100.00  91    N/A       N/A        0.44      0.44       32.36    N/A           15.36    24.71    5.707    6.457    231   6    0     0     49.35  69.26  N/A         N/A          0.37         0.37         71.86  48.814   2.39     24.40       16.1        210      4.1      2.02          0.49    56.28     0.54    0.56    0.87    0.51    0.84     71.50   6.23    84.39   65.28   0.71    1461.10    13.37    N/A    
92   T0902TS421_2-D1     421s    51.52    100.00  92    N/A       N/A        0.43      0.43       31.17    N/A           16.56    26.21    6.341    6.819    231   50   0     0     50.65  72.29  N/A         N/A          0.43         0.43         73.59  53.011   2.15     23.52       15          196      3        4.80          0.21    54.11     0.48    0.53    0.70    0.76    0.80     53.70   5.33    81.33   60.54   0.72    1379.10    35.73    N/A    
93   T0902TS444_5-D1     444s    51.30    100.00  93    N/A       N/A        0.42      0.42       30.41    N/A           17.75    25.22    5.483    6.26     231   0    0     0     48.05  76.62  N/A         N/A          0.30         0.30         76.62  48.352   2.30     24.26       15.1        199      3        1.84          0.49    49.78     0.54    0.53    0.85    0.59    0.85     81.00   5.73    84.18   62.39   0.73    1379.60    13.65    N/A    
94   T0902TS183_5-D1     183s    51.30    100.00  93    N/A       N/A        0.42      0.42       30.73    N/A           14.05    23.30    5.606    6.167    231   0    0     0     49.35  71.43  N/A         N/A          0.37         0.37         76.62  49.727   2.40     23.82       17.3        215      3.6      2.84          0.49    57.58     0.53    0.55    0.84    0.55    0.84     73.70   6.58    -1.00   -1.00   0.74    1563.40    13.11    77.46  
95   T0902TS382_3-D1     382s    50.87    100.00  95    N/A       N/A        0.39      0.39       31.60    N/A           15.57    24.25    5.696    6.419    231   3    0     0     48.92  67.97  N/A         N/A          0.35         0.35         70.56  48.049   2.21     25.14       16.1        213      4.4      1.99          0.50    57.14     0.53    0.56    0.87    0.52    0.84     75.20   6.23    84.75   65.42   0.71    1465.60    14.18    N/A    
96   T0902TS444_4-D1     444s    50.54    100.00  96    N/A       N/A        0.37      0.37       29.44    N/A           16.36    23.91    5.389    6.161    231   0    0     0     46.75  76.19  N/A         N/A          0.24         0.24         76.19  48.004   2.29     24.99       14.8        201      3.3      1.59          0.49    51.08     0.54    0.53    0.86    0.60    0.86     77.70   6.11    84.40   62.13   0.73    1356.00    13.14    N/A    
97   T0902TS251_2-D1     251s    50.43    100.00  97    N/A       N/A        0.36      0.36       30.20    N/A           16.04    24.19    5.583    6.037    231   0    0     0     52.38  76.19  N/A         N/A          0.52         0.52         77.06  53.679   2.32     26.02       17.9        211      3.7      2.76          0.46    60.61     0.56    0.57    0.87    0.49    0.86     62.00   5.73    86.03   66.65   0.73    1610.30    14.44    68.32  
98   T0902TS251_3-D1     251s    50.43    100.00  97    N/A       N/A        0.36      0.36       30.20    N/A           16.04    24.19    5.583    6.037    231   0    0     0     52.38  76.19  N/A         N/A          0.52         0.52         77.06  53.679   2.32     26.02       17.9        211      3.7      2.76          0.46    60.61     0.56    0.57    0.87    0.49    0.86     62.00   5.73    86.03   66.65   0.73    1610.30    14.44    68.32  
99   T0902TS444_1-D1     444s    50.33    100.00  99    0.21      0.21       0.36      0.36       29.22    0.01          15.70    24.16    5.461    6.287    231   0    0     0     49.35  72.73  0.22        0.22         0.37         0.37         72.73  47.441   2.29     24.26       14.9        200      3.1      1.77          0.49    50.87     0.53    0.52    0.85    0.61    0.85     78.70   5.73    84.28   61.99   0.72    1371.40    13.29    N/A    
100  T0902TS444_3-D1     444s    50.33    100.00  99    N/A       N/A        0.36      0.36       30.19    N/A           15.14    24.08    5.93     6.627    231   0    0     0     45.45  71.86  N/A         N/A          0.18         0.18         72.29  46.499   2.40     23.23       14.7        196      3.4      1.65          0.49    50.43     0.54    0.52    0.85    0.60    0.84     70.90   5.60    84.21   61.58   0.70    1352.00    14.22    N/A    
101  T0902TS275_5-D1     275s    50.22    100.00  101   N/A       N/A        0.35      0.35       30.84    N/A           15.53    25.57    6.232    6.832    231   1    0     0     48.92  69.70  N/A         N/A          0.35         0.35         72.73  48.815   2.34     23.82       17.3        207      3.7      3.40          0.53    61.69     0.55    0.58    0.82    0.51    0.82     76.50   5.60    85.12   68.82   0.72    1564.50    13.04    N/A    
102  T0902TS444_2-D1     444s    50.11    100.00  102   N/A       N/A        0.34      0.34       29.00    N/A           14.80    22.63    5.292    6.096    231   0    0     0     42.86  74.03  N/A         N/A          0.05         0.05         74.89  46.204   2.37     24.11       14.6        199      3.1      1.68          0.49    53.03     0.54    0.53    0.86    0.60    0.85     79.40   5.86    84.26   62.22   0.73    1341.50    12.85    N/A    
103  T0902TS405_3-D1     405s    50.00    100.00  103   N/A       N/A        0.34      0.34       29.33    N/A           15.32    21.34    5.917    6.458    231   0    0     0     43.72  69.70  N/A         N/A          0.09         0.09         71.43  46.648   2.46     24.11       17.1        210      3.9      3.52          0.51    58.66     0.54    0.56    0.85    0.51    0.84     63.30   5.60    85.35   66.20   0.70    1543.00    15.96    82.88  
104  T0902TS405_2-D1     405s    50.00    100.00  103   N/A       N/A        0.34      0.34       29.33    N/A           15.32    21.34    5.917    6.458    231   0    0     0     43.72  69.70  N/A         N/A          0.09         0.09         71.43  46.648   2.46     24.11       17.1        210      3.9      3.52          0.51    58.66     0.54    0.56    0.85    0.51    0.84     63.30   5.60    85.35   66.20   0.70    1543.00    15.96    82.88  
105  T0902TS405_1-D1     405s    50.00    100.00  103   0.19      0.19       0.34      0.34       29.33    0.03          15.32    21.34    5.917    6.458    231   0    0     0     43.72  69.70  -0.10       -0.10        0.09         0.09         71.43  46.648   2.46     24.11       17.1        210      3.9      3.52          0.51    58.66     0.54    0.56    0.85    0.51    0.84     63.30   5.60    85.35   66.20   0.70    1543.00    15.96    82.88  
106  T0902TS405_4-D1     405s    50.00    100.00  103   N/A       N/A        0.34      0.34       29.33    N/A           15.32    21.34    5.917    6.458    231   0    0     0     43.72  69.70  N/A         N/A          0.09         0.09         71.43  46.648   2.46     24.11       17.1        210      3.9      3.52          0.51    58.66     0.54    0.56    0.85    0.51    0.84     63.30   5.60    85.35   66.20   0.70    1543.00    15.96    82.88  
107  T0902TS405_5-D1     405s    50.00    100.00  103   N/A       N/A        0.34      0.34       29.33    N/A           15.32    21.34    5.917    6.458    231   0    0     0     43.72  69.70  N/A         N/A          0.09         0.09         71.43  46.648   2.46     24.11       17.1        210      3.9      3.52          0.51    58.66     0.54    0.56    0.85    0.51    0.84     63.30   5.60    85.35   66.20   0.70    1543.00    15.96    82.88  
108  T0902TS251_1-D1     251s    49.46    100.00  108   0.15      0.15       0.30      0.30       28.90    -0.02         14.33    23.09    5.465    6.003    231   0    0     0     50.22  74.46  0.27        0.27         0.41         0.41         75.76  48.252   2.38     26.60       17.9        211      3.8      2.59          0.44    60.39     0.55    0.56    0.87    0.50    0.85     63.30   5.33    85.55   65.13   0.72    1608.20    14.75    69.50  
109  T0902TS421_1-D1     421s    49.35    100.00  109   0.14      0.14       0.30      0.30       29.87    0.08          16.68    24.82    8.053    8.431    231   30   0     0     54.11  71.00  0.48        0.48         0.60         0.60         71.86  48.242   2.29     23.23       14.1        185      2.9      4.60          0.21    51.73     0.47    0.48    0.65    0.85    0.74     53.20   5.46    77.51   58.12   0.68    1303.50    45.55    N/A    
110  T0902TS251_5-D1     251s    48.48    100.00  110   N/A       N/A        0.24      0.24       28.25    N/A           15.68    21.82    5.782    6.345    231   0    0     0     44.59  67.53  N/A         N/A          0.13         0.13         67.97  46.657   2.30     25.87       17.5        212      4.2      2.55          0.45    61.69     0.56    0.58    0.87    0.47    0.85     62.20   5.86    85.91   66.85   0.70    1575.60    14.40    66.05  
111  T0902TS251_4-D1     251s    48.48    100.00  110   N/A       N/A        0.24      0.24       28.25    N/A           15.68    21.82    5.782    6.345    231   0    0     0     44.59  67.53  N/A         N/A          0.13         0.13         67.97  46.657   2.30     25.87       17.5        212      4.2      2.55          0.45    61.69     0.56    0.58    0.87    0.47    0.85     62.20   5.86    85.91   66.85   0.70    1575.60    14.40    66.05  
112  T0902TS180_1-D1     180s    48.16    100.00  112   0.05      0.05       0.22      0.22       29.33    0.03          14.86    22.83    6.756    7.195    231   2    0     0     42.86  70.13  -0.14       -0.14        0.05         0.05         74.46  51.18    2.26     22.35       16.5        198      2.9      2.97          0.34    46.54     0.49    0.47    0.74    0.79    0.81     64.10   5.33    -1.00   -1.00   0.73    1494.00    22.95    64.38  
113  T0902TS359_1-D1     359s    48.05    90.04   113   0.05      0.05       0.21      0.21       28.03    -0.11         14.95    20.39    4.645    5.328    208   1    0     0     40.26  64.94  -0.29       -0.29        -0.08        -0.08        65.80  43.142   2.40     23.32       15          198      3.8      3.50          0.43    57.79     0.47    0.51    0.75    0.48    0.84     64.83   6.11    80.33   60.24   0.66    1324.20    12.42    44.07  
114  T0902TS359_3-D1     359s    47.84    100.00  114   N/A       N/A        0.20      0.20       28.36    N/A           12.46    21.28    7.324    7.749    231   3    0     0     38.96  60.61  N/A         N/A          -0.14        -0.14        62.34  41.955   2.41     21.32       14.3        198      4.5      3.52          0.48    58.87     0.52    0.55    0.86    0.52    0.81     66.40   5.60    83.15   65.04   0.63    1316.60    12.64    51.29  
115  T0902TS359_2-D1     359s    47.84    100.00  114   N/A       N/A        0.20      0.20       28.36    N/A           12.46    21.28    7.324    7.749    231   3    0     0     38.96  60.61  N/A         N/A          -0.14        -0.14        62.34  41.955   2.41     21.32       14.3        198      4.5      3.52          0.48    58.87     0.52    0.55    0.86    0.52    0.81     66.40   5.60    83.15   65.04   0.63    1316.60    12.64    51.29  
116  T0902TS479_5-D1     479s    46.65    100.00  116   N/A       N/A        0.13      0.13       27.92    N/A           11.91    21.27    6.664    7.274    231   0    0     0     44.59  59.74  N/A         N/A          0.13         0.13         68.83  46.84    2.32     23.23       15.6        203      3.7      2.93          0.45    46.75     0.50    0.48    0.77    0.70    0.82     69.00   6.23    82.69   58.83   0.70    1422.00    15.84    67.11  
117  T0902TS180_2-D1     180s    46.54    100.00  117   N/A       N/A        0.12      0.12       25.32    N/A           10.56    17.74    5.164    6.237    231   0    0     0     29.44  77.06  N/A         N/A          -0.61        -0.61        79.65  56.545   2.09     25.72       18.4        208      2.8      3.15          0.31    39.18     0.47    0.43    0.81    0.74    0.83     58.50   6.11    -1.00   -1.00   0.77    1646.80    16.24    65.98  
118  T0902TS446_4-D1     446s    46.43    100.00  118   N/A       N/A        0.11      0.11       28.14    N/A           12.98    23.84    8.736    9.223    231   1    0     0     46.32  66.67  N/A         N/A          0.22         0.22         70.13  46.814   2.25     21.32       13.1        192      3.3      1.16          0.41    38.96     0.50    0.44    0.65    0.92    0.77     62.80   5.33    -1.00   -1.00   0.69    1220.70    41.21    69.48  
119  T0902TS183_4-D1     183s    46.32    100.00  119   N/A       N/A        0.10      0.10       27.92    N/A           11.89    22.32    6.711    7.322    231   0    0     0     45.02  61.90  N/A         N/A          0.16         0.16         71.00  46.197   2.35     22.94       15.5        204      3.8      3.09          0.45    46.54     0.49    0.47    0.76    0.70    0.82     63.40   6.11    82.53   58.30   0.70    1415.70    16.45    67.05  
120  T0902TS380_5-D1     380s    46.00    100.00  120   N/A       N/A        0.08      0.08       26.62    N/A           13.88    21.73    6.803    7.441    231   4    0     0     43.29  68.83  N/A         N/A          0.07         0.07         71.00  46.064   2.21     23.52       13.9        189      3.1      3.85          0.43    43.51     0.50    0.48    0.81    0.63    0.83     61.80   5.46    80.50   58.28   0.69    1289.60    20.96    N/A    
121  T0902TS026_5-D1     026s    46.00    100.00  120   N/A       N/A        0.08      0.08       26.62    N/A           13.88    21.73    6.803    7.441    231   4    0     0     43.29  68.83  N/A         N/A          0.07         0.07         71.00  46.064   2.21     23.52       13.9        189      3.1      3.85          0.43    43.51     0.50    0.48    0.81    0.63    0.83     61.80   5.46    80.50   58.28   0.69    1289.60    20.96    N/A    
122  T0902TS275_1-D1     275s    44.70    100.00  122   -0.19     -0.19      0.00      0.00       25.32    -0.40         12.02    20.14    8.233    8.589    231   0    0     0     40.69  65.80  -0.26       -0.26        -0.06        -0.06        68.40  45.273   2.32     23.23       14.1        198      4.5      3.53          0.47    54.11     0.52    0.51    0.75    0.66    0.78     57.50   5.46    82.13   61.67   0.66    1304.00    23.30    N/A    
123  T0902TS464_4-D1     464s    44.48    100.00  123   N/A       N/A        -0.01     -0.01      26.62    N/A           14.67    21.55    8.227    8.453    231   10   0     0     37.66  58.01  N/A         N/A          -0.21        -0.21        61.47  42.588   2.15     20.74       11.6        192      5.2      4.11          0.48    53.68     0.50    0.53    0.69    0.82    0.66     67.40   4.58    80.11   64.81   0.63    1100.00    14.89    52.49  
124  T0902TS359_5-D1     359s    44.37    100.00  124   N/A       N/A        -0.02     -0.02      24.68    N/A           10.99    19.31    7.604    7.923    231   8    0     0     36.36  61.47  N/A         N/A          -0.27        -0.27        67.10  41.112   2.42     23.08       15          202      4.3      4.06          0.45    52.60     0.49    0.49    0.62    0.88    0.73     67.00   6.11    78.73   61.62   0.66    1374.70    18.05    54.47  
125  T0902TS359_4-D1     359s    44.37    100.00  124   N/A       N/A        -0.02     -0.02      24.68    N/A           10.99    19.31    7.604    7.923    231   8    0     0     36.36  61.47  N/A         N/A          -0.27        -0.27        67.10  41.112   2.42     23.08       15          202      4.3      4.06          0.45    52.60     0.49    0.49    0.62    0.88    0.73     67.00   6.11    78.73   61.62   0.66    1374.70    18.05    54.47  
126  T0902TS479_4-D1     479s    44.26    100.00  126   N/A       N/A        -0.03     -0.03      24.68    N/A           11.58    18.85    6.455    7.07     231   0    0     0     38.96  68.83  N/A         N/A          -0.14        -0.14        71.00  45.669   2.35     23.52       15          203      3.4      3.15          0.45    47.84     0.51    0.49    0.80    0.66    0.80     60.70   6.23    79.77   59.75   0.69    1375.00    21.08    65.41  
127  T0902TS183_3-D1     183s    44.16    100.00  127   N/A       N/A        -0.03     -0.03      24.46    N/A           13.20    18.80    6.46     7.064    231   0    0     0     38.53  67.53  N/A         N/A          -0.16        -0.16        70.13  45.368   2.37     23.08       14.9        202      3.5      3.30          0.45    47.84     0.52    0.50    0.80    0.66    0.80     65.60   6.23    -1.00   -1.00   0.69    1368.60    21.06    65.41  
128  T0902TS464_1-D1     464s    43.51    100.00  128   -0.28     -0.28      -0.07     -0.07      25.98    -0.33         13.66    20.22    8.107    8.303    231   8    0     0     37.66  58.87  -0.43       -0.43        -0.21        -0.21        62.34  42.712   2.27     21.03       11.8        191      4.7      4.26          0.47    56.28     0.50    0.54    0.70    0.81    0.67     70.00   5.33    80.49   64.82   0.64    1118.50    15.00    53.05  
129  T0902TS452_3-D1     452s    43.40    100.00  129   N/A       N/A        -0.08     -0.08      25.86    N/A           12.15    20.82    6.473    7.237    231   3    0     0     37.66  62.34  N/A         N/A          -0.21        -0.21        68.40  44.349   2.35     19.13       13.8        197      3.7      3.57          0.42    39.83     0.48    0.44    0.78    0.66    0.81     61.50   6.23    79.43   54.07   0.69    1276.90    24.84    N/A    
130  T0902TS452_4-D1     452s    42.97    100.00  130   N/A       N/A        -0.11     -0.11      25.54    N/A           13.65    21.06    8.755    9.315    231   3    0     0     39.83  59.74  N/A         N/A          -0.10        -0.10        70.56  43.149   2.31     19.71       12.8        187      3.2      3.45          0.41    33.55     0.46    0.41    0.61    0.81    0.76     64.60   5.04    -1.00   -1.00   0.67    1199.10    54.64    N/A    
131  T0902TS446_2-D1     446s    42.64    100.00  131   N/A       N/A        -0.13     -0.13      26.41    N/A           14.65    22.88    12.662   12.921   231   0    0     0     42.42  61.04  N/A         N/A          0.03         0.03         62.77  43.293   2.15     18.39       10.6        180      4.1      1.34          0.39    30.09     0.51    0.42    0.50    0.98    0.79     58.20   5.19    -1.00   -1.00   0.62    1017.90    180.32   62.09  
132  T0902TS446_1-D1     446s    42.53    100.00  132   -0.35     -0.35      -0.14     -0.14      26.84    -0.24         12.83    22.41    12.908   13.182   231   1    0     0     42.42  58.44  -0.17       -0.17        0.03         0.03         60.17  41.641   2.14     18.98       10.3        180      4.2      1.07          0.38    29.65     0.51    0.41    0.49    0.96    0.79     62.30   4.58    72.21   51.91   0.62    996.00     190.51   60.92  
133  T0902TS446_3-D1     446s    41.77    94.37   133   N/A       N/A        -0.18     -0.18      25.11    N/A           14.88    21.56    8.055    8.676    218   1    0     0     41.99  64.94  N/A         N/A          0.01         0.01         65.80  44.016   2.19     19.21       11.9        183      4        1.21          0.37    35.50     0.47    0.39    0.62    0.86    0.73     51.62   4.89    72.20   48.95   0.63    1100.30    63.40    65.01  
134  T0902TS452_2-D1     452s    41.02    100.00  134   N/A       N/A        -0.23     -0.23      23.27    N/A           10.96    17.43    8.559    9.024    231   2    0     0     31.17  59.31  N/A         N/A          -0.53        -0.53        69.26  42.383   2.46     21.76       12.8        187      3.5      3.70          0.40    35.50     0.46    0.42    0.68    0.74    0.77     62.20   5.04    73.58   51.59   0.66    1195.50    49.87    N/A    
135  T0902TS464_3-D1     464s    38.53    100.00  135   N/A       N/A        -0.39     -0.39      22.30    N/A           10.48    14.87    9.027    9.236    231   24   0     0     30.30  45.89  N/A         N/A          -0.57        -0.57        52.38  34.035   2.48     17.07       11          187      7        4.49          0.47    51.95     0.49    0.53    0.66    1.13    0.59     57.80   5.19    74.60   63.87   0.57    1051.90    23.77    58.65  
136  T0902TS467_1-D1     467s    38.20    100.00  136   -0.66     -0.66      -0.41     -0.41      21.21    -0.85         10.75    17.84    8.243    8.612    231   0    0     0     30.30  54.98  -0.84       -0.84        -0.57        -0.57        57.14  37.032   2.48     18.39       12.5        197      5.8      1.71          0.45    45.02     0.51    0.48    0.71    0.82    0.76     65.40   4.89    78.15   57.48   0.59    1171.20    26.80    66.33  
137  T0902TS452_5-D1     452s    37.34    100.00  137   N/A       N/A        -0.46     -0.46      19.59    N/A           7.85     11.65    8.274    8.784    231   1    0     0     16.88  56.28  N/A         N/A          -1.23        -1.23        65.37  39.084   2.63     13.55       12.7        194      3.8      3.63          0.38    31.60     0.46    0.39    0.66    0.83    0.77     53.80   5.04    75.71   49.68   0.64    1188.60    26.18    N/A    
138  T0902TS180_4-D1     180s    29.22    100.00  138   N/A       N/A        -0.98     -0.98      12.99    N/A           4.36     8.21     9.879    10.531   231   0    0     0     12.55  49.35  N/A         N/A          -1.44        -1.44        58.44  36.584   2.46     10.62       9.6         175      3.9      3.02          0.24    24.24     0.43    0.30    0.53    1.18    0.71     51.30   3.50    64.59   42.73   0.60    939.10     42.45    45.67  
139  T0902TS180_3-D1     180s    28.68    100.00  139   N/A       N/A        -1.01     -1.01      13.10    N/A           5.44     8.80     10.079   10.628   231   0    0     0     15.15  49.35  N/A         N/A          -1.31        -1.31        59.31  35.806   2.55     15.31       9.5         172      4        2.98          0.28    24.24     0.43    0.32    0.53    1.19    0.70     51.70   5.04    -1.00   -1.00   0.59    934.00     41.53    45.59  
140  T0902TS451_4-D1     451s    26.08    100.00  140   N/A       N/A        -1.18     -1.18      12.55    N/A           4.22     8.36     11.566   12.023   231   5    0     0     13.42  37.66  N/A         N/A          -1.40        -1.40        41.13  23.352   2.72     7.10        3.2         146      6.2      2.92          0.34    31.82     0.45    0.36    0.64    1.15    0.68     52.60   4.42    65.70   48.03   0.44    408.00     32.09    N/A    
141  T0902TS180_5-D1     180s    25.11    100.00  141   N/A       N/A        -1.24     -1.24      11.04    N/A           3.84     7.56     11.537   11.989   231   11   0     0     13.42  26.84  N/A         N/A          -1.40        -1.40        34.20  20.65    2.90     10.62       2           99       4        3.98          0.20    29.44     0.41    0.38    0.48    1.37    0.67     34.90   3.29    -1.00   -1.00   0.44    303.50     38.52    42.06  
142  T0902TS451_2-D1     451s    23.81    100.00  142   N/A       N/A        -1.32     -1.32      11.90    N/A           2.60     7.04     12.135   12.753   231   2    0     0     12.99  29.44  N/A         N/A          -1.42        -1.42        35.50  22.953   2.60     7.25        4.1         160      8.4      2.91          0.33    24.68     0.44    0.34    0.66    1.22    0.65     48.60   3.70    62.61   47.24   0.41    494.50     33.98    N/A    
143  T0902TS451_3-D1     451s    21.54    100.00  143   N/A       N/A        -1.46     -1.46      11.37    N/A           2.62     5.92     14.478   14.518   231   1    0     0     13.42  24.68  N/A         N/A          -1.40        -1.40        27.27  18.42    2.38     5.20        3           136      9.3      2.70          0.32    28.57     0.45    0.32    0.59    1.19    0.58     57.60   3.50    63.57   45.71   0.33    403.30     69.49    N/A    
144  T0902TS451_1-D1     451s    21.32    100.00  144   -1.87     -1.87      -1.48     -1.48      10.28    -2.02         2.54     6.26     14.721   14.784   231   5    0     0     6.93   19.05  -2.14       -2.14        -1.72        -1.72        23.81  16.7     2.70     6.37        2.2         114      6        2.95          0.32    27.27     0.45    0.35    0.58    1.39    0.57     48.90   3.50    -1.00   -1.00   0.36    359.70     78.49    N/A    
145  T0902TS451_5-D1     451s    19.80    100.00  145   N/A       N/A        -1.57     -1.57      10.28    N/A           3.14     6.22     15.869   16.1     231   2    0     0     5.63   22.51  N/A         N/A          -1.78        -1.78        28.57  19.583   2.70     4.90        2.2         134      11       2.81          0.31    25.54     0.46    0.33    0.53    1.36    0.56     54.70   3.07    63.64   45.91   0.33    338.90     86.07    N/A    
146  T0902TS432_1-D1     432s    16.45    100.00  146   -2.22     -2.22      -1.78     -1.78      7.69     -2.30         2.43     3.56     16.068   16.362   231   0    0     0     0.87   15.15  -2.48       -2.48        -2.01        -2.01        20.35  16.131   2.32     2.56        0.2         49       8.8      1.25          0.28    23.81     0.45    0.28    0.40    1.80    0.53     42.20   3.07    50.62   41.31   0.30    107.90     73.75    N/A    
147  T0902TS432_3-D1     432s    14.83    100.00  147   N/A       N/A        -1.89     -1.89      7.68     N/A           2.74     5.39     16.286   16.348   231   1    0     0     0.87   12.55  N/A         N/A          -2.01        -2.01        24.68  15.582   2.63     3.44        0.7         39       3.5      1.46          0.28    22.29     0.46    0.27    0.43    1.64    0.51     43.60   1.99    50.42   42.42   0.34    72.00      61.42    N/A    
148  T0902TS432_5-D1     432s    14.07    100.00  148   N/A       N/A        -1.93     -1.93      8.12     N/A           2.12     3.66     20.984   21.499   231   0    0     0     0.00   4.33   N/A         N/A          -2.06        -2.06        20.78  14.257   2.66     4.02        0.3         56       11.2     1.32          0.27    22.08     0.47    0.29    0.31    1.73    0.47     40.10   2.83    49.44   43.15   0.25    113.80     93.85    N/A    
149  T0902TS432_2-D1     432s    13.74    100.00  149   N/A       N/A        -1.96     -1.96      7.69     N/A           0.77     3.56     18.009   18.146   231   1    0     0     0.87   13.42  N/A         N/A          -2.01        -2.01        20.78  12.175   2.86     3.59        0.5         77       10.6     1.31          0.28    22.73     0.46    0.27    0.42    1.63    0.50     43.00   1.99    48.17   43.38   0.23    166.60     77.76    N/A    
150  T0902TS432_4-D1     432s    13.74    100.00  149   N/A       N/A        -1.96     -1.96      8.22     N/A           2.67     5.40     17.849   18.198   231   0    0     0     0.00   0.00   N/A         N/A          -2.06        -2.06        19.91  13.046   2.61     1.68        0           0        N/A      1.30          0.27    22.94     0.45    0.27    0.38    1.77    0.47     41.50   2.30    46.59   40.88   0.24    N/A        85.46    N/A    
151  T0902TS434_2-D1     434s    13.20    100.00  151   N/A       N/A        -1.99     -1.99      6.17     N/A           2.16     3.69     23.255   23.498   231   1    0     0     2.60   17.75  N/A         N/A          -1.93        -1.93        24.24  15.632   2.52     1.53        0           0        N/A      2.63          0.22    16.02     0.41    0.22    0.33    1.81    0.55     33.20   2.30    42.61   37.10   0.27    N/A        200.24   83.12  
152  T0902TS434_4-D1     434s    12.01    100.00  152   N/A       N/A        -2.06     -2.06      7.04     N/A           1.26     3.67     22.56    23.074   231   0    0     0     0.87   10.82  N/A         N/A          -2.01        -2.01        19.48  13.142   2.64     2.56        0           0        N/A      2.73          0.20    14.72     0.41    0.21    0.20    2.33    0.51     26.80   1.64    38.45   36.09   0.24    N/A        200.10   82.75  
153  T0902TS464_5-D1     464s    11.26    100.00  153   N/A       N/A        -2.11     -2.11      6.38     N/A           1.21     3.99     41.418   42.472   231   4    0     0     1.30   8.66   N/A         N/A          -1.99        -1.99        19.05  10.904   2.63     2.41        0           0        N/A      3.50          0.17    12.55     0.38    0.15    0.17    2.85    0.47     27.30   3.29    30.30   30.00   0.20    N/A        1409.30  20.33  
154  T0902TS467_5-D1     467s    11.04    100.00  154   N/A       N/A        -2.13     -2.13      6.17     N/A           1.32     3.18     23.34    23.78    231   0    0     0     0.00   0.00   N/A         N/A          -2.06        -2.06        21.21  15.207   2.55     0.80        0           0        N/A      1.75          0.19    13.20     0.40    0.13    0.10    2.22    0.50     40.40   3.29    28.60   31.02   0.26    N/A        320.44   81.72  
155  T0902TS434_1-D1     434s    10.82    100.00  155   -2.62     -2.62      -2.14     -2.14      5.63     -2.52         0.59     2.07     21.878   22.261   231   0    0     0     2.16   7.79   -2.41       -2.41        -1.95        -1.95        23.38  13.674   2.82     0.65        0           0        N/A      2.92          0.20    14.94     0.40    0.19    0.15    2.03    0.51     42.30   1.24    35.24   35.18   0.28    N/A        146.48   86.37  
156  T0902TS455_2-D1     455s    10.61    100.00  156   N/A       N/A        -2.15     -2.15      5.62     N/A           1.14     3.54     21.6     22.013   231   8    0     0     0.43   3.46   N/A         N/A          -2.04        -2.04        13.85  8.61     2.56     0.51        0           0        N/A      3.97          0.18    10.17     0.34    0.07    -0.05   2.26    0.51     33.10   1.99    -1.00   -1.00   0.22    N/A        229.24   90.02  
157  T0902TS467_3-D1     467s    10.17    100.00  157   N/A       N/A        -2.18     -2.18      6.71     N/A           0.69     2.65     28.551   29.353   231   0    0     0     0.43   0.43   N/A         N/A          -2.04        -2.04        17.75  11.256   2.35     -0.23       0           0        N/A      1.70          0.19    13.42     0.41    0.13    0.04    2.43    0.50     45.40   1.64    27.66   30.42   0.21    N/A        413.82   83.24  
158  T0902TS434_3-D1     434s    10.06    100.00  158   N/A       N/A        -2.19     -2.19      5.52     N/A           1.31     2.70     21.352   21.679   231   0    0     0     0.87   6.93   N/A         N/A          -2.01        -2.01        20.35  13.242   2.66     0.65        0           0        N/A      2.69          0.20    12.34     0.40    0.18    0.24    2.06    0.48     36.70   1.24    38.31   34.28   0.25    N/A        114.59   83.73  
159  T0902TS464_2-D1     464s    9.96     100.00  159   N/A       N/A        -2.19     -2.19      6.38     N/A           1.27     3.30     38.146   38.449   231   3    0     0     0.00   0.00   N/A         N/A          -2.06        -2.06        14.72  10.101   2.85     1.09        0.1         28       3.5      3.40          0.15    10.39     0.38    0.11    -0.03   3.02    0.51     41.20   2.58    -1.00   -1.00   0.18    62.60      1148.84  21.18  
160  T0902TS028_2-D1     028s    9.85     99.57   160   N/A       N/A        -2.20     -2.20      6.39     N/A           0.60     2.54     28.367   28.972   230   3    0     0     0.43   0.00   N/A         N/A          -2.04        -2.04        18.61  12.089   2.99     0.36        0           0        N/A      3.23          0.15    9.74      0.37    0.12    0.13    2.74    0.46     32.86   3.50    23.17   28.10   0.25    N/A        570.62   91.18  
161  T0902TS434_5-D1     434s    9.74     100.00  161   N/A       N/A        -2.21     -2.21      4.87     N/A           1.16     2.13     19.674   19.92    231   0    0     0     0.87   1.73   N/A         N/A          -2.01        -2.01        18.61  10.499   2.73     0.80        0           0        N/A      3.10          0.18    11.47     0.39    0.18    0.20    2.13    0.50     25.00   2.58    34.17   33.30   0.24    N/A        159.04   85.17  
162  T0902TS028_5-D1     028s    9.52     99.57   162   N/A       N/A        -2.22     -2.22      6.17     N/A           1.07     2.58     30.915   31.529   230   3    0     0     0.00   7.36   N/A         N/A          -2.06        -2.06        18.18  13.424   2.66     -0.08       0           0        N/A      3.47          0.15    10.17     0.36    0.12    0.10    3.02    0.46     32.16   3.07    22.52   28.31   0.23    N/A        941.89   91.86  
163  T0902TS028_3-D1     028s    9.52     99.57   162   N/A       N/A        -2.22     -2.22      6.17     N/A           0.94     2.86     28.176   28.784   230   2    0     0     5.63   10.82  N/A         N/A          -1.78        -1.78        19.91  12.714   2.68     0.07        0           0        N/A      3.12          0.15    9.52      0.36    0.12    0.12    2.91    0.45     30.47   3.07    22.85   28.14   0.22    N/A        710.47   92.45  
164  T0902TS028_1-D1     028s    9.31     99.57   164   -2.73     -2.73      -2.24     -2.24      5.95     -2.49         0.45     2.17     27.967   28.552   230   3    0     0     0.43   4.76   -2.50       -2.50        -2.04        -2.04        21.21  12.501   2.84     0.36        0           0        N/A      3.54          0.15    9.96      0.36    0.12    0.11    2.79    0.47     33.06   3.29    23.60   28.14   0.27    N/A        665.75   93.11  
165  T0902TS028_4-D1     028s    9.31     99.57   164   N/A       N/A        -2.24     -2.24      5.84     N/A           2.15     3.75     27.56    28.04    230   3    0     0     0.00   3.90   N/A         N/A          -2.06        -2.06        17.32  12.279   2.36     0.22        0           0        N/A      3.48          0.15    10.39     0.36    0.12    0.12    2.81    0.46     30.47   3.07    24.06   28.17   0.23    N/A        689.34   91.67  
166  T0902TS467_4-D1     467s    8.87     100.00  166   N/A       N/A        -2.26     -2.26      5.52     N/A           1.06     1.58     24.619   25.045   231   2    0     0     2.16   4.33   N/A         N/A          -1.95        -1.95        19.48  11.602   2.69     0.80        0           0        N/A      1.78          0.18    9.09      0.38    0.07    -0.02   2.51    0.50     44.40   1.64    28.40   26.34   0.24    N/A        266.48   83.03  
167  T0902TS455_3-D1     455s    8.33     100.00  167   N/A       N/A        -2.30     -2.30      4.98     N/A           1.81     2.69     38.844   39.755   231   3    0     0     0.00   0.00   N/A         N/A          -2.06        -2.06        16.45  10.558   2.54     -0.37       0           0        N/A      3.54          0.16    7.79      0.36    0.08    -0.12   2.98    0.50     38.50   1.99    25.79   24.68   0.23    N/A        1865.91  94.01  
168  T0902TS455_5-D1     455s    8.01     100.00  168   N/A       N/A        -2.32     -2.32      4.22     N/A           0.34     1.94     25.164   26.182   231   5    0     0     0.43   0.43   N/A         N/A          -2.04        -2.04        16.02  9.101    2.84     -0.08       0           0        N/A      4.02          0.15    6.49      0.34    0.03    -0.11   2.45    0.50     26.20   1.64    23.90   22.23   0.24    N/A        344.68   92.60  
169  T0902TS455_4-D1     455s    7.90     100.00  169   N/A       N/A        -2.32     -2.32      4.54     N/A           0.69     1.85     25.771   26.475   231   4    0     0     0.00   0.00   N/A         N/A          -2.06        -2.06        18.61  8.572    2.69     -0.37       0           0        N/A      3.54          0.18    10.39     0.35    0.08    -0.05   2.42    0.52     18.60   1.24    -1.00   -1.00   0.23    N/A        272.47   92.51  
170  T0902TS455_1-D1     455s    7.79     100.00  170   -2.84     -2.84      -2.33     -2.33      4.00     -2.69         0.74     2.21     22.279   22.778   231   3    0     0     0.00   0.87   -2.53       -2.53        -2.06        -2.06        16.45  9.357    3.08     -0.08       0           0        N/A      3.18          0.16    8.23      0.34    0.08    -0.01   2.43    0.51     14.50   1.64    26.03   23.60   0.23    N/A        344.71   92.00  

