#    Model               GR#     GDT_TS   NP_P    RANK  Z-M1-GDT  Z-M1s-GDT  Z-MA-GDT  Z-MAs-GDT  GDT_HA   Z-M1s-GDT-HA  GDC_SC   GDC_ALL  RMS_CA   RMS_ALL  NP    err  PC01  PC05  AL0_P  AL4_P  Z-M1-AL0_p  Z-M1s-AL0_p  Z-MA-AL0_p   Z-MAs-AL0_p  ALI_P  LGA_S    RMSD[L]  Z-score[M]  Z-Score[D]  Al.Res.  RMSD[D]  MolPrb_Score  LDDT    SphGr     CAD_AA  RPF     CODM    DFM     Handed.  SOV     CE      QCS     CONTS   TMscore  Dali(raw)  FlexE    QSE    

1    T0906TS220_5-D1     220s    95.19    100.00  1     N/A       N/A        0.61      0.61       83.18    N/A           58.76    77.76    1.027    1.999    333   4    0     0     98.20  99.10  N/A         N/A          0.70         0.70         99.10  97.537   0.82     40.25       52.2        333      1        1.87          0.84    77.33     0.78    0.85    0.99    0.05    0.98     90.50   7.93    97.94   93.35   0.98    5472.90    2.46     21.79  
2    T0906TS220_4-D1     220s    95.19    100.00  1     N/A       N/A        0.61      0.61       83.33    N/A           59.48    77.81    1.007    2.006    333   4    0     0     0.00   0.00   N/A         N/A          -1.71        -1.71        0.00   97.658   0.85     40.25       52.3        333      1        1.73          0.84    79.58     0.79    0.85    0.99    0.04    0.98     90.80   7.93    98.02   93.72   0.98    5483.50    2.25     21.46  
3    T0906TS220_1-D1     220s    95.12    100.00  3     0.50      0.50       0.61      0.61       82.81    0.67          58.92    77.33    1.024    1.981    333   4    0     0     98.50  99.10  0.68        0.68         0.71         0.71         99.10  97.549   0.87     40.25       52.2        333      1        1.79          0.84    79.13     0.79    0.85    0.99    0.05    0.98     93.90   7.93    97.93   93.28   0.98    5467.00    2.39     21.41  
4    T0906TS220_3-D1     220s    95.05    100.00  4     N/A       N/A        0.60      0.60       82.51    N/A           59.71    77.96    1.014    1.949    333   4    0     0     98.50  99.10  N/A         N/A          0.71         0.71         99.10  97.728   0.85     40.25       52.1        333      1        2.06          0.84    79.58     0.79    0.85    0.99    0.05    0.98     91.90   7.93    97.67   92.76   0.98    5460.60    2.24     21.16  
5    T0906TS220_2-D1     220s    94.97    100.00  5     N/A       N/A        0.60      0.60       82.66    N/A           59.26    77.25    1.038    1.976    333   4    0     0     98.20  99.10  N/A         N/A          0.70         0.70         99.10  97.466   0.83     40.25       52          333      1        1.67          0.84    78.53     0.78    0.85    0.99    0.05    0.98     91.80   7.93    97.87   93.09   0.98    5453.60    2.35     21.35  
6    T0906TS005_4-D1     005s    94.75    100.00  6     N/A       N/A        0.59      0.59       80.56    N/A           58.11    76.47    1.071    1.928    333   4    0     0     97.60  98.80  N/A         N/A          0.68         0.68         98.80  97.4     0.86     40.25       52          333      1.1      1.22          0.83    80.63     0.77    0.86    0.99    0.05    0.98     91.40   7.93    97.94   93.72   0.98    5449.00    1.82     66.31  
7    T0906TS005_3-D1     005s    94.75    100.00  6     N/A       N/A        0.59      0.59       80.70    N/A           57.55    75.96    1.086    1.943    333   4    0     0     97.30  98.80  N/A         N/A          0.68         0.68         98.80  97.349   0.88     40.25       51.9        333      1.1      1.28          0.83    79.13     0.77    0.85    0.99    0.05    0.97     90.80   7.93    97.92   93.55   0.98    5441.80    1.81     64.68  
8    T0906TS005_5-D1     005s    94.67    100.00  8     N/A       N/A        0.59      0.59       81.01    N/A           58.92    76.38    1.121    1.927    333   4    0     0     97.30  98.50  N/A         N/A          0.68         0.68         98.50  97.164   0.93     40.25       51.8        333      1.1      1.28          0.84    81.68     0.78    0.86    0.99    0.05    0.97     94.20   7.93    97.89   93.43   0.98    5426.50    1.80     72.74  
9    T0906TS005_2-D1     005s    94.67    100.00  8     N/A       N/A        0.59      0.59       80.70    N/A           56.76    76.03    1.085    1.93     333   4    0     0     97.60  98.80  N/A         N/A          0.68         0.68         98.80  97.337   0.92     40.25       51.9        333      1.1      1.39          0.83    80.03     0.77    0.86    0.99    0.05    0.97     86.10   7.93    97.90   93.53   0.98    5436.40    1.85     71.36  
10   T0906TS313_5-D1     313s    94.44    100.00  10    N/A       N/A        0.58      0.58       80.93    N/A           51.87    74.20    1.176    2.147    333   0    0     0     97.60  97.90  N/A         N/A          0.68         0.68         97.90  97.109   0.87     40.12       51.3        333      1.2      1.95          0.81    70.87     0.75    0.83    0.99    0.06    0.97     86.90   7.84    97.74   92.96   0.98    5374.80    2.11     17.91  
11   T0906TS313_3-D1     313s    94.22    100.00  11    N/A       N/A        0.58      0.58       79.73    N/A           52.03    73.77    1.206    2.165    333   0    0     0     97.00  97.90  N/A         N/A          0.67         0.67         97.90  96.96    0.90     40.12       51          333      1.2      1.84          0.81    71.47     0.75    0.83    0.99    0.06    0.97     86.70   7.84    97.68   92.84   0.98    5353.70    2.17     18.09  
12   T0906TS005_1-D1     005s    94.22    100.00  11    0.47      0.47       0.58      0.58       80.18    0.55          57.89    75.92    1.147    2.018    333   4    0     0     97.00  98.20  0.64        0.64         0.67         0.67         98.20  97.101   0.98     40.25       51.7        333      1.1      1.24          0.83    80.18     0.77    0.86    0.99    0.06    0.97     91.40   7.93    97.87   93.43   0.98    5420.70    1.91     63.46  
13   T0906TS313_1-D1     313s    94.14    100.00  13    0.46      0.46       0.57      0.57       80.48    0.56          51.32    74.03    1.181    2.141    333   0    0     0     97.30  97.90  0.65        0.65         0.68         0.68         97.90  96.981   0.89     40.25       51.1        333      1.2      1.91          0.81    71.92     0.75    0.83    0.99    0.06    0.97     86.50   7.84    97.67   92.65   0.98    5355.50    2.15     18.00  
14   T0906TS425_2-D1     425s    94.07    100.00  14    N/A       N/A        0.57      0.57       79.66    N/A           46.99    72.29    1.228    2.202    333   4    0     0     96.70  98.20  N/A         N/A          0.66         0.66         98.20  96.574   0.91     40.12       51.1        333      1.2      2.88          0.80    70.12     0.73    0.83    0.99    0.06    0.97     92.50   7.84    97.75   93.15   0.98    5362.00    2.04     13.83  
15   T0906TS313_2-D1     313s    94.07    100.00  14    N/A       N/A        0.57      0.57       79.95    N/A           50.26    73.15    1.214    2.258    333   0    0     0     97.30  97.90  N/A         N/A          0.68         0.68         97.90  96.828   0.91     40.12       50.8        333      1.2      1.98          0.79    68.62     0.73    0.82    0.99    0.07    0.97     86.30   7.84    97.54   92.39   0.98    5332.80    2.26     18.15  
16   T0906TS425_1-D1     425s    93.99    100.00  16    0.46      0.46       0.57      0.57       79.28    0.51          51.29    73.20    1.21     2.215    333   4    0     0     97.00  97.90  0.64        0.64         0.67         0.67         97.90  96.898   0.91     40.25       50.9        333      1.2      2.78          0.81    72.97     0.74    0.84    0.99    0.06    0.97     89.80   7.84    97.67   92.69   0.98    5341.50    2.23     13.77  
17   T0906TS119_1-D1     119s    93.92    100.00  17    0.45      0.45       0.57      0.57       80.03    0.54          48.30    72.76    1.232    2.17     333   7    0     0     0.00   0.00   -1.81       -1.81        -1.71        -1.71        0.00   96.801   0.93     40.25       50.7        333      1.2      3.43          0.74    68.77     0.73    0.84    0.99    0.06    0.97     85.40   7.84    97.64   92.57   0.98    5317.30    2.40     51.41  
18   T0906TS349_1-D1     349s    93.92    100.00  17    0.45      0.45       0.57      0.57       80.03    0.54          52.25    73.71    1.232    2.165    333   7    0     0     97.00  97.90  0.64        0.64         0.67         0.67         97.90  96.801   0.93     40.25       50.7        333      1.2      2.76          0.79    72.07     0.74    0.83    0.99    0.06    0.97     85.40   7.84    97.64   92.57   0.98    5317.30    2.40     51.41  
19   T0906TS092_1-D1     092s    93.84    100.00  19    0.45      0.45       0.56      0.56       80.48    0.56          45.98    72.49    1.19     2.157    333   3    0     0     0.00   0.00   -1.81       -1.81        -1.71        -1.71        0.00   96.691   0.96     40.25       51          333      1.2      3.07          0.79    69.97     0.72    0.83    0.99    0.06    0.97     91.60   7.84    97.61   92.58   0.98    5348.50    2.23     13.74  
20   T0906TS048_1-D1     048s    93.84    100.00  19    0.45      0.45       0.56      0.56       80.48    0.56          45.98    72.49    1.19     2.157    333   3    0     0     97.00  98.50  0.64        0.64         0.67         0.67         98.50  96.691   0.96     40.25       51          333      1.2      3.07          0.79    69.97     0.72    0.83    0.99    0.06    0.97     91.60   7.84    97.61   92.58   0.98    5348.50    2.23     13.74  
21   T0906TS313_4-D1     313s    93.77    100.00  21    N/A       N/A        0.56      0.56       79.95    N/A           51.52    73.30    1.224    2.234    333   0    0     0     97.30  97.90  N/A         N/A          0.68         0.68         97.90  96.769   0.92     40.12       50.9        333      1.2      1.98          0.80    70.27     0.75    0.83    0.99    0.07    0.97     87.10   7.84    97.62   92.62   0.98    5338.40    2.26     18.22  
22   T0906TS425_5-D1     425s    93.77    100.00  21    N/A       N/A        0.56      0.56       79.81    N/A           48.84    73.09    1.138    2.159    333   3    0     0     97.30  98.80  N/A         N/A          0.68         0.68         98.80  97.065   0.93     40.25       51.4        333      1.1      2.84          0.81    74.47     0.74    0.84    0.99    0.05    0.97     92.50   7.84    97.77   93.19   0.98    5394.50    2.02     13.58  
23   T0906TS425_4-D1     425s    93.77    100.00  21    N/A       N/A        0.56      0.56       79.66    N/A           49.02    72.73    1.241    2.155    333   3    0     0     96.40  97.30  N/A         N/A          0.65         0.65         97.30  96.776   0.94     40.25       50.8        333      1.2      2.75          0.80    73.42     0.74    0.84    0.99    0.06    0.97     92.50   7.84    97.69   92.80   0.97    5327.90    2.20     13.93  
24   T0906TS077_4-D1     077s    93.77    100.00  21    N/A       N/A        0.56      0.56       79.66    N/A           50.62    72.92    1.234    2.193    333   4    0     0     96.10  97.60  N/A         N/A          0.65         0.65         97.60  96.749   0.94     40.25       50.8        333      1.2      2.86          0.81    73.72     0.74    0.84    0.99    0.06    0.97     92.20   7.84    97.65   92.65   0.97    5325.90    2.24     13.91  
25   T0906TS077_2-D1     077s    93.77    100.00  21    N/A       N/A        0.56      0.56       79.43    N/A           49.94    72.54    1.228    2.228    333   4    0     0     96.10  97.90  N/A         N/A          0.65         0.65         97.90  96.814   0.93     40.25       50.8        333      1.2      2.99          0.80    72.97     0.73    0.84    0.99    0.06    0.97     92.60   7.84    97.68   92.69   0.98    5325.50    2.27     13.88  
26   T0906TS077_1-D1     077s    93.69    100.00  26    0.44      0.44       0.56      0.56       78.98    0.49          50.23    72.78    1.212    2.203    333   4    0     0     96.40  98.20  0.63        0.63         0.65         0.65         98.20  96.581   0.95     40.25       51          332      1.2      2.77          0.81    73.42     0.74    0.84    0.99    0.06    0.97     89.80   7.84    97.56   92.60   0.98    5348.30    2.14     13.90  
27   T0906TS077_3-D1     077s    93.69    100.00  26    N/A       N/A        0.56      0.56       79.28    N/A           48.30    72.20    1.232    2.228    333   4    0     0     96.70  97.90  N/A         N/A          0.66         0.66         97.90  96.72    0.93     40.25       50.8        333      1.2      3.07          0.80    71.77     0.73    0.84    0.99    0.06    0.97     92.50   7.84    97.65   92.75   0.97    5329.80    2.21     13.93  
28   T0906TS425_3-D1     425s    93.62    100.00  28    N/A       N/A        0.56      0.56       79.58    N/A           48.36    72.90    1.421    2.306    333   3    0     0     96.70  97.60  N/A         N/A          0.66         0.66         97.60  96.22    0.88     40.12       50.9        333      1.4      2.97          0.80    71.77     0.73    0.84    0.99    0.06    0.97     91.20   7.84    97.73   93.02   0.97    5338.00    2.32     14.11  
29   T0906TS077_5-D1     077s    93.62    100.00  28    N/A       N/A        0.56      0.56       79.20    N/A           46.76    71.86    1.363    2.341    333   4    0     0     0.00   0.00   N/A         N/A          -1.71        -1.71        0.00   96.45    0.93     40.12       50.5        333      1.4      2.88          0.79    68.92     0.73    0.83    0.99    0.06    0.97     92.50   7.84    97.61   92.49   0.97    5301.80    2.45     14.29  
30   T0906TS479_5-D1     479s    93.62    100.00  28    N/A       N/A        0.56      0.56       78.83    N/A           40.83    69.06    1.144    2.251    333   0    0     0     97.00  98.50  N/A         N/A          0.67         0.67         98.50  96.698   1.03     40.25       50.9        333      1.1      2.73          0.76    60.51     0.70    0.81    0.99    0.06    0.97     93.00   7.84    97.40   92.15   0.98    5336.80    1.96     90.42  
31   T0906TS250_2-D1     250s    93.54    100.00  31    N/A       N/A        0.55      0.55       79.50    N/A           48.47    72.43    1.294    2.409    333   0    0     0     96.40  97.60  N/A         N/A          0.65         0.65         97.60  96.159   0.99     40.12       50.6        331      1.2      2.01          0.79    68.47     0.73    0.82    0.99    0.06    0.97     92.50   7.84    97.54   92.39   0.97    5305.60    2.20     96.09  
32   T0906TS183_3-D1     183s    93.54    100.00  31    N/A       N/A        0.55      0.55       79.58    N/A           42.55    69.80    1.218    2.409    333   0    0     0     96.40  97.30  N/A         N/A          0.65         0.65         97.30  96.627   0.97     40.25       50.7        333      1.2      2.78          0.76    60.66     0.70    0.81    0.99    0.06    0.97     90.60   7.84    97.53   92.41   0.97    5320.90    2.17     94.20  
33   T0906TS275_4-D1     275s    93.47    100.00  33    N/A       N/A        0.55      0.55       78.75    N/A           50.11    72.53    1.226    2.139    333   4    0     0     96.40  97.90  N/A         N/A          0.65         0.65         97.90  96.533   0.99     40.25       51.2        332      1.2      3.04          0.81    71.62     0.74    0.84    0.99    0.05    0.97     88.20   7.84    97.77   93.22   0.97    5364.00    1.19     N/A    
34   T0906TS382_5-D1     382s    93.39    100.00  34    N/A       N/A        0.55      0.55       78.60    N/A           48.14    71.83    1.193    2.251    333   4    0     0     96.40  98.50  N/A         N/A          0.65         0.65         98.50  96.531   0.98     40.25       50.5        333      1.2      3.05          0.78    67.42     0.72    0.82    0.99    0.06    0.97     92.30   7.84    97.48   92.17   0.98    5296.50    2.22     96.18  
35   T0906TS250_1-D1     250s    93.32    100.00  35    0.43      0.43       0.55      0.55       79.43    0.51          48.43    72.23    1.287    2.43     333   0    0     0     96.70  97.60  0.64        0.64         0.66         0.66         97.60  96.374   0.96     40.12       50.6        331      1.2      1.89          0.79    67.57     0.73    0.81    0.99    0.06    0.97     92.50   7.84    97.52   92.29   0.97    5304.00    2.26     96.13  
36   T0906TS250_5-D1     250s    93.32    100.00  35    N/A       N/A        0.55      0.55       79.28    N/A           47.67    71.94    1.287    2.425    333   0    0     0     96.70  97.60  N/A         N/A          0.66         0.66         97.60  96.336   0.94     40.12       50.6        331      1.2      1.86          0.79    66.97     0.73    0.82    0.99    0.06    0.97     92.50   7.84    97.53   92.34   0.97    5302.50    2.22     96.10  
37   T0906TS382_1-D1     382s    93.32    100.00  35    0.43      0.43       0.55      0.55       78.31    0.46          45.43    70.91    1.198    2.234    333   4    0     0     96.70  98.50  0.64        0.64         0.66         0.66         98.50  96.591   1.02     40.25       50.4        333      1.2      3.15          0.78    68.02     0.72    0.83    0.99    0.06    0.97     89.30   7.84    97.45   92.14   0.98    5291.40    2.26     96.08  
38   T0906TS250_4-D1     250s    93.32    100.00  35    N/A       N/A        0.55      0.55       79.28    N/A           48.17    72.00    1.29     2.425    333   0    0     0     96.70  97.60  N/A         N/A          0.66         0.66         97.60  96.358   0.95     40.12       50.5        331      1.2      1.88          0.79    68.17     0.73    0.82    0.99    0.06    0.97     92.50   7.84    97.53   92.37   0.97    5297.30    2.20     96.10  
39   T0906TS183_5-D1     183s    93.24    100.00  39    N/A       N/A        0.54      0.54       78.60    N/A           37.02    66.86    1.154    2.512    333   0    0     0     97.00  98.50  N/A         N/A          0.67         0.67         98.50  96.686   1.03     40.25       50.7        333      1.2      2.93          0.73    50.60     0.66    0.78    0.99    0.06    0.97     88.70   7.84    97.27   91.86   0.98    5317.10    2.07     95.63  
40   T0906TS275_5-D1     275s    93.24    100.00  39    N/A       N/A        0.54      0.54       78.23    N/A           50.60    72.46    1.286    2.198    333   4    0     0     96.70  98.20  N/A         N/A          0.66         0.66         98.20  96.361   0.94     39.99       51.3        332      1.2      3.02          0.81    71.02     0.74    0.85    0.99    0.05    0.97     90.10   7.84    97.82   93.32   0.97    5377.90    1.20     N/A    
41   T0906TS284_1-D1     284s    93.24    100.00  39    0.42      0.42       0.54      0.54       78.38    0.46          47.21    71.60    1.211    2.223    333   4    0     0     96.40  98.50  0.63        0.63         0.65         0.65         98.50  96.506   0.99     40.25       50.3        333      1.2      3.13          0.78    67.42     0.72    0.83    0.99    0.06    0.97     90.10   7.84    97.45   92.21   0.97    5277.50    2.27     14.51  
42   T0906TS250_3-D1     250s    93.24    100.00  39    N/A       N/A        0.54      0.54       78.83    N/A           47.41    71.85    1.303    2.466    333   0    0     0     96.70  97.90  N/A         N/A          0.66         0.66         97.90  96.28    0.97     40.12       50.5        331      1.2      1.87          0.79    68.02     0.73    0.82    0.99    0.06    0.97     92.50   7.84    97.50   92.26   0.97    5297.40    2.23     96.10  
43   T0906TS258_5-D1     258s    93.24    100.00  39    N/A       N/A        0.54      0.54       77.78    N/A           40.58    68.47    1.211    2.357    333   0    0     0     96.70  98.50  N/A         N/A          0.66         0.66         98.50  96.57    0.97     40.25       50.3        333      1.2      3.53          0.75    60.36     0.68    0.80    0.99    0.06    0.97     90.80   7.84    97.41   91.94   0.97    5281.00    2.13     13.97  
44   T0906TS028_1-D1     028s    93.17    100.00  44    0.42      0.42       0.54      0.54       79.13    0.50          48.03    71.70    1.454    2.41     333   4    0     0     95.50  97.90  0.61        0.61         0.63         0.63         97.90  96.204   1.03     40.12       50.4        329      1.1      3.19          0.79    69.37     0.72    0.83    0.99    0.06    0.97     90.50   7.84    97.00   91.84   0.97    5290.90    1.60     14.63  
45   T0906TS479_3-D1     479s    93.17    100.00  44    N/A       N/A        0.54      0.54       79.35    N/A           44.04    69.72    1.252    2.333    333   0    0     0     96.40  97.60  N/A         N/A          0.65         0.65         97.60  96.147   0.97     40.25       50.5        333      1.3      3.01          0.77    61.41     0.70    0.81    0.99    0.06    0.97     85.70   7.84    97.45   92.13   0.97    5303.20    2.36     93.97  
46   T0906TS382_2-D1     382s    93.17    100.00  44    N/A       N/A        0.54      0.54       77.70    N/A           47.59    70.82    1.211    2.266    333   3    0     0     97.00  98.50  N/A         N/A          0.67         0.67         98.50  96.585   1.00     40.25       50.2        333      1.2      3.22          0.78    67.27     0.71    0.83    0.99    0.06    0.97     90.80   7.84    97.51   92.34   0.97    5272.50    2.15     96.19  
47   T0906TS421_2-D1     421s    93.09    100.00  47    N/A       N/A        0.54      0.54       78.00    N/A           39.50    67.19    1.272    2.408    333   0    0     0     96.70  98.20  N/A         N/A          0.66         0.66         98.20  96.29    0.99     40.25       50.1        333      1.3      3.93          0.46    59.31     0.66    0.80    0.99    0.07    0.97     81.60   7.84    97.33   91.68   0.97    5258.50    2.37     N/A    
48   T0906TS382_4-D1     382s    93.09    100.00  47    N/A       N/A        0.54      0.54       78.00    N/A           42.32    69.70    1.224    2.334    333   4    0     0     96.40  98.20  N/A         N/A          0.65         0.65         98.20  96.331   0.99     40.25       50.2        333      1.2      3.06          0.77    64.56     0.72    0.82    0.99    0.06    0.97     92.00   7.84    97.40   91.97   0.97    5270.30    2.29     96.19  
49   T0906TS452_1-D1     452s    92.94    100.00  49    0.41      0.41       0.53      0.53       77.63    0.43          45.90    70.34    1.325    2.416    333   3    0     0     0.00   0.00   -1.81       -1.81        -1.71        -1.71        0.00   96.169   0.99     40.12       50          332      1.3      3.17          0.78    65.32     0.72    0.82    0.99    0.07    0.97     91.10   7.84    97.27   91.72   0.97    5240.30    2.30     95.31  
50   T0906TS479_1-D1     479s    92.94    100.00  49    0.41      0.41       0.53      0.53       77.63    0.43          43.36    69.07    1.222    2.24     333   0    0     0     97.00  97.90  0.64        0.64         0.67         0.67         97.90  96.402   1.00     40.25       50.3        333      1.2      2.55          0.77    65.77     0.71    0.82    0.99    0.06    0.97     92.30   7.84    97.36   92.02   0.97    5283.20    2.28     93.63  
51   T0906TS258_2-D1     258s    92.94    100.00  49    N/A       N/A        0.53      0.53       76.88    N/A           39.23    67.06    1.276    2.533    333   0    0     0     97.30  98.20  N/A         N/A          0.68         0.68         98.20  96.356   1.01     40.12       49.9        331      1.2      3.47          0.74    57.51     0.67    0.79    0.99    0.07    0.97     86.40   7.84    97.26   91.59   0.97    5233.40    2.34     14.19  
52   T0906TS382_3-D1     382s    92.87    100.00  52    N/A       N/A        0.53      0.53       78.00    N/A           44.80    70.56    1.257    2.343    333   3    0     0     96.40  97.90  N/A         N/A          0.65         0.65         97.90  96.345   1.05     40.25       50.2        333      1.3      3.00          0.78    67.12     0.72    0.82    0.99    0.06    0.97     89.60   7.84    97.46   92.12   0.97    5272.00    2.30     96.13  
53   T0906TS258_3-D1     258s    92.79    100.00  53    N/A       N/A        0.53      0.53       77.25    N/A           40.21    67.48    1.354    2.52     333   1    0     0     0.00   0.00   N/A         N/A          -1.71        -1.71        0.00   95.891   0.99     40.12       49.7        331      1.2      3.46          0.75    61.71     0.68    0.80    0.99    0.07    0.97     89.80   7.84    97.15   91.45   0.97    5211.20    2.53     14.47  
54   T0906TS183_1-D1     183s    92.79    100.00  53    0.40      0.40       0.53      0.53       78.45    0.47          41.32    69.04    1.21     2.347    333   0    0     0     97.30  98.20  0.65        0.65         0.68         0.68         98.20  96.171   0.98     40.25       50.6        333      1.2      2.77          0.75    61.71     0.69    0.80    0.99    0.06    0.97     91.10   7.84    97.54   92.40   0.97    5306.20    2.04     93.00  
55   T0906TS236_4-D1     236s    92.72    100.00  55    N/A       N/A        0.53      0.53       78.00    N/A           50.62    71.81    1.443    2.415    333   5    0     0     95.50  97.30  N/A         N/A          0.63         0.63         97.30  95.827   1.02     39.86       50.1        330      1.2      2.58          0.78    72.52     0.73    0.82    0.99    0.07    0.97     94.70   7.84    97.28   91.68   0.97    5259.20    2.63     86.38  
56   T0906TS166_1-D1     166s    92.72    100.00  55    0.40      0.40       0.53      0.53       77.85    0.44          46.73    70.81    1.5      2.516    333   4    0     0     83.78  85.29  0.31        0.31         0.34         0.34         85.29  95.905   1.01     39.86       49.8        330      1.2      2.98          0.78    65.77     0.72    0.82    0.99    0.07    0.97     90.20   7.84    97.04   91.59   0.97    5229.60    2.62     14.84  
57   T0906TS236_1-D1     236s    92.72    100.00  55    0.40      0.40       0.53      0.53       77.78    0.44          52.01    71.67    1.425    2.409    333   5    0     0     0.00   0.00   -1.81       -1.81        -1.71        -1.71        0.00   95.887   0.99     40.12       50.1        330      1.2      2.68          0.79    73.87     0.73    0.83    0.99    0.06    0.97     93.60   7.84    97.21   91.55   0.97    5260.60    2.53     86.67  
58   T0906TS464_3-D1     464s    92.64    100.00  58    N/A       N/A        0.52      0.52       78.38    N/A           42.77    69.72    1.37     2.42     333   2    0     0     94.59  97.60  N/A         N/A          0.61         0.61         97.60  95.827   1.01     40.12       50.1        332      1.3      3.33          0.76    64.11     0.70    0.82    0.99    0.08    0.97     92.00   7.84    97.42   91.84   0.97    5262.60    2.37     14.62  
59   T0906TS464_1-D1     464s    92.64    100.00  58    0.40      0.40       0.52      0.52       78.38    0.46          42.77    69.72    1.37     2.42     333   2    0     0     94.59  97.60  0.58        0.58         0.61         0.61         97.60  95.827   1.01     40.12       50.1        332      1.3      3.33          0.76    64.11     0.70    0.82    0.99    0.08    0.97     92.00   7.84    97.42   91.84   0.97    5262.60    2.37     14.62  
60   T0906TS016_1-D1     016s    92.49    100.00  60    0.39      0.39       0.52      0.52       78.60    0.48          46.15    70.97    1.421    2.513    333   3    0     0     94.29  96.70  0.57        0.57         0.60         0.60         96.70  95.49    1.00     40.12       49.9        331      1.3      3.33          0.79    67.72     0.72    0.83    0.99    0.08    0.97     89.20   7.84    97.30   91.64   0.97    5240.60    2.40     14.90  
61   T0906TS464_4-D1     464s    92.49    100.00  60    N/A       N/A        0.52      0.52       78.38    N/A           43.16    70.04    1.359    2.46     333   2    0     0     94.89  97.60  N/A         N/A          0.62         0.62         97.60  95.779   1.00     40.12       50.1        331      1.3      3.28          0.78    65.17     0.71    0.82    0.99    0.08    0.97     92.00   7.84    97.44   91.86   0.97    5261.30    2.36     14.56  
62   T0906TS495_4-D1     495s    92.34    100.00  62    N/A       N/A        0.51      0.51       76.65    N/A           44.23    69.28    1.581    2.444    333   1    0     0     95.20  96.70  N/A         N/A          0.62         0.62         96.70  95.486   0.96     39.99       48.7        330      1.4      3.13          0.75    61.56     0.71    0.80    0.99    0.08    0.97     90.10   7.84    96.83   90.53   0.96    5118.70    5.83     95.74  
63   T0906TS287_2-D1     287s    92.34    100.00  62    N/A       N/A        0.51      0.51       77.85    N/A           52.21    71.80    1.418    2.295    333   3    0     0     95.50  97.90  N/A         N/A          0.63         0.63         97.90  96.059   1.00     39.99       50.4        329      1.1      2.63          0.80    73.87     0.73    0.83    0.99    0.05    0.97     89.40   7.84    96.84   91.51   0.97    5291.80    1.45     87.96  
64   T0906TS421_1-D1     421s    92.27    100.00  64    0.38      0.38       0.51      0.51       77.18    0.41          37.75    66.16    1.541    2.701    333   0    0     0     95.50  97.90  0.61        0.61         0.63         0.63         97.90  95.91    1.01     39.86       49.8        330      1.2      4.08          0.42    55.26     0.65    0.78    0.99    0.07    0.97     80.70   7.84    96.47   91.18   0.97    5226.40    2.77     N/A    
65   T0906TS495_3-D1     495s    92.27    100.00  64    N/A       N/A        0.51      0.51       76.58    N/A           44.14    69.41    1.506    2.408    333   1    0     0     94.89  97.30  N/A         N/A          0.62         0.62         97.30  95.528   0.98     39.99       48.9        332      1.4      3.14          0.75    61.71     0.71    0.80    0.99    0.07    0.97     90.10   7.84    96.87   90.68   0.97    5140.70    3.78     95.84  
66   T0906TS446_2-D1     446s    92.19    100.00  66    N/A       N/A        0.51      0.51       76.65    N/A           50.49    71.46    1.566    2.441    333   3    0     0     94.89  96.40  N/A         N/A          0.62         0.62         96.40  95.293   1.01     40.12       49.5        333      1.6      1.41          0.79    69.82     0.75    0.82    0.99    0.08    0.97     92.80   7.84    97.12   91.20   0.97    5200.70    2.83     92.72  
67   T0906TS236_2-D1     236s    92.19    100.00  66    N/A       N/A        0.51      0.51       77.10    N/A           50.84    70.99    1.45     2.437    333   5    0     0     0.00   0.00   N/A         N/A          -1.71        -1.71        0.00   95.748   1.05     40.12       49.8        330      1.2      2.72          0.77    70.72     0.72    0.82    0.99    0.07    0.97     93.60   7.84    96.96   90.97   0.97    5226.50    2.62     86.76  
68   T0906TS380_5-D1     380s    92.12    100.00  68    N/A       N/A        0.51      0.51       76.28    N/A           46.94    70.24    1.287    2.283    333   4    0     0     95.80  97.90  N/A         N/A          0.64         0.64         97.90  95.858   1.03     40.25       49.2        332      1.3      3.40          0.76    69.07     0.70    0.82    0.99    0.08    0.97     90.70   7.84    96.90   90.35   0.97    5172.60    2.47     N/A    
69   T0906TS183_4-D1     183s    92.12    100.00  68    N/A       N/A        0.51      0.51       77.10    N/A           37.46    66.25    1.292    2.464    333   0    0     0     95.50  98.20  N/A         N/A          0.63         0.63         98.20  95.784   1.05     40.25       49.9        331      1.2      3.06          0.73    52.85     0.66    0.78    0.99    0.08    0.97     90.60   7.84    97.24   91.37   0.97    5235.50    1.60     96.50  
70   T0906TS026_5-D1     026s    92.12    100.00  68    N/A       N/A        0.51      0.51       76.28    N/A           46.94    70.24    1.287    2.283    333   4    0     0     95.80  97.90  N/A         N/A          0.64         0.64         97.90  95.858   1.03     40.25       49.2        332      1.3      3.40          0.76    69.07     0.70    0.82    0.99    0.08    0.97     90.70   7.84    96.90   90.35   0.97    5172.60    2.47     N/A    
71   T0906TS287_5-D1     287s    92.04    100.00  71    N/A       N/A        0.50      0.50       77.40    N/A           49.40    71.24    1.454    2.331    333   5    0     0     95.20  97.90  N/A         N/A          0.62         0.62         97.90  95.884   1.03     39.86       50.3        329      1.1      2.63          0.78    71.62     0.73    0.83    0.99    0.05    0.97     89.40   7.84    96.70   91.39   0.97    5280.10    1.59     87.97  
72   T0906TS479_4-D1     479s    92.04    100.00  71    N/A       N/A        0.50      0.50       76.65    N/A           36.93    65.73    1.283    2.488    333   0    0     0     96.40  98.20  N/A         N/A          0.65         0.65         98.20  95.931   1.04     40.12       49.9        331      1.2      2.93          0.73    51.65     0.66    0.78    0.99    0.08    0.97     86.70   7.84    97.25   91.37   0.97    5237.60    1.56     96.53  
73   T0906TS359_1-D1     359s    92.04    100.00  71    0.37      0.37       0.50      0.50       76.20    0.36          50.25    69.59    1.269    2.104    333   5    0     0     0.00   0.00   -1.81       -1.81        -1.71        -1.71        0.00   96.055   0.98     40.25       50.6        333      1.3      3.21          0.78    72.97     0.73    0.81    0.99    0.06    0.97     94.00   7.84    97.53   92.32   0.97    5311.00    2.12     14.31  
74   T0906TS359_2-D1     359s    92.04    100.00  71    N/A       N/A        0.50      0.50       76.20    N/A           50.25    69.59    1.269    2.104    333   5    0     0     96.70  98.20  N/A         N/A          0.66         0.66         98.20  96.055   0.98     40.25       50.6        333      1.3      3.21          0.78    72.97     0.73    0.81    0.99    0.06    0.97     94.00   7.84    97.53   92.32   0.97    5311.00    2.12     14.31  
75   T0906TS357_1-D1     357s    91.97    100.00  75    0.37      0.37       0.50      0.50       74.85    0.30          34.42    62.89    1.44     2.809    333   0    0     0     95.80  97.00  0.61        0.61         0.64         0.64         97.00  95.385   1.00     40.12       48.9        333      1.4      4.38          0.70    44.29     0.62    0.76    0.99    0.08    0.97     58.40   7.84    96.79   90.02   0.97    5135.70    2.84     22.34  
76   T0906TS287_4-D1     287s    91.97    100.00  75    N/A       N/A        0.50      0.50       77.40    N/A           50.77    71.42    1.431    2.349    333   5    0     0     95.50  97.90  N/A         N/A          0.63         0.63         97.90  95.895   1.01     39.99       50.4        329      1.1      2.66          0.79    70.87     0.72    0.83    0.99    0.05    0.97     90.30   7.84    96.84   91.46   0.97    5288.80    1.54     88.08  
77   T0906TS287_1-D1     287s    91.97    100.00  75    0.37      0.37       0.50      0.50       76.88    0.39          50.87    71.26    1.447    2.3      333   5    0     0     94.89  97.90  0.59        0.59         0.62         0.62         97.90  95.924   0.99     39.86       50.3        329      1.1      2.66          0.79    70.57     0.72    0.83    0.99    0.05    0.97     89.40   7.84    96.74   91.44   0.97    5283.60    1.57     88.03  
78   T0906TS421_4-D1     421s    91.89    100.00  78    N/A       N/A        0.50      0.50       75.37    N/A           38.14    64.68    1.276    2.33     333   0    0     0     96.10  98.50  N/A         N/A          0.65         0.65         98.50  96.373   1.06     40.25       50          332      1.1      4.11          0.47    50.45     0.63    0.78    0.99    0.06    0.97     86.10   7.84    96.83   90.01   0.97    5253.00    1.96     N/A    
79   T0906TS287_3-D1     287s    91.74    100.00  79    N/A       N/A        0.49      0.49       76.95    N/A           50.59    71.22    1.44     2.306    333   5    0     0     95.50  97.90  N/A         N/A          0.63         0.63         97.90  95.739   1.01     39.99       50.3        329      1.1      2.65          0.79    71.17     0.73    0.83    0.99    0.05    0.97     89.40   7.84    96.74   91.43   0.97    5280.90    1.58     88.12  
80   T0906TS275_3-D1     275s    91.59    100.00  80    N/A       N/A        0.49      0.49       74.40    N/A           46.65    68.06    1.348    2.383    333   5    0     0     96.10  97.90  N/A         N/A          0.65         0.65         97.90  95.711   1.07     40.12       49.6        333      1.3      2.96          0.79    70.42     0.73    0.83    0.99    0.07    0.97     92.90   7.84    97.22   91.29   0.97    5215.90    2.29     N/A    
81   T0906TS407_3-D1     407s    91.52    100.00  81    N/A       N/A        0.49      0.49       75.30    N/A           43.45    67.56    1.412    2.458    333   2    0     0     0.00   0.00   N/A         N/A          -1.71        -1.71        0.00   95.477   1.03     40.12       49.2        331      1.3      2.58          0.75    61.26     0.68    0.79    0.99    0.08    0.97     87.50   7.84    96.71   90.40   0.97    5163.40    2.52     14.89  
82   T0906TS258_1-D1     258s    91.44    100.00  82    0.35      0.35       0.48      0.48       75.15    0.31          42.05    66.96    1.426    2.522    333   0    0     0     0.00   0.00   -1.81       -1.81        -1.71        -1.71        0.00   95.517   1.06     40.12       49.6        333      1.4      3.38          0.76    61.56     0.68    0.81    0.99    0.06    0.97     85.10   7.84    97.40   92.11   0.97    5209.40    2.19     14.77  
83   T0906TS275_2-D1     275s    91.37    100.00  83    N/A       N/A        0.48      0.48       74.62    N/A           48.12    68.83    1.388    2.27     333   4    0     0     95.80  97.60  N/A         N/A          0.64         0.64         97.60  95.567   1.01     40.12       49.8        333      1.4      3.07          0.79    70.27     0.73    0.83    0.99    0.07    0.97     94.60   7.84    97.25   91.35   0.97    5227.10    2.21     N/A    
84   T0906TS444_4-D1     444s    91.37    100.00  83    N/A       N/A        0.48      0.48       75.30    N/A           48.83    69.59    1.266    2.346    333   0    0     0     96.40  98.80  N/A         N/A          0.65         0.65         98.80  95.569   1.07     40.25       49.5        333      1.3      1.63          0.77    65.32     0.72    0.82    0.99    0.08    0.97     92.10   7.84    96.77   90.64   0.97    5198.00    2.95     N/A    
85   T0906TS444_1-D1     444s    91.37    100.00  83    0.35      0.35       0.48      0.48       74.02    0.26          48.33    69.07    1.28     2.315    333   0    0     0     96.70  98.20  0.64        0.64         0.66         0.66         98.20  95.746   1.08     40.25       49.7        333      1.3      1.51          0.79    70.27     0.74    0.82    0.99    0.07    0.97     94.30   7.84    97.02   91.01   0.97    5214.30    2.56     N/A    
86   T0906TS275_1-D1     275s    91.37    100.00  83    0.35      0.35       0.48      0.48       74.25    0.27          47.25    68.59    1.301    2.249    333   4    0     0     96.40  97.60  0.63        0.63         0.65         0.65         97.60  95.706   1.06     40.25       49.8        333      1.3      2.96          0.79    70.87     0.73    0.83    0.99    0.07    0.97     92.10   7.84    97.19   91.23   0.97    5229.30    2.16     N/A    
87   T0906TS495_1-D1     495s    91.29    100.00  87    0.34      0.34       0.48      0.48       75.68    0.34          49.06    70.24    1.678    2.466    333   0    0     0     95.20  96.70  0.60        0.60         0.62         0.62         96.70  94.988   1.00     39.99       48.6        329      1.4      1.74          0.78    68.32     0.73    0.81    0.98    0.08    0.97     88.90   7.84    96.48   89.97   0.96    5109.30    7.32     95.71  
88   T0906TS357_2-D1     357s    91.22    100.00  88    N/A       N/A        0.48      0.48       73.72    N/A           33.29    61.30    1.435    2.7      333   0    0     0     96.40  97.30  N/A         N/A          0.65         0.65         97.30  95.152   1.02     39.99       48.4        333      1.4      4.43          0.68    42.04     0.60    0.75    0.99    0.09    0.97     51.00   7.84    96.33   88.66   0.97    5082.60    2.95     21.35  
89   T0906TS258_4-D1     258s    91.22    100.00  88    N/A       N/A        0.48      0.48       73.80    N/A           43.36    66.26    1.278    2.231    333   0    0     0     0.00   0.00   N/A         N/A          -1.71        -1.71        0.00   95.904   1.10     40.25       49.7        332      1.2      3.67          0.75    60.51     0.68    0.81    0.99    0.06    0.97     92.90   7.84    96.87   90.31   0.97    5213.90    1.40     14.80  
90   T0906TS421_5-D1     421s    91.22    100.00  88    N/A       N/A        0.48      0.48       74.10    N/A           37.93    64.31    1.628    2.638    333   0    0     0     95.50  98.20  N/A         N/A          0.63         0.63         98.20  95.785   1.00     40.12       49.4        328      1.1      4.09          0.47    49.55     0.63    0.78    0.98    0.08    0.97     87.10   7.84    95.98   89.27   0.97    5189.30    3.90     N/A    
91   T0906TS357_5-D1     357s    91.07    100.00  91    N/A       N/A        0.47      0.47       73.80    N/A           29.92    60.94    1.413    2.838    333   0    0     0     0.00   0.00   N/A         N/A          -1.71        -1.71        0.00   95.174   1.02     40.12       48.4        333      1.4      4.42          0.67    38.89     0.60    0.73    0.99    0.08    0.97     49.90   7.84    96.42   88.89   0.97    5088.90    2.76     23.68  
92   T0906TS359_3-D1     359s    91.07    100.00  91    N/A       N/A        0.47      0.47       73.80    N/A           49.57    67.46    1.387    2.199    333   4    0     0     96.40  97.90  N/A         N/A          0.65         0.65         97.90  95.592   1.08     40.12       49.9        332      1.3      2.96          0.77    71.62     0.72    0.81    0.99    0.07    0.97     92.70   7.84    97.22   91.57   0.97    5235.80    2.44     14.91  
93   T0906TS357_4-D1     357s    90.99    100.00  93    N/A       N/A        0.47      0.47       73.05    N/A           33.09    61.44    1.402    2.656    333   0    0     0     96.10  97.30  N/A         N/A          0.65         0.65         97.30  95.208   1.05     40.25       48.2        333      1.4      4.44          0.68    43.84     0.61    0.75    0.99    0.08    0.97     56.20   7.84    96.32   88.81   0.97    5067.10    2.89     23.44  
94   T0906TS444_2-D1     444s    90.92    100.00  94    N/A       N/A        0.46      0.46       72.45    N/A           46.18    67.46    1.306    2.282    333   0    0     0     96.40  98.80  N/A         N/A          0.65         0.65         98.80  95.511   1.14     40.25       49.1        333      1.3      1.59          0.77    66.97     0.72    0.82    0.99    0.07    0.97     93.50   7.84    96.79   90.51   0.97    5161.50    2.48     N/A    
95   T0906TS284_2-D1     284s    90.84    100.00  95    N/A       N/A        0.46      0.46       73.72    N/A           47.39    68.18    1.311    2.201    333   5    0     0     95.50  98.20  N/A         N/A          0.63         0.63         98.20  95.559   1.11     40.25       49.6        333      1.3      3.08          0.79    69.97     0.72    0.83    0.99    0.07    0.97     94.60   7.84    97.07   90.79   0.97    5208.10    2.40     15.33  
96   T0906TS236_3-D1     236s    90.84    100.00  95    N/A       N/A        0.46      0.46       74.10    N/A           49.61    68.86    1.511    2.379    333   5    0     0     94.29  97.90  N/A         N/A          0.60         0.60         97.90  95.312   1.08     39.99       49.8        329      1.2      2.73          0.76    70.87     0.72    0.82    0.99    0.06    0.97     91.80   7.84    96.41   90.82   0.97    5232.40    1.71     86.61  
97   T0906TS407_2-D1     407s    90.77    100.00  97    N/A       N/A        0.46      0.46       74.02    N/A           43.39    66.12    1.559    2.637    333   2    0     0     0.00   0.00   N/A         N/A          -1.71        -1.71        0.00   95.017   1.13     39.99       48.8        331      1.3      2.69          0.74    58.86     0.68    0.79    0.99    0.09    0.96     79.50   7.84    96.37   89.66   0.96    5129.80    2.67     15.46  
98   T0906TS380_1-D1     380s    90.69    100.00  98    0.32      0.32       0.46      0.46       72.45    0.19          44.34    67.07    1.2      2.056    333   5    0     0     97.60  99.10  0.66        0.66         0.68         0.68         99.10  95.714   1.08     40.25       49.2        333      1.2      3.68          0.75    66.07     0.69    0.82    0.99    0.07    0.97     75.40   7.84    96.26   88.73   0.97    5163.20    1.53     N/A    
99   T0906TS026_1-D1     026s    90.69    100.00  98    0.32      0.32       0.46      0.46       72.45    0.19          44.34    67.07    1.2      2.056    333   5    0     0     97.60  99.10  0.66        0.66         0.68         0.68         99.10  95.714   1.08     40.25       49.2        333      1.2      3.68          0.75    66.07     0.69    0.82    0.99    0.07    0.97     75.40   7.84    96.26   88.73   0.97    5163.20    1.53     N/A    
100  T0906TS026_2-D1     026s    90.69    100.00  98    N/A       N/A        0.46      0.46       72.45    N/A           44.34    67.07    1.2      2.056    333   5    0     0     97.60  99.10  N/A         N/A          0.68         0.68         99.10  95.714   1.08     40.25       49.2        333      1.2      3.68          0.75    66.07     0.69    0.82    0.99    0.07    0.97     75.40   7.84    96.26   88.73   0.97    5163.20    1.53     N/A    
101  T0906TS357_3-D1     357s    90.69    100.00  98    N/A       N/A        0.46      0.46       72.90    N/A           34.60    61.69    1.444    2.703    333   0    0     0     95.80  97.30  N/A         N/A          0.64         0.64         97.30  95.128   1.04     39.99       48.3        333      1.4      4.39          0.68    43.24     0.61    0.76    0.99    0.09    0.97     52.70   7.84    96.33   88.85   0.97    5077.50    2.92     25.21  
102  T0906TS407_1-D1     407s    90.69    100.00  98    0.32      0.32       0.46      0.46       72.60    0.19          43.37    65.43    1.561    2.63     333   2    0     0     93.69  96.70  0.56        0.56         0.59         0.59         96.70  94.563   1.12     39.99       47.9        332      1.5      2.58          0.74    58.26     0.68    0.78    0.99    0.08    0.96     87.80   7.84    96.38   88.69   0.96    5039.00    2.91     15.69  
103  T0906TS345_3-D1     345s    90.69    100.00  98    N/A       N/A        0.46      0.46       74.55    N/A           48.22    68.75    1.45     2.304    333   2    0     0     94.29  97.90  N/A         N/A          0.60         0.60         97.90  95.154   1.11     40.12       49.5        330      1.2      2.56          0.76    67.72     0.71    0.81    0.99    0.06    0.97     87.80   7.84    96.41   90.31   0.97    5194.60    1.57     82.06  
104  T0906TS380_2-D1     380s    90.69    100.00  98    N/A       N/A        0.46      0.46       72.45    N/A           44.34    67.07    1.2      2.056    333   5    0     0     97.60  99.10  N/A         N/A          0.68         0.68         99.10  95.714   1.08     40.25       49.2        333      1.2      3.68          0.75    66.07     0.69    0.82    0.99    0.07    0.97     75.40   7.84    96.26   88.73   0.97    5163.20    1.53     N/A    
105  T0906TS495_2-D1     495s    90.54    100.00  105   N/A       N/A        0.45      0.45       72.90    N/A           46.87    67.57    1.434    2.417    333   0    0     0     95.50  97.60  N/A         N/A          0.63         0.63         97.60  95.16    1.13     40.25       49          332      1.3      1.83          0.78    67.12     0.73    0.81    0.99    0.08    0.97     87.20   7.84    96.61   89.83   0.97    5150.80    5.00     95.99  
106  T0906TS495_5-D1     495s    90.54    100.00  105   N/A       N/A        0.45      0.45       73.50    N/A           40.94    66.47    1.614    2.565    333   1    0     0     94.59  96.40  N/A         N/A          0.61         0.61         96.40  94.904   1.17     40.12       48.6        331      1.4      3.22          0.74    62.31     0.70    0.80    0.98    0.09    0.97     95.40   7.84    96.65   89.66   0.96    5105.40    6.31     95.86  
107  T0906TS380_4-D1     380s    90.39    100.00  107   N/A       N/A        0.45      0.45       72.67    N/A           44.44    67.04    1.443    2.343    333   3    0     0     95.20  97.60  N/A         N/A          0.62         0.62         97.60  94.921   1.15     40.12       48.7        332      1.4      3.76          0.76    66.52     0.70    0.81    0.99    0.07    0.97     86.80   7.84    96.71   89.47   0.96    5114.40    1.48     N/A    
108  T0906TS026_4-D1     026s    90.39    100.00  107   N/A       N/A        0.45      0.45       72.67    N/A           44.44    67.04    1.443    2.343    333   3    0     0     95.20  97.60  N/A         N/A          0.62         0.62         97.60  94.921   1.15     40.12       48.7        332      1.4      3.76          0.76    66.52     0.70    0.81    0.99    0.07    0.97     86.80   7.84    96.71   89.47   0.96    5114.40    1.48     N/A    
109  T0906TS380_3-D1     380s    90.39    100.00  107   N/A       N/A        0.45      0.45       72.67    N/A           44.44    67.04    1.443    2.343    333   3    0     0     95.20  97.60  N/A         N/A          0.62         0.62         97.60  94.921   1.15     40.12       48.7        332      1.4      3.76          0.76    66.52     0.70    0.81    0.99    0.07    0.97     86.80   7.84    96.71   89.47   0.96    5114.40    1.48     N/A    
110  T0906TS446_1-D1     446s    90.39    100.00  107   0.30      0.30       0.45      0.45       74.47    0.28          50.30    69.93    1.414    2.354    333   3    0     0     95.50  97.60  0.61        0.61         0.63         0.63         97.60  94.892   1.10     40.25       49.2        333      1.4      1.37          0.80    70.72     0.75    0.83    0.99    0.09    0.97     92.10   7.84    97.04   91.18   0.97    5171.90    2.95     93.62  
111  T0906TS026_3-D1     026s    90.39    100.00  107   N/A       N/A        0.45      0.45       72.67    N/A           44.44    67.04    1.443    2.343    333   3    0     0     95.20  97.60  N/A         N/A          0.62         0.62         97.60  94.921   1.15     40.12       48.7        332      1.4      3.76          0.76    66.52     0.70    0.81    0.99    0.07    0.97     86.80   7.84    96.71   89.47   0.96    5114.40    1.48     N/A    
112  T0906TS405_5-D1     405s    90.24    100.00  112   N/A       N/A        0.44      0.44       74.55    N/A           44.40    67.19    3.28     3.77     333   5    0     0     93.39  94.59  N/A         N/A          0.58         0.58         94.59  93.499   1.13     39.20       47.7        324      1.4      3.31          0.76    62.61     0.70    0.80    0.95    0.14    0.95     87.90   7.64    96.93   90.26   0.94    5015.20    3.62     94.40  
113  T0906TS183_2-D1     183s    90.24    100.00  112   N/A       N/A        0.44      0.44       75.30    N/A           38.72    65.50    3.227    3.753    333   0    0     0     93.99  95.20  N/A         N/A          0.59         0.59         95.20  93.666   1.12     39.07       48.1        325      1.4      2.99          0.73    54.50     0.68    0.78    0.95    0.14    0.95     85.80   7.64    96.79   90.10   0.95    5060.60    3.62     89.74  
114  T0906TS452_2-D1     452s    90.24    100.00  112   N/A       N/A        0.44      0.44       72.97    N/A           44.25    66.29    1.466    2.457    333   5    0     0     0.00   0.00   N/A         N/A          -1.71        -1.71        0.00   94.912   1.18     40.25       48.9        332      1.4      3.27          0.77    63.36     0.70    0.82    0.99    0.07    0.97     89.00   7.84    96.92   90.36   0.96    5139.60    1.74     94.83  
115  T0906TS405_4-D1     405s    90.24    100.00  112   N/A       N/A        0.44      0.44       74.55    N/A           44.40    67.19    3.28     3.77     333   5    0     0     93.39  94.59  N/A         N/A          0.58         0.58         94.59  93.499   1.13     39.20       47.7        324      1.4      3.31          0.76    62.61     0.70    0.80    0.95    0.14    0.95     87.90   7.64    96.93   90.26   0.94    5015.20    3.62     94.40  
116  T0906TS405_3-D1     405s    90.24    100.00  112   N/A       N/A        0.44      0.44       74.55    N/A           44.40    67.19    3.28     3.77     333   5    0     0     93.39  94.59  N/A         N/A          0.58         0.58         94.59  93.499   1.13     39.20       47.7        324      1.4      3.31          0.76    62.61     0.70    0.80    0.95    0.14    0.95     87.90   7.64    96.93   90.26   0.94    5015.20    3.62     94.40  
117  T0906TS405_2-D1     405s    90.24    100.00  112   N/A       N/A        0.44      0.44       74.55    N/A           44.40    67.19    3.28     3.77     333   5    0     0     93.39  94.59  N/A         N/A          0.58         0.58         94.59  93.499   1.13     39.20       47.7        324      1.4      3.31          0.76    62.61     0.70    0.80    0.95    0.14    0.95     87.90   7.64    96.93   90.26   0.94    5015.20    3.62     94.40  
118  T0906TS405_1-D1     405s    90.24    100.00  112   0.30      0.30       0.44      0.44       74.55    0.29          44.40    67.19    3.28     3.77     333   5    0     0     93.39  94.59  0.55        0.55         0.58         0.58         94.59  93.499   1.13     39.20       47.7        324      1.4      3.31          0.76    62.61     0.70    0.80    0.95    0.14    0.95     87.90   7.64    96.93   90.26   0.94    5015.20    3.62     94.40  
119  T0906TS359_4-D1     359s    90.17    100.00  119   N/A       N/A        0.44      0.44       74.55    N/A           48.20    67.04    3.25     3.702    333   4    0     0     93.09  95.20  N/A         N/A          0.57         0.57         95.20  93.166   1.05     39.20       47.9        324      1.3      3.14          0.75    68.02     0.71    0.78    0.95    0.13    0.95     90.20   7.64    96.94   90.31   0.95    5040.20    3.55     16.89  
120  T0906TS251_3-D1     251s    90.09    100.00  120   N/A       N/A        0.44      0.44       73.42    N/A           43.12    66.97    3.239    3.75     333   4    0     0     92.79  95.20  N/A         N/A          0.57         0.57         95.20  93.301   1.11     39.20       47.6        325      1.4      3.09          0.76    62.61     0.71    0.80    0.95    0.14    0.95     92.30   7.64    96.81   89.87   0.95    5006.40    3.63     93.25  
121  T0906TS479_2-D1     479s    90.02    100.00  121   N/A       N/A        0.43      0.43       75.53    N/A           39.00    66.01    3.224    3.784    333   0    0     0     93.69  95.20  N/A         N/A          0.59         0.59         95.20  93.47    1.09     39.07       48.3        324      1.3      2.76          0.74    54.20     0.68    0.77    0.96    0.13    0.95     85.10   7.64    96.81   90.17   0.95    5078.30    3.55     93.85  
122  T0906TS359_5-D1     359s    90.02    100.00  121   N/A       N/A        0.43      0.43       72.45    N/A           46.35    66.35    1.512    2.39     333   6    0     0     92.79  97.30  N/A         N/A          0.57         0.57         97.30  94.666   1.12     39.86       48.7        330      1.3      3.25          0.75    65.62     0.70    0.79    0.99    0.09    0.97     92.10   7.84    96.44   89.66   0.96    5116.80    2.74     15.74  
123  T0906TS251_4-D1     251s    89.94    100.00  123   N/A       N/A        0.43      0.43       74.25    N/A           46.42    67.98    3.315    3.796    333   4    0     0     92.79  94.59  N/A         N/A          0.57         0.57         94.59  93.13    1.16     39.07       47.4        325      1.5      3.00          0.76    65.62     0.71    0.80    0.95    0.14    0.95     92.00   7.64    96.84   90.00   0.94    4986.60    3.62     93.22  
124  T0906TS251_5-D1     251s    89.94    100.00  123   N/A       N/A        0.43      0.43       74.25    N/A           46.42    67.98    3.315    3.796    333   4    0     0     92.79  94.59  N/A         N/A          0.57         0.57         94.59  93.13    1.16     39.07       47.4        325      1.5      3.00          0.76    65.62     0.71    0.80    0.95    0.14    0.95     92.00   7.64    96.84   90.00   0.94    4986.60    3.62     93.22  
125  T0906TS444_3-D1     444s    89.86    100.00  125   N/A       N/A        0.43      0.43       71.40    N/A           43.52    65.84    1.331    2.41     333   0    0     0     97.00  98.50  N/A         N/A          0.67         0.67         98.50  94.982   1.17     40.25       48.9        332      1.3      1.57          0.76    64.26     0.72    0.81    0.99    0.07    0.97     94.10   7.84    96.72   90.21   0.97    5141.30    2.40     N/A    
126  T0906TS407_4-D1     407s    89.72    100.00  126   N/A       N/A        0.42      0.42       72.07    N/A           41.13    64.22    1.51     2.617    333   3    0     0     93.99  97.30  N/A         N/A          0.59         0.59         97.30  94.464   1.14     40.25       47.3        331      1.4      2.62          0.72    55.56     0.66    0.77    0.98    0.10    0.96     89.60   7.84    95.57   87.45   0.96    4963.30    3.53     15.76  
127  T0906TS446_3-D1     446s    89.64    100.00  127   N/A       N/A        0.42      0.42       73.65    N/A           47.83    67.93    1.549    2.449    333   3    0     0     94.29  96.40  N/A         N/A          0.60         0.60         96.40  93.866   1.12     40.12       48.4        333      1.5      1.04          0.78    65.47     0.73    0.81    0.99    0.10    0.96     92.00   7.84    96.22   88.81   0.96    5083.70    3.02     92.48  
128  T0906TS345_5-D1     345s    89.56    100.00  128   N/A       N/A        0.42      0.42       73.12    N/A           45.34    66.87    3.389    3.831    333   1    0     0     91.89  95.20  N/A         N/A          0.54         0.54         95.20  93.191   1.18     38.94       47.2        321      1.3      2.84          0.73    63.96     0.69    0.79    0.95    0.14    0.95     84.90   7.64    96.12   88.93   0.94    4967.10    4.05     85.36  
129  T0906TS345_1-D1     345s    89.56    100.00  128   0.27      0.27       0.42      0.42       73.12    0.22          45.34    66.87    3.389    3.831    333   1    0     0     91.89  95.20  0.51        0.51         0.54         0.54         95.20  93.191   1.18     38.94       47.2        321      1.3      2.84          0.73    63.96     0.69    0.79    0.95    0.14    0.95     84.90   7.64    96.12   88.93   0.94    4967.10    4.05     85.36  
130  T0906TS345_2-D1     345s    89.56    100.00  128   N/A       N/A        0.42      0.42       73.12    N/A           45.34    66.87    3.389    3.831    333   1    0     0     91.89  95.20  N/A         N/A          0.54         0.54         95.20  93.191   1.18     38.94       47.2        321      1.3      2.84          0.73    63.96     0.69    0.79    0.95    0.14    0.95     84.90   7.64    96.12   88.93   0.94    4967.10    4.05     85.36  
131  T0906TS407_5-D1     407s    89.19    100.00  131   N/A       N/A        0.41      0.41       71.77    N/A           41.84    64.48    2.063    3.071    333   8    0     0     94.89  96.10  N/A         N/A          0.62         0.62         96.10  93.604   1.11     39.73       47.6        328      1.4      2.77          0.73    59.76     0.68    0.78    0.96    0.13    0.96     82.40   7.84    96.08   88.72   0.95    5002.00    2.76     16.42  
132  T0906TS421_3-D1     421s    89.19    100.00  131   N/A       N/A        0.41      0.41       73.27    N/A           37.87    63.33    3.431    4.059    333   0    0     0     91.59  94.59  N/A         N/A          0.54         0.54         94.89  92.952   1.17     38.81       47.2        321      1.3      4.00          0.45    52.55     0.64    0.76    0.95    0.14    0.95     84.80   7.54    95.79   88.87   0.94    4962.60    4.07     N/A    
133  T0906TS236_5-D1     236s    88.96    100.00  133   N/A       N/A        0.40      0.40       74.17    N/A           45.84    67.75    3.389    3.877    333   4    0     0     91.59  94.59  N/A         N/A          0.54         0.54         94.59  92.848   1.08     38.94       47.5        321      1.3      3.04          0.76    63.51     0.70    0.80    0.95    0.14    0.95     88.60   7.64    96.09   88.90   0.94    4994.20    4.02     86.62  
134  T0906TS345_4-D1     345s    88.96    100.00  133   N/A       N/A        0.40      0.40       74.17    N/A           46.09    67.36    3.379    3.834    333   1    0     0     91.29  95.20  N/A         N/A          0.53         0.53         95.20  92.853   1.10     38.94       47.6        321      1.3      2.67          0.74    61.86     0.70    0.79    0.95    0.15    0.94     81.40   7.64    96.16   89.36   0.94    5010.70    3.93     84.59  
135  T0906TS455_1-D1     455s    88.89    100.00  135   0.24      0.24       0.40      0.40       72.97    0.21          44.63    66.32    3.469    4.026    333   4    0     0     90.99  93.69  0.49        0.49         0.52         0.52         93.69  92.404   1.18     38.68       46.8        321      1.5      3.36          0.75    61.11     0.70    0.79    0.95    0.16    0.94     89.30   7.54    96.53   89.14   0.94    4924.00    4.28     18.20  
136  T0906TS251_1-D1     251s    88.36    100.00  136   0.22      0.22       0.38      0.38       70.50    0.10          47.32    65.63    3.274    3.755    333   0    0     0     92.19  94.59  0.52        0.52         0.55         0.55         94.59  92.752   1.24     39.07       46.9        324      1.4      2.92          0.67    66.22     0.71    0.80    0.95    0.15    0.95     85.40   7.64    96.45   88.86   0.94    4937.00    3.71     93.28  
137  T0906TS251_2-D1     251s    88.14    100.00  137   N/A       N/A        0.37      0.37       69.97    N/A           45.85    65.43    3.396    3.85     333   2    0     0     92.19  94.29  N/A         N/A          0.55         0.55         94.59  91.963   1.14     38.94       46.8        325      1.6      2.30          0.67    64.11     0.71    0.79    0.95    0.15    0.94     87.40   7.64    96.43   88.97   0.94    4928.80    3.75     92.87  
138  T0906TS455_3-D1     455s    87.31    100.00  138   N/A       N/A        0.34      0.34       70.50    N/A           42.10    64.40    3.438    3.915    333   6    0     0     87.69  93.09  N/A         N/A          0.44         0.44         93.09  91.459   1.19     38.94       46.1        320      1.6      3.18          0.74    59.61     0.69    0.78    0.95    0.18    0.94     86.90   7.54    94.36   86.64   0.93    4856.50    4.80     18.95  
139  T0906TS467_2-D1     467s    86.94    100.00  139   N/A       N/A        0.33      0.33       66.59    N/A           47.92    63.59    1.568    2.471    333   5    0     0     94.89  97.30  N/A         N/A          0.62         0.62         97.30  93.434   1.29     40.12       48.1        333      1.6      1.18          0.77    69.22     0.73    0.82    0.99    0.07    0.96     94.20   7.84    96.60   90.40   0.96    5059.00    2.59     36.36  
140  T0906TS467_3-D1     467s    85.14    100.00  140   N/A       N/A        0.27      0.27       66.81    N/A           46.24    63.28    3.624    3.956    333   3    0     0     91.59  93.39  N/A         N/A          0.54         0.54         93.69  90.173   1.24     38.94       45.8        323      1.8      1.08          0.76    65.47     0.72    0.80    0.95    0.15    0.94     91.00   7.54    96.00   87.53   0.93    4821.70    4.07     38.40  
141  T0906TS444_5-D1     444s    84.91    100.00  141   N/A       N/A        0.26      0.26       66.89    N/A           43.03    60.91    2.083    3.114    333   0    0     0     87.99  94.89  N/A         N/A          0.45         0.45         94.89  91.304   1.25     39.73       45.5        325      1.6      1.91          0.72    53.45     0.68    0.76    0.98    0.16    0.95     83.90   7.84    94.70   85.58   0.94    4796.80    4.05     N/A    
142  T0906TS467_1-D1     467s    82.28    100.00  142   -0.04     -0.04      0.18      0.18       61.12    -0.34         41.96    57.46    1.724    2.518    333   4    0     0     93.09  97.00  0.54        0.54         0.57         0.57         97.00  90.575   1.51     40.25       47.7        333      1.7      1.05          0.77    72.22     0.74    0.83    0.99    0.08    0.96     89.40   7.84    96.44   89.79   0.95    5021.40    2.55     39.53  
143  T0906TS430_5-D1     430s    75.38    100.00  143   N/A       N/A        -0.05     -0.05      55.48    N/A           32.13    48.39    2.695    3.347    333   7    0     0     79.28  90.39  N/A         N/A          0.23         0.23         90.39  83.335   1.73     39.73       44.7        331      2.5      3.67          0.71    64.11     0.69    0.80    0.98    0.08    0.94     90.70   7.74    94.80   88.91   0.90    4713.60    3.53     N/A    
144  T0906TS430_3-D1     430s    70.95    100.00  144   N/A       N/A        -0.20     -0.20      49.92    N/A           30.49    43.69    3.185    3.697    333   7    0     0     0.00   0.00   N/A         N/A          -1.71        -1.71        0.00   71.744   1.92     39.73       43.6        329      2.7      3.67          0.73    66.07     0.70    0.82    0.98    0.08    0.94     89.00   7.74    94.11   88.87   0.88    4597.80    3.53     N/A    
145  T0906TS430_2-D1     430s    67.64    100.00  145   N/A       N/A        -0.31     -0.31      46.02    N/A           27.17    41.17    3.482    3.953    333   7    0     0     71.17  84.98  N/A         N/A          0.03         0.03         86.19  66.439   1.92     39.47       41          331      3.2      3.63          0.72    63.66     0.70    0.80    0.98    0.10    0.93     91.00   7.64    92.97   87.67   0.86    4336.30    3.45     N/A    
146  T0906TS180_2-D1     180s    67.12    100.00  146   N/A       N/A        -0.33     -0.33      50.45    N/A           29.59    45.43    6.144    6.655    333   6    0     0     68.17  86.19  N/A         N/A          -0.04        -0.04        93.39  87.705   1.47     37.77       43.8        319      1.7      3.03          0.42    38.44     0.58    0.57    0.70    0.62    0.84     79.60   7.54    71.79   69.42   0.91    4622.90    53.43    77.15  
147  T0906TS430_4-D1     430s    66.82    100.00  147   N/A       N/A        -0.34     -0.34      45.57    N/A           28.30    39.45    3.611    4.085    333   6    0     0     68.17  84.38  N/A         N/A          -0.04        -0.04        84.38  67.884   1.91     38.42       41.2        329      3.2      3.63          0.72    63.66     0.69    0.80    0.97    0.09    0.93     86.20   7.64    93.15   88.27   0.85    4356.90    3.42     N/A    
148  T0906TS430_1-D1     430s    64.04    100.00  148   -0.80     -0.80      -0.43     -0.43      43.17    -1.19         27.27    37.72    3.999    4.418    333   10   0     0     65.17  81.08  -0.16       -0.16        -0.11        -0.11        81.08  62.137   2.01     37.37       38.9        329      3.6      3.88          0.71    62.16     0.68    0.80    0.96    0.11    0.92     92.20   7.54    92.15   87.25   0.83    4131.40    3.57     N/A    
149  T0906TS180_1-D1     180s    59.46    100.00  149   -1.00     -1.00      -0.59     -0.59      40.39    -1.32         18.76    32.83    3.982    5.587    333   2    0     0     39.64  96.70  -0.81       -0.81        -0.74        -0.74        96.70  94.634   0.96     39.20       48.3        327      1.3      3.06          0.39    22.52     0.50    0.48    0.89    0.71    0.88     85.50   7.74    80.91   60.31   0.96    5071.20    16.07    71.50  
150  T0906TS180_3-D1     180s    56.08    100.00  150   N/A       N/A        -0.70     -0.70      36.41    N/A           18.15    27.52    5.008    6.132    333   6    0     0     38.44  93.69  N/A         N/A          -0.77        -0.77        94.29  90.568   1.23     38.68       45.7        320      1.4      3.27          0.33    7.96      0.47    0.42    0.83    0.79    0.85     87.30   7.64    79.24   53.97   0.93    4817.10    20.78    67.45  
151  T0906TS455_4-D1     455s    51.13    100.00  151   N/A       N/A        -0.86     -0.86      36.64    N/A           19.45    26.84    11.926   12.277   333   14   0     0     47.15  59.16  N/A         N/A          -0.56        -0.56        67.87  51.141   1.98     27.56       25          258      2.9      3.93          0.43    21.77     0.50    0.45    0.39    1.18    0.72     72.60   5.86    64.02   58.40   0.72    2720.70    138.14   49.62  
152  T0906TS455_2-D1     455s    49.70    100.00  152   N/A       N/A        -0.91     -0.91      37.24    N/A           19.00    30.61    11.471   11.983   333   10   0     0     45.65  56.76  N/A         N/A          -0.59        -0.59        68.17  53.133   1.83     24.95       24.4        260      2.9      3.76          0.42    22.22     0.50    0.42    0.41    1.21    0.70     65.50   6.11    62.16   57.11   0.71    2664.10    101.69   51.24  
153  T0906TS451_5-D1     451s    28.30    100.00  153   N/A       N/A        -1.63     -1.63      14.79    N/A           6.12     10.68    19.999   20.264   333   11   0     0     0.00   0.00   N/A         N/A          -1.71        -1.71        0.00   23.894   2.57     17.62       5.1         131      4        2.67          0.29    7.51      0.41    0.31    0.50    1.28    0.73     48.60   2.58    61.36   40.67   0.47    526.20     176.21   N/A    
154  T0906TS451_4-D1     451s    24.93    100.00  154   N/A       N/A        -1.74     -1.74      12.24    N/A           3.96     7.83     21.529   21.787   333   8    0     0     16.82  29.73  N/A         N/A          -1.30        -1.30        31.53  21.829   2.56     15.01       3.6         117      4.1      3.01          0.27    6.01      0.40    0.29    0.45    1.25    0.72     46.40   4.74    58.16   38.83   0.45    412.40     206.41   N/A    
155  T0906TS434_5-D1     434s    15.99    100.00  155   N/A       N/A        -2.04     -2.04      7.73     N/A           2.45     3.84     20.137   20.374   333   0    0     0     6.61   18.32  N/A         N/A          -1.55        -1.55        23.42  14.638   2.62     7.16        0.8         109      5        2.92          0.21    5.11      0.39    0.23    0.30    1.85    0.54     41.40   3.89    42.60   35.05   0.35    226.30     218.93   81.81  
156  T0906TS451_1-D1     451s    15.77    100.00  156   -2.83     -2.83      -2.05     -2.05      7.81     -2.84         1.81     3.83     23.291   23.705   333   6    0     0     8.41   17.72  -1.60       -1.60        -1.51        -1.51        22.52  13.011   2.75     4.28        2           88       9.1      3.16          0.27    5.26      0.39    0.28    0.44    1.82    0.44     53.40   3.89    48.96   39.65   0.31    252.50     198.05   N/A    
157  T0906TS451_2-D1     451s    13.96    100.00  157   N/A       N/A        -2.11     -2.11      7.51     N/A           0.86     2.99     25.878   26.078   333   10   0     0     0.00   0.00   N/A         N/A          -1.71        -1.71        18.92  11.322   2.80     5.59        1.8         133      13.5     2.80          0.25    5.56      0.39    0.27    0.41    1.94    0.41     55.50   1.99    48.05   39.22   0.26    363.10     232.61   N/A    
158  T0906TS432_5-D1     432s    13.74    100.00  158   N/A       N/A        -2.11     -2.11      7.81     N/A           2.47     5.40     23.146   23.569   333   2    0     0     5.41   7.51   N/A         N/A          -1.58        -1.58        20.42  14.005   2.51     4.93        1.1         70       4.9      2.84          0.23    7.51      0.42    0.25    0.38    1.78    0.51     53.80   2.58    43.18   38.66   0.29    135.40     192.53   N/A    
159  T0906TS432_1-D1     432s    13.29    100.00  159   -2.94     -2.94      -2.13     -2.13      8.11     -2.83         2.21     5.35     20.309   20.803   333   3    0     0     10.51  14.71  -1.54       -1.54        -1.46        -1.46        21.02  14.043   2.32     5.33        1.3         115      10.9     2.81          0.24    7.36      0.42    0.27    0.40    1.86    0.49     53.10   2.58    44.19   41.22   0.29    286.30     211.84   N/A    
160  T0906TS451_3-D1     451s    12.99    100.00  160   N/A       N/A        -2.14     -2.14      7.13     N/A           1.73     4.09     27.221   27.52    333   12   0     0     6.01   10.81  N/A         N/A          -1.57        -1.57        18.02  11.383   2.61     2.84        2.2         124      13.7     2.91          0.26    4.50      0.39    0.27    0.43    2.09    0.31     51.40   4.42    47.48   39.96   0.28    390.50     296.55   N/A    
161  T0906TS180_5-D1     180s    12.69    100.00  161   N/A       N/A        -2.15     -2.15      7.28     N/A           1.70     3.98     22.119   22.564   333   16   0     0     4.50   13.51  N/A         N/A          -1.60        -1.60        23.42  13.713   2.68     4.15        0.5         53       3.8      3.85          0.15    4.80      0.37    0.22    0.21    1.74    0.53     42.80   3.50    42.45   37.25   0.32    98.70      171.97   24.78  
162  T0906TS432_3-D1     432s    11.34    100.00  162   N/A       N/A        -2.19     -2.19      7.21     N/A           1.62     3.03     23.672   24.22    333   3    0     0     0.00   7.51   N/A         N/A          -1.71        -1.71        16.22  11.302   2.65     3.36        0.7         45       7.3      2.93          0.23    6.46      0.42    0.26    0.37    1.97    0.48     52.70   1.64    43.54   39.81   0.26    91.80      234.74   N/A    
163  T0906TS452_5-D1     452s    11.19    100.00  163   N/A       N/A        -2.20     -2.20      6.16     N/A           2.13     3.34     20.377   20.913   333   20   0     0     3.90   9.61   N/A         N/A          -1.62        -1.62        23.72  13.946   2.68     3.36        0           0        N/A      4.18          0.18    3.00      0.33    0.11    0.08    2.24    0.49     48.70   1.24    33.70   28.22   0.33    N/A        170.61   26.33  
164  T0906TS432_2-D1     432s    10.96    100.00  164   N/A       N/A        -2.21     -2.21      7.13     N/A           1.37     2.62     20.698   21.286   333   3    0     0     0.30   6.01   N/A         N/A          -1.71        -1.71        20.42  11.933   2.83     2.97        0.6         35       4.2      2.76          0.23    7.21      0.41    0.24    0.30    1.80    0.54     56.90   1.99    42.12   39.40   0.29    77.50      230.63   N/A    
165  T0906TS434_3-D1     434s    10.29    100.00  165   N/A       N/A        -2.23     -2.23      5.93     N/A           1.64     3.05     24.738   25.007   333   0    0     0     1.20   3.00   N/A         N/A          -1.68        -1.68        18.62  12.335   2.42     3.23        0           0        N/A      3.23          0.18    3.75      0.36    0.18    0.24    2.10    0.50     39.40   2.58    38.55   32.97   0.29    N/A        291.58   84.61  
166  T0906TS434_2-D1     434s    10.29    100.00  165   N/A       N/A        -2.23     -2.23      5.86     N/A           2.75     4.47     21.588   22.032   333   1    0     0     0.00   0.00   N/A         N/A          -1.71        -1.71        0.00   10.505   2.65     1.93        0           0        N/A      3.15          0.19    4.20      0.37    0.20    0.24    2.07    0.49     46.90   2.30    39.81   34.82   0.27    N/A        270.72   83.55  
167  T0906TS467_4-D1     467s    10.21    100.00  167   N/A       N/A        -2.23     -2.23      6.38     N/A           0.74     2.37     21.671   22.373   333   2    0     0     1.20   9.91   N/A         N/A          -1.68        -1.68        20.42  11.579   2.52     1.93        0.1         64       7.4      1.82          0.19    3.00      0.37    0.14    0.08    2.15    0.50     52.80   1.24    31.04   31.28   0.28    134.80     285.35   86.57  
168  T0906TS432_4-D1     432s    10.06    100.00  168   N/A       N/A        -2.24     -2.24      6.68     N/A           0.88     3.22     25.121   25.562   333   1    0     0     0.00   4.80   N/A         N/A          -1.71        -1.71        17.42  11.745   2.76     2.58        2.1         64       10.8     2.88          0.22    6.31      0.41    0.24    0.29    2.25    0.48     49.30   3.50    39.67   39.11   0.25    170.20     309.14   N/A    
169  T0906TS321_5-D1     321s    9.84     100.00  169   N/A       N/A        -2.24     -2.24      6.46     N/A           0.76     2.62     27.425   27.603   333   5    0     0     0.00   0.00   N/A         N/A          -1.71        -1.71        3.00   7.649    2.70     2.84        0.6         70       6.8      3.27          0.15    3.30      0.36    0.15    0.14    2.54    0.47     56.00   1.24    31.82   30.19   0.22    168.30     784.79   21.69  
170  T0906TS180_4-D1     180s    9.69     100.00  170   N/A       N/A        -2.25     -2.25      5.25     N/A           1.54     3.17     26.357   26.96    333   1    0     0     0.90   0.90   N/A         N/A          -1.69        -1.69        19.82  10.667   2.62     3.23        1           78       3.9      3.27          0.13    0.15      0.32    0.12    0.16    1.94    0.50     37.50   3.29    33.81   24.97   0.32    213.30     342.42   22.45  
171  T0906TS321_4-D1     321s    9.46     100.00  171   N/A       N/A        -2.26     -2.26      6.38     N/A           0.65     2.39     31.342   31.472   333   5    0     0     0.90   5.71   N/A         N/A          -1.69        -1.69        15.92  10.883   2.40     2.71        1           49       8        3.16          0.17    3.75      0.36    0.16    0.19    2.50    0.49     60.50   1.24    32.60   31.11   0.20    93.40      858.88   20.77  
172  T0906TS321_3-D1     321s    9.46     100.00  171   N/A       N/A        -2.26     -2.26      6.38     N/A           0.96     3.89     27.89    28.204   333   4    0     0     0.00   0.00   N/A         N/A          -1.71        -1.71        13.21  8.895    2.78     2.19        1           84       8.8      3.26          0.17    4.20      0.36    0.17    0.16    2.41    0.50     64.40   1.64    34.39   31.97   0.23    215.80     548.85   21.07  
173  T0906TS321_1-D1     321s    9.46     100.00  171   -3.10     -3.10      -2.26     -2.26      6.38     -2.91         0.66     2.38     26.599   27.038   333   3    0     0     0.60   1.50   -1.79       -1.79        -1.70        -1.70        17.42  9.695    2.64     2.58        0.9         60       13.2     3.19          0.17    3.60      0.36    0.17    0.25    2.37    0.51     64.40   2.30    32.37   31.51   0.24    124.80     504.43   20.79  
174  T0906TS455_5-D1     455s    9.31     100.00  174   N/A       N/A        -2.26     -2.26      4.88     N/A           1.08     2.47     19.707   20.225   333   13   0     0     0.90   7.51   N/A         N/A          -1.69        -1.69        23.72  14.929   2.57     1.01        0           0        N/A      4.05          0.18    0.60      0.32    0.07    -0.03   2.47    0.53     28.70   1.99    29.71   23.67   0.32    N/A        287.40   89.71  
175  T0906TS434_1-D1     434s    9.23     100.00  175   -3.11     -3.11      -2.26     -2.26      5.33     -2.96         1.53     3.27     23.66    24.095   333   0    0     0     0.30   8.71   -1.80       -1.80        -1.71        -1.71        20.72  13.065   2.36     1.93        0.6         44       7.5      3.05          0.19    5.26      0.37    0.20    0.24    2.01    0.48     42.80   1.64    38.38   33.93   0.29    77.50      266.90   84.69  
176  T0906TS321_2-D1     321s    9.01     100.00  176   N/A       N/A        -2.27     -2.27      6.08     N/A           0.61     2.28     30.327   30.65    333   3    0     0     0.00   0.00   N/A         N/A          -1.71        -1.71        15.32  9.612    2.89     1.66        0.7         45       5.6      3.20          0.16    3.60      0.36    0.16    0.16    2.59    0.49     62.20   1.64    32.65   30.68   0.20    163.20     796.23   20.51  
177  T0906TS434_4-D1     434s    8.86     100.00  177   N/A       N/A        -2.28     -2.28      5.18     N/A           0.52     2.32     23.706   24.104   333   1    0     0     0.90   3.00   N/A         N/A          -1.69        -1.69        21.32  12.574   2.58     1.66        0           0        N/A      3.23          0.19    4.80      0.37    0.19    0.27    2.09    0.51     35.90   3.29    37.77   33.74   0.30    N/A        310.45   84.91  
178  T0906TS452_4-D1     452s    8.41     100.00  178   N/A       N/A        -2.29     -2.29      5.33     N/A           1.24     3.04     22.561   23.118   333   10   0     0     0.30   2.10   N/A         N/A          -1.71        -1.71        18.92  11.811   2.90     0.62        0.2         70       7.4      3.96          0.20    2.70      0.33    0.12    0.02    2.18    0.50     43.70   3.29    30.12   28.27   0.32    151.20     276.40   21.91  
179  T0906TS464_5-D1     464s    8.41     100.00  178   N/A       N/A        -2.29     -2.29      5.78     N/A           1.20     4.10     43.388   43.074   333   1    0     0     0.00   0.00   N/A         N/A          -1.71        -1.71        0.00   7.642    2.65     1.01        0           0        N/A      3.09          0.15    4.20      0.34    0.14    0.23    2.87    0.53     29.50   0.73    25.27   27.56   0.20    N/A        1456.96  19.45  
180  T0906TS452_3-D1     452s    8.11     100.00  180   N/A       N/A        -2.30     -2.30      4.43     N/A           0.66     1.69     21.341   21.994   333   2    0     0     0.00   3.60   N/A         N/A          -1.71        -1.71        16.22  9.95     2.39     1.27        0           0        N/A      3.69          0.18    3.00      0.35    0.13    0.10    2.23    0.49     52.50   2.30    30.78   30.08   0.27    N/A        299.59   22.05  
181  T0906TS467_5-D1     467s    7.66     100.00  181   N/A       N/A        -2.32     -2.32      4.58     N/A           1.10     1.62     22.888   23.502   333   0    0     0     0.00   0.30   N/A         N/A          -1.71        -1.71        18.02  11.549   2.80     0.36        0           0        N/A      1.69          0.19    3.30      0.36    0.12    0.09    2.15    0.50     52.20   1.64    29.54   28.62   0.25    N/A        285.33   86.55  
182  T0906TS464_2-D1     464s    6.98     100.00  182   N/A       N/A        -2.34     -2.34      4.28     N/A           1.30     2.64     36.618   36.737   333   2    0     0     0.00   0.60   N/A         N/A          -1.71        -1.71        11.41  7.243    2.96     0.36        0           0        N/A      3.28          0.14    3.00      0.34    0.11    0.27    3.02    0.50     30.50   3.07    24.48   25.29   0.16    N/A        1044.21  16.65  

