#    Model               GR#     GDT_TS   NP_P    RANK  Z-M1-GDT  Z-M1s-GDT  Z-MA-GDT  Z-MAs-GDT  GDT_HA   Z-M1s-GDT-HA  GDC_SC   GDC_ALL  RMS_CA   RMS_ALL  NP    err  PC01  PC05  AL0_P  AL4_P  Z-M1-AL0_p  Z-M1s-AL0_p  Z-MA-AL0_p   Z-MAs-AL0_p  ALI_P  LGA_S    RMSD[L]  Z-score[M]  Z-Score[D]  Al.Res.  RMSD[D]  MolPrb_Score  LDDT    SphGr     CAD_AA  RPF     CODM    DFM     Handed.  SOV     CE      QCS     CONTS   TMscore  Dali(raw)  FlexE    QSE    

1    T0903TS220_1-D1     220s    97.38    100.00  1     1.10      1.10       1.22      1.22       87.81    1.47          59.91    80.05    0.871    1.399    324   0    0     0     98.77  99.38  0.91        0.91         1.04         1.04         99.38  98.687   0.79     39.43       40.6        323      0.8      1.19          0.89    99.07     0.83    0.90    1.00    0.03    0.98     99.10   7.93    97.61   96.64   0.99    4251.60    0.77     20.72  
2    T0903TS430_3-D1     430s    97.22    100.00  2     N/A       N/A        1.21      1.21       87.11    N/A           60.18    80.45    0.837    1.4      324   0    0     0     99.07  99.38  N/A         N/A          1.05         1.05         99.38  98.709   0.75     39.43       40.7        324      0.8      0.92          0.89    98.46     0.83    0.90    1.00    0.03    0.98     98.50   7.93    97.81   96.82   0.99    4259.80    0.71     20.95  
3    T0903TS220_3-D1     220s    96.91    100.00  3     N/A       N/A        1.20      1.20       85.96    N/A           59.28    79.93    0.849    1.379    324   0    0     0     98.46  99.38  N/A         N/A          1.03         1.03         99.38  98.606   0.77     39.43       40.5        324      0.8      1.00          0.89    98.61     0.82    0.89    1.00    0.03    0.98     98.30   7.93    97.67   96.59   0.99    4244.60    0.75     21.40  
4    T0903TS220_2-D1     220s    96.76    100.00  4     N/A       N/A        1.19      1.19       86.19    N/A           57.79    78.59    0.884    1.464    324   0    0     0     98.77  99.38  N/A         N/A          1.04         1.04         99.38  98.543   0.80     39.43       40.6        324      0.9      1.19          0.88    98.77     0.82    0.89    1.00    0.03    0.98     98.80   7.93    97.67   96.59   0.98    4253.70    0.74     21.34  
5    T0903TS180_1-D1     180s    92.67    100.00  5     0.87      0.87       1.02      1.02       79.78    1.07          51.62    70.87    1.411    2.107    324   0    0     0     97.53  98.77  0.86        0.86         1.00         1.00         98.77  96.313   0.96     39.03       40.5        322      1.1      1.96          0.78    96.91     0.79    0.87    1.00    0.04    0.98     98.30   7.84    97.43   96.57   0.97    4244.80    0.97     95.78  
6    T0903TS220_5-D1     220s    92.21    100.00  6     N/A       N/A        1.01      1.01       79.63    N/A           54.91    71.20    1.17     1.659    324   0    0     0     97.84  99.38  N/A         N/A          1.01         1.01         99.38  96.567   1.08     39.43       40.7        324      1.2      1.03          0.89    98.61     0.82    0.89    1.00    0.02    0.98     99.40   7.84    97.78   97.13   0.97    4258.50    0.64     23.39  
7    T0903TS405_3-D1     405s    92.13    100.00  7     N/A       N/A        1.00      1.00       78.86    N/A           55.85    70.00    1.173    1.543    324   0    0     0     97.84  99.38  N/A         N/A          1.01         1.01         99.38  96.564   1.10     39.43       41          324      1.2      2.04          0.90    99.23     0.83    0.91    1.00    0.02    0.98     98.50   7.84    97.79   97.37   0.97    4291.20    0.56     97.32  
8    T0903TS405_2-D1     405s    92.13    100.00  7     N/A       N/A        1.00      1.00       78.86    N/A           55.85    70.00    1.173    1.543    324   0    0     0     97.84  99.38  N/A         N/A          1.01         1.01         99.38  96.564   1.10     39.43       41          324      1.2      2.04          0.90    99.23     0.83    0.91    1.00    0.02    0.98     98.50   7.84    97.79   97.37   0.97    4291.20    0.56     97.32  
9    T0903TS430_5-D1     430s    91.59    100.00  9     N/A       N/A        0.98      0.98       77.24    N/A           53.71    70.57    1.371    1.842    324   0    0     0     97.53  99.07  N/A         N/A          1.00         1.00         99.07  96.643   1.04     39.43       40.4        323      1.2      1.12          0.88    97.99     0.82    0.88    1.00    0.03    0.98     98.90   7.84    97.14   96.50   0.97    4232.90    0.83     23.66  
10   T0903TS430_2-D1     430s    91.59    100.00  9     N/A       N/A        0.98      0.98       77.24    N/A           53.71    70.57    1.371    1.842    324   0    0     0     97.53  99.07  N/A         N/A          1.00         1.00         99.07  96.643   1.04     39.43       40.4        323      1.2      1.12          0.88    97.99     0.82    0.88    1.00    0.03    0.98     98.90   7.84    97.14   96.50   0.97    4232.90    0.83     23.66  
11   T0903TS455_1-D1     455s    91.51    100.00  11    0.82      0.82       0.98      0.98       78.55    1.00          53.15    68.94    1.579    2.097    324   0    0     0     96.91  98.46  0.84        0.84         0.98         0.98         98.46  95.29    1.12     38.90       40.6        322      1.3      2.30          0.89    96.91     0.82    0.90    1.00    0.04    0.98     98.30   7.84    97.13   96.58   0.96    4254.30    0.99     15.81  
12   T0903TS430_1-D1     430s    91.44    100.00  12    0.81      0.81       0.97      0.97       78.55    1.00          52.03    68.37    1.277    1.755    324   0    0     0     96.91  99.07  0.84        0.84         0.98         0.98         99.07  96.04    1.22     39.43       40.6        324      1.3      1.11          0.88    98.77     0.82    0.89    1.00    0.02    0.98     98.80   7.84    97.65   97.06   0.97    4247.80    0.68     23.60  
13   T0903TS430_4-D1     430s    91.44    100.00  12    N/A       N/A        0.97      0.97       78.55    N/A           52.03    68.37    1.277    1.755    324   0    0     0     96.91  99.07  N/A         N/A          0.98         0.98         99.07  96.04    1.22     39.43       40.6        324      1.3      1.11          0.88    98.77     0.82    0.89    1.00    0.02    0.98     98.80   7.84    97.65   97.06   0.97    4247.80    0.68     23.60  
14   T0903TS220_4-D1     220s    91.44    100.00  12    N/A       N/A        0.97      0.97       78.39    N/A           51.63    68.96    1.278    1.753    324   0    0     0     96.60  99.07  N/A         N/A          0.97         0.97         99.07  95.915   1.18     39.43       40.5        324      1.3      1.12          0.89    98.46     0.82    0.89    1.00    0.02    0.98     99.10   7.84    97.57   97.01   0.97    4238.00    0.67     24.11  
15   T0903TS405_5-D1     405s    90.97    100.00  15    N/A       N/A        0.95      0.95       76.62    N/A           54.74    69.52    1.634    1.786    324   0    0     0     97.53  99.07  N/A         N/A          1.00         1.00         99.07  95.385   1.11     39.16       40.6        322      1.2      2.42          0.89    97.53     0.83    0.91    0.99    0.03    0.98     98.60   7.84    97.43   96.74   0.97    4250.20    1.57     97.21  
16   T0903TS251_2-D1     251s    90.59    100.00  16    N/A       N/A        0.94      0.94       72.69    N/A           51.71    68.55    1.55     2.224    324   0    0     0     97.22  98.46  N/A         N/A          0.99         0.99         98.46  95.047   1.14     39.16       39.4        324      1.5      2.02          0.83    96.91     0.79    0.87    1.00    0.04    0.97     98.30   7.84    96.38   95.79   0.96    4131.70    1.02     96.79  
17   T0903TS005_5-D1     005s    90.59    100.00  16    N/A       N/A        0.94      0.94       76.16    N/A           52.37    66.07    1.409    1.837    324   0    0     0     92.59  98.46  N/A         N/A          0.85         0.85         98.46  94.457   1.26     39.43       40.7        324      1.4      0.50          0.89    99.23     0.82    0.89    1.00    0.02    0.98     98.90   7.84    97.30   97.34   0.96    4261.60    0.50     89.16  
18   T0903TS005_4-D1     005s    90.51    100.00  18    N/A       N/A        0.94      0.94       75.85    N/A           51.40    64.91    1.455    1.893    324   0    0     0     91.98  98.46  N/A         N/A          0.83         0.83         98.46  94.4     1.28     39.43       40.7        324      1.5      0.64          0.89    99.23     0.82    0.89    1.00    0.02    0.97     99.10   7.84    97.21   97.26   0.96    4256.80    0.52     87.14  
19   T0903TS005_3-D1     005s    90.20    100.00  19    N/A       N/A        0.92      0.92       75.23    N/A           50.68    64.39    1.475    1.9      324   0    0     0     91.67  98.46  N/A         N/A          0.82         0.82         98.46  94.278   1.30     39.43       40.7        324      1.5      0.50          0.89    99.23     0.82    0.89    1.00    0.02    0.97     98.90   7.84    97.16   97.26   0.96    4257.50    0.51     77.10  
20   T0903TS183_1-D1     183s    90.12    100.00  20    0.75      0.75       0.92      0.92       76.16    0.88          49.33    66.06    1.338    1.839    324   0    0     0     96.30  99.38  0.82        0.82         0.96         0.96         99.38  94.89    1.24     39.43       40.8        324      1.3      1.43          0.88    98.77     0.82    0.90    1.00    0.02    0.98     98.80   7.84    97.65   97.43   0.97    4265.40    0.54     94.72  
21   T0903TS407_5-D1     407s    89.97    100.00  21    N/A       N/A        0.91      0.91       76.39    N/A           46.09    63.53    1.455    1.978    324   0    0     0     92.90  98.77  N/A         N/A          0.86         0.86         98.77  94.423   1.33     39.43       40.5        324      1.5      1.48          0.86    98.92     0.79    0.86    1.00    0.02    0.98     98.80   7.84    97.22   96.61   0.96    4238.90    0.64     16.47  
22   T0903TS005_1-D1     005s    89.74    100.00  22    0.73      0.73       0.90      0.90       74.15    0.78          50.72    63.69    1.503    1.935    324   0    0     0     91.36  98.46  0.64        0.64         0.82         0.82         98.46  94.144   1.32     39.43       40.6        324      1.5      0.50          0.89    99.23     0.82    0.89    1.00    0.02    0.97     98.80   7.84    97.13   97.24   0.96    4249.00    0.52     84.10  
23   T0903TS405_1-D1     405s    89.74    100.00  22    0.73      0.73       0.90      0.90       75.23    0.84          51.44    64.73    1.378    1.727    324   0    0     0     94.44  99.38  0.75        0.75         0.91         0.91         99.38  94.646   1.28     39.30       40.8        324      1.4      2.16          0.90    99.23     0.83    0.91    1.00    0.02    0.98     98.50   7.84    97.73   97.40   0.96    4267.60    0.59     96.23  
24   T0903TS407_3-D1     407s    89.58    100.00  24    N/A       N/A        0.90      0.90       75.31    N/A           48.06    63.78    1.431    1.957    324   0    0     0     94.44  99.38  N/A         N/A          0.91         0.91         99.38  95.014   1.34     39.30       40.8        324      1.4      1.52          0.87    98.92     0.79    0.87    1.00    0.02    0.98     99.10   7.84    97.47   97.11   0.96    4269.40    0.64     16.40  
25   T0903TS005_2-D1     005s    89.43    100.00  25    N/A       N/A        0.89      0.89       74.61    N/A           49.86    62.01    1.569    1.969    324   0    0     0     91.05  98.15  N/A         N/A          0.81         0.81         98.15  93.91    1.36     39.43       40.7        324      1.6      0.50          0.89    99.23     0.82    0.89    1.00    0.02    0.97     98.60   7.84    97.12   97.33   0.95    4259.90    0.52     81.46  
26   T0903TS405_4-D1     405s    89.20    100.00  26    N/A       N/A        0.88      0.88       74.69    N/A           49.05    64.69    1.378    1.734    324   1    0     0     97.22  99.38  N/A         N/A          0.99         0.99         99.38  95.047   1.31     39.43       40.7        324      1.4      2.47          0.89    98.92     0.82    0.91    1.00    0.02    0.98     98.50   7.84    97.56   97.06   0.96    4258.20    0.61     96.52  
27   T0903TS407_4-D1     407s    89.12    100.00  27    N/A       N/A        0.88      0.88       74.38    N/A           44.96    62.19    1.487    2.003    324   0    0     0     92.59  99.07  N/A         N/A          0.85         0.85         99.07  93.554   1.35     39.30       40.6        324      1.5      1.50          0.86    98.61     0.78    0.87    1.00    0.02    0.98     98.80   7.84    97.33   96.91   0.96    4249.90    0.65     16.87  
28   T0903TS359_5-D1     359s    88.89    100.00  28    N/A       N/A        0.87      0.87       72.99    N/A           49.20    64.00    1.622    1.861    324   0    0     0     94.75  99.07  N/A         N/A          0.92         0.92         99.07  94.466   1.30     39.16       39.6        322      1.4      2.33          0.83    97.69     0.79    0.86    0.99    0.05    0.97     98.20   7.84    95.95   95.64   0.96    4149.40    2.39     16.42  
29   T0903TS407_1-D1     407s    87.96    100.00  29    0.65      0.65       0.83      0.83       72.30    0.69          44.68    60.51    1.581    2.034    324   0    0     0     88.58  97.84  0.53        0.53         0.73         0.73         97.84  92.816   1.32     39.30       40.7        324      1.6      1.52          0.87    98.92     0.80    0.87    1.00    0.02    0.98     98.80   7.84    97.27   97.00   0.95    4263.90    0.60     17.65  
30   T0903TS421_5-D1     421s    87.89    100.00  30    N/A       N/A        0.83      0.83       71.84    N/A           38.30    59.44    1.822    2.401    324   0    0     0     95.37  98.46  N/A         N/A          0.94         0.94         98.46  93.589   1.31     39.16       39.7        322      1.5      3.06          0.64    96.14     0.71    0.84    0.99    0.03    0.97     99.00   7.84    96.79   96.14   0.95    4160.50    2.26     N/A    
31   T0903TS183_3-D1     183s    87.81    100.00  31    N/A       N/A        0.82      0.82       72.84    N/A           45.67    60.97    1.537    1.975    324   0    0     0     88.89  98.46  N/A         N/A          0.74         0.74         98.46  92.878   1.29     39.30       40.8        324      1.5      1.45          0.87    99.07     0.81    0.90    1.00    0.02    0.98     99.10   7.84    97.49   97.39   0.95    4269.30    0.55     95.06  
32   T0903TS183_2-D1     183s    87.65    100.00  32    N/A       N/A        0.82      0.82       72.06    N/A           47.46    62.93    1.708    2.018    324   0    0     0     94.14  98.46  N/A         N/A          0.90         0.90         98.46  93.041   1.31     39.16       40.1        322      1.5      1.45          0.88    97.69     0.82    0.89    1.00    0.03    0.98     98.80   7.84    97.02   96.77   0.95    4202.30    1.13     94.67  
33   T0903TS421_2-D1     421s    87.65    99.07   32    N/A       N/A        0.82      0.82       71.76    N/A           38.39    59.42    1.381    2.232    321   0    0     0     95.37  98.46  N/A         N/A          0.94         0.94         98.46  93.634   1.31     39.15       39.8        321      1.4      3.11          0.64    96.91     0.71    0.84    0.98    0.03    0.97     98.08   7.84    95.86   95.96   0.95    4159.30    1.10     N/A    
34   T0903TS479_1-D1     479s    87.58    100.00  34    0.63      0.63       0.82      0.82       72.38    0.69          44.84    60.95    1.551    1.974    324   0    0     0     90.43  98.46  0.60        0.60         0.79         0.79         98.46  92.858   1.35     39.43       40.5        324      1.6      1.38          0.87    99.07     0.80    0.89    1.00    0.02    0.98     98.80   7.84    97.40   97.33   0.95    4242.70    0.55     95.27  
35   T0903TS479_2-D1     479s    87.58    100.00  34    N/A       N/A        0.82      0.82       72.14    N/A           45.50    60.80    1.542    1.998    324   0    0     0     91.36  98.46  N/A         N/A          0.82         0.82         98.46  93.283   1.37     39.43       40.5        324      1.5      1.33          0.86    99.23     0.80    0.88    1.00    0.02    0.98     98.80   7.84    97.36   97.29   0.95    4235.60    0.57     94.82  
36   T0903TS092_1-D1     092s    87.58    100.00  34    0.63      0.63       0.82      0.82       71.84    0.67          47.07    60.35    1.588    1.931    324   0    0     0     88.89  98.46  0.54        0.54         0.74         0.74         98.46  92.834   1.33     39.43       41          324      1.6      2.32          0.89    99.23     0.81    0.90    1.00    0.02    0.98     98.50   7.84    97.59   97.34   0.95    4286.80    0.58     17.84  
37   T0903TS048_1-D1     048s    87.58    100.00  34    0.63      0.63       0.82      0.82       71.84    0.67          47.07    60.35    1.588    1.931    324   0    0     0     88.89  98.46  0.54        0.54         0.74         0.74         98.46  92.834   1.33     39.43       41          324      1.6      2.32          0.89    99.23     0.81    0.90    1.00    0.02    0.98     98.50   7.84    97.59   97.34   0.95    4286.80    0.58     17.84  
38   T0903TS446_2-D1     446s    87.58    100.00  34    N/A       N/A        0.82      0.82       71.30    N/A           50.18    62.49    1.52     1.859    324   0    0     0     93.52  99.38  N/A         N/A          0.88         0.88         99.38  92.815   1.40     39.43       40.6        324      1.5      0.50          0.90    99.23     0.83    0.90    1.00    0.02    0.98     99.10   7.84    97.38   97.09   0.95    4255.20    0.49     93.70  
39   T0903TS446_5-D1     446s    87.42    100.00  39    N/A       N/A        0.81      0.81       71.61    N/A           49.72    63.02    1.508    1.872    324   0    0     0     94.44  98.77  N/A         N/A          0.91         0.91         98.77  93.326   1.33     39.30       39.7        322      1.4      0.58          0.88    98.92     0.81    0.89    1.00    0.03    0.97     99.00   7.84    96.78   96.23   0.96    4159.20    1.94     94.40  
40   T0903TS349_1-D1     349s    87.42    100.00  39    0.62      0.62       0.81      0.81       72.61    0.71          46.84    61.76    1.803    2.337    324   1    0     0     90.12  98.15  0.59        0.59         0.78         0.78         98.15  92.165   1.30     38.90       40.5        324      1.8      2.18          0.86    97.07     0.80    0.87    1.00    0.04    0.97     98.40   7.84    96.81   96.68   0.95    4242.30    1.12     56.48  
41   T0903TS119_1-D1     119s    87.42    100.00  39    0.62      0.62       0.81      0.81       72.61    0.71          55.58    63.83    1.803    2.249    324   1    0     0     90.12  98.15  0.59        0.59         0.78         0.78         98.15  92.165   1.30     38.90       40.5        324      1.8      2.18          0.89    96.76     0.84    0.91    1.00    0.04    0.97     98.40   7.84    96.81   96.68   0.95    4242.30    1.12     56.48  
42   T0903TS026_4-D1     026s    87.27    100.00  42    N/A       N/A        0.80      0.80       71.76    N/A           47.00    60.18    2.075    2.495    324   0    0     0     87.65  97.53  N/A         N/A          0.70         0.70         97.53  91.307   1.32     39.03       39.5        321      1.6      2.81          0.87    97.38     0.79    0.88    0.99    0.08    0.97     98.80   7.84    96.50   95.30   0.94    4145.40    1.02     N/A    
43   T0903TS380_4-D1     380s    87.27    100.00  42    N/A       N/A        0.80      0.80       71.76    N/A           47.00    60.18    2.075    2.495    324   0    0     0     87.65  97.53  N/A         N/A          0.70         0.70         97.53  91.307   1.32     39.03       39.5        321      1.6      2.81          0.87    97.38     0.79    0.88    0.99    0.08    0.97     98.80   7.84    96.50   95.30   0.94    4145.40    1.02     N/A    
44   T0903TS421_4-D1     421s    87.27    98.15   42    N/A       N/A        0.80      0.80       73.23    N/A           36.39    56.81    1.523    2.266    318   0    0     0     87.65  96.91  N/A         N/A          0.70         0.70         96.91  91.075   1.31     38.74       40.5        318      1.5      3.12          0.57    95.99     0.69    0.82    0.96    0.03    0.95     97.36   7.84    94.09   95.94   0.94    4218.60    0.56     N/A    
45   T0903TS479_3-D1     479s    87.04    100.00  45    N/A       N/A        0.79      0.79       70.99    N/A           45.68    59.41    1.643    2.074    324   0    0     0     87.65  97.84  N/A         N/A          0.70         0.70         97.84  92.333   1.36     39.43       40.7        324      1.6      1.39          0.88    98.92     0.81    0.89    1.00    0.02    0.98     98.80   7.84    97.36   97.34   0.95    4259.00    0.56     94.39  
46   T0903TS250_3-D1     250s    86.96    100.00  46    N/A       N/A        0.79      0.79       71.76    N/A           44.49    58.61    1.704    2.246    324   0    0     0     87.65  97.53  N/A         N/A          0.70         0.70         97.53  92.096   1.34     39.43       40.8        324      1.7      1.26          0.86    97.07     0.78    0.87    1.00    0.02    0.98     98.80   7.84    97.62   97.46   0.95    4273.20    0.54     93.65  
47   T0903TS345_2-D1     345s    86.81    100.00  47    N/A       N/A        0.78      0.78       69.75    N/A           44.09    57.34    1.672    2.091    324   0    0     0     88.89  97.53  N/A         N/A          0.74         0.74         97.53  92.574   1.39     39.43       40.7        324      1.7      2.02          0.87    98.92     0.80    0.88    1.00    0.02    0.97     98.50   7.84    97.24   97.36   0.95    4265.00    0.56     83.60  
48   T0903TS250_5-D1     250s    86.81    100.00  47    N/A       N/A        0.78      0.78       70.99    N/A           43.06    58.67    1.651    2.204    324   0    0     0     91.05  99.07  N/A         N/A          0.81         0.81         99.07  92.339   1.42     39.43       40.9        324      1.7      1.29          0.86    97.99     0.79    0.87    1.00    0.02    0.98     98.80   7.84    97.70   97.50   0.95    4279.80    0.54     93.87  
49   T0903TS313_2-D1     313s    86.65    100.00  49    N/A       N/A        0.78      0.78       70.83    N/A           42.89    59.50    1.801    2.678    324   0    0     0     93.52  98.15  N/A         N/A          0.88         0.88         98.15  92.54    1.37     39.16       39.5        322      1.6      1.58          0.82    92.59     0.74    0.83    1.00    0.04    0.97     98.10   7.84    96.41   95.85   0.95    4145.40    0.97     19.44  
50   T0903TS407_2-D1     407s    86.50    100.00  50    N/A       N/A        0.77      0.77       69.98    N/A           44.00    58.82    1.685    2.069    324   0    0     0     87.65  97.53  N/A         N/A          0.70         0.70         97.53  92.18    1.37     39.30       40.7        324      1.7      1.36          0.88    99.23     0.80    0.88    1.00    0.02    0.98     98.80   7.84    97.18   96.97   0.95    4255.50    0.61     18.59  
51   T0903TS250_2-D1     250s    86.27    100.00  51    N/A       N/A        0.76      0.76       70.53    N/A           43.20    56.89    1.763    2.283    324   0    0     0     86.73  97.22  N/A         N/A          0.68         0.68         97.22  91.845   1.38     39.43       40.8        324      1.8      1.29          0.86    97.53     0.78    0.87    1.00    0.02    0.98     98.80   7.84    97.55   97.42   0.94    4272.70    0.54     93.11  
52   T0903TS026_2-D1     026s    86.11    100.00  52    N/A       N/A        0.75      0.75       68.44    N/A           45.48    61.62    1.643    2        324   0    0     0     93.83  98.15  N/A         N/A          0.89         0.89         98.15  93.084   1.36     39.16       38.6        323      1.5      2.92          0.84    98.15     0.78    0.86    0.99    0.05    0.97     98.20   7.84    95.88   94.49   0.95    4046.40    2.06     N/A    
53   T0903TS380_1-D1     380s    86.11    100.00  52    0.56      0.56       0.75      0.75       68.44    0.49          45.48    61.62    1.643    2        324   0    0     0     93.83  98.15  0.73        0.73         0.89         0.89         98.15  93.084   1.36     39.16       38.6        323      1.5      2.92          0.84    98.15     0.78    0.86    0.99    0.05    0.97     98.20   7.84    95.88   94.49   0.95    4046.40    2.06     N/A    
54   T0903TS026_1-D1     026s    86.11    100.00  52    0.56      0.56       0.75      0.75       68.44    0.49          45.48    61.62    1.643    2        324   0    0     0     93.83  98.15  0.73        0.73         0.89         0.89         98.15  93.084   1.36     39.16       38.6        323      1.5      2.92          0.84    98.15     0.78    0.86    0.99    0.05    0.97     98.20   7.84    95.88   94.49   0.95    4046.40    2.06     N/A    
55   T0903TS380_2-D1     380s    86.11    100.00  52    N/A       N/A        0.75      0.75       68.44    N/A           45.48    61.62    1.643    2        324   0    0     0     93.83  98.15  N/A         N/A          0.89         0.89         98.15  93.084   1.36     39.16       38.6        323      1.5      2.92          0.84    98.15     0.78    0.86    0.99    0.05    0.97     98.20   7.84    95.88   94.49   0.95    4046.40    2.06     N/A    
56   T0903TS250_4-D1     250s    86.03    100.00  56    N/A       N/A        0.75      0.75       69.91    N/A           43.95    57.94    1.726    2.245    324   0    0     0     87.65  97.22  N/A         N/A          0.70         0.70         97.22  91.695   1.39     39.43       40.9        324      1.7      1.20          0.86    97.22     0.78    0.87    1.00    0.02    0.98     98.80   7.84    97.60   97.49   0.95    4277.40    0.54     93.55  
57   T0903TS444_2-D1     444s    86.03    100.00  56    N/A       N/A        0.75      0.75       68.28    N/A           44.79    59.53    1.636    2.202    324   0    0     0     87.96  97.84  N/A         N/A          0.71         0.71         97.84  92.766   1.31     39.43       39.1        324      1.6      1.33          0.84    96.76     0.77    0.86    1.00    0.03    0.97     98.50   7.84    96.50   95.72   0.95    4103.80    0.63     N/A    
58   T0903TS313_5-D1     313s    85.96    100.00  58    N/A       N/A        0.75      0.75       70.06    N/A           42.95    59.40    1.816    2.653    324   0    0     0     92.28  98.15  N/A         N/A          0.84         0.84         98.15  91.791   1.38     39.16       39.5        322      1.6      1.62          0.82    93.06     0.75    0.83    1.00    0.04    0.97     98.10   7.84    96.36   95.80   0.95    4138.70    0.96     19.59  
59   T0903TS455_3-D1     455s    85.88    100.00  59    N/A       N/A        0.75      0.75       69.98    N/A           41.87    55.20    2.234    2.345    324   0    0     0     85.80  96.30  N/A         N/A          0.65         0.65         96.30  91.359   1.39     39.16       39.7        322      1.8      2.38          0.87    97.38     0.80    0.89    0.99    0.03    0.97     98.40   7.74    96.49   96.16   0.93    4156.50    2.70     20.19  
60   T0903TS287_1-D1     287s    85.80    100.00  60    0.55      0.55       0.74      0.74       69.60    0.55          35.41    53.23    1.963    2.636    324   0    0     0     85.49  96.30  0.42        0.42         0.64         0.64         96.30  91.584   1.39     39.16       40.2        322      1.8      inf           0.83    96.45     0.75    0.85    1.00    0.04    0.97     98.10   7.84    96.55   96.53   0.93    4215.60    0.95     83.89  
61   T0903TS345_5-D1     345s    85.72    100.00  61    N/A       N/A        0.74      0.74       70.83    N/A           43.25    57.41    2.082    2.616    324   0    0     0     87.96  97.22  N/A         N/A          0.71         0.71         97.22  90.653   1.41     38.90       40.3        322      1.7      2.03          0.86    96.45     0.78    0.86    0.99    0.03    0.98     98.30   7.84    95.98   95.79   0.94    4222.20    1.37     83.90  
62   T0903TS313_3-D1     313s    85.72    100.00  61    N/A       N/A        0.74      0.74       69.91    N/A           41.94    58.43    1.855    2.668    324   0    0     0     88.89  97.53  N/A         N/A          0.74         0.74         97.53  91.468   1.35     39.03       39.6        322      1.6      1.69          0.82    93.83     0.76    0.83    1.00    0.04    0.97     98.10   7.84    96.42   95.94   0.94    4151.90    0.98     20.00  
63   T0903TS251_4-D1     251s    85.57    100.00  63    N/A       N/A        0.73      0.73       67.83    N/A           44.96    58.93    1.906    2.191    324   0    0     0     94.44  98.46  N/A         N/A          0.91         0.91         98.46  92.537   1.46     39.16       39.2        322      1.6      1.94          0.83    97.53     0.80    0.88    0.99    0.03    0.97     98.40   7.84    96.25   95.65   0.95    4109.20    2.59     92.72  
64   T0903TS313_1-D1     313s    85.57    100.00  63    0.54      0.54       0.73      0.73       69.60    0.55          42.41    59.22    1.812    2.607    324   0    0     0     91.67  98.15  0.65        0.65         0.82         0.82         98.15  91.69    1.38     39.03       39.6        322      1.6      1.49          0.82    93.52     0.76    0.83    1.00    0.04    0.97     98.10   7.84    96.47   95.91   0.95    4153.10    0.96     19.59  
65   T0903TS250_1-D1     250s    85.57    100.00  63    0.54      0.54       0.73      0.73       69.83    0.56          43.63    57.45    1.755    2.236    324   0    0     0     87.04  97.22  0.48        0.48         0.69         0.69         97.22  91.562   1.40     39.43       40.9        324      1.8      1.50          0.86    98.15     0.79    0.87    1.00    0.02    0.98     98.80   7.84    97.58   97.50   0.94    4278.40    0.53     93.33  
66   T0903TS446_1-D1     446s    85.49    100.00  66    0.53      0.53       0.73      0.73       67.44    0.44          48.83    61.90    1.541    1.885    324   0    0     0     93.52  99.38  0.72        0.72         0.88         0.88         99.38  92.58    1.47     39.43       39.7        324      1.5      0.50          0.88    99.23     0.82    0.90    1.00    0.03    0.98     98.80   7.84    96.94   96.72   0.95    4163.40    0.49     93.55  
67   T0903TS236_5-D1     236s    85.19    100.00  67    N/A       N/A        0.72      0.72       68.67    N/A           44.12    60.38    1.809    2.124    324   0    0     0     95.06  98.77  N/A         N/A          0.93         0.93         98.77  91.822   1.42     39.16       40.3        322      1.5      2.16          0.87    97.69     0.80    0.88    0.99    0.03    0.97     98.40   7.84    96.88   96.50   0.95    4216.10    2.09     86.88  
68   T0903TS452_1-D1     452s    84.95    100.00  68    0.51      0.51       0.71      0.71       69.98    0.57          46.68    58.07    2.187    2.485    324   5    0     0     85.80  95.99  0.43        0.43         0.65         0.65         95.99  90.608   1.38     38.90       40.2        319      1.7      2.15          0.86    98.77     0.82    0.91    0.98    0.05    0.97     94.60   7.84    96.11   96.77   0.93    4213.00    0.66     N/A    
69   T0903TS444_1-D1     444s    84.88    100.00  69    0.50      0.50       0.70      0.70       66.67    0.41          41.43    57.78    1.561    2.295    324   0    0     0     91.98  98.77  0.66        0.66         0.83         0.83         98.77  92.146   1.49     39.43       38.7        324      1.6      1.34          0.81    95.37     0.75    0.83    1.00    0.04    0.97     98.80   7.84    95.63   94.36   0.95    4062.10    0.72     N/A    
70   T0903TS251_3-D1     251s    84.88    100.00  69    N/A       N/A        0.70      0.70       67.59    N/A           43.50    57.66    1.98     2.292    324   0    0     0     90.12  96.91  N/A         N/A          0.78         0.78         96.91  90.903   1.52     39.16       39          322      1.7      1.93          0.83    97.53     0.79    0.87    0.99    0.04    0.97     98.40   7.84    95.79   95.63   0.94    4085.80    2.68     91.70  
71   T0903TS251_1-D1     251s    84.80    100.00  71    0.50      0.50       0.70      0.70       67.52    0.45          43.47    57.50    1.983    2.295    324   0    0     0     90.12  96.91  0.59        0.59         0.78         0.78         96.91  90.936   1.53     39.16       39          322      1.7      1.93          0.83    97.53     0.79    0.87    0.99    0.03    0.97     98.40   7.84    95.79   95.65   0.94    4089.70    2.68     91.66  
72   T0903TS236_1-D1     236s    84.57    100.00  72    0.49      0.49       0.69      0.69       68.44    0.49          38.38    51.02    2.088    2.395    324   0    0     0     83.95  95.06  0.36        0.36         0.59         0.59         95.06  90.869   1.56     39.43       40.4        324      2.1      2.08          0.88    99.38     0.81    0.88    1.00    0.02    0.97     98.50   7.74    96.49   97.21   0.93    4225.70    0.55     88.43  
73   T0903TS313_4-D1     313s    84.49    100.00  73    N/A       N/A        0.69      0.69       68.21    N/A           42.89    58.05    1.847    2.721    324   0    0     0     91.67  98.15  N/A         N/A          0.82         0.82         98.15  91.619   1.41     39.03       39.5        324      1.8      1.58          0.82    93.36     0.75    0.83    1.00    0.04    0.97     98.10   7.84    96.27   95.75   0.94    4139.90    0.98     20.00  
74   T0903TS016_1-D1     016s    83.64    100.00  74    0.44      0.44       0.65      0.65       65.89    0.37          41.75    58.18    1.982    2.206    324   0    0     0     93.83  98.77  0.73        0.73         0.89         0.89         98.77  91.156   1.48     39.03       39.5        322      1.6      2.34          0.86    96.91     0.80    0.88    0.99    0.03    0.97     98.40   7.84    96.74   96.15   0.94    4141.00    2.34     18.50  
75   T0903TS251_5-D1     251s    83.49    100.00  75    N/A       N/A        0.65      0.65       64.89    N/A           42.63    56.70    2.032    2.307    324   0    0     0     89.81  97.22  N/A         N/A          0.77         0.77         97.22  90.221   1.57     39.16       38.6        322      1.7      1.92          0.82    97.69     0.79    0.87    0.99    0.04    0.96     98.40   7.84    95.30   95.28   0.94    4049.40    2.86     91.61  
76   T0903TS444_3-D1     444s    83.41    100.00  76    N/A       N/A        0.64      0.64       63.97    N/A           41.14    57.78    1.587    2.25     324   0    0     0     89.81  98.46  N/A         N/A          0.77         0.77         98.46  91.033   1.46     39.43       38.7        324      1.6      1.32          0.82    96.45     0.77    0.84    1.00    0.03    0.97     98.50   7.84    96.12   95.12   0.95    4056.10    0.67     N/A    
77   T0903TS455_4-D1     455s    83.33    100.00  77    N/A       N/A        0.64      0.64       65.51    N/A           41.33    56.18    1.959    2.287    324   1    0     0     94.14  98.46  N/A         N/A          0.90         0.90         98.46  91.194   1.57     39.03       39.1        320      1.6      2.67          0.85    97.69     0.79    0.88    0.99    0.06    0.97     98.30   7.84    96.44   95.84   0.94    4101.20    1.91     19.33  
78   T0903TS444_4-D1     444s    82.18    100.00  78    N/A       N/A        0.59      0.59       63.12    N/A           39.20    56.10    1.64     2.502    324   0    0     0     93.83  99.69  N/A         N/A          0.89         0.89         99.69  91.557   1.59     39.43       38.1        324      1.6      1.49          0.79    93.98     0.73    0.82    1.00    0.04    0.97     94.90   7.74    95.32   93.77   0.95    3997.10    0.85     N/A    
79   T0903TS236_4-D1     236s    82.02    100.00  79    N/A       N/A        0.59      0.59       64.97    N/A           42.24    54.25    1.935    2.227    324   0    0     0     87.04  96.60  N/A         N/A          0.69         0.69         96.60  89.556   1.60     39.43       40.2        323      1.9      2.33          0.88    99.07     0.82    0.90    1.00    0.02    0.97     98.80   7.84    96.02   96.80   0.93    4207.60    0.66     88.71  
80   T0903TS345_3-D1     345s    81.64    100.00  80    N/A       N/A        0.57      0.57       64.35    N/A           36.91    48.93    2.296    2.645    324   0    0     0     81.48  94.14  N/A         N/A          0.52         0.52         94.14  88.831   1.48     39.30       39.9        324      2.3      2.16          0.83    98.30     0.79    0.87    1.00    0.03    0.97     98.50   7.74    96.14   96.83   0.92    4181.10    0.60     84.86  
81   T0903TS287_2-D1     287s    81.10    100.00  81    N/A       N/A        0.55      0.55       63.58    N/A           39.01    52.21    2.424    2.568    324   0    0     0     80.86  95.37  N/A         N/A          0.50         0.50         95.37  88.255   1.46     39.16       39.8        322      2.1      2.01          0.87    97.53     0.80    0.87    0.99    0.03    0.97     98.40   7.74    96.28   96.31   0.92    4166.90    2.58     85.32  
82   T0903TS495_4-D1     495s    80.86    100.00  82    N/A       N/A        0.54      0.54       63.27    N/A           37.03    50.61    2.235    2.681    324   0    0     0     80.25  94.14  N/A         N/A          0.48         0.48         94.14  87.461   1.73     39.43       39.5        324      2.2      1.40          0.83    96.60     0.77    0.84    1.00    0.03    0.97     98.50   7.74    95.78   96.16   0.91    4138.50    0.58     89.65  
83   T0903TS236_3-D1     236s    80.56    100.00  83    N/A       N/A        0.53      0.53       63.73    N/A           37.90    50.12    2.476    2.65     324   0    0     0     82.41  94.44  N/A         N/A          0.55         0.55         94.44  88.115   1.58     39.16       40.1        322      2.1      2.02          0.87    97.69     0.81    0.88    0.99    0.03    0.97     98.40   7.74    95.91   96.61   0.92    4195.60    2.60     88.85  
84   T0903TS495_5-D1     495s    80.48    100.00  84    N/A       N/A        0.52      0.52       62.89    N/A           36.26    47.88    2.184    2.627    324   0    0     0     84.26  97.22  N/A         N/A          0.60         0.60         97.22  89.403   1.67     39.43       39.6        324      2.2      1.28          0.84    97.07     0.77    0.85    1.00    0.03    0.97     98.50   7.74    96.34   96.51   0.92    4150.90    0.57     89.10  
85   T0903TS495_1-D1     495s    80.25    100.00  85    0.28      0.28       0.51      0.51       61.42    0.14          37.14    48.38    2.212    2.66     324   0    0     0     84.57  96.91  0.39        0.39         0.61         0.61         96.91  89.154   1.59     39.43       39.2        324      2.2      1.28          0.83    96.76     0.76    0.85    1.00    0.03    0.97     98.50   7.74    95.88   96.18   0.93    4109.10    0.56     89.42  
86   T0903TS166_1-D1     166s    80.17    97.84   86    0.28      0.28       0.51      0.51       61.80    0.16          32.73    47.01    2.16     2.563    317   0    0     0     81.17  92.90  0.26        0.26         0.51         0.51         92.90  87.346   1.62     38.78       38.5        317      2.2      2.58          0.82    96.45     0.75    0.85    0.95    0.04    0.95     96.08   7.74    88.50   94.47   0.90    4024.10    1.07     22.91  
87   T0903TS444_5-D1     444s    79.55    100.00  87    N/A       N/A        0.48      0.48       59.34    N/A           37.77    51.05    2.087    2.755    324   0    0     0     83.64  95.99  N/A         N/A          0.58         0.58         95.99  88.69    1.60     39.03       37.9        323      2        1.26          0.81    94.44     0.76    0.83    0.99    0.04    0.97     98.30   7.74    95.36   94.50   0.92    3979.20    0.87     N/A    
88   T0903TS495_3-D1     495s    79.47    100.00  88    N/A       N/A        0.48      0.48       61.03    N/A           36.65    47.15    2.241    2.692    324   0    0     0     82.10  97.22  N/A         N/A          0.54         0.54         97.22  87.964   1.73     39.43       39.3        324      2.2      1.42          0.83    97.22     0.77    0.85    1.00    0.03    0.97     98.50   7.64    96.11   96.33   0.92    4120.30    0.58     89.01  
89   T0903TS287_5-D1     287s    79.40    100.00  89    N/A       N/A        0.48      0.48       59.95    N/A           35.70    48.30    2.151    2.499    324   0    0     0     79.94  95.06  N/A         N/A          0.47         0.47         95.06  87.562   1.63     39.43       39.8        324      2.2      2.00          0.86    99.07     0.79    0.87    1.00    0.02    0.97     98.20   7.74    95.98   96.71   0.92    4168.70    2.65     87.23  
90   T0903TS495_2-D1     495s    78.09    100.00  90    N/A       N/A        0.42      0.42       59.34    N/A           39.02    51.71    2.204    2.637    324   0    0     0     81.48  94.75  N/A         N/A          0.52         0.52         95.68  87.174   1.78     39.43       39.3        324      2.2      1.57          0.82    96.76     0.76    0.84    1.00    0.03    0.96     98.50   7.84    95.19   96.09   0.92    4123.30    0.56     89.79  
91   T0903TS455_2-D1     455s    78.01    100.00  91    N/A       N/A        0.42      0.42       61.27    N/A           39.14    47.06    2.741    3.021    324   2    0     0     74.38  93.21  N/A         N/A          0.30         0.30         93.21  87.167   1.63     39.16       40.1        320      2.6      2.35          0.89    97.84     0.81    0.90    0.99    0.05    0.97     98.60   7.64    96.10   96.55   0.90    4199.30    0.64     27.11  
92   T0903TS446_3-D1     446s    76.85    100.00  92    N/A       N/A        0.37      0.37       59.18    N/A           34.86    43.70    2.915    3.195    324   0    0     0     73.15  92.59  N/A         N/A          0.27         0.27         92.59  85.201   1.78     39.30       38.7        324      2.9      0.58          0.87    98.77     0.81    0.88    0.99    0.04    0.96     98.80   7.64    94.74   96.30   0.89    4056.10    1.43     83.45  
93   T0903TS380_3-D1     380s    76.70    100.00  93    N/A       N/A        0.37      0.37       57.33    N/A           32.60    44.69    3.124    3.535    324   1    0     0     74.38  91.36  N/A         N/A          0.30         0.30         91.36  85.257   1.66     38.50       37.1        322      2.8      3.37          0.80    95.99     0.74    0.84    0.99    0.07    0.95     98.10   7.64    91.63   93.08   0.89    3901.10    2.99     N/A    
94   T0903TS026_3-D1     026s    76.70    100.00  93    N/A       N/A        0.37      0.37       57.33    N/A           32.60    44.69    3.124    3.535    324   1    0     0     74.38  91.36  N/A         N/A          0.30         0.30         91.36  85.257   1.66     38.50       37.1        322      2.8      3.37          0.80    95.99     0.74    0.84    0.99    0.07    0.95     98.10   7.64    91.63   93.08   0.89    3901.10    2.99     N/A    
95   T0903TS287_3-D1     287s    74.92    100.00  95    N/A       N/A        0.29      0.29       56.79    N/A           32.48    43.16    2.492    2.796    324   0    0     0     72.22  92.90  N/A         N/A          0.24         0.24         92.90  83.052   1.88     39.43       39.8        324      2.5      2.04          0.87    99.23     0.80    0.87    1.00    0.02    0.97     98.20   7.54    95.80   96.83   0.89    4172.80    1.56     88.61  
96   T0903TS236_2-D1     236s    74.31    100.00  96    N/A       N/A        0.27      0.27       56.09    N/A           30.84    41.11    2.657    2.943    324   0    0     0     72.22  91.05  N/A         N/A          0.24         0.24         91.05  82.2     2.00     39.43       39.7        324      2.7      2.00          0.87    99.23     0.80    0.88    1.00    0.02    0.96     98.20   7.54    95.63   96.89   0.89    4156.50    1.70     88.39  
97   T0903TS258_1-D1     258s    74.07    100.00  97    -0.01     -0.01      0.26      0.26       54.55    -0.21         29.66    43.17    2.748    3.145    324   0    0     0     74.69  93.21  0.02        0.02         0.31         0.31         93.21  85.046   1.76     39.43       38.4        324      2.7      2.68          0.81    98.77     0.75    0.86    0.99    0.03    0.96     98.30   7.54    94.38   95.74   0.89    4034.30    1.84     27.79  
98   T0903TS467_3-D1     467s    73.84    100.00  98    N/A       N/A        0.25      0.25       53.62    N/A           34.08    45.01    3.2      3.518    324   0    0     0     76.23  87.35  N/A         N/A          0.36         0.36         87.96  80.594   1.87     38.77       36.8        322      3        0.58          0.83    96.30     0.78    0.87    0.99    0.05    0.94     98.30   7.74    91.07   94.36   0.87    3875.80    1.31     55.28  
99   T0903TS258_2-D1     258s    72.76    100.00  99    N/A       N/A        0.20      0.20       54.09    N/A           28.02    42.41    3.386    3.704    324   0    0     0     74.69  84.88  N/A         N/A          0.31         0.31         87.04  77.48    1.76     38.37       38.1        322      3.2      2.59          0.80    96.30     0.72    0.84    0.99    0.04    0.95     98.40   7.64    92.94   95.17   0.86    4002.20    1.55     30.43  
100  T0903TS467_1-D1     467s    72.69    100.00  100   -0.08     -0.08      0.20      0.20       52.24    -0.32         30.97    43.53    3.138    3.486    324   0    0     0     71.30  85.80  -0.10       -0.10        0.21         0.21         86.11  77.951   1.86     38.37       36.6        320      3        0.75          0.81    97.69     0.77    0.86    0.99    0.07    0.94     98.60   7.74    90.56   94.24   0.86    3846.90    1.34     54.32  
101  T0903TS464_4-D1     464s    72.61    100.00  101   N/A       N/A        0.20      0.20       53.70    N/A           33.94    42.56    2.982    3.342    324   0    0     0     71.91  90.74  N/A         N/A          0.23         0.23         90.74  82.558   1.90     38.90       40          324      3        2.41          0.87    98.46     0.80    0.89    1.00    0.03    0.96     98.50   7.34    95.24   96.97   0.88    4187.10    0.57     29.53  
102  T0903TS028_1-D1     028s    71.91    97.84   102   -0.11     -0.11      0.17      0.17       53.16    -0.28         31.41    41.25    2.788    3.101    317   0    0     0     72.84  89.51  -0.05       -0.05        0.26         0.26         89.51  79.593   1.88     38.78       37.8        317      2.8      2.52          0.82    97.22     0.77    0.85    0.95    0.04    0.95     96.08   7.64    87.50   94.37   0.87    3951.30    1.99     28.38  
103  T0903TS479_5-D1     479s    71.45    100.00  103   N/A       N/A        0.15      0.15       52.70    N/A           29.86    37.29    3.055    3.413    324   0    0     0     68.83  87.96  N/A         N/A          0.14         0.14         88.27  76.671   2.17     39.30       39.3        324      3.1      1.44          0.87    98.15     0.80    0.89    0.99    0.03    0.96     98.60   7.34    94.34   96.74   0.86    4118.00    0.63     84.21  
104  T0903TS183_4-D1     183s    71.30    100.00  104   N/A       N/A        0.14      0.14       52.47    N/A           30.75    38.58    3.059    3.448    324   0    0     0     69.44  89.20  N/A         N/A          0.16         0.16         89.20  76.126   2.06     39.16       39.2        324      3.1      1.58          0.86    98.30     0.80    0.89    0.99    0.03    0.96     99.40   7.44    94.36   96.72   0.86    4111.80    0.69     84.76  
105  T0903TS421_1-D1     421s    71.22    98.77   105   -0.15     -0.15      0.14      0.14       52.31    -0.32         28.39    40.62    2.83     3.32     320   0    0     0     71.60  91.98  -0.09       -0.09        0.22         0.22         91.98  82.868   1.85     39.06       37.9        320      2.8      3.07          0.60    96.14     0.70    0.82    0.97    0.04    0.94     97.58   7.54    92.44   94.48   0.88    3969.80    1.33     N/A    
106  T0903TS464_1-D1     464s    71.06    100.00  106   -0.15     -0.15      0.13      0.13       52.70    -0.30         33.71    40.03    3.143    3.467    324   0    0     0     68.52  89.51  -0.21       -0.21        0.13         0.13         90.12  79.57    2.04     38.77       39.8        324      3.1      2.47          0.87    98.61     0.79    0.89    1.00    0.03    0.96     98.50   7.34    94.63   96.95   0.87    4170.90    0.58     31.37  
107  T0903TS464_3-D1     464s    69.98    100.00  107   N/A       N/A        0.09      0.09       51.85    N/A           32.48    39.28    3.206    3.52     324   0    0     0     66.05  90.74  N/A         N/A          0.05         0.05         90.74  80.224   1.98     38.64       39.9        324      3.2      2.62          0.87    98.61     0.80    0.89    1.00    0.03    0.96     98.50   7.34    94.86   97.04   0.87    4181.70    0.55     31.93  
108  T0903TS258_3-D1     258s    69.21    100.00  108   N/A       N/A        0.06      0.06       50.08    N/A           24.84    36.12    3.362    3.756    324   1    0     0     63.27  88.89  N/A         N/A          -0.03        -0.03        88.89  77.509   1.92     38.77       35.9        321      3.1      2.81          0.76    93.67     0.70    0.82    0.99    0.09    0.94     98.20   7.54    90.98   92.86   0.86    3789.00    2.61     32.01  
109  T0903TS258_4-D1     258s    68.98    100.00  109   N/A       N/A        0.05      0.05       48.84    N/A           20.57    30.93    3.236    3.692    324   5    0     0     57.72  87.96  N/A         N/A          -0.20        -0.20        87.96  77.376   1.88     39.03       35.4        323      3.1      3.45          0.75    93.36     0.68    0.81    0.99    0.09    0.95     97.40   7.34    91.41   92.09   0.86    3731.80    2.88     34.18  
110  T0903TS421_3-D1     421s    68.67    99.38   110   N/A       N/A        0.04      0.04       49.30    N/A           22.44    33.82    3.398    3.838    322   0    0     0     65.12  80.25  N/A         N/A          0.03         0.03         82.72  71.923   2.09     38.19       38.3        322      3.4      3.18          0.65    96.45     0.71    0.83    0.98    0.04    0.95     97.49   7.34    93.09   95.38   0.84    4019.80    0.72     N/A    
111  T0903TS287_4-D1     287s    68.36    100.00  111   N/A       N/A        0.02      0.02       49.69    N/A           28.79    39.01    3.437    3.639    324   0    0     0     63.89  86.11  N/A         N/A          -0.01        -0.01        89.51  76.357   2.05     38.50       39.1        324      3.4      2.07          0.86    99.07     0.79    0.87    0.99    0.02    0.96     98.30   7.34    94.25   96.82   0.86    4103.40    0.89     83.02  
112  T0903TS345_4-D1     345s    68.13    100.00  112   N/A       N/A        0.01      0.01       49.00    N/A           24.61    32.84    3.27     3.674    324   0    0     0     62.35  86.11  N/A         N/A          -0.06        -0.06        86.11  70.143   2.14     38.50       38.8        324      3.3      2.19          0.84    97.84     0.77    0.86    0.99    0.03    0.95     98.50   7.34    93.59   96.28   0.85    4070.60    0.71     85.56  
113  T0903TS345_1-D1     345s    66.97    100.00  113   -0.35     -0.35      -0.03     -0.03      47.38    -0.57         23.38    31.94    3.371    3.688    324   0    0     0     57.41  84.26  -0.62       -0.62        -0.21        -0.21        87.35  69.939   2.13     38.24       38.3        324      3.4      2.11          0.83    99.07     0.78    0.85    0.99    0.03    0.95     98.50   7.34    93.12   95.50   0.84    4023.00    1.52     84.91  
114  T0903TS452_2-D1     452s    66.67    100.00  114   N/A       N/A        -0.05     -0.05      47.15    N/A           27.92    38.44    3.274    3.477    324   0    0     0     64.20  91.67  N/A         N/A          -0.00        -0.00        91.67  77.933   1.99     39.03       38          324      3.3      2.72          0.82    98.61     0.77    0.87    0.99    0.03    0.96     98.20   7.34    93.31   95.33   0.87    3988.50    2.12     N/A    
115  T0903TS425_1-D1     425s    66.51    100.00  115   -0.37     -0.37      -0.05     -0.05      49.30    -0.47         23.50    34.74    4.883    5.004    324   0    0     0     58.33  75.00  -0.58       -0.58        -0.18        -0.18        79.32  68.667   1.96     32.96       36.7        320      4.6      2.57          0.82    96.60     0.77    0.86    0.98    0.08    0.94     97.80   7.02    90.38   94.76   0.80    3859.90    1.73     40.13  
116  T0903TS077_1-D1     077s    65.05    100.00  116   -0.44     -0.44      -0.11     -0.11      46.99    -0.59         25.74    35.71    4.963    5.101    324   0    0     0     58.33  72.84  -0.58       -0.58        -0.18        -0.18        76.23  67.198   1.91     32.30       36.5        320      4.7      2.71          0.83    95.99     0.78    0.87    0.98    0.08    0.93     97.80   6.81    89.98   94.69   0.79    3836.30    1.67     40.54  
117  T0903TS077_4-D1     077s    64.81    100.00  117   N/A       N/A        -0.12     -0.12      46.99    N/A           25.74    35.71    4.987    5.109    324   0    0     0     58.33  72.84  N/A         N/A          -0.18        -0.18        76.23  67.198   1.91     32.30       36.3        322      4.8      2.71          0.83    95.83     0.77    0.87    0.98    0.08    0.93     97.80   6.81    89.97   94.68   0.79    3835.90    2.00     40.54  
118  T0903TS359_2-D1     359s    64.51    100.00  118   N/A       N/A        -0.14     -0.14      47.22    N/A           28.91    35.23    4.573    4.749    324   0    0     0     57.72  75.93  N/A         N/A          -0.20        -0.20        78.40  67.862   2.00     32.70       38          323      4.5      2.55          0.82    97.84     0.79    0.86    0.99    0.04    0.95     98.20   7.13    91.51   96.04   0.80    3994.30    1.25     39.13  
119  T0903TS359_1-D1     359s    64.51    100.00  118   -0.47     -0.47      -0.14     -0.14      47.22    -0.58         28.91    35.23    4.573    4.749    324   0    0     0     57.72  75.93  -0.60       -0.60        -0.20        -0.20        78.40  67.862   2.00     32.70       38          323      4.5      2.55          0.82    97.84     0.79    0.86    0.99    0.04    0.95     98.20   7.13    91.51   96.04   0.80    3994.30    1.25     39.13  
120  T0903TS258_5-D1     258s    64.04    100.00  120   N/A       N/A        -0.15     -0.15      45.14    N/A           19.45    31.77    4.544    4.825    324   0    0     0     54.01  77.16  N/A         N/A          -0.31        -0.31        79.63  65.957   2.14     32.57       37          322      4.4      2.67          0.79    95.83     0.71    0.83    0.99    0.04    0.94     98.60   7.02    90.54   95.00   0.80    3894.70    1.57     40.55  
121  T0903TS425_4-D1     425s    63.81    100.00  121   N/A       N/A        -0.16     -0.16      46.68    N/A           24.15    32.13    5.001    5.11     324   0    0     0     51.85  73.46  N/A         N/A          -0.37        -0.37        81.79  68.059   2.11     32.96       36.4        322      4.8      2.68          0.82    96.30     0.76    0.86    0.98    0.08    0.94     97.80   6.81    90.26   94.76   0.80    3847.60    1.68     41.85  
122  T0903TS359_3-D1     359s    63.66    100.00  122   N/A       N/A        -0.17     -0.17      46.14    N/A           28.72    35.46    4.682    4.876    324   0    0     0     57.72  74.07  N/A         N/A          -0.20        -0.20        77.16  67.366   1.92     31.78       38.3        324      4.7      2.45          0.83    99.23     0.79    0.86    0.99    0.02    0.95     98.20   7.02    92.10   96.75   0.81    4020.70    1.65     40.33  
123  T0903TS359_4-D1     359s    63.66    100.00  122   N/A       N/A        -0.17     -0.17      46.14    N/A           28.72    35.46    4.682    4.876    324   0    0     0     57.72  74.07  N/A         N/A          -0.20        -0.20        77.16  67.366   1.92     31.78       38.3        324      4.7      2.45          0.83    99.23     0.79    0.86    0.99    0.02    0.95     98.20   7.02    92.10   96.75   0.81    4020.70    1.65     40.33  
124  T0903TS425_2-D1     425s    63.58    100.00  124   N/A       N/A        -0.17     -0.17      44.67    N/A           23.97    33.40    4.506    4.664    324   0    0     0     50.31  78.40  N/A         N/A          -0.42        -0.42        84.57  68.991   2.05     33.75       37          320      4.2      2.70          0.82    96.45     0.76    0.86    0.98    0.08    0.94     97.80   7.13    91.21   94.68   0.81    3883.30    1.65     39.87  
125  T0903TS077_5-D1     077s    63.50    100.00  125   N/A       N/A        -0.18     -0.18      44.67    N/A           23.97    33.40    4.537    4.676    324   0    0     0     50.31  78.40  N/A         N/A          -0.42        -0.42        84.57  68.991   2.05     33.75       37          320      4.2      2.70          0.82    95.99     0.76    0.86    0.98    0.08    0.94     97.80   7.13    91.20   94.66   0.81    3887.10    2.01     39.87  
126  T0903TS077_2-D1     077s    62.81    100.00  126   N/A       N/A        -0.21     -0.21      46.37    N/A           23.67    31.94    5.375    5.47     324   0    0     0     52.78  72.22  N/A         N/A          -0.35        -0.35        76.85  65.393   2.09     30.19       36.2        320      5.1      2.67          0.82    96.45     0.77    0.86    0.98    0.09    0.93     97.80   6.70    89.50   94.80   0.78    3809.00    1.67     42.95  
127  T0903TS467_4-D1     467s    62.65    100.00  127   N/A       N/A        -0.21     -0.21      40.82    N/A           25.38    34.03    3.864    4.126    324   0    0     0     60.19  88.58  N/A         N/A          -0.12        -0.12        88.58  72.73    2.10     36.66       36.3        318      3.7      0.58          0.81    95.68     0.77    0.85    0.99    0.06    0.94     97.90   7.34    89.04   94.07   0.85    3825.30    1.83     60.68  
128  T0903TS275_5-D1     275s    61.73    100.00  128   N/A       N/A        -0.25     -0.25      44.67    N/A           26.89    34.04    5.619    5.836    324   0    0     0     58.33  72.22  N/A         N/A          -0.18        -0.18        72.84  65.718   1.93     31.78       37.3        322      5.5      2.00          0.86    98.61     0.82    0.89    0.98    0.04    0.93     98.50   7.02    89.94   96.63   0.77    3917.00    0.77     N/A    
129  T0903TS425_5-D1     425s    61.50    100.00  129   N/A       N/A        -0.26     -0.26      45.45    N/A           23.00    30.70    5.479    5.612    324   0    0     0     51.23  70.68  N/A         N/A          -0.39        -0.39        75.62  63.401   2.13     30.06       36          320      5.2      2.69          0.83    96.60     0.77    0.86    0.98    0.08    0.93     97.80   6.70    89.12   94.75   0.76    3790.10    1.89     43.86  
130  T0903TS275_4-D1     275s    61.42    100.00  130   N/A       N/A        -0.26     -0.26      44.13    N/A           27.18    32.92    5.257    5.424    324   0    0     0     57.10  72.84  N/A         N/A          -0.22        -0.22        73.46  64.442   2.08     32.04       37.5        324      5.3      1.96          0.87    99.23     0.82    0.90    0.99    0.03    0.93     98.50   7.02    90.59   96.62   0.76    3939.10    0.74     N/A    
131  T0903TS425_3-D1     425s    61.34    100.00  131   N/A       N/A        -0.27     -0.27      43.29    N/A           22.21    29.80    4.883    5.055    324   0    0     0     49.38  69.44  N/A         N/A          -0.45        -0.45        75.31  63.75    2.15     32.70       36.4        322      4.7      2.40          0.82    96.45     0.76    0.86    0.98    0.08    0.93     97.80   6.81    90.36   94.66   0.79    3847.60    1.70     42.96  
132  T0903TS275_3-D1     275s    61.27    100.00  132   N/A       N/A        -0.27     -0.27      44.06    N/A           27.29    33.33    5.512    5.723    324   0    0     0     57.41  71.60  N/A         N/A          -0.21        -0.21        72.22  64.1     2.02     31.78       37.3        323      5.4      2.14          0.87    99.23     0.82    0.90    0.98    0.03    0.93     98.50   7.02    90.18   96.68   0.76    3917.20    0.73     N/A    
133  T0903TS275_2-D1     275s    61.11    100.00  133   N/A       N/A        -0.28     -0.28      43.44    N/A           27.17    33.22    5.432    5.644    324   0    0     0     57.72  70.68  N/A         N/A          -0.20        -0.20        71.30  63.391   1.94     32.17       37.3        323      5.4      2.06          0.87    99.23     0.82    0.89    0.99    0.03    0.93     98.50   7.02    90.23   96.71   0.76    3918.80    0.72     N/A    
134  T0903TS077_3-D1     077s    60.88    100.00  134   N/A       N/A        -0.28     -0.28      43.83    N/A           23.52    30.87    5.384    5.498    324   0    0     0     50.31  70.68  N/A         N/A          -0.42        -0.42        76.54  63.98    2.11     31.78       36          322      5.2      2.43          0.82    96.60     0.76    0.86    0.98    0.08    0.93     97.80   6.70    89.37   94.74   0.77    3801.60    1.71     43.67  
135  T0903TS275_1-D1     275s    59.18    100.00  135   -0.72     -0.72      -0.35     -0.35      42.36    -0.82         25.21    31.12    5.496    5.658    324   0    0     0     55.86  68.83  -0.67       -0.67        -0.25        -0.25        69.44  60.022   1.95     31.25       37.2        324      5.5      2.15          0.87    99.23     0.82    0.90    0.99    0.03    0.93     98.50   6.92    90.11   96.80   0.75    3913.20    0.67     N/A    
136  T0903TS284_5-D1     284s    57.02    100.00  136   N/A       N/A        -0.44     -0.44      44.76    N/A           25.35    35.31    78.264   75.799   324   0    0     0     64.20  69.14  N/A         N/A          -0.00        -0.00        69.14  63.492   1.78     26.89       23.7        228      2        2.93          0.58    64.35     0.58    0.62    0.45    0.63    0.92     68.80   7.44    42.06   66.80   0.66    2567.10    534.30   44.44  
137  T0903TS382_3-D1     382s    50.54    100.00  137   N/A       N/A        -0.71     -0.71      32.25    N/A           19.33    26.90    7.836    8.415    324   0    0     0     0.00   0.00   N/A         N/A          -1.93        -1.93        69.44  47.574   2.26     28.87       20.4        271      3.5      1.26          0.59    64.04     0.59    0.62    0.88    0.46    0.85     84.70   6.70    64.49   71.13   0.72    2239.80    12.59    N/A    
138  T0903TS183_5-D1     183s    49.15    100.00  138   N/A       N/A        -0.77     -0.77      34.03    N/A           17.78    23.51    10.248   10.56    324   0    0     0     0.00   0.00   N/A         N/A          -1.93        -1.93        67.90  58.209   1.95     26.63       23.9        277      7.2      2.30          0.65    73.77     0.67    0.71    0.83    0.39    0.82     88.70   6.47    62.77   80.01   0.66    2580.30    14.59    64.18  
139  T0903TS446_4-D1     446s    48.38    53.09   139   N/A       N/A        -0.80     -0.80      42.98    N/A           54.68    39.34    4.489    5.098    172   0    0     0     48.77  49.38  N/A         N/A          -0.47        -0.47        49.38  49.109   0.89     22.79       21.8        165      2.3      0.64          0.42    49.23     0.41    0.41    0.27    1.05    0.55     52.45   6.92    21.87   48.56   0.49    1622.70    2.19     92.63  
140  T0903TS479_4-D1     479s    48.15    100.00  140   N/A       N/A        -0.81     -0.81      33.10    N/A           15.67    21.06    10.289   10.684   324   0    0     0     0.00   0.00   N/A         N/A          -1.93        -1.93        62.65  56.139   1.83     25.18       22.2        263      5.1      2.43          0.61    71.60     0.63    0.67    0.83    0.45    0.81     86.50   6.23    61.11   76.56   0.65    2411.30    15.20    62.67  
141  T0903TS284_2-D1     284s    47.61    100.00  141   N/A       N/A        -0.83     -0.83      32.79    N/A           16.05    26.22    24.236   23.426   324   1    0     0     48.15  60.80  N/A         N/A          -0.49        -0.49        62.04  50.855   1.99     24.91       21.9        270      6.1      3.00          0.58    69.44     0.58    0.64    0.48    0.53    0.88     79.60   6.70    57.00   73.14   0.62    2388.30    184.21   51.20  
142  T0903TS382_1-D1     382s    44.37    100.00  142   -1.42     -1.42      -0.96     -0.96      29.63    -1.46         17.50    24.03    12.258   12.445   324   0    0     0     39.51  55.56  -1.28       -1.28        -0.75        -0.75        57.72  48.575   1.89     24.52       18.6        254      5.5      1.23          0.56    61.73     0.58    0.61    0.79    0.50    0.78     83.70   6.70    58.72   69.08   0.62    2053.90    17.78    N/A    
143  T0903TS180_4-D1     180s    42.90    100.00  143   N/A       N/A        -1.03     -1.03      25.93    N/A           12.19    19.37    14.978   15.73    324   0    0     0     34.57  59.26  N/A         N/A          -0.89        -0.89        61.73  41.149   2.32     26.50       22.9        288      4.6      2.75          0.49    57.87     0.55    0.61    0.69    0.55    0.85     81.20   6.58    60.58   68.23   0.68    2484.80    51.80    57.91  
144  T0903TS382_2-D1     382s    41.82    100.00  144   N/A       N/A        -1.07     -1.07      27.70    N/A           14.21    22.14    11.933   12.368   324   0    0     0     0.00   0.00   N/A         N/A          -1.93        -1.93        53.09  42.479   2.01     20.96       17.4        245      5.8      1.18          0.57    62.96     0.58    0.63    0.77    0.49    0.81     87.80   6.81    59.47   72.42   0.58    1876.80    18.45    N/A    
145  T0903TS452_4-D1     452s    41.36    100.00  145   N/A       N/A        -1.09     -1.09      26.16    N/A           12.38    19.89    10.973   11.33    324   0    0     0     0.00   0.00   N/A         N/A          -1.93        -1.93        58.33  49.719   1.94     23.73       19.6        265      7.2      3.04          0.57    67.90     0.57    0.62    0.80    0.47    0.80     95.70   6.35    57.34   72.34   0.61    2159.10    17.84    N/A    
146  T0903TS452_3-D1     452s    41.28    100.00  146   N/A       N/A        -1.09     -1.09      26.16    N/A           10.13    16.62    10.563   10.925   324   1    0     0     0.00   0.00   N/A         N/A          -1.93        -1.93        62.35  51.782   2.03     24.39       19.3        260      6.9      2.95          0.54    63.73     0.56    0.59    0.80    0.62    0.80     88.10   6.11    56.23   69.95   0.62    2124.20    18.86    N/A    
147  T0903TS382_4-D1     382s    40.59    100.00  147   N/A       N/A        -1.12     -1.12      24.61    N/A           13.09    17.85    9.895    10.275   324   0    0     0     31.79  50.62  N/A         N/A          -0.98        -0.98        59.88  38.071   2.43     20.96       18.4        256      4.6      1.13          0.56    62.04     0.58    0.62    0.84    0.49    0.80     87.70   5.46    59.01   69.81   0.64    2040.80    15.18    N/A    
148  T0903TS180_5-D1     180s    38.35    100.00  148   N/A       N/A        -1.21     -1.21      25.31    N/A           11.49    17.79    14.887   15.106   324   1    0     0     35.49  43.83  N/A         N/A          -0.87        -0.87        44.14  38.099   1.98     18.32       20.2        316      14.7     3.03          0.47    83.95     0.59    0.68    0.93    0.26    0.72     98.00   6.35    63.33   75.41   0.46    2213.40    6.53     46.64  
149  T0903TS452_5-D1     452s    38.19    100.00  149   N/A       N/A        -1.22     -1.22      24.30    N/A           12.43    18.80    9.842    10.343   324   0    0     0     27.78  46.91  N/A         N/A          -1.10        -1.10        55.56  40.595   2.15     22.54       18.8        299      9.4      3.20          0.61    83.33     0.61    0.67    0.85    0.28    0.86     95.40   6.47    71.20   79.09   0.60    2078.30    3.79     N/A    
150  T0903TS451_4-D1     451s    37.73    100.00  150   N/A       N/A        -1.24     -1.24      19.21    N/A           8.96     14.56    7.412    8.023    324   0    0     0     18.21  49.38  N/A         N/A          -1.39        -1.39        52.16  28.663   2.67     25.31       15.8        304      6.2      2.88          0.51    63.73     0.54    0.57    0.93    0.49    0.84     98.30   5.86    64.14   67.68   0.64    1774.90    7.23     N/A    
151  T0903TS451_1-D1     451s    37.73    100.00  150   -1.74     -1.74      -1.24     -1.24      22.14    -1.84         8.63     16.99    11.123   11.568   324   0    0     0     33.95  51.85  -1.48       -1.48        -0.91        -0.91        55.86  37.268   2.48     23.60       19.7        314      10.7     2.75          0.52    65.43     0.54    0.57    0.94    0.42    0.79     97.70   6.23    61.22   66.84   0.60    2166.30    7.87     N/A    
152  T0903TS467_2-D1     467s    37.50    100.00  152   N/A       N/A        -1.25     -1.25      24.07    N/A           12.65    16.57    10.094   10.476   324   0    0     0     28.09  40.43  N/A         N/A          -1.09        -1.09        54.01  40.728   2.13     20.17       17.6        293      9.8      0.91          0.65    82.87     0.66    0.70    0.84    0.32    0.86     95.50   5.73    71.01   81.12   0.59    1967.60    3.89     66.98  
153  T0903TS380_5-D1     380s    37.35    100.00  153   N/A       N/A        -1.25     -1.25      23.22    N/A           12.19    18.21    9.982    10.353   324   0    0     0     27.47  46.60  N/A         N/A          -1.11        -1.11        54.63  38.352   2.23     22.14       17.7        296      9.5      3.09          0.61    85.19     0.62    0.68    0.83    0.27    0.86     96.40   5.73    67.92   77.13   0.59    1972.50    5.65     N/A    
154  T0903TS026_5-D1     026s    37.35    100.00  153   N/A       N/A        -1.25     -1.25      23.22    N/A           12.19    18.21    9.982    10.353   324   0    0     0     27.47  46.60  N/A         N/A          -1.11        -1.11        54.63  38.352   2.23     22.14       17.7        296      9.5      3.09          0.61    85.19     0.62    0.68    0.83    0.27    0.86     96.40   5.73    67.92   77.13   0.59    1972.50    5.65     N/A    
155  T0903TS284_1-D1     284s    37.11    100.00  155   -1.77     -1.77      -1.26     -1.26      23.77    -1.76         11.88    18.42    10.174   10.741   324   0    0     0     26.54  45.68  -1.75       -1.75        -1.14        -1.14        53.70  39.068   2.17     21.48       18.2        294      9.6      3.07          0.60    78.70     0.60    0.65    0.83    0.38    0.85     91.90   5.33    67.33   77.06   0.59    2019.30    5.78     61.59  
156  T0903TS284_3-D1     284s    36.73    100.00  156   N/A       N/A        -1.28     -1.28      23.07    N/A           10.78    17.82    10.163   10.676   324   1    0     0     27.16  45.99  N/A         N/A          -1.12        -1.12        54.01  39.061   2.13     21.35       17.8        257      5.5      3.12          0.59    77.01     0.58    0.64    0.83    0.43    0.84     93.40   5.19    66.52   76.28   0.59    1975.30    6.71     61.72  
157  T0903TS451_3-D1     451s    36.42    100.00  157   N/A       N/A        -1.29     -1.29      21.30    N/A           10.04    15.84    10.359   10.899   324   0    0     0     0.00   0.00   N/A         N/A          -1.93        -1.93        51.54  36.086   2.33     23.20       18.1        310      9.6      2.71          0.53    67.13     0.55    0.58    0.94    0.47    0.79     99.20   6.35    61.30   66.59   0.56    2005.20    8.00     N/A    
158  T0903TS451_2-D1     451s    35.73    100.00  158   N/A       N/A        -1.32     -1.32      22.45    N/A           9.05     17.88    10.287   10.827   324   1    0     0     31.48  45.06  N/A         N/A          -0.99        -0.99        51.23  36.789   2.23     18.32       17.4        284      9.2      2.74          0.55    72.84     0.57    0.59    0.88    0.40    0.76     99.10   5.04    56.28   68.82   0.58    1933.90    11.92    N/A    
159  T0903TS451_5-D1     451s    35.11    100.00  159   N/A       N/A        -1.35     -1.35      19.52    N/A           8.19     16.23    10.065   10.6     324   1    0     0     33.95  48.46  N/A         N/A          -0.91        -0.91        52.78  34.933   2.40     21.22       18.4        313      9.4      2.65          0.53    67.90     0.53    0.58    0.94    0.42    0.80     90.40   6.47    59.49   66.49   0.59    2030.70    7.06     N/A    
160  T0903TS284_4-D1     284s    35.03    100.00  160   N/A       N/A        -1.35     -1.35      23.38    N/A           9.65     16.60    11.945   12.485   324   3    0     0     21.30  43.52  N/A         N/A          -1.29        -1.29        52.78  34.727   2.46     16.21       17.1        278      11.3     3.17          0.56    61.11     0.55    0.63    0.83    0.44    0.80     92.90   6.35    57.03   72.45   0.55    1907.00    26.04    66.12  
161  T0903TS180_2-D1     180s    32.72    100.00  161   N/A       N/A        -1.44     -1.44      22.14    N/A           10.40    15.29    12.756   13.282   324   2    0     0     0.00   0.00   N/A         N/A          -1.93        -1.93        50.93  46.26    1.79     14.49       15.8        181      5        2.72          0.43    56.48     0.56    0.54    0.73    0.66    0.73     78.10   6.11    45.80   68.32   0.56    1287.90    33.22    40.56  
162  T0903TS464_5-D1     464s    30.17    100.00  162   N/A       N/A        -1.55     -1.55      18.67    N/A           7.98     11.21    17.133   17.601   324   1    0     0     22.22  36.73  N/A         N/A          -1.27        -1.27        37.96  22.549   2.59     16.21       11.2        156      16.5     2.98          0.47    65.12     0.55    0.56    0.71    0.79    0.71     64.30   3.29    42.49   61.85   0.42    607.90     34.26    42.46  
163  T0903TS382_5-D1     382s    29.09    100.00  163   N/A       N/A        -1.59     -1.59      19.75    N/A           10.09    15.02    19.915   20.494   324   0    0     0     0.00   0.00   N/A         N/A          -1.93        -1.93        39.81  31.532   2.16     13.44       13.1        147      4        1.14          0.50    58.33     0.55    0.57    0.79    0.61    0.62     92.80   5.99    45.36   65.95   0.40    1000.20    19.38    N/A    
164  T0903TS464_2-D1     464s    26.77    100.00  164   N/A       N/A        -1.69     -1.69      16.52    N/A           10.38    12.42    20.17    20.442   324   3    0     0     0.00   0.00   N/A         N/A          -1.93        -1.93        35.19  26.421   2.14     14.76       9           224      13.8     3.49          0.42    61.11     0.51    0.52    0.51    0.56    0.68     60.60   5.73    37.23   54.74   0.37    1093.70    42.51    40.90  
165  T0903TS432_3-D1     432s    22.76    100.00  165   N/A       N/A        -1.85     -1.85      16.82    N/A           8.06     12.07    15.372   15.918   324   0    0     0     8.64   15.12  N/A         N/A          -1.67        -1.67        33.02  19.848   2.53     9.61        9.5         237      14.3     1.11          0.50    68.06     0.57    0.54    0.84    0.43    0.60     89.20   4.25    47.07   67.71   0.42    924.60     10.38    N/A    
166  T0903TS434_1-D1     434s    22.07    100.00  166   -2.48     -2.48      -1.88     -1.88      10.88    -2.41         3.62     7.07     11.774   12.239   324   1    0     0     0.00   0.00   -2.73       -2.73        -1.93        -1.93        38.58  21.73    2.59     12.38       6.4         94       4        2.77          0.43    54.78     0.50    0.50    0.79    0.71    0.70     79.50   4.58    48.92   58.83   0.46    388.10     14.09    76.97  
167  T0903TS432_2-D1     432s    21.14    100.00  167   N/A       N/A        -1.92     -1.92      12.50    N/A           4.37     7.05     15.83    16.309   324   0    0     0     0.62   2.47   N/A         N/A          -1.92        -1.92        33.95  22.675   2.65     11.59       9.5         95       4.5      1.21          0.49    71.45     0.58    0.54    0.84    0.45    0.60     90.60   4.74    47.01   65.90   0.42    445.30     9.66     N/A    
168  T0903TS432_4-D1     432s    19.98    100.00  168   N/A       N/A        -1.97     -1.97      13.27    N/A           6.85     9.96     16.594   17.213   324   0    0     0     5.86   9.26   N/A         N/A          -1.76        -1.76        27.16  16.271   2.55     8.16        8.5         186      16.9     1.43          0.47    65.43     0.55    0.52    0.83    0.46    0.56     72.30   4.07    43.71   63.51   0.37    690.40     13.92    N/A    
169  T0903TS180_3-D1     180s    19.52    100.00  169   N/A       N/A        -1.99     -1.99      13.58    N/A           5.05     7.80     16.755   17.543   324   3    0     0     0.00   0.00   N/A         N/A          -1.93        -1.93        59.57  50.646   2.06     7.37        17.4        212      5.7      2.63          0.38    60.96     0.56    0.53    0.72    0.65    0.47     87.10   6.11    40.45   65.64   0.60    1593.80    31.57    28.48  
170  T0903TS467_5-D1     467s    19.37    100.00  170   N/A       N/A        -1.99     -1.99      9.11     N/A           2.73     4.45     13.316   13.975   324   0    0     0     0.93   2.16   N/A         N/A          -1.91        -1.91        29.01  18.188   2.55     10.14       6.5         231      14.2     1.07          0.41    42.44     0.48    0.43    0.80    0.61    0.70     81.40   5.33    49.51   55.20   0.43    849.40     32.10    75.94  
171  T0903TS432_1-D1     432s    18.83    100.00  171   -2.64     -2.64      -2.02     -2.02      11.34    -2.39         5.17     7.57     17.04    17.562   324   0    0     0     0.00   0.00   -2.73       -2.73        -1.93        -1.93        30.25  19.462   2.51     8.42        8.4         151      11.9     1.22          0.49    68.98     0.57    0.54    0.82    0.50    0.57     94.30   2.58    46.83   67.60   0.38    765.10     13.44    N/A    
172  T0903TS434_3-D1     434s    18.83    100.00  171   N/A       N/A        -2.02     -2.02      10.03    N/A           3.69     5.19     16.618   16.898   324   0    0     0     9.26   25.62  N/A         N/A          -1.66        -1.66        30.86  18.334   2.41     8.16        5.5         155      5.7      2.83          0.41    49.54     0.48    0.47    0.63    1.13    0.63     71.80   5.60    41.96   57.27   0.37    660.20     17.08    77.13  
173  T0903TS434_2-D1     434s    18.06    100.00  173   N/A       N/A        -2.05     -2.05      8.72     N/A           2.38     5.04     16.688   17.411   324   1    0     0     0.00   0.00   N/A         N/A          -1.93        -1.93        27.16  15.197   2.49     7.50        8           248      15       2.67          0.41    49.54     0.50    0.48    0.85    0.84    0.58     74.20   5.60    41.74   58.11   0.38    1000.40    20.17    77.12  
174  T0903TS432_5-D1     432s    17.90    100.00  174   N/A       N/A        -2.05     -2.05      10.65    N/A           3.03     5.41     16.517   17.005   324   0    0     0     8.64   17.90  N/A         N/A          -1.67        -1.67        29.01  18.269   2.46     8.95        4.9         162      10.3     1.16          0.47    64.04     0.55    0.51    0.83    0.54    0.56     93.60   4.07    45.72   66.58   0.38    609.00     13.75    N/A    
175  T0903TS434_5-D1     434s    17.82    100.00  175   N/A       N/A        -2.06     -2.06      8.95     N/A           2.21     4.91     15.05    15.404   324   1    0     0     0.62   8.33   N/A         N/A          -1.92        -1.92        30.86  20.311   2.54     7.90        4.4         74       5.9      2.81          0.40    47.22     0.50    0.47    0.63    1.09    0.72     76.90   5.19    41.90   60.47   0.40    242.20     21.93    80.82  
176  T0903TS434_4-D1     434s    16.20    100.00  176   N/A       N/A        -2.12     -2.12      9.18     N/A           2.27     4.96     17.589   18.149   324   0    0     0     4.94   14.51  N/A         N/A          -1.79        -1.79        26.54  15.033   2.44     8.29        4           97       3.4      2.69          0.37    42.44     0.48    0.44    0.65    1.05    0.57     67.40   4.74    36.94   55.45   0.34    361.00     24.22    78.25  
177  T0903TS321_4-D1     321s    12.58    100.00  177   N/A       N/A        -2.27     -2.27      8.56     N/A           3.47     6.42     27.587   28.063   324   5    0     0     6.48   10.19  N/A         N/A          -1.74        -1.74        20.37  11.222   2.66     3.15        4           64       7.2      3.26          0.28    31.17     0.49    0.39    0.22    1.67    0.47     83.00   4.25    28.88   56.87   0.21    232.00     114.31   24.19  
178  T0903TS321_5-D1     321s    12.27    100.00  178   N/A       N/A        -2.29     -2.29      8.72     N/A           3.22     6.43     23.646   24.149   324   4    0     0     0.31   0.00   N/A         N/A          -1.93        -1.93        18.21  14.074   2.27     2.75        4.1         61       3.3      3.07          0.29    29.48     0.48    0.38    0.29    1.68    0.49     90.90   2.83    27.20   57.20   0.23    199.00     107.26   24.17  
179  T0903TS321_3-D1     321s    12.19    100.00  179   N/A       N/A        -2.29     -2.29      8.41     N/A           3.68     6.13     23.988   24.576   324   8    0     0     0.00   0.00   N/A         N/A          -1.93        -1.93        20.68  14.918   2.44     2.62        4.2         73       3.8      3.30          0.30    30.56     0.48    0.38    0.27    1.85    0.48     92.00   4.25    27.58   57.22   0.29    272.50     85.10    24.14  
180  T0903TS321_2-D1     321s    12.04    100.00  180   N/A       N/A        -2.30     -2.30      8.18     N/A           3.18     5.38     22.954   23.394   324   6    0     0     0.00   0.00   N/A         N/A          -1.93        -1.93        21.91  12.001   2.33     3.15        4.4         77       3.9      3.29          0.30    29.63     0.48    0.38    0.32    1.76    0.48     91.80   4.58    28.37   56.70   0.27    243.50     69.71    24.04  
181  T0903TS321_1-D1     321s    11.27    100.00  181   -3.00     -3.00      -2.33     -2.33      7.79     -2.57         2.60     5.63     23.502   23.793   324   3    0     0     0.00   0.00   -2.73       -2.73        -1.93        -1.93        20.68  14.4     2.53     2.49        3.7         54       3        3.31          0.29    30.09     0.48    0.37    0.24    1.88    0.49     92.00   4.25    27.33   56.69   0.23    163.50     88.19    23.79  
182  T0903TS455_5-D1     455s    9.18     100.00  182   N/A       N/A        -2.41     -2.41      5.09     N/A           0.61     1.94     21.756   22.172   324   3    0     0     0.00   1.23   N/A         N/A          -1.93        -1.93        19.75  11.895   2.60     1.17        1.3         46       3.2      3.50          0.22    8.80      0.32    0.22    0.40    1.90    0.51     32.30   1.99    17.93   33.12   0.26    102.60     85.23    90.75  

