#    Model               GR#     GDT_TS   NP_P    RANK  Z-M1-GDT  Z-M1s-GDT  Z-MA-GDT  Z-MAs-GDT  GDT_HA   Z-M1s-GDT-HA  GDC_SC   GDC_ALL  RMS_CA   RMS_ALL  NP    err  PC01  PC05  AL0_P  AL4_P  Z-M1-AL0_p  Z-M1s-AL0_p  Z-MA-AL0_p   Z-MAs-AL0_p  ALI_P  LGA_S    RMSD[L]  Z-score[M]  Z-Score[D]  Al.Res.  RMSD[D]  MolPrb_Score  LDDT    SphGr     CAD_AA  RPF     CODM    DFM     Handed.  SOV     CE      QCS     CONTS   TMscore  Dali(raw)  FlexE    QSE    

1    T0920TS220_4-D2     220s    79.68    100.00  1     N/A       N/A        1.60      1.60       61.08    N/A           36.70    53.92    2.459    3.153    219   0    0     0     84.02  94.52  N/A         N/A          1.54         1.54         94.52  89.652   1.56     27.98       26.7        217      1.8      1.57          0.65    81.96     0.65    0.69    0.96    0.17    0.94     93.10   6.92    90.77   80.64   0.91    2308.80    4.22     29.89  
2    T0920TS220_3-D2     220s    77.63    100.00  2     N/A       N/A        1.52      1.52       57.08    N/A           34.81    51.03    2.498    3.242    219   0    0     0     83.56  94.98  N/A         N/A          1.52         1.52         94.98  88.797   1.66     28.28       25.8        217      1.9      1.68          0.64    80.82     0.64    0.69    0.96    0.18    0.94     89.40   6.92    90.72   79.54   0.91    2236.50    4.53     30.54  
3    T0920TS220_1-D2     220s    77.51    100.00  3     1.32      1.32       1.52      1.52       58.33    1.59          35.66    51.48    2.698    3.466    219   0    0     0     83.11  94.06  1.30        1.30         1.51         1.51         94.06  87.679   1.60     27.68       25.8        216      2        1.85          0.65    81.51     0.65    0.69    0.95    0.19    0.93     90.30   6.92    90.74   80.36   0.90    2238.30    4.49     31.43  
4    T0920TS220_2-D2     220s    76.71    100.00  4     N/A       N/A        1.49      1.49       57.19    N/A           34.78    50.27    2.705    3.423    219   0    0     0     83.11  94.06  N/A         N/A          1.51         1.51         94.06  87.93    1.63     27.53       25.7        216      2        1.74          0.64    81.05     0.66    0.69    0.95    0.18    0.94     85.40   6.92    90.57   80.33   0.90    2230.00    4.08     32.03  
5    T0920TS005_5-D2     005s    71.80    100.00  5     N/A       N/A        1.30      1.30       51.83    N/A           32.56    42.53    3.973    4.638    219   0    0     0     77.17  89.50  N/A         N/A          1.33         1.33         89.95  77.194   1.85     25.44       22.7        209      2.4      0.91          0.63    80.82     0.63    0.70    0.93    0.27    0.92     87.00   6.81    88.84   81.47   0.84    1992.70    5.04     33.62  
6    T0920TS479_1-D2     479s    71.46    100.00  6     1.10      1.10       1.29      1.29       49.43    1.12          23.11    39.17    2.565    3.535    219   0    0     0     75.80  93.15  1.09        1.09         1.29         1.29         93.15  74.662   2.00     28.13       22.4        217      2.4      2.97          0.60    77.40     0.60    0.68    0.97    0.20    0.93     67.40   6.81    91.78   80.25   0.87    1967.90    2.91     91.73  
7    T0920TS183_1-D2     183s    71.35    100.00  7     1.09      1.09       1.28      1.28       49.31    1.12          25.92    39.87    2.543    3.48     219   0    0     0     75.80  92.69  1.09        1.09         1.29         1.29         92.69  75.333   1.98     27.98       22.8        216      2.3      3.05          0.61    77.85     0.59    0.68    0.97    0.20    0.93     77.50   6.81    92.14   81.13   0.87    1995.00    3.02     91.56  
8    T0920TS005_3-D2     005s    70.43    100.00  8     N/A       N/A        1.25      1.25       49.43    N/A           30.39    43.44    3.727    4.295    219   0    0     0     74.89  88.58  N/A         N/A          1.26         1.26         89.04  73.414   1.89     25.59       22.3        210      2.4      0.90          0.62    79.45     0.62    0.70    0.94    0.27    0.91     75.20   6.81    90.41   77.74   0.85    1955.60    6.77     32.59  
9    T0920TS005_4-D2     005s    70.32    100.00  9     N/A       N/A        1.24      1.24       48.52    N/A           32.66    43.42    2.847    3.456    219   0    0     0     74.89  91.78  N/A         N/A          1.26         1.26         91.78  75.663   1.99     27.23       23.6        214      2.3      0.94          0.64    81.28     0.65    0.71    0.96    0.20    0.93     86.30   6.81    92.38   80.48   0.86    2048.90    4.83     34.61  
10   T0920TS220_5-D2     220s    70.09    100.00  10    N/A       N/A        1.24      1.24       49.77    N/A           28.36    42.92    3.371    4.16     219   0    0     0     69.86  89.95  N/A         N/A          1.11         1.11         90.41  76.262   1.90     25.89       23.1        213      2.4      2.09          0.60    74.89     0.61    0.64    0.94    0.25    0.92     89.20   6.81    87.58   76.65   0.86    2021.10    6.37     36.35  
11   T0920TS425_2-D2     425s    69.64    100.00  11    N/A       N/A        1.22      1.22       48.63    N/A           23.25    39.10    2.89     3.838    219   0    0     0     74.89  91.78  N/A         N/A          1.26         1.26         92.24  76.93    1.93     27.68       22.9        215      2.2      3.32          0.58    74.43     0.58    0.66    0.94    0.22    0.92     87.50   6.70    88.20   76.44   0.87    2004.20    4.46     28.23  
12   T0920TS005_2-D2     005s    69.29    100.00  12    N/A       N/A        1.21      1.21       48.52    N/A           31.10    41.55    3.411    4.195    219   0    0     0     73.52  88.13  N/A         N/A          1.22         1.22         88.13  71.476   1.99     26.94       21.7        208      2.3      1.24          0.62    77.85     0.62    0.69    0.94    0.28    0.92     66.50   6.70    89.61   78.06   0.84    1911.90    4.73     32.02  
13   T0920TS048_1-D2     048s    68.95    100.00  13    1.00      1.00       1.19      1.19       49.09    1.10          26.64    39.84    3.414    4.152    219   0    0     0     73.97  91.32  1.03        1.03         1.23         1.23         91.78  71.324   1.94     27.38       22.6        211      2.2      3.44          0.61    76.48     0.58    0.68    0.94    0.28    0.91     80.40   6.81    90.03   76.67   0.85    1983.30    7.92     29.52  
14   T0920TS092_1-D2     092s    68.95    100.00  13    1.00      1.00       1.19      1.19       49.09    1.10          26.64    39.84    3.414    4.152    219   0    0     0     73.97  91.32  1.03        1.03         1.23         1.23         91.78  71.324   1.94     27.38       22.6        211      2.2      3.44          0.61    76.48     0.58    0.68    0.94    0.28    0.91     80.40   6.81    90.03   76.67   0.85    1983.30    7.92     29.52  
15   T0920TS425_3-D2     425s    68.72    100.00  15    N/A       N/A        1.18      1.18       46.92    N/A           26.10    40.10    2.824    3.705    219   0    0     0     75.80  92.24  N/A         N/A          1.29         1.29         92.69  75.068   1.95     27.23       23          213      2.2      3.50          0.60    75.80     0.59    0.67    0.95    0.22    0.92     88.50   6.81    88.61   76.75   0.86    2012.20    4.85     27.85  
16   T0920TS425_4-D2     425s    68.72    100.00  15    N/A       N/A        1.18      1.18       46.69    N/A           25.52    39.58    2.911    3.788    219   0    0     0     73.97  92.69  N/A         N/A          1.23         1.23         93.15  73.359   1.92     27.38       23          212      2.1      3.22          0.59    76.03     0.58    0.66    0.94    0.23    0.92     85.90   6.70    88.44   76.59   0.86    2007.90    4.47     28.54  
17   T0920TS077_1-D2     077s    68.04    100.00  17    0.97      0.97       1.16      1.16       47.03    0.99          23.61    37.58    2.997    3.822    219   0    0     0     71.69  90.41  0.97        0.97         1.16         1.16         90.87  71.765   2.00     25.89       21.9        214      2.3      3.07          0.58    73.74     0.56    0.65    0.94    0.27    0.92     83.80   6.70    88.04   74.91   0.86    1925.00    7.36     29.48  
18   T0920TS119_1-D2     119s    67.92    100.00  18    0.97      0.97       1.15      1.15       46.12    0.95          22.50    38.10    2.693    3.586    219   2    0     0     72.60  88.58  0.99        0.99         1.19         1.19         88.58  68.717   2.07     27.38       21.1        213      2.5      4.23          0.57    77.17     0.58    0.65    0.96    0.25    0.93     70.80   6.70    90.00   76.10   0.84    1859.00    5.63     43.55  
19   T0920TS349_1-D2     349s    67.92    100.00  18    0.97      0.97       1.15      1.15       46.12    0.95          25.64    38.53    2.693    3.68     219   2    0     0     72.60  88.58  0.99        0.99         1.19         1.19         88.58  68.717   2.07     27.38       21.1        213      2.5      3.32          0.56    76.71     0.58    0.64    0.96    0.25    0.93     70.80   6.70    90.00   76.10   0.84    1859.00    5.63     43.55  
20   T0920TS313_4-D2     313s    67.47    100.00  20    N/A       N/A        1.14      1.14       45.77    N/A           24.60    38.53    2.753    3.707    219   0    0     0     72.60  88.13  N/A         N/A          1.19         1.19         88.13  67.781   2.07     27.08       20.8        212      2.5      3.13          0.58    77.63     0.59    0.65    0.96    0.26    0.93     69.50   6.70    89.60   75.26   0.84    1835.80    6.53     32.80  
21   T0920TS479_5-D2     479s    67.35    100.00  21    N/A       N/A        1.13      1.13       45.66    N/A           19.78    36.43    3.211    3.973    219   0    0     0     68.04  88.58  N/A         N/A          1.05         1.05         89.95  71.453   1.99     25.74       20.9        210      2.4      3.27          0.56    71.92     0.55    0.64    0.94    0.27    0.90     74.80   6.70    88.40   72.42   0.84    1841.40    8.49     88.84  
22   T0920TS313_3-D2     313s    67.35    100.00  21    N/A       N/A        1.13      1.13       45.78    N/A           25.54    38.35    2.796    3.766    219   0    0     0     71.69  88.13  N/A         N/A          1.16         1.16         88.13  68.649   2.12     27.53       20.7        213      2.5      3.10          0.57    77.63     0.60    0.65    0.96    0.26    0.93     79.90   6.70    89.35   75.11   0.84    1828.20    6.64     33.04  
23   T0920TS313_5-D2     313s    67.35    100.00  21    N/A       N/A        1.13      1.13       45.43    N/A           26.15    38.92    2.783    3.723    219   0    0     0     72.60  88.58  N/A         N/A          1.19         1.19         88.58  67.483   2.11     27.68       20.7        213      2.5      3.10          0.58    77.63     0.59    0.65    0.96    0.26    0.92     76.70   6.70    89.41   75.09   0.84    1833.00    6.69     32.96  
24   T0920TS183_5-D2     183s    67.12    100.00  24    N/A       N/A        1.12      1.12       45.32    N/A           18.13    36.12    3.198    3.943    219   0    0     0     69.86  88.13  N/A         N/A          1.11         1.11         89.50  71.95    2.03     26.94       20.6        210      2.4      3.25          0.55    70.32     0.56    0.63    0.95    0.28    0.90     79.10   6.70    88.43   72.04   0.84    1825.10    6.57     88.99  
25   T0920TS005_1-D2     005s    67.12    100.00  24    0.94      0.94       1.12      1.12       45.66    0.92          29.72    40.55    4.744    5.341    219   0    0     0     73.52  89.04  1.02        1.02         1.22         1.22         89.04  72.728   1.89     26.19       22.2        206      2.2      1.13          0.61    77.17     0.63    0.68    0.93    0.29    0.91     84.40   6.70    85.91   77.42   0.84    1953.00    5.16     32.12  
26   T0920TS313_2-D2     313s    66.89    100.00  26    N/A       N/A        1.12      1.12       45.20    N/A           24.66    38.09    2.796    3.764    219   0    0     0     71.69  89.04  N/A         N/A          1.16         1.16         89.04  67.218   2.08     27.68       20.7        213      2.5      3.02          0.58    76.71     0.60    0.65    0.96    0.26    0.92     71.70   6.70    89.50   75.49   0.84    1829.40    6.44     33.05  
27   T0920TS077_2-D2     077s    66.89    100.00  26    N/A       N/A        1.12      1.12       43.95    N/A           23.33    37.94    2.879    3.65     219   0    0     0     75.34  92.24  N/A         N/A          1.27         1.27         92.69  71.938   1.99     27.53       22.9        216      2.4      3.50          0.59    75.11     0.58    0.66    0.94    0.22    0.92     89.00   6.81    88.77   77.72   0.86    2004.20    4.07     28.62  
28   T0920TS425_1-D2     425s    66.67    100.00  28    0.92      0.92       1.11      1.11       44.41    0.86          22.38    36.97    2.911    3.696    219   0    0     0     73.06  91.78  1.01        1.01         1.20         1.20         92.24  71.5     2.04     27.68       22.5        215      2.3      3.23          0.59    75.34     0.58    0.66    0.94    0.21    0.92     84.80   6.70    88.20   76.32   0.86    1973.50    4.08     29.20  
29   T0920TS313_1-D2     313s    66.44    100.00  29    0.91      0.91       1.10      1.10       44.29    0.85          25.32    37.98    2.783    3.753    219   0    0     0     71.23  89.04  0.95        0.95         1.15         1.15         89.04  67.091   2.09     26.49       20.6        213      2.5      2.96          0.58    77.63     0.59    0.65    0.96    0.26    0.92     71.70   6.70    89.41   75.18   0.84    1823.70    6.66     33.18  
30   T0920TS382_1-D2     382s    66.44    100.00  29    0.91      0.91       1.10      1.10       45.32    0.90          22.04    36.39    4.254    5.119    219   1    0     0     67.12  84.93  0.84        0.84         1.02         1.02         84.93  70.306   2.04     25.59       20.6        206      2.8      3.36          0.56    72.83     0.57    0.62    0.84    0.36    0.89     80.70   6.70    84.73   75.38   0.80    1823.30    5.98     79.45  
31   T0920TS077_4-D2     077s    66.10    100.00  31    N/A       N/A        1.09      1.09       43.95    N/A           22.24    37.35    2.886    3.742    219   0    0     0     74.43  92.24  N/A         N/A          1.25         1.25         92.69  71.515   2.00     27.53       22.9        214      2.3      3.44          0.59    75.80     0.57    0.67    0.94    0.23    0.92     87.10   6.81    88.50   76.83   0.86    2003.50    4.09     28.84  
32   T0920TS016_1-D2     016s    65.64    100.00  32    0.88      0.88       1.07      1.07       43.49    0.81          24.53    37.07    3.45     4.19     219   2    0     0     70.32  86.76  0.93        0.93         1.12         1.12         87.21  63.448   2.00     26.49       20          206      2.4      3.42          0.52    72.83     0.58    0.66    0.94    0.32    0.91     81.80   6.70    88.52   74.69   0.83    1753.80    7.29     31.42  
33   T0920TS425_5-D2     425s    65.64    100.00  32    N/A       N/A        1.07      1.07       43.49    N/A           20.81    36.36    2.974    3.803    219   0    0     0     73.06  91.78  N/A         N/A          1.20         1.20         91.78  70.06    2.04     27.83       22.6        215      2.4      3.50          0.59    73.74     0.58    0.65    0.94    0.22    0.92     88.20   6.70    88.32   76.63   0.85    1979.00    4.85     29.71  
34   T0920TS077_3-D2     077s    65.41    100.00  34    N/A       N/A        1.06      1.06       43.49    N/A           21.15    35.79    3.106    3.95     219   0    0     0     69.86  89.95  N/A         N/A          1.11         1.11         90.41  70.454   2.01     26.34       22.4        215      2.5      3.50          0.59    72.37     0.58    0.66    0.94    0.24    0.92     82.80   6.70    87.96   76.59   0.85    1967.10    4.62     30.68  
35   T0920TS077_5-D2     077s    65.30    100.00  35    N/A       N/A        1.06      1.06       43.27    N/A           23.37    37.52    3.052    3.894    219   0    0     0     72.15  90.41  N/A         N/A          1.18         1.18         90.41  69.952   1.95     27.38       22.4        214      2.5      3.66          0.59    75.11     0.57    0.66    0.94    0.22    0.92     86.40   6.70    88.10   75.99   0.85    1965.20    4.96     29.78  
36   T0920TS444_5-D2     444s    64.84    100.00  36    N/A       N/A        1.04      1.04       43.72    N/A           22.14    35.63    3.341    3.977    219   0    0     0     64.38  86.76  N/A         N/A          0.94         0.94         88.58  65.99    2.20     26.94       20.4        214      2.7      1.70          0.59    75.34     0.61    0.66    0.94    0.25    0.91     80.10   6.70    88.48   76.10   0.83    1807.40    8.46     N/A    
37   T0920TS250_1-D2     250s    64.73    100.00  37    0.85      0.85       1.03      1.03       42.47    0.75          26.73    36.22    3.115    3.894    219   0    0     0     66.67  87.67  0.82        0.82         1.01         1.01         89.04  63.371   2.20     26.94       20.4        213      2.6      2.15          0.59    73.74     0.60    0.65    0.95    0.29    0.91     77.60   6.70    89.85   75.42   0.83    1802.20    4.70     87.94  
38   T0920TS250_2-D2     250s    64.61    100.00  38    N/A       N/A        1.03      1.03       42.24    N/A           24.73    36.47    3.019    3.78     219   0    0     0     68.04  88.58  N/A         N/A          1.05         1.05         89.95  64.291   2.21     27.08       20.8        215      2.6      2.05          0.59    76.48     0.60    0.66    0.95    0.28    0.92     76.10   6.70    90.13   76.36   0.83    1833.60    4.37     87.41  
39   T0920TS382_2-D2     382s    64.50    100.00  39    N/A       N/A        1.03      1.03       43.15    N/A           21.43    34.45    4.321    5.202    219   2    0     0     66.67  86.30  N/A         N/A          1.01         1.01         86.30  67.198   2.09     25.44       21.1        208      2.9      3.50          0.58    76.26     0.58    0.64    0.88    0.35    0.88     85.20   6.81    85.64   75.74   0.80    1868.20    5.11     78.58  
40   T0920TS250_4-D2     250s    64.50    100.00  39    N/A       N/A        1.03      1.03       42.24    N/A           23.89    36.10    3.093    3.818    219   0    0     0     68.04  86.76  N/A         N/A          1.05         1.05         88.13  63.468   2.24     27.98       20.4        215      2.7      2.12          0.59    75.11     0.60    0.65    0.95    0.29    0.91     76.60   6.70    89.99   75.84   0.83    1808.40    4.45     87.65  
41   T0920TS444_3-D2     444s    64.16    100.00  41    N/A       N/A        1.01      1.01       42.70    N/A           22.62    34.89    3.26     3.992    219   0    0     0     65.30  87.21  N/A         N/A          0.97         0.97         89.04  65.761   2.22     26.79       20.3        214      2.7      1.60          0.58    76.48     0.61    0.66    0.94    0.24    0.91     83.30   6.81    88.26   75.87   0.83    1797.90    8.56     N/A    
42   T0920TS250_5-D2     250s    64.16    100.00  41    N/A       N/A        1.01      1.01       41.78    N/A           23.93    35.60    3.159    3.906    219   0    0     0     66.21  86.76  N/A         N/A          1.00         1.00         88.13  63.501   2.22     27.53       20.3        212      2.6      2.07          0.58    73.97     0.60    0.65    0.95    0.29    0.91     76.60   6.70    89.85   75.69   0.83    1799.00    4.61     87.38  
43   T0920TS250_3-D2     250s    63.81    100.00  43    N/A       N/A        1.00      1.00       41.89    N/A           23.20    35.74    3.112    3.91     219   0    0     0     65.75  88.13  N/A         N/A          0.98         0.98         89.50  62.046   2.24     27.38       20.3        214      2.6      2.18          0.59    74.89     0.59    0.65    0.95    0.28    0.91     76.50   6.70    89.81   75.34   0.83    1795.10    4.61     87.92  
44   T0920TS444_1-D2     444s    63.81    100.00  43    0.81      0.81       1.00      1.00       44.29    0.85          27.77    38.22    4.213    4.784    219   0    0     0     63.93  83.11  0.74        0.74         0.93         0.93         87.21  63.192   1.98     25.59       19.2        207      2.5      1.88          0.54    63.47     0.58    0.59    0.87    0.43    0.87     81.50   6.58    82.98   67.64   0.83    1710.10    15.63    N/A    
45   T0920TS382_4-D2     382s    63.81    100.00  43    N/A       N/A        1.00      1.00       42.58    N/A           21.28    32.55    4.31     5.067    219   4    0     0     62.56  78.08  N/A         N/A          0.89         0.89         79.45  64.249   1.86     25.59       19.8        205      2.9      3.63          0.56    71.69     0.56    0.62    0.83    0.34    0.88     78.10   6.58    83.87   74.61   0.79    1753.40    6.26     78.06  
46   T0920TS382_5-D2     382s    63.58    100.00  46    N/A       N/A        0.99      0.99       42.47    N/A           20.66    33.81    4.62     5.364    219   5    0     0     63.93  82.65  N/A         N/A          0.93         0.93         82.65  65.095   2.05     25.44       19.6        202      2.9      3.63          0.56    70.78     0.55    0.61    0.85    0.34    0.87     85.10   6.70    83.74   74.72   0.79    1738.70    5.38     59.63  
47   T0920TS479_2-D2     479s    63.24    100.00  47    N/A       N/A        0.98      0.98       40.64    N/A           18.35    32.39    3.563    4.495    219   0    0     0     65.30  82.19  N/A         N/A          0.97         0.97         82.19  62.147   2.16     23.66       18.5        207      2.9      3.50          0.53    65.53     0.55    0.59    0.92    0.33    0.90     64.50   6.47    86.52   72.82   0.80    1652.90    5.67     79.92  
48   T0920TS183_4-D2     183s    62.90    100.00  48    N/A       N/A        0.97      0.97       40.30    N/A           16.13    32.36    3.543    4.621    219   0    0     0     66.21  83.11  N/A         N/A          1.00         1.00         83.11  62.635   2.17     22.46       18.5        208      2.9      3.54          0.53    65.98     0.54    0.58    0.92    0.34    0.90     74.00   6.58    86.44   72.94   0.80    1652.00    5.10     79.93  
49   T0920TS479_4-D2     479s    62.56    100.00  49    N/A       N/A        0.95      0.95       41.21    N/A           19.37    32.88    4.171    4.723    219   0    0     0     67.58  84.02  N/A         N/A          1.04         1.04         85.39  64.128   2.08     23.06       19.2        209      2.7      2.99          0.56    68.72     0.56    0.63    0.92    0.27    0.88     77.40   6.81    88.30   73.74   0.82    1704.40    13.17    87.12  
50   T0920TS183_2-D2     183s    62.56    100.00  49    N/A       N/A        0.95      0.95       41.32    N/A           19.64    33.69    4.208    4.811    219   0    0     0     63.93  84.47  N/A         N/A          0.93         0.93         86.30  63.172   2.13     26.64       19.4        211      2.7      3.05          0.55    68.95     0.56    0.62    0.92    0.29    0.88     86.10   6.70    87.81   73.56   0.82    1720.50    11.41    87.07  
51   T0920TS444_2-D2     444s    62.33    100.00  51    N/A       N/A        0.94      0.94       40.18    N/A           22.40    34.64    3.546    4.246    219   0    0     0     65.30  86.76  N/A         N/A          0.97         0.97         86.76  60.346   2.11     27.23       19.8        210      2.7      1.74          0.57    71.69     0.59    0.64    0.92    0.29    0.90     79.90   6.58    86.20   71.42   0.82    1754.20    8.97     N/A    
52   T0920TS345_1-D2     345s    62.22    100.00  52    0.76      0.76       0.94      0.94       40.52    0.65          23.08    34.62    3.634    4.224    219   0    0     0     64.84  88.58  0.77        0.77         0.95         0.95         88.58  59.011   2.09     27.23       19.4        205      2.6      3.04          0.55    72.60     0.57    0.66    0.93    0.32    0.91     77.50   6.70    88.33   72.75   0.82    1723.10    8.52     75.59  
53   T0920TS183_3-D2     183s    62.10    100.00  53    N/A       N/A        0.94      0.94       40.52    N/A           16.53    31.94    3.971    4.549    219   0    0     0     60.27  83.56  N/A         N/A          0.82         0.82         85.39  65.902   2.04     25.89       19.5        207      2.6      3.55          0.53    64.16     0.54    0.59    0.91    0.40    0.88     77.30   6.70    86.82   69.32   0.82    1731.50    6.75     82.79  
54   T0920TS479_3-D2     479s    61.99    100.00  54    N/A       N/A        0.93      0.93       40.18    N/A           20.10    31.99    4.017    4.669    219   0    0     0     58.90  83.56  N/A         N/A          0.77         0.77         85.84  61.472   2.11     25.89       19.6        209      2.6      3.30          0.53    60.50     0.54    0.59    0.91    0.39    0.88     76.80   6.70    86.68   69.24   0.82    1739.90    7.22     82.92  
55   T0920TS345_5-D2     345s    61.99    100.00  54    N/A       N/A        0.93      0.93       40.52    N/A           24.32    34.72    4.168    4.819    219   0    0     0     65.30  84.93  N/A         N/A          0.97         0.97         84.93  60.622   2.08     26.19       19.5        206      2.6      3.15          0.56    69.18     0.57    0.64    0.93    0.32    0.90     77.40   6.58    87.24   72.61   0.81    1734.60    9.08     77.30  
56   T0920TS382_3-D2     382s    60.96    100.00  56    N/A       N/A        0.89      0.89       40.07    N/A           18.98    28.94    4.626    5.533    219   4    0     0     57.08  79.45  N/A         N/A          0.72         0.72         80.37  62.438   2.27     25.00       19.8        206      3.2      3.60          0.57    72.37     0.56    0.63    0.87    0.33    0.87     80.90   6.70    84.43   74.51   0.77    1753.70    5.25     69.01  
57   T0920TS345_2-D2     345s    60.50    100.00  57    N/A       N/A        0.88      0.88       38.93    N/A           22.31    32.89    4.219    4.945    219   0    0     0     60.27  84.47  N/A         N/A          0.82         0.82         84.93  57.985   2.14     26.94       18.9        205      2.7      2.94          0.52    70.55     0.56    0.63    0.93    0.32    0.90     80.50   6.70    86.58   72.87   0.80    1680.60    9.36     76.52  
58   T0920TS452_1-D2     452s    60.05    100.00  58    0.67      0.67       0.86      0.86       37.67    0.50          19.51    30.94    3.518    4.304    219   3    0     0     59.36  84.93  0.61        0.61         0.79         0.79         87.21  60.005   2.18     27.98       19.3        215      2.9      3.48          0.54    69.63     0.55    0.61    0.92    0.32    0.90     80.10   6.58    85.95   70.73   0.81    1713.10    10.71    78.55  
59   T0920TS345_4-D2     345s    59.93    100.00  59    N/A       N/A        0.85      0.85       38.35    N/A           24.58    32.99    4.023    4.655    219   0    0     0     60.27  85.39  N/A         N/A          0.82         0.82         85.39  56.776   2.22     26.04       19.3        208      2.7      3.07          0.54    73.52     0.56    0.66    0.94    0.33    0.90     82.60   6.58    87.59   72.78   0.80    1717.80    8.28     77.87  
60   T0920TS345_3-D2     345s    59.59    100.00  60    N/A       N/A        0.84      0.84       37.67    N/A           22.68    31.96    3.956    4.811    219   0    0     0     58.90  84.47  N/A         N/A          0.77         0.77         84.47  58.641   2.15     26.04       18.5        205      2.8      3.04          0.54    70.78     0.56    0.64    0.92    0.32    0.90     80.40   6.58    87.42   72.26   0.80    1649.20    9.39     77.12  
61   T0920TS444_4-D2     444s    59.48    100.00  61    N/A       N/A        0.84      0.84       38.93    N/A           25.87    34.74    4.544    5.097    219   0    0     0     63.01  83.56  N/A         N/A          0.90         0.90         86.30  60.328   2.04     24.70       19.2        206      2.7      1.90          0.54    61.19     0.57    0.58    0.85    0.44    0.87     81.10   6.47    82.20   67.48   0.82    1711.00    18.08    N/A    
62   T0920TS407_3-D2     407s    59.02    100.00  62    N/A       N/A        0.82      0.82       38.59    N/A           21.41    31.94    5.494    6.252    219   9    0     0     62.56  79.00  N/A         N/A          0.89         0.89         81.28  60.474   2.10     24.70       17.3        196      2.7      3.54          0.39    61.87     0.52    0.55    0.76    0.61    0.84     66.00   6.47    79.78   67.61   0.77    1555.20    13.05    38.12  
63   T0920TS407_5-D2     407s    57.88    100.00  63    N/A       N/A        0.78      0.78       37.56    N/A           19.99    31.59    4.935    5.597    219   5    0     0     60.27  75.80  N/A         N/A          0.82         0.82         79.00  61.129   2.10     23.95       16.4        195      2.9      3.79          0.50    63.70     0.52    0.56    0.85    0.44    0.85     54.10   6.47    80.96   65.68   0.76    1482.40    10.15    38.77  
64   T0920TS407_1-D2     407s    56.62    100.00  64    0.55      0.55       0.73      0.73       37.67    0.50          18.73    30.95    7.006    7.211    219   1    0     0     54.79  77.17  0.48        0.48         0.65         0.65         77.17  62.532   1.97     23.66       16.6        189      2.8      2.52          0.48    52.97     0.50    0.51    0.78    0.67    0.80     67.60   6.47    78.99   64.54   0.75    1498.50    22.14    40.90  
65   T0920TS236_5-D2     236s    54.22    100.00  65    N/A       N/A        0.64      0.64       34.48    N/A           13.93    25.93    9.201    9.697    219   3    0     0     50.23  67.12  N/A         N/A          0.51         0.51         69.86  53.848   2.11     22.76       16          114      2.3      3.37          0.46    46.35     0.49    0.51    0.67    0.67    0.83     71.60   6.58    67.01   61.86   0.71    847.30     55.06    59.88  
66   T0920TS275_4-D2     275s    53.99    100.00  66    N/A       N/A        0.63      0.63       37.21    N/A           18.78    30.02    19.048   19.403   219   0    0     0     56.62  68.95  N/A         N/A          0.70         0.70         70.32  55.52    2.14     22.02       14.6        174      2.9      2.89          0.45    47.26     0.50    0.50    0.41    1.09    0.89     68.00   6.70    63.34   61.73   0.68    1340.10    467.50   N/A    
67   T0920TS275_5-D2     275s    52.40    100.00  67    N/A       N/A        0.57      0.57       35.50    N/A           20.17    29.77    23.917   24.363   219   1    0     0     55.25  69.41  N/A         N/A          0.66         0.66         69.41  53.096   2.09     20.97       15.5        163      2.5      2.94          0.45    48.86     0.51    0.50    0.39    1.30    0.85     67.40   6.70    61.90   61.75   0.64    1289.00    431.81   N/A    
68   T0920TS275_1-D2     275s    51.94    100.00  68    0.37      0.37       0.55      0.55       34.59    0.34          15.53    27.43    28.013   28.328   219   1    0     0     53.88  70.78  0.45        0.45         0.62         0.62         70.78  51.576   2.23     21.87       14.8        169      2.7      3.03          0.44    48.86     0.49    0.49    0.35    1.18    0.87     66.20   6.70    62.17   60.69   0.65    1275.30    576.15   N/A    
69   T0920TS275_2-D2     275s    51.48    100.00  69    N/A       N/A        0.54      0.54       35.27    N/A           19.96    29.42    18.804   19.028   219   0    0     0     53.88  67.58  N/A         N/A          0.62         0.62         68.49  49.142   2.17     20.38       12.5        163      2.5      2.51          0.42    41.78     0.49    0.46    0.43    1.15    0.80     59.00   6.35    59.71   55.56   0.65    1170.30    294.49   N/A    
70   T0920TS275_3-D2     275s    50.00    100.00  70    N/A       N/A        0.48      0.48       34.36    N/A           18.69    27.36    14.698   14.558   219   0    0     0     51.14  66.21  N/A         N/A          0.54         0.54         68.04  46.537   2.18     19.48       12.6        106      2.3      2.90          0.41    39.27     0.48    0.46    0.46    1.03    0.78     58.90   6.11    59.25   55.99   0.64    696.90     243.03   N/A    
71   T0920TS236_3-D2     236s    48.06    100.00  71    N/A       N/A        0.41      0.41       32.19    N/A           15.77    24.33    11.624   12.021   219   10   0     0     43.38  54.34  N/A         N/A          0.30         0.30         63.01  54.808   1.95     19.63       14.7        167      3.7      3.30          0.39    41.32     0.47    0.45    0.52    0.88    0.74     56.90   6.47    60.80   59.85   0.66    1238.70    69.85    67.72  
72   T0920TS407_2-D2     407s    45.55    100.00  72    N/A       N/A        0.31      0.31       27.62    N/A           12.20    20.45    16.382   16.963   219   1    0     0     38.36  64.38  N/A         N/A          0.15         0.15         65.30  44.242   2.19     18.89       11.6        169      3.1      3.29          0.38    40.64     0.47    0.44    0.53    1.00    0.80     59.70   5.99    65.79   55.91   0.64    1044.10    66.75    51.80  
73   T0920TS407_4-D2     407s    45.55    100.00  72    N/A       N/A        0.31      0.31       27.17    N/A           12.37    20.09    21.605   22.486   219   6    0     0     41.55  66.21  N/A         N/A          0.25         0.25         69.41  47.126   2.24     17.54       11.5        170      2.9      3.20          0.38    36.76     0.45    0.44    0.45    1.12    0.81     56.30   6.11    61.22   55.35   0.66    1087.80    109.55   51.30  
74   T0920TS236_2-D2     236s    45.20    100.00  74    N/A       N/A        0.30      0.30       29.00    N/A           15.09    21.07    10.731   11.259   219   7    0     0     40.64  53.88  N/A         N/A          0.22         0.22         59.82  48.657   2.23     19.48       13.8        112      2.3      3.19          0.42    45.43     0.49    0.49    0.60    0.89    0.76     59.30   6.35    61.34   60.70   0.63    808.10     65.88    67.57  
75   T0920TS287_5-D2     287s    45.09    100.00  75    N/A       N/A        0.30      0.30       28.88    N/A           15.42    20.37    10.85    11.38    219   7    0     0     37.44  57.99  N/A         N/A          0.12         0.12         60.73  49.176   2.17     19.78       13.5        133      3.5      3.17          0.42    45.66     0.49    0.49    0.59    0.88    0.76     55.00   6.35    60.87   60.76   0.63    915.00     67.05    58.61  
76   T0920TS451_5-D2     451s    37.90    100.00  76    N/A       N/A        0.03      0.03       24.32    N/A           9.18     17.89    17.946   18.251   219   2    0     0     36.53  51.60  N/A         N/A          0.09         0.09         52.05  35.714   2.23     13.37       9.4         139      4.4      2.84          0.36    33.79     0.47    0.42    0.61    0.99    0.78     45.30   5.73    57.57   53.05   0.51    746.30     62.44    59.65  
77   T0920TS451_2-D2     451s    34.36    100.00  77    N/A       N/A        -0.11     -0.11      20.66    N/A           9.14     14.16    19.578   19.709   219   5    0     0     30.14  44.75  N/A         N/A          -0.10        -0.10        44.75  29.094   2.40     13.97       5.9         128      5.7      2.92          0.33    26.48     0.44    0.40    0.60    1.27    0.76     60.20   4.07    55.36   51.11   0.46    536.50     76.85    63.36  
78   T0920TS451_3-D2     451s    32.19    100.00  78    N/A       N/A        -0.19     -0.19      19.18    N/A           8.90     14.58    20.389   20.661   219   1    0     0     26.03  40.64  N/A         N/A          -0.23        -0.23        42.47  28.979   2.36     14.71       7.1         138      5        3.04          0.34    34.25     0.45    0.41    0.60    1.03    0.77     52.30   5.46    57.31   51.85   0.46    589.60     81.15    65.09  
79   T0920TS451_4-D2     451s    29.57    100.00  79    N/A       N/A        -0.29     -0.29      16.89    N/A           5.92     12.63    17.378   17.667   219   4    0     0     24.20  36.53  N/A         N/A          -0.28        -0.28        38.81  28.25    2.49     8.90        4.4         113      5.2      3.20          0.33    30.59     0.45    0.39    0.56    1.39    0.70     48.50   3.07    53.66   50.74   0.42    398.20     69.47    67.49  
80   T0920TS451_1-D2     451s    27.40    100.00  80    -0.54     -0.54      -0.37     -0.37      16.78    -0.61         8.05     12.25    17.669   17.867   219   4    0     0     23.29  30.14  -0.44       -0.44        -0.31        -0.31        34.25  23.744   2.41     7.86        3.7         118      6.7      2.98          0.32    30.14     0.45    0.37    0.57    1.22    0.65     60.50   4.58    54.29   49.54   0.37    381.90     63.20    71.61  
81   T0920TS287_1-D2     287s    25.11    100.00  81    -0.62     -0.62      -0.46     -0.46      16.32    -0.63         7.06     12.23    19.811   20.315   219   3    0     0     0.00   0.00   -1.12       -1.12        -1.02        -1.02        31.05  24.602   2.11     7.11        6           82       8.8      2.87          0.32    34.70     0.47    0.42    0.57    1.15    0.60     49.90   3.29    50.02   55.27   0.32    346.90     63.41    69.14  
82   T0920TS236_1-D2     236s    24.43    100.00  82    -0.65     -0.65      -0.48     -0.48      15.98    -0.65         7.14     12.28    19.835   20.291   219   3    0     0     0.00   0.00   -1.12       -1.12        -1.02        -1.02        31.05  23.843   2.12     7.26        6           77       2.9      2.81          0.32    34.02     0.46    0.42    0.58    1.14    0.59     51.90   4.07    49.93   55.17   0.32    340.30     62.07    69.67  
83   T0920TS287_4-D2     287s    18.72    100.00  83    N/A       N/A        -0.70     -0.70      11.98    N/A           4.07     6.71     31.855   32.744   219   3    0     0     8.22   19.18  N/A         N/A          -0.77        -0.77        25.11  15.657   2.81     5.17        1.2         39       2.6      2.67          0.22    16.89     0.40    0.28    0.38    2.06    0.54     52.50   2.58    36.21   42.05   0.27    122.70     404.32   81.53  
84   T0920TS236_4-D2     236s    18.72    100.00  83    N/A       N/A        -0.70     -0.70      12.21    N/A           3.88     5.63     31.441   32.373   219   3    0     0     2.28   15.53  N/A         N/A          -0.95        -0.95        23.74  14.569   2.66     4.72        1.2         37       1.8      2.69          0.22    16.67     0.40    0.28    0.39    2.03    0.55     51.70   2.83    36.88   42.12   0.28    122.90     400.33   83.31  
85   T0920TS434_5-D2     434s    17.35    100.00  85    N/A       N/A        -0.75     -0.75      12.67    N/A           3.15     5.92     26.233   26.025   219   1    0     0     0.00   5.94   N/A         N/A          -1.02        -1.02        23.74  20.257   1.92     4.28        1.6         58       3.6      2.51          0.18    13.93     0.40    0.20    0.23    2.33    0.51     44.80   4.25    35.73   38.43   0.24    195.80     283.82   83.65  
86   T0920TS180_5-D2     180s    16.78    100.00  86    N/A       N/A        -0.77     -0.77      13.24    N/A           0.45     4.37     20.363   20.836   219   1    0     0     0.00   0.00   N/A         N/A          -1.02        -1.02        18.26  9.575    2.83     2.04        0.2         56       5.1      3.32          0.17    15.53     0.40    0.26    0.25    2.08    0.52     45.40   1.64    35.43   41.64   0.24    167.10     148.76   25.69  
87   T0920TS287_2-D2     287s    16.44    100.00  87    N/A       N/A        -0.78     -0.78      10.73    N/A           2.86     5.44     21.734   22.415   219   1    0     0     13.24  16.89  N/A         N/A          -0.62        -0.62        24.20  17.296   2.70     3.68        1           49       5.2      2.59          0.22    16.89     0.41    0.29    0.45    1.69    0.62     53.00   1.64    40.40   42.79   0.29    126.60     210.22   82.18  
88   T0920TS432_2-D2     432s    15.64    100.00  88    N/A       N/A        -0.81     -0.81      12.67    N/A           1.84     5.88     21.513   21.87    219   2    0     0     12.33  14.16  N/A         N/A          -0.64        -0.64        24.20  19.301   1.92     3.09        1           85       11.1     2.87          0.21    15.30     0.43    0.26    0.23    1.97    0.55     43.90   1.64    37.91   40.96   0.29    205.60     447.44   N/A    
89   T0920TS432_3-D2     432s    14.84    100.00  89    N/A       N/A        -0.84     -0.84      10.85    N/A           1.97     5.43     33.903   34.495   219   2    0     0     0.00   0.00   N/A         N/A          -1.02        -1.02        19.63  15.322   2.31     1.74        1.5         58       5.3      2.21          0.20    15.75     0.42    0.24    0.16    2.31    0.49     40.70   2.30    32.95   38.48   0.25    177.40     948.06   N/A    
90   T0920TS287_3-D2     287s    14.84    100.00  89    N/A       N/A        -0.84     -0.84      9.13     N/A           3.02     5.84     24.479   25.333   219   3    0     0     0.00   0.00   N/A         N/A          -1.02        -1.02        19.63  12.645   2.56     1.89        1.4         71       6.9      2.82          0.21    16.67     0.41    0.27    0.42    2.05    0.55     57.70   3.07    34.03   41.97   0.22    177.20     256.06   83.69  
91   T0920TS432_1-D2     432s    14.84    100.00  89    -1.00     -1.00      -0.84     -0.84      11.42    -0.89         3.07     6.17     32.635   33.141   219   2    0     0     0.46   18.72  -1.10       -1.10        -1.00        -1.00        21.46  17.154   2.34     2.49        1.2         74       41       2.89          0.22    18.04     0.42    0.26    0.21    2.23    0.47     48.00   3.29    37.91   41.14   0.25    174.60     951.54   N/A    
92   T0920TS432_5-D2     432s    14.15    100.00  92    N/A       N/A        -0.87     -0.87      9.82     N/A           3.57     7.25     34.591   35.076   219   4    0     0     0.91   17.81  N/A         N/A          -0.99        -0.99        24.20  17.689   2.48     2.19        1.2         57       4        3.18          0.19    13.93     0.39    0.22    0.12    2.27    0.49     42.40   1.64    33.52   35.28   0.24    158.50     1014.62  N/A    
93   T0920TS432_4-D2     432s    14.15    100.00  92    N/A       N/A        -0.87     -0.87      10.85    N/A           5.10     9.09     30.7     31.197   219   1    0     0     0.00   1.83   N/A         N/A          -1.02        -1.02        22.83  18.695   2.22     2.19        0.6         55       2.9      2.08          0.20    14.38     0.41    0.23    0.23    2.37    0.49     51.40   1.64    36.27   39.13   0.26    162.40     709.59   N/A    
94   T0920TS321_1-D2     321s    14.04    100.00  94    -1.03     -1.03      -0.87     -0.87      10.39    -0.95         3.24     6.63     22.561   23.141   219   10   0     0     0.46   0.91   -1.10       -1.10        -1.00        -1.00        27.40  18.184   2.54     2.04        0.9         66       4.1      3.12          0.17    11.64     0.39    0.20    0.18    2.28    0.47     61.90   1.24    33.25   37.23   0.29    229.10     234.48   24.65  
95   T0920TS452_4-D2     452s    14.04    100.00  94    N/A       N/A        -0.87     -0.87      8.11     N/A           0.64     4.44     26.387   26.461   219   6    0     0     0.46   17.35  N/A         N/A          -1.00        -1.00        21.46  16.125   2.40     2.79        0           0        N/A      3.94          0.03    13.01     0.32    0.24    0.36    2.42    0.48     43.20   2.58    31.50   37.53   0.25    N/A        410.50   26.67  
96   T0920TS434_1-D2     434s    13.81    100.00  96    -1.04     -1.04      -0.88     -0.88      8.56     -1.04         2.88     5.16     23.427   23.999   219   0    0     0     0.91   2.28   -1.09       -1.09        -0.99        -0.99        21.46  12.611   2.74     1.45        0.8         65       9.3      2.65          0.18    13.93     0.40    0.19    0.32    2.16    0.49     42.40   2.83    35.01   34.51   0.21    153.70     195.25   87.11  
97   T0920TS452_2-D2     452s    13.47    100.00  97    N/A       N/A        -0.89     -0.89      9.13     N/A           0.58     4.80     29.528   30.195   219   10   0     0     0.00   2.28   N/A         N/A          -1.02        -1.02        23.29  16.488   2.42     2.34        1           76       6.8      3.88          0.03    12.79     0.32    0.24    0.26    2.20    0.51     38.40   1.64    30.63   37.76   0.23    204.70     593.35   25.89  
98   T0920TS321_4-D2     321s    13.24    100.00  98    N/A       N/A        -0.90     -0.90      8.68     N/A           2.06     5.55     25.721   26.472   219   7    0     0     0.00   1.83   N/A         N/A          -1.02        -1.02        20.09  13.517   2.45     1.15        0.3         45       6        2.99          0.18    12.10     0.39    0.20    0.17    2.47    0.49     60.00   1.24    33.48   37.84   0.23    120.50     391.50   22.71  
99   T0920TS434_3-D2     434s    13.24    100.00  98    N/A       N/A        -0.90     -0.90      9.93     N/A           2.46     5.96     27.952   28.402   219   0    0     0     0.00   0.00   N/A         N/A          -1.02        -1.02        21.00  11.866   2.83     1.89        0.2         43       6.1      2.61          0.17    12.79     0.39    0.19    0.24    2.47    0.51     40.60   1.64    33.46   37.10   0.20    103.90     302.32   85.68  
100  T0920TS321_5-D2     321s    13.24    100.00  98    N/A       N/A        -0.90     -0.90      8.79     N/A           2.88     5.65     22.288   22.721   219   7    0     0     0.00   0.00   N/A         N/A          -1.02        -1.02        23.74  15.659   2.44     1.15        0.4         64       6.2      3.07          0.19    12.10     0.38    0.20    0.18    2.39    0.49     60.60   1.64    33.04   37.71   0.26    149.00     314.54   22.66  
101  T0920TS321_3-D2     321s    13.13    100.00  101   N/A       N/A        -0.91     -0.91      8.79     N/A           1.87     5.38     23.805   24.388   219   7    0     0     0.91   0.91   N/A         N/A          -0.99        -0.99        22.37  13.217   2.76     1.00        0           0        N/A      3.18          0.18    12.10     0.38    0.20    0.11    2.42    0.48     61.70   1.64    33.07   37.64   0.25    N/A        305.62   22.54  
102  T0920TS446_1-D2     446s    13.13    39.73   101   -1.07     -1.07      -0.91     -0.91      10.16    -0.96         6.18     5.03     24.484   24.641   87    0    0     0     0.00   11.42  -1.12       -1.12        -1.02        -1.02        14.61  13.856   1.45     2.09        0           0        N/A      1.52          0.06    9.36      0.15    0.07    0.08    3.00    0.50     16.09   1.24    7.46    13.87   0.13    N/A        164.52   43.56  
103  T0920TS452_5-D2     452s    12.67    100.00  103   N/A       N/A        -0.92     -0.92      8.33     N/A           0.62     4.29     24.607   24.672   219   5    0     0     0.00   0.00   N/A         N/A          -1.02        -1.02        19.63  13.733   2.46     2.19        0.1         63       5.5      4.09          0.03    13.47     0.32    0.23    0.07    2.14    0.50     44.10   3.50    34.21   39.19   0.21    158.70     318.22   26.00  
104  T0920TS321_2-D2     321s    12.21    100.00  104   N/A       N/A        -0.94     -0.94      9.02     N/A           3.29     5.80     23.726   24.021   219   5    0     0     0.00   0.00   N/A         N/A          -1.02        -1.02        19.63  12.121   2.65     1.15        0.1         52       6.2      3.01          0.17    11.19     0.37    0.19    0.24    2.51    0.51     59.60   1.64    27.53   36.00   0.22    111.20     420.52   22.81  
105  T0920TS452_3-D2     452s    12.10    100.00  105   N/A       N/A        -0.95     -0.95      7.54     N/A           0.94     4.49     32.499   32.614   219   5    0     0     0.46   12.33  N/A         N/A          -1.00        -1.00        20.55  15.316   2.31     2.34        0.4         62       8.5      4.33          0.03    12.79     0.31    0.23    0.32    2.30    0.53     40.50   1.24    30.10   37.83   0.24    143.40     693.88   24.65  
106  T0920TS464_4-D2     464s    11.53    100.00  106   N/A       N/A        -0.97     -0.97      7.42     N/A           2.06     3.71     40.509   41.385   219   2    0     0     7.76   9.13   N/A         N/A          -0.78        -0.78        17.35  13.171   2.38     0.70        0           0        N/A      3.47          0.18    10.73     0.36    0.18    0.22    2.79    0.48     31.20   1.24    27.13   31.86   0.20    N/A        1018.77  89.63  
107  T0920TS434_2-D2     434s    11.30    100.00  107   N/A       N/A        -0.98     -0.98      8.45     N/A           2.40     4.67     28.725   29.257   219   0    0     0     0.00   0.46   N/A         N/A          -1.02        -1.02        20.09  14.23    2.56     1.15        0           0        N/A      2.51          0.17    12.33     0.40    0.20    0.42    2.72    0.49     44.50   1.24    27.65   36.57   0.21    N/A        416.67   88.55  
108  T0920TS258_1-D2     258s    11.30    100.00  107   -1.14     -1.14      -0.98     -0.98      5.48     -1.21         1.35     3.14     17.974   18.611   219   38   0     0     0.00   0.00   -1.12       -1.12        -1.02        -1.02        24.20  13.993   2.68     0.55        0           0        N/A      4.90          0.20    10.50     0.33    0.15    0.03    2.39    0.51     25.60   1.64    29.77   30.05   0.32    N/A        199.51   91.22  
109  T0920TS258_4-D2     258s    11.19    100.00  109   N/A       N/A        -0.98     -0.98      5.59     N/A           1.44     3.20     17.884   18.543   219   46   0     0     0.46   0.46   N/A         N/A          -1.00        -1.00        24.66  13.392   2.73     1.00        0           0        N/A      5.05          0.18    11.19     0.34    0.15    0.04    2.22    0.51     16.50   2.83    28.93   29.96   0.32    N/A        192.41   91.19  
110  T0920TS258_3-D2     258s    11.19    100.00  109   N/A       N/A        -0.98     -0.98      6.05     N/A           1.97     3.38     18.242   18.836   219   15   0     0     0.46   1.37   N/A         N/A          -1.00        -1.00        24.20  15.083   2.66     0.40        0           0        N/A      4.75          0.20    11.42     0.33    0.15    0.03    2.18    0.51     18.00   1.64    28.20   29.15   0.32    N/A        195.90   90.45  
111  T0920TS258_5-D2     258s    11.07    100.00  111   N/A       N/A        -0.98     -0.98      5.14     N/A           1.51     2.22     17.82    18.43    219   72   0     0     1.83   4.11   N/A         N/A          -0.96        -0.96        22.37  12.732   2.76     0.70        0           0        N/A      5.19          0.17    11.64     0.31    0.15    0.05    2.25    0.51     17.70   2.30    28.63   29.85   0.32    N/A        197.43   88.26  
112  T0920TS258_2-D2     258s    11.07    100.00  111   N/A       N/A        -0.98     -0.98      5.14     N/A           1.23     2.82     17.769   18.381   219   78   0     0     0.00   5.48   N/A         N/A          -1.02        -1.02        25.57  14.788   2.79     1.15        0           0        N/A      5.13          0.17    11.19     0.32    0.16    0.05    2.23    0.51     16.10   1.99    28.67   29.87   0.32    N/A        197.35   91.38  
113  T0920TS464_5-D2     464s    10.85    100.00  113   N/A       N/A        -0.99     -0.99      6.96     N/A           2.16     3.47     39.981   40.951   219   1    0     0     1.37   2.28   N/A         N/A          -0.98        -0.98        15.98  10.232   2.41     0.70        0           0        N/A      3.37          0.17    10.73     0.36    0.17    0.22    2.72    0.48     24.80   1.24    -1.00   -1.00   0.22    N/A        1024.41  21.78  
114  T0920TS026_5-D2     026s    10.50    100.00  114   N/A       N/A        -1.01     -1.01      6.51     N/A           2.35     4.04     23.742   24.199   219   0    0     0     0.46   1.83   N/A         N/A          -1.00        -1.00        19.18  12.575   2.55     0.40        0           0        N/A      4.33          0.17    9.36      0.34    0.13    0.15    2.43    0.53     12.70   1.64    24.23   29.05   0.25    N/A        348.49   N/A    
115  T0920TS380_5-D2     380s    10.50    100.00  114   N/A       N/A        -1.01     -1.01      6.51     N/A           2.35     4.04     23.742   24.199   219   0    0     0     0.46   1.83   N/A         N/A          -1.00        -1.00        19.18  12.575   2.55     0.40        0           0        N/A      4.33          0.17    9.36      0.34    0.13    0.15    2.43    0.53     12.70   1.64    24.23   29.05   0.25    N/A        348.49   N/A    
116  T0920TS180_3-D2     180s    10.50    100.00  114   N/A       N/A        -1.01     -1.01      5.02     N/A           0.70     2.45     18.677   19.214   219   3    0     0     0.91   7.31   N/A         N/A          -0.99        -0.99        22.83  15.944   2.52     0.70        0           0        N/A      3.38          0.13    5.48      0.30    0.10    0.05    1.99    0.55     22.40   1.24    34.25   22.90   0.29    N/A        154.08   20.73  
117  T0920TS380_1-D2     380s    10.27    100.00  117   -1.17     -1.17      -1.01     -1.01      5.71     -1.19         2.82     3.53     18.813   19.468   219   3    0     0     0.00   1.83   -1.12       -1.12        -1.02        -1.02        24.20  13.508   2.67     0.40        0           0        N/A      4.32          0.19    9.13      0.35    0.13    0.15    2.23    0.51     16.30   2.30    24.87   28.55   0.32    N/A        208.98   N/A    
118  T0920TS026_1-D2     026s    10.27    100.00  117   -1.17     -1.17      -1.01     -1.01      5.71     -1.19         2.82     3.53     18.813   19.468   219   3    0     0     0.00   1.83   -1.12       -1.12        -1.02        -1.02        24.20  13.508   2.67     0.40        0           0        N/A      4.32          0.19    9.13      0.35    0.13    0.15    2.23    0.51     16.30   2.30    24.87   28.55   0.32    N/A        208.98   N/A    
119  T0920TS026_3-D2     026s    10.16    100.00  119   N/A       N/A        -1.02     -1.02      5.59     N/A           1.01     3.27     22.636   23.008   219   3    0     0     1.37   2.74   N/A         N/A          -0.98        -0.98        18.72  12.515   2.65     0.85        0           0        N/A      4.19          0.18    7.53      0.33    0.12    0.05    2.20    0.51     15.10   3.07    25.36   28.07   0.26    N/A        275.42   N/A    
120  T0920TS380_3-D2     380s    10.16    100.00  119   N/A       N/A        -1.02     -1.02      5.59     N/A           1.01     3.27     22.636   23.008   219   3    0     0     1.37   2.74   N/A         N/A          -0.98        -0.98        18.72  12.515   2.65     0.85        0           0        N/A      4.19          0.18    7.53      0.33    0.12    0.05    2.20    0.51     15.10   3.07    25.36   28.07   0.26    N/A        275.42   N/A    
121  T0920TS434_4-D2     434s    9.93     100.00  121   N/A       N/A        -1.03     -1.03      7.42     N/A           3.56     5.06     24.763   25.16    219   0    0     0     0.46   0.91   N/A         N/A          -1.00        -1.00        19.63  13.794   2.57     0.40        0           0        N/A      2.39          0.16    10.73     0.38    0.19    0.37    2.45    0.50     37.90   1.24    32.22   35.87   0.22    N/A        333.80   89.05  
122  T0920TS464_1-D2     464s    9.82     100.00  122   -1.19     -1.19      -1.03     -1.03      5.71     -1.19         2.31     3.83     26.524   27.468   219   1    0     0     0.91   4.11   -1.09       -1.09        -0.99        -0.99        18.72  11.914   2.61     0.40        0           0        N/A      3.33          0.14    10.05     0.33    0.14    0.25    2.77    0.50     21.60   1.24    27.97   28.14   0.24    N/A        361.89   92.12  
123  T0920TS455_4-D2     455s    9.70     100.00  123   N/A       N/A        -1.04     -1.04      4.45     N/A           1.11     2.11     21.327   22.11    219   5    0     0     0.00   5.02   N/A         N/A          -1.02        -1.02        20.09  12.345   2.79     2.34        0           0        N/A      3.90          0.18    5.94      0.29    0.07    0.13    2.14    0.48     15.40   1.64    29.95   22.53   0.30    N/A        160.20   90.53  
124  T0920TS464_2-D2     464s    9.59     100.00  124   N/A       N/A        -1.04     -1.04      5.82     N/A           2.70     4.10     25.474   26.159   219   0    0     0     0.00   8.22   N/A         N/A          -1.02        -1.02        15.53  10.566   2.49     -0.05       0           0        N/A      3.35          0.14    8.68      0.34    0.13    0.23    2.69    0.49     22.80   0.73    26.68   28.32   0.19    N/A        492.64   19.62  
125  T0920TS455_1-D2     455s    9.59     100.00  124   -1.20     -1.20      -1.04     -1.04      4.91     -1.24         1.74     2.92     20.391   20.951   219   5    0     0     0.46   2.74   -1.10       -1.10        -1.00        -1.00        22.37  14.119   2.66     0.85        0           0        N/A      3.47          0.16    7.08      0.31    0.09    0.03    2.47    0.47     18.30   1.64    22.03   23.17   0.27    N/A        262.66   90.01  
126  T0920TS180_4-D2     180s    9.59     100.00  124   N/A       N/A        -1.04     -1.04      4.22     N/A           0.69     1.76     20.592   21.372   219   1    0     0     2.74   6.39   N/A         N/A          -0.94        -0.94        20.09  12.567   2.53     0.40        0           0        N/A      3.13          0.14    6.16      0.30    0.07    0.07    2.27    0.51     15.80   1.99    25.99   21.79   0.26    N/A        152.03   22.00  
127  T0920TS464_3-D2     464s    9.36     100.00  127   N/A       N/A        -1.05     -1.05      5.82     N/A           2.52     3.89     28.558   29.414   219   1    0     0     0.00   7.31   N/A         N/A          -1.02        -1.02        16.89  11.1     2.64     0.40        0           0        N/A      3.36          0.15    9.59      0.33    0.14    0.23    2.64    0.50     22.00   1.24    26.58   28.07   0.18    N/A        482.63   91.74  
128  T0920TS180_1-D2     180s    9.36     100.00  127   -1.21     -1.21      -1.05     -1.05      4.56     -1.26         1.37     2.31     20.026   20.683   219   2    0     0     0.00   0.00   -1.12       -1.12        -1.02        -1.02        17.81  7.709    2.91     0.70        0           0        N/A      3.25          0.14    6.62      0.32    0.08    0.06    2.39    0.48     19.50   1.64    25.32   23.00   0.24    N/A        198.49   24.37  
129  T0920TS455_5-D2     455s    9.25     100.00  129   N/A       N/A        -1.05     -1.05      5.02     N/A           1.06     2.30     22.398   22.972   219   1    0     0     0.46   0.00   N/A         N/A          -1.00        -1.00        20.55  11.278   2.77     1.00        0           0        N/A      3.72          0.17    7.99      0.31    0.10    -0.01   2.38    0.53     12.90   1.24    23.66   24.17   0.22    N/A        374.79   90.12  
130  T0920TS026_2-D2     026s    9.25     100.00  129   N/A       N/A        -1.05     -1.05      4.34     N/A           0.86     1.51     20.857   21.745   219   12   0     0     0.46   2.74   N/A         N/A          -1.00        -1.00        19.18  9.377    2.63     0.85        0           0        N/A      4.65          0.19    6.62      0.32    0.07    0.05    2.16    0.50     10.60   1.99    27.85   25.21   0.27    N/A        190.60   N/A    
131  T0920TS380_2-D2     380s    9.25     100.00  129   N/A       N/A        -1.05     -1.05      4.34     N/A           0.86     1.51     20.857   21.745   219   12   0     0     0.46   2.74   N/A         N/A          -1.00        -1.00        19.18  9.377    2.63     0.85        0           0        N/A      4.65          0.19    6.62      0.32    0.07    0.05    2.16    0.50     10.60   1.99    27.85   25.21   0.27    N/A        190.60   N/A    
132  T0920TS446_4-D2     446s    9.13     21.92   132   N/A       N/A        -1.06     -1.06      7.42     N/A           14.54    5.77     12.431   13.106   48    0    0     0     0.46   5.94   N/A         N/A          -1.00        -1.00        13.24  9.587    2.40     2.30        1           36       4.7      1.12          0.04    10.05     0.09    0.05    0.03    5.60    0.50     10.52   2.83    3.87    9.65    0.12    90.10      10.49    46.81  
133  T0920TS455_2-D2     455s    8.79     100.00  133   N/A       N/A        -1.07     -1.07      4.79     N/A           1.04     2.38     22.013   22.833   219   5    0     0     0.91   4.57   N/A         N/A          -0.99        -0.99        18.72  10.778   2.89     0.85        0           0        N/A      3.57          0.18    4.57      0.29    0.07    0.14    2.31    0.47     20.50   1.99    26.15   20.95   0.29    N/A        167.78   92.66  
134  T0920TS180_2-D2     180s    8.45     100.00  134   N/A       N/A        -1.08     -1.08      5.94     N/A           2.16     3.27     115.192  115.202  219   1    0     0     0.00   0.00   N/A         N/A          -1.02        -1.02        15.98  11.655   2.43     0.70        0.4         37       7.3      2.33          0.11    6.62      0.33    0.10    0.25    3.32    0.52     16.70   3.29    19.97   25.03   0.19    87.10      5845.15  20.36  
135  T0920TS380_4-D2     380s    8.45     100.00  134   N/A       N/A        -1.08     -1.08      4.11     N/A           1.58     2.08     24.473   24.7     219   2    0     0     0.00   0.00   N/A         N/A          -1.02        -1.02        19.18  12.964   2.65     0.25        0           0        N/A      4.51          0.14    7.08      0.32    0.11    0.09    2.42    0.51     3.80    3.70    23.70   26.51   0.27    N/A        257.87   N/A    
136  T0920TS026_4-D2     026s    8.45     100.00  134   N/A       N/A        -1.08     -1.08      4.11     N/A           1.58     2.08     24.473   24.7     219   2    0     0     0.00   0.00   N/A         N/A          -1.02        -1.02        19.18  12.964   2.65     0.25        0           0        N/A      4.51          0.14    7.08      0.32    0.11    0.09    2.42    0.51     3.80    3.70    23.70   26.51   0.27    N/A        257.87   N/A    
137  T0920TS455_3-D2     455s    7.76     100.00  137   N/A       N/A        -1.11     -1.11      4.34     N/A           1.20     2.06     21.203   21.868   219   9    0     0     0.00   0.00   N/A         N/A          -1.02        -1.02        19.63  14.132   2.34     0.55        0           0        N/A      4.12          0.17    7.53      0.31    0.08    -0.01   2.35    0.48     15.30   1.24    23.92   23.47   0.28    N/A        322.71   92.56  
138  T0920TS251_3-D2     251s    7.65     100.00  138   N/A       N/A        -1.11     -1.11      4.45     N/A           1.19     2.28     84.861   85.013   219   0    0     0     0.00   4.11   N/A         N/A          -1.02        -1.02        14.16  9.71     2.84     -0.49       0           0        N/A      2.61          0.11    3.20      0.29    0.05    0.23    3.25    0.48     7.70    0.73    21.25   19.86   0.18    N/A        3225.48  94.03  
139  T0920TS357_1-D2     357s    7.08     100.00  139   -1.29     -1.29      -1.13     -1.13      3.77     -1.30         0.34     1.87     66.908   67.213   219   0    0     0     0.00   0.00   -1.12       -1.12        -1.02        -1.02        11.87  7.989    2.55     -0.64       0           0        N/A      3.90          0.10    3.42      0.23    0.05    0.30    3.28    0.48     0.80    0.73    20.88   18.21   0.16    N/A        3091.59  87.67  
140  T0920TS251_2-D2     251s    6.96     100.00  140   N/A       N/A        -1.14     -1.14      4.57     N/A           0.65     1.81     86.364   86.297   219   0    0     0     0.46   1.83   N/A         N/A          -1.00        -1.00        16.44  10.983   2.48     -0.94       0           0        N/A      2.13          0.10    3.65      0.30    0.06    0.19    3.22    0.46     0.80    1.64    19.96   19.89   0.19    N/A        3614.77  94.00  
141  T0920TS357_2-D2     357s    6.62     100.00  141   N/A       N/A        -1.15     -1.15      4.00     N/A           0.17     1.79     74.551   75.425   219   0    0     0     0.00   0.00   N/A         N/A          -1.02        -1.02        11.42  8.282    2.44     -1.09       0           0        N/A      3.67          0.09    2.74      0.21    0.03    0.32    3.43    0.49     0.80    2.58    18.35   15.92   0.11    N/A        3548.24  87.12  
142  T0920TS357_5-D2     357s    6.62     100.00  141   N/A       N/A        -1.15     -1.15      4.00     N/A           1.25     2.56     75.978   76.575   219   0    0     0     0.00   0.46   N/A         N/A          -1.02        -1.02        13.24  8.265    2.73     0.10        0           0        N/A      3.82          0.10    3.42      0.23    0.06    0.42    3.38    0.45     0.80    0.73    19.07   17.81   0.11    N/A        3572.51  88.17  
143  T0920TS357_4-D2     357s    6.51     100.00  143   N/A       N/A        -1.16     -1.16      4.22     N/A           1.16     2.11     69.426   70.194   219   0    0     0     0.00   6.39   N/A         N/A          -1.02        -1.02        13.24  9.655    2.51     -0.64       0           0        N/A      3.70          0.09    2.97      0.21    0.03    0.31    3.21    0.56     3.40    1.99    20.55   15.31   0.09    N/A        4716.62  89.91  
144  T0920TS357_3-D2     357s    6.28     100.00  144   N/A       N/A        -1.16     -1.16      3.54     N/A           1.35     2.05     68.429   69.157   219   0    0     0     0.00   0.46   N/A         N/A          -1.02        -1.02        9.59   6.656    2.53     -0.94       0           0        N/A      3.90          0.09    2.51      0.22    0.03    0.26    3.41    0.49     1.20    0.00    18.96   15.42   0.15    N/A        3158.04  89.50  
145  T0920TS405_2-D2     405s    6.16     100.00  145   N/A       N/A        -1.17     -1.17      4.34     N/A           1.01     1.90     172.834  173.145  219   0    0     0     0.00   0.00   N/A         N/A          -1.02        -1.02        9.59   6.747    2.42     -1.39       0           0        N/A      2.32          0.08    2.97      0.24    0.01    0.43    3.17    0.54     0.80    1.64    17.12   15.02   0.09    N/A        13507.12  60.12  
146  T0920TS405_1-D2     405s    6.16     100.00  145   -1.33     -1.33      -1.17     -1.17      4.34     -1.27         1.01     1.90     172.834  173.145  219   0    0     0     0.00   0.00   -1.12       -1.12        -1.02        -1.02        9.59   6.747    2.42     -1.39       0           0        N/A      2.32          0.08    2.97      0.24    0.01    0.43    3.17    0.54     0.80    1.64    17.12   15.02   0.09    N/A        13507.12  60.12  
147  T0920TS251_4-D2     251s    6.05     100.00  147   N/A       N/A        -1.17     -1.17      4.68     N/A           2.40     2.90     164.747  165.403  219   0    0     0     0.00   0.00   N/A         N/A          -1.02        -1.02        9.59   6.999    2.61     -1.09       0           0        N/A      1.32          0.08    2.28      0.29    0.02    0.43    3.31    0.36     1.30    1.24    16.58   15.57   0.08    N/A        11396.29  93.54  
148  T0920TS405_3-D2     405s    5.94     100.00  148   N/A       N/A        -1.18     -1.18      4.22     N/A           1.07     2.57     172.821  173.147  219   0    0     0     0.00   0.00   N/A         N/A          -1.02        -1.02        9.13   7.388    2.34     -0.79       0           0        N/A      2.52          0.08    2.28      0.24    0.01    0.43    3.08    0.43     0.80    1.64    17.13   14.88   0.08    N/A        13554.63  58.67  
149  T0920TS405_5-D2     405s    5.94     100.00  148   N/A       N/A        -1.18     -1.18      4.11     N/A           0.42     1.82     172.755  173.169  219   0    0     0     0.00   0.00   N/A         N/A          -1.02        -1.02        10.50  6.526    2.66     -0.64       0           0        N/A      2.36          0.08    2.51      0.24    0.01    0.43    3.17    0.52     0.80    2.30    17.07   15.14   0.08    N/A        13441.27  61.40  
150  T0920TS251_1-D2     251s    5.82     100.00  150   -1.34     -1.34      -1.18     -1.18      4.33     -1.27         2.13     2.92     161.575  161.921  219   0    0     0     0.00   0.00   -1.12       -1.12        -1.02        -1.02        11.42  6.613    2.60     -1.24       0           0        N/A      1.11          0.08    2.05      0.28    0.01    0.42    3.36    0.29     0.80    1.24    14.37   15.33   0.09    N/A        10846.28  94.85  
151  T0920TS405_4-D2     405s    5.82     100.00  150   N/A       N/A        -1.18     -1.18      4.34     N/A           1.00     2.10     172.925  173.276  219   0    0     0     0.00   0.00   N/A         N/A          -1.02        -1.02        8.22   7.392    2.23     -0.64       0           0        N/A      2.63          0.08    2.05      0.24    0.01    0.43    3.05    0.64     0.80    1.99    16.66   14.86   0.09    N/A        13526.34  61.04  
152  T0920TS251_5-D2     251s    5.37     100.00  152   N/A       N/A        -1.20     -1.20      3.88     N/A           0.90     2.19     164.325  165.027  219   0    0     0     0.00   0.00   N/A         N/A          -1.02        -1.02        8.68   7.399    2.34     -1.09       0           0        N/A      1.50          0.08    2.05      0.28    0.02    0.43    3.33    0.43     0.80    0.73    16.36   15.72   0.09    N/A        11729.39  94.85  
153  T0920TS359_5-D2     359s    4.22     10.05   153   N/A       N/A        -1.24     -1.24      3.08     N/A           1.52     1.45     14.796   15.101   22    0    0     0     0.00   0.00   N/A         N/A          -1.02        -1.02        7.31   5.116    2.41     -0.61       0           0        N/A      2.10          0.01    0.91      0.02    0.00    -0.00   6.41    0.50     0.17    1.99    3.25    1.68    0.05    N/A        382.94   57.79  
154  T0920TS359_4-D2     359s    4.22     10.05   153   N/A       N/A        -1.24     -1.24      3.08     N/A           1.52     1.45     14.796   15.101   22    0    0     0     0.00   0.00   N/A         N/A          -1.02        -1.02        7.31   5.116    2.41     -0.61       0           0        N/A      2.10          0.01    0.91      0.02    0.00    -0.00   6.41    0.50     0.17    1.99    3.25    1.68    0.05    N/A        382.94   57.79  

