#    Model               GR#     GDT_TS   NP_P    RANK  Z-M1-GDT  Z-M1s-GDT  Z-MA-GDT  Z-MAs-GDT  GDT_HA   Z-M1s-GDT-HA  GDC_SC   GDC_ALL  RMS_CA   RMS_ALL  NP    err  PC01  PC05  AL0_P  AL4_P  Z-M1-AL0_p  Z-M1s-AL0_p  Z-MA-AL0_p   Z-MAs-AL0_p  ALI_P  LGA_S    RMSD[L]  Z-score[M]  Z-Score[D]  Al.Res.  RMSD[D]  MolPrb_Score  LDDT    SphGr     CAD_AA  RPF     CODM    DFM     Handed.  SOV     CE      QCS     CONTS   TMscore  Dali(raw)  FlexE    QSE    

1    T0943TS005_2-D2     005s    68.85    100.00  1     N/A       N/A        1.66      1.66       49.05    N/A           35.12    43.13    6.407    6.598    447   0    0     0     74.94  86.13  N/A         N/A          2.06         2.06         86.58  74.768   1.83     45.85       37.1        413      2.3      1.06          0.66    78.86     0.67    0.72    0.90    0.25    0.90     87.60   7.44    93.33   81.90   0.86    5068.90    20.40    34.57  
2    T0943TS005_1-D2     005s    68.23    100.00  2     1.57      1.57       1.63      1.63       47.93    1.99          35.77    44.94    6.743    6.963    447   0    0     0     76.73  85.23  2.06        2.06         2.14         2.14         85.23  70.977   1.73     45.49       36.6        409      2.3      0.94          0.66    77.96     0.66    0.71    0.90    0.27    0.92     89.00   7.34    92.70   80.44   0.86    4996.80    19.28    35.04  
3    T0943TS005_4-D2     005s    67.45    100.00  3     N/A       N/A        1.59      1.59       47.15    N/A           32.83    41.91    4.735    5.189    447   4    0     0     74.72  86.58  N/A         N/A          2.05         2.05         87.02  68.771   1.93     46.09       38.9        418      2.6      1.32          0.66    79.53     0.65    0.72    0.95    0.24    0.92     85.80   7.02    93.15   82.32   0.86    5056.00    12.82    35.36  
4    T0943TS005_3-D2     005s    67.34    100.00  4     N/A       N/A        1.58      1.58       46.64    N/A           34.22    42.46    6.915    7.038    447   2    0     0     72.93  83.67  N/A         N/A          1.96         1.96         83.89  68.613   1.81     45.73       35          408      2.4      1.14          0.64    75.73     0.65    0.70    0.90    0.31    0.89     85.20   7.02    92.49   79.61   0.85    4800.10    41.88    32.47  
5    T0943TS005_5-D2     005s    64.82    100.00  5     N/A       N/A        1.45      1.45       43.85    N/A           31.35    40.76    6.618    6.879    447   0    0     0     72.26  85.23  N/A         N/A          1.93         1.93         85.23  64.622   1.94     45.61       37.5        413      2.5      0.95          0.64    78.64     0.65    0.71    0.90    0.26    0.92     85.60   7.64    92.45   80.41   0.85    4880.30    31.26    34.97  
6    T0943TS464_3-D2     464s    63.09    100.00  6     N/A       N/A        1.36      1.36       43.17    N/A           23.35    36.02    7.598    7.977    447   2    0     0     64.43  80.09  N/A         N/A          1.56         1.56         80.09  60.338   1.90     44.90       34          403      2.8      3.80          0.59    66.67     0.57    0.65    0.83    0.34    0.89     78.20   6.92    90.61   76.28   0.82    4667.90    18.22    35.48  
7    T0943TS464_1-D2     464s    62.75    100.00  7     1.27      1.27       1.35      1.35       42.95    1.57          23.22    37.32    7.912    8.248    447   2    0     0     69.57  81.43  1.70        1.70         1.80         1.80         81.43  61.771   1.88     45.13       35.2        402      2.6      3.88          0.59    66.33     0.57    0.65    0.83    0.34    0.89     77.50   7.24    90.77   76.05   0.83    4660.90    20.11    34.02  
8    T0943TS220_4-D2     220s    62.47    100.00  8     N/A       N/A        1.33      1.33       41.72    N/A           28.87    37.02    5.318    5.731    447   0    0     0     65.10  81.21  N/A         N/A          1.59         1.59         81.66  59.293   1.96     45.61       35.1        410      3        2.07          0.63    73.15     0.65    0.68    0.92    0.30    0.90     92.40   7.64    91.77   79.30   0.83    4802.60    9.42     42.14  
9    T0943TS220_5-D2     220s    61.86    100.00  9     N/A       N/A        1.30      1.30       41.16    N/A           26.57    32.98    5.291    5.699    447   0    0     0     61.74  78.08  N/A         N/A          1.43         1.43         78.97  57.231   1.99     45.49       35          419      3.5      1.99          0.63    75.06     0.65    0.68    0.93    0.29    0.91     92.10   7.44    92.25   80.21   0.82    4790.90    8.81     43.68  
10   T0943TS464_4-D2     464s    61.35    100.00  10    N/A       N/A        1.27      1.27       41.44    N/A           22.52    36.10    7.92     8.265    447   2    0     0     67.34  80.76  N/A         N/A          1.70         1.70         80.76  60.863   1.91     44.78       33.8        404      2.8      3.84          0.58    67.23     0.57    0.65    0.83    0.34    0.89     77.70   7.24    90.70   76.04   0.82    4635.20    19.98    35.50  
11   T0943TS220_2-D2     220s    59.28    100.00  11    N/A       N/A        1.17      1.17       38.15    N/A           25.63    33.71    5.492    5.747    447   0    0     0     60.63  80.31  N/A         N/A          1.38         1.38         80.54  56.658   2.11     45.61       34.8        416      3.2      2.03          0.64    74.83     0.65    0.69    0.93    0.28    0.90     90.00   7.02    91.56   80.10   0.82    4761.20    8.29     44.17  
12   T0943TS220_3-D2     220s    58.78    100.00  12    N/A       N/A        1.14      1.14       37.47    N/A           24.62    32.64    5.114    5.444    447   1    0     0     59.73  79.19  N/A         N/A          1.33         1.33         79.64  56.498   2.14     45.73       34.5        417      3.2      2.26          0.63    74.50     0.65    0.68    0.93    0.27    0.90     90.90   6.92    91.35   79.49   0.83    4724.10    7.54     42.95  
13   T0943TS220_1-D2     220s    58.61    100.00  13    1.05      1.05       1.13      1.13       37.87    1.14          23.71    28.93    5.561    5.878    447   0    0     0     57.05  76.29  1.08        1.08         1.21         1.21         76.51  53.793   2.14     45.61       34.1        419      3.6      2.01          0.64    75.17     0.65    0.69    0.93    0.27    0.90     90.40   7.34    91.39   80.10   0.81    4681.80    8.38     45.97  
14   T0943TS479_5-D2     479s    57.22    100.00  14    N/A       N/A        1.06      1.06       38.09    N/A           16.48    26.75    9.075    9.5      447   1    0     0     56.15  73.38  N/A         N/A          1.16         1.16         74.50  52.995   2.01     43.11       30          390      3.3      3.20          0.54    60.85     0.55    0.61    0.81    0.40    0.88     83.90   6.92    88.35   73.35   0.78    4142.50    130.30   81.43  
15   T0943TS092_1-D2     092s    56.49    100.00  15    0.93      0.93       1.03      1.03       35.91    0.98          18.87    25.80    9.012    9.178    447   5    0     0     54.59  71.59  0.96        0.96         1.09         1.09         71.59  49.662   2.26     44.54       31.1        404      3.3      3.48          0.59    69.69     0.59    0.66    0.81    0.35    0.89     88.90   6.70    90.95   76.92   0.79    4293.90    30.52    41.13  
16   T0943TS048_1-D2     048s    56.49    100.00  15    0.93      0.93       1.03      1.03       35.91    0.98          18.87    25.80    9.012    9.178    447   5    0     0     54.59  71.59  0.96        0.96         1.09         1.09         71.59  49.662   2.26     44.54       31.1        404      3.3      3.48          0.59    69.69     0.59    0.66    0.81    0.35    0.89     88.90   6.70    90.95   76.92   0.79    4293.90    30.52    41.13  
17   T0943TS275_2-D2     275s    55.26    100.00  17    N/A       N/A        0.96      0.96       34.67    N/A           21.40    28.44    7.009    7.352    447   0    0     0     57.05  77.40  N/A         N/A          1.21         1.21         78.52  52.075   2.27     43.94       31.6        401      3.1      3.27          0.59    66.89     0.59    0.65    0.84    0.36    0.88     82.60   6.81    88.66   74.96   0.80    4348.30    16.49    N/A    
18   T0943TS275_5-D2     275s    54.98    100.00  18    N/A       N/A        0.95      0.95       34.17    N/A           18.22    24.53    9.763    10.013   447   0    0     0     50.11  73.38  N/A         N/A          0.88         0.88         73.60  48.33    2.43     43.94       31          395      3.1      3.31          0.58    65.44     0.58    0.65    0.78    0.35    0.89     79.40   7.24    89.53   75.99   0.79    4281.40    31.05    N/A    
19   T0943TS250_1-D2     250s    54.14    100.00  19    0.80      0.80       0.91      0.91       35.34    0.93          19.63    28.26    37.55    36.715   447   0    0     0     57.94  74.50  1.13        1.13         1.25         1.25         74.50  52.547   2.16     40.84       26.3        363      2.6      2.13          0.52    52.46     0.57    0.58    0.26    1.17    0.87     76.50   7.54    78.19   69.67   0.75    3669.60    1459.37  85.92  
20   T0943TS479_3-D2     479s    53.58    100.00  20    N/A       N/A        0.88      0.88       32.72    N/A           15.27    22.47    8.363    8.553    447   1    0     0     47.65  67.11  N/A         N/A          0.76         0.76         68.68  47.312   2.47     42.99       31          402      3.6      3.33          0.57    68.34     0.59    0.66    0.84    0.33    0.88     80.80   6.58    89.97   76.93   0.76    4274.30    36.15    83.07  
21   T0943TS275_4-D2     275s    53.36    100.00  21    N/A       N/A        0.87      0.87       32.72    N/A           15.94    22.54    7.22     7.53     447   2    0     0     48.77  68.01  N/A         N/A          0.81         0.81         71.59  48.965   2.41     42.75       30.4        402      3.7      3.47          0.58    68.01     0.57    0.64    0.83    0.35    0.88     81.40   6.58    87.11   75.02   0.76    4196.20    14.75    N/A    
22   T0943TS479_4-D2     479s    53.36    100.00  21    N/A       N/A        0.87      0.87       32.44    N/A           16.72    23.17    7.532    7.812    447   3    0     0     47.87  70.02  N/A         N/A          0.77         0.77         70.69  48.041   2.42     43.94       31.1        403      3.5      3.42          0.56    68.12     0.58    0.66    0.84    0.30    0.87     78.00   6.23    90.23   76.78   0.77    4258.80    81.06    81.63  
23   T0943TS183_3-D2     183s    53.30    100.00  23    N/A       N/A        0.86      0.86       32.33    N/A           15.70    22.72    6.765    7.177    447   6    0     0     46.53  66.00  N/A         N/A          0.71         0.71         66.44  42.985   2.37     43.11       31.1        405      3.6      3.48          0.56    68.68     0.58    0.66    0.91    0.31    0.90     74.90   6.81    89.43   76.55   0.77    4283.20    38.62    83.86  
24   T0943TS183_4-D2     183s    53.24    100.00  24    N/A       N/A        0.86      0.86       32.10    N/A           14.65    22.11    7.307    7.668    447   1    0     0     47.87  69.80  N/A         N/A          0.77         0.77         71.59  47.552   2.44     44.90       30.9        404      3.6      3.47          0.56    67.79     0.57    0.65    0.87    0.30    0.88     86.60   6.70    90.16   76.63   0.77    4264.30    42.20    81.54  
25   T0943TS405_2-D2     405s    53.08    100.00  25    N/A       N/A        0.85      0.85       32.94    N/A           15.98    24.06    8.199    8.347    447   2    0     0     51.45  68.68  N/A         N/A          0.94         0.94         70.92  49.373   2.35     40.48       31.1        405      4        3.63          0.59    71.48     0.58    0.67    0.83    0.29    0.88     81.20   6.35    89.05   76.47   0.76    4281.50    55.23    79.82  
26   T0943TS183_2-D2     183s    53.02    100.00  26    N/A       N/A        0.85      0.85       32.27    N/A           15.03    22.45    9.269    9.41     447   1    0     0     46.98  70.02  N/A         N/A          0.73         0.73         71.36  48.577   2.56     43.34       30.4        399      3.5      3.06          0.57    64.09     0.58    0.64    0.81    0.34    0.88     85.40   6.47    89.17   76.80   0.76    4194.40    110.94   81.04  
27   T0943TS479_1-D2     479s    53.02    100.00  26    0.74      0.74       0.85      0.85       32.38    0.68          15.97    21.71    5.977    6.513    447   0    0     0     46.53  69.80  0.56        0.56         0.71         0.71         70.92  48.586   2.45     43.70       31.1        356      3.3      3.03          0.56    64.77     0.57    0.63    0.91    0.32    0.91     79.30   6.70    89.07   76.61   0.77    3694.00    15.13    74.64  
28   T0943TS183_1-D2     183s    52.96    100.00  28    0.74      0.74       0.84      0.84       32.21    0.66          15.11    21.62    6.01     6.524    447   0    0     0     44.52  65.55  0.46        0.46         0.61         0.61         67.11  46.594   2.38     43.22       30.2        406      3.8      3.14          0.58    66.55     0.58    0.65    0.91    0.31    0.91     83.40   6.70    89.65   76.39   0.76    4171.00    15.16    77.18  
29   T0943TS479_2-D2     479s    52.80    100.00  29    N/A       N/A        0.84      0.84       31.71    N/A           14.52    20.90    9.589    9.818    447   1    0     0     45.41  68.68  N/A         N/A          0.65         0.65         70.02  47.277   2.56     43.82       30          399      3.6      3.05          0.56    65.66     0.57    0.64    0.81    0.35    0.88     86.50   6.23    89.99   76.62   0.76    4143.30    113.12   79.31  
30   T0943TS380_1-D2     380s    52.46    100.00  30    0.71      0.71       0.82      0.82       31.49    0.60          16.47    23.06    8.141    8.292    447   6    0     0     45.19  69.57  0.50        0.50         0.64         0.64         70.25  45.463   2.53     43.22       28.8        395      3.5      4.05          0.56    67.56     0.57    0.64    0.84    0.37    0.89     79.50   6.92    87.98   73.76   0.76    3990.70    28.08    N/A    
31   T0943TS026_2-D2     026s    52.46    100.00  30    N/A       N/A        0.82      0.82       31.49    N/A           16.47    23.06    8.141    8.292    447   6    0     0     45.19  69.57  N/A         N/A          0.64         0.64         70.25  45.463   2.53     43.22       28.8        395      3.5      4.05          0.56    67.56     0.57    0.64    0.84    0.37    0.89     79.50   6.92    87.98   73.76   0.76    3990.70    28.08    N/A    
32   T0943TS380_2-D2     380s    52.46    100.00  30    N/A       N/A        0.82      0.82       31.49    N/A           16.47    23.06    8.141    8.292    447   6    0     0     45.19  69.57  N/A         N/A          0.64         0.64         70.25  45.463   2.53     43.22       28.8        395      3.5      4.05          0.56    67.56     0.57    0.64    0.84    0.37    0.89     79.50   6.92    87.98   73.76   0.76    3990.70    28.08    N/A    
33   T0943TS026_1-D2     026s    52.46    100.00  30    0.71      0.71       0.82      0.82       31.49    0.60          16.47    23.06    8.141    8.292    447   6    0     0     45.19  69.57  0.50        0.50         0.64         0.64         70.25  45.463   2.53     43.22       28.8        395      3.5      4.05          0.56    67.56     0.57    0.64    0.84    0.37    0.89     79.50   6.92    87.98   73.76   0.76    3990.70    28.08    N/A    
34   T0943TS275_3-D2     275s    51.90    100.00  34    N/A       N/A        0.79      0.79       30.82    N/A           15.17    21.46    8.019    8.368    447   1    0     0     45.64  68.23  N/A         N/A          0.66         0.66         68.90  47.26    2.54     44.30       30.1        400      3.5      3.50          0.58    66.33     0.58    0.65    0.83    0.33    0.89     81.20   6.81    89.47   76.11   0.77    4161.70    25.98    N/A    
35   T0943TS275_1-D2     275s    51.68    100.00  35    0.67      0.67       0.78      0.78       32.22    0.66          16.79    23.45    7.491    7.859    447   1    0     0     45.64  62.86  0.52        0.52         0.66         0.66         64.88  46.857   2.42     39.53       30.2        398      4.1      3.37          0.58    66.11     0.57    0.64    0.83    0.35    0.88     79.80   6.81    88.31   74.67   0.73    4167.60    19.30    N/A    
36   T0943TS357_4-D2     357s    51.34    100.00  36    N/A       N/A        0.76      0.76       29.92    N/A           13.23    19.86    6.513    7.079    447   4    0     0     42.06  68.68  N/A         N/A          0.49         0.49         69.80  43.37    2.58     43.34       28.2        398      3.6      4.60          0.53    56.49     0.50    0.59    0.89    0.39    0.88     53.90   6.70    86.07   70.27   0.76    3919.70    10.57    50.04  
37   T0943TS357_5-D2     357s    51.17    100.00  37    N/A       N/A        0.75      0.75       29.86    N/A           11.89    20.38    6.535    7.08     447   3    0     0     42.73  66.89  N/A         N/A          0.53         0.53         68.23  45.484   2.65     43.34       28.8        400      3.7      4.48          0.53    59.40     0.51    0.59    0.89    0.36    0.88     60.70   7.13    86.75   71.87   0.76    3996.00    10.32    50.69  
38   T0943TS357_2-D2     357s    51.06    100.00  38    N/A       N/A        0.75      0.75       30.09    N/A           13.13    20.36    6.973    7.586    447   3    0     0     40.04  67.34  N/A         N/A          0.40         0.40         67.79  42.24    2.64     43.11       28.6        400      3.7      4.62          0.52    55.37     0.50    0.58    0.87    0.37    0.88     55.60   6.81    86.83   71.72   0.76    3970.50    13.13    49.32  
39   T0943TS357_1-D2     357s    50.78    100.00  39    0.62      0.62       0.73      0.73       29.53    0.44          11.33    19.38    6.437    7.106    447   5    0     0     43.62  66.22  0.42        0.42         0.57         0.57         66.67  42.278   2.49     42.75       28.7        399      3.6      4.60          0.52    53.58     0.48    0.57    0.90    0.37    0.88     61.00   6.58    86.54   71.09   0.76    3978.10    10.57    49.32  
40   T0943TS357_3-D2     357s    50.67    100.00  40    N/A       N/A        0.73      0.73       29.25    N/A           10.74    19.02    6.427    7.008    447   5    0     0     40.49  63.76  N/A         N/A          0.42         0.42         64.65  41.958   2.55     43.34       28          400      3.8      4.60          0.52    56.71     0.49    0.58    0.89    0.40    0.88     47.70   6.35    86.34   70.63   0.76    3882.60    9.04     52.90  
41   T0943TS421_1-D2     421s    50.45    98.43   41    0.60      0.60       0.72      0.72       29.92    0.47          14.22    23.09    6.721    7.109    440   78   0     0     49.22  64.88  0.69        0.69         0.83         0.83         65.77  47.36    2.34     42.72       26.1        386      3.5      4.76          0.22    58.05     0.46    0.56    0.60    0.54    0.85     50.69   6.70    84.99   67.96   0.76    3597.40    24.67    N/A    
42   T0943TS250_2-D2     250s    50.45    100.00  41    N/A       N/A        0.72      0.72       31.38    N/A           15.28    21.00    38.203   37.353   447   0    0     0     46.09  67.34  N/A         N/A          0.69         0.69         68.23  44.462   2.49     40.72       25.4        364      3.1      2.09          0.52    53.36     0.57    0.59    0.26    1.18    0.87     77.50   7.24    78.02   69.81   0.72    3552.00    1500.14  83.31  
43   T0943TS236_3-D2     236s    49.83    100.00  43    N/A       N/A        0.68      0.68       29.87    N/A           14.33    20.71    7.279    7.772    447   7    0     0     36.69  63.76  N/A         N/A          0.24         0.24         64.21  42.385   2.49     39.88       28.2        397      4.4      3.22          0.52    59.28     0.54    0.58    0.81    0.47    0.88     80.70   5.73    86.01   71.46   0.73    3907.70    21.48    76.93  
44   T0943TS236_2-D2     236s    49.61    100.00  44    N/A       N/A        0.67      0.67       29.75    N/A           17.02    24.79    8.543    8.636    447   1    0     0     46.53  62.19  N/A         N/A          0.71         0.71         64.65  44.696   2.13     37.74       30.1        400      4.5      2.98          0.56    67.67     0.58    0.64    0.83    0.37    0.88     83.80   6.23    88.47   75.03   0.73    4157.50    45.08    76.08  
45   T0943TS405_1-D2     405s    49.61    100.00  44    0.56      0.56       0.67      0.67       29.53    0.44          14.72    22.90    11.524   11.56    447   4    0     0     44.97  59.28  0.48        0.48         0.63         0.63         60.85  42.13    2.27     37.85       27.9        391      4.4      3.71          0.57    65.88     0.56    0.64    0.73    0.43    0.83     82.40   7.13    86.91   75.05   0.70    3879.90    45.28    81.14  
46   T0943TS251_1-D2     251s    49.55    100.00  46    0.55      0.55       0.67      0.67       29.64    0.45          14.19    21.16    8.424    8.717    447   6    0     0     45.19  65.10  0.50        0.50         0.64         0.64         67.11  46.941   2.41     40.24       28.5        400      4.4      3.96          0.55    61.41     0.54    0.61    0.81    0.40    0.88     74.70   6.70    87.96   72.37   0.74    3951.00    43.07    64.52  
47   T0943TS236_1-D2     236s    49.33    100.00  47    0.54      0.54       0.66      0.66       29.86    0.47          17.61    23.24    8.004    8.344    447   0    0     0     47.65  61.74  0.62        0.62         0.76         0.76         63.98  45.928   2.35     38.21       29.7        403      4.8      3.09          0.56    65.88     0.57    0.63    0.83    0.40    0.87     77.70   7.02    89.20   75.18   0.72    4104.80    23.37    74.79  
48   T0943TS250_4-D2     250s    49.33    100.00  47    N/A       N/A        0.66      0.66       30.26    N/A           14.66    19.53    37.57    36.733   447   0    0     0     40.27  64.43  N/A         N/A          0.41         0.41         64.88  42.06    2.53     40.96       25.1        363      3.2      2.04          0.51    52.57     0.57    0.58    0.26    1.18    0.86     76.70   6.81    77.77   69.74   0.71    3515.40    1438.15  82.50  
49   T0943TS287_1-D2     287s    49.33    100.00  47    0.54      0.54       0.66      0.66       29.86    0.47          16.03    22.88    8.004    8.346    447   0    0     0     47.65  61.74  0.62        0.62         0.76         0.76         63.98  45.928   2.35     38.21       29.6        408      4.8      3.85          0.57    63.76     0.55    0.63    0.83    0.40    0.87     77.70   7.02    89.20   75.18   0.72    4106.90    23.37    72.58  
50   T0943TS287_2-D2     287s    48.99    100.00  50    N/A       N/A        0.64      0.64       28.86    N/A           16.72    22.62    11.267   11.454   447   7    0     0     46.09  71.81  N/A         N/A          0.69         0.69         72.26  46.878   2.29     40.48       26.4        375      3.2      3.27          0.48    51.90     0.52    0.55    0.68    0.58    0.82     74.80   6.58    81.09   67.55   0.75    3683.60    107.62   78.39  
51   T0943TS421_2-D2     421s    48.94    100.00  51    N/A       N/A        0.64      0.64       29.36    N/A           11.88    18.42    7.578    7.975    447   45   0     0     35.79  63.31  N/A         N/A          0.20         0.20         64.65  40.118   2.51     38.81       28.2        403      4.5      4.54          0.27    60.85     0.51    0.58    0.68    0.48    0.87     65.70   6.70    85.51   70.57   0.73    3919.40    24.09    N/A    
52   T0943TS183_5-D2     183s    48.94    100.00  51    N/A       N/A        0.64      0.64       31.10    N/A           13.17    19.41    8.477    8.88     447   3    0     0     38.03  59.28  N/A         N/A          0.30         0.30         64.21  43.177   2.50     37.62       29.5        396      4.3      3.37          0.56    61.30     0.57    0.62    0.81    0.37    0.86     78.30   6.11    86.24   74.21   0.72    4079.60    118.51   68.31  
53   T0943TS251_5-D2     251s    48.88    100.00  53    N/A       N/A        0.64      0.64       29.98    N/A           16.90    24.67    73.775   72.347   447   2    0     0     51.01  69.80  N/A         N/A          0.92         0.92         72.48  46.097   2.33     38.09       24.7        375      37       3.77          0.46    41.61     0.49    0.50    0.16    1.35    0.89     66.50   7.02    74.28   61.26   0.73    3459.50    7417.63  79.96  
54   T0943TS250_3-D2     250s    48.77    100.00  54    N/A       N/A        0.63      0.63       29.98    N/A           14.31    19.92    38.909   38.051   447   0    0     0     40.04  63.53  N/A         N/A          0.40         0.40         64.21  42.942   2.55     40.24       24.8        363      3.4      2.12          0.51    53.69     0.57    0.59    0.25    1.17    0.87     77.10   6.70    77.83   69.91   0.70    3477.10    1581.20  81.42  
55   T0943TS251_4-D2     251s    48.43    100.00  55    N/A       N/A        0.61      0.61       28.30    N/A           14.46    20.57    8.224    8.509    447   9    0     0     44.30  66.22  N/A         N/A          0.60         0.60         68.23  47.31    2.39     40.00       27.8        397      4.2      3.90          0.53    58.50     0.53    0.60    0.80    0.44    0.87     78.50   6.58    86.59   70.60   0.73    3873.20    41.72    64.64  
56   T0943TS446_5-D2     446s    48.27    100.00  56    N/A       N/A        0.60      0.60       30.37    N/A           18.31    21.26    9.798    10.057   447   0    0     0     38.48  59.73  N/A         N/A          0.33         0.33         61.30  39.516   2.53     35.59       27.5        387      4.7      1.23          0.57    60.07     0.59    0.62    0.77    0.43    0.87     73.40   6.70    86.36   72.29   0.70    3829.40    47.17    63.13  
57   T0943TS425_1-D2     425s    47.88    100.00  57    0.46      0.46       0.58      0.58       28.80    0.38          16.26    23.45    7.786    8.073    447   0    0     0     45.64  62.86  0.52        0.52         0.66         0.66         66.00  42.441   2.23     37.62       31.4        408      4.7      3.81          0.59    67.67     0.58    0.65    0.85    0.37    0.87     85.30   6.47    89.11   76.86   0.74    4328.10    21.25    49.25  
58   T0943TS287_5-D2     287s    47.82    100.00  58    N/A       N/A        0.58      0.58       27.74    N/A           14.22    18.95    10.338   10.539   447   1    0     0     35.57  61.74  N/A         N/A          0.19         0.19         63.31  39.517   2.62     39.29       27.5        391      4.2      3.11          0.52    57.38     0.55    0.59    0.78    0.48    0.86     77.50   6.58    85.13   71.00   0.71    3829.90    34.64    73.84  
59   T0943TS236_4-D2     236s    47.76    100.00  59    N/A       N/A        0.58      0.58       27.63    N/A           13.46    18.47    10.393   10.615   447   2    0     0     37.81  59.73  N/A         N/A          0.29         0.29         60.18  40.28    2.30     38.69       27.5        389      4.2      3.08          0.51    56.38     0.55    0.59    0.78    0.48    0.85     73.60   6.58    85.25   71.09   0.71    3829.40    34.07    76.36  
60   T0943TS446_1-D2     446s    47.59    100.00  60    0.45      0.45       0.57      0.57       29.30    0.42          17.08    21.95    9.541    9.899    447   0    0     0     38.48  57.94  0.16        0.16         0.33         0.33         61.74  42.34    2.41     35.23       27.9        389      4.7      0.93          0.55    56.82     0.59    0.59    0.73    0.45    0.85     79.30   6.11    80.63   70.41   0.70    3763.40    46.14    62.07  
61   T0943TS077_3-D2     077s    47.54    100.00  61    N/A       N/A        0.57      0.57       28.52    N/A           16.40    23.29    8.085    8.329    447   1    0     0     40.49  61.07  N/A         N/A          0.42         0.42         63.09  41.771   2.30     37.26       30.9        407      4.8      3.77          0.58    66.22     0.58    0.65    0.84    0.37    0.86     83.50   6.81    88.74   76.18   0.73    4265.90    21.37    49.45  
62   T0943TS446_2-D2     446s    47.26    100.00  62    N/A       N/A        0.55      0.55       28.86    N/A           14.27    19.97    9.384    9.767    447   0    0     0     35.12  58.39  N/A         N/A          0.17         0.17         61.74  39.695   2.51     34.99       28.1        386      4.6      1.35          0.56    58.28     0.59    0.60    0.74    0.45    0.85     75.30   6.11    81.76   71.31   0.70    3774.70    47.29    63.51  
63   T0943TS250_5-D2     250s    46.87    100.00  63    N/A       N/A        0.53      0.53       28.02    N/A           11.99    17.55    39.02    38.206   447   0    0     0     39.60  60.63  N/A         N/A          0.38         0.38         61.74  40.542   2.52     40.24       24.5        360      3.5      2.11          0.51    53.47     0.57    0.58    0.25    1.19    0.87     77.10   6.58    77.67   69.65   0.69    3436.60    1591.11  79.74  
64   T0943TS405_5-D2     405s    46.81    100.00  64    N/A       N/A        0.53      0.53       29.14    N/A           15.29    22.41    11.831   11.809   447   2    0     0     43.18  52.35  N/A         N/A          0.55         0.55         54.81  41.595   1.94     30.93       28.3        401      5.6      3.89          0.57    65.21     0.56    0.65    0.78    0.40    0.82     81.20   7.13    85.94   75.18   0.66    3937.00    39.75    71.22  
65   T0943TS077_2-D2     077s    46.81    100.00  64    N/A       N/A        0.53      0.53       28.64    N/A           13.80    20.59    8.516    8.816    447   0    0     0     41.16  59.06  N/A         N/A          0.45         0.45         61.30  40.54    2.30     36.30       30.1        403      5.2      3.81          0.58    65.55     0.57    0.65    0.85    0.36    0.86     80.60   6.70    87.63   75.76   0.71    4157.50    20.82    52.36  
66   T0943TS405_4-D2     405s    46.81    100.00  64    N/A       N/A        0.53      0.53       29.14    N/A           15.29    22.41    11.831   11.809   447   2    0     0     43.18  52.35  N/A         N/A          0.55         0.55         54.81  41.595   1.94     30.93       28.3        401      5.6      3.89          0.57    65.21     0.56    0.65    0.78    0.40    0.82     81.20   7.13    85.94   75.18   0.66    3937.00    39.75    71.22  
67   T0943TS405_3-D2     405s    46.81    100.00  64    N/A       N/A        0.53      0.53       29.14    N/A           15.29    22.41    11.831   11.809   447   2    0     0     43.18  52.35  N/A         N/A          0.55         0.55         54.81  41.595   1.94     30.93       28.3        401      5.6      3.89          0.57    65.21     0.56    0.65    0.78    0.40    0.82     81.20   7.13    85.94   75.18   0.66    3937.00    39.75    71.22  
68   T0943TS425_5-D2     425s    46.70    100.00  68    N/A       N/A        0.52      0.52       28.19    N/A           14.67    21.74    8.193    8.465    447   2    0     0     41.61  59.96  N/A         N/A          0.47         0.47         63.31  41.431   2.24     36.30       30.3        403      5.1      3.64          0.59    67.34     0.58    0.66    0.86    0.34    0.87     85.60   6.92    88.95   76.05   0.71    4179.70    16.95    50.85  
69   T0943TS425_4-D2     425s    46.59    100.00  69    N/A       N/A        0.52      0.52       28.07    N/A           14.34    21.82    8.394    8.692    447   3    0     0     42.06  61.30  N/A         N/A          0.49         0.49         64.21  41.408   2.26     36.90       30.2        398      5        3.66          0.58    65.88     0.58    0.66    0.85    0.34    0.87     85.60   7.02    89.23   76.04   0.70    4169.20    17.29    50.92  
70   T0943TS077_1-D2     077s    46.53    100.00  70    0.39      0.39       0.52      0.52       28.13    0.32          14.00    21.67    8.127    8.468    447   2    0     0     40.72  59.96  0.27        0.27         0.43         0.43         63.09  41.233   2.21     36.18       30.5        400      5.1      3.56          0.59    67.00     0.58    0.66    0.86    0.34    0.88     86.20   6.81    89.58   76.41   0.70    4205.60    17.25    51.06  
71   T0943TS251_2-D2     251s    46.37    100.00  71    N/A       N/A        0.51      0.51       27.52    N/A           11.09    17.86    9.722    9.967    447   2    0     0     35.35  54.81  N/A         N/A          0.18         0.18         59.06  39.408   2.31     32.72       27.2        390      4.7      4.03          0.53    55.59     0.53    0.58    0.78    0.44    0.86     75.30   6.81    82.29   69.06   0.69    3788.30    65.72    66.89  
72   T0943TS446_4-D2     446s    46.14    98.21   72    N/A       N/A        0.50      0.50       31.32    N/A           18.97    26.50    13.536   13.801   439   0    0     0     46.53  57.27  N/A         N/A          0.71         0.71         61.97  44.511   1.96     31.98       22.2        329      4.6      1.24          0.46    43.29     0.52    0.49    0.62    0.90    0.75     74.15   5.33    77.71   62.48   0.67    3082.50    59.67    63.35  
73   T0943TS251_3-D2     251s    46.03    100.00  73    N/A       N/A        0.49      0.49       26.18    N/A           13.17    17.80    11.513   11.622   447   1    0     0     35.79  57.49  N/A         N/A          0.20         0.20         62.19  43.958   2.48     34.87       26.8        384      4.2      3.88          0.52    53.02     0.52    0.58    0.77    0.53    0.83     73.60   5.99    82.67   68.96   0.70    3733.00    68.47    61.88  
74   T0943TS452_2-D2     452s    45.97    100.00  74    N/A       N/A        0.49      0.49       30.82    N/A           16.77    25.98    19.689   19.552   447   9    0     0     46.09  58.61  N/A         N/A          0.69         0.69         62.64  45.973   2.00     31.29       21.6        312      2.7      4.12          0.42    41.95     0.46    0.45    0.26    1.04    0.74     67.30   5.19    71.61   59.78   0.65    3059.00    140.10   N/A    
75   T0943TS345_3-D2     345s    45.86    100.00  75    N/A       N/A        0.48      0.48       26.85    N/A           14.14    19.28    8.074    8.457    447   1    0     0     38.03  57.72  N/A         N/A          0.30         0.30         62.64  44.513   2.47     36.78       26.8        391      4.3      3.05          0.50    53.58     0.54    0.57    0.80    0.49    0.86     74.60   6.11    80.47   68.51   0.72    3740.70    24.32    73.41  
76   T0943TS425_2-D2     425s    45.80    100.00  76    N/A       N/A        0.48      0.48       27.74    N/A           12.76    20.22    8.299    8.534    447   1    0     0     39.15  58.61  N/A         N/A          0.36         0.36         61.52  40.355   2.28     36.42       30.5        400      5.3      3.89          0.58    68.57     0.57    0.65    0.87    0.32    0.87     84.20   7.02    89.06   76.81   0.71    4207.70    14.40    52.92  
77   T0943TS425_3-D2     425s    45.75    100.00  77    N/A       N/A        0.48      0.48       27.63    N/A           14.95    21.31    8.195    8.576    447   0    0     0     41.16  59.51  N/A         N/A          0.45         0.45         62.64  41.078   2.23     35.11       30.3        407      5.5      3.68          0.58    66.33     0.58    0.65    0.85    0.35    0.87     80.60   6.81    87.91   76.01   0.71    4183.40    21.41    51.73  
78   T0943TS287_3-D2     287s    45.69    100.00  78    N/A       N/A        0.47      0.47       27.46    N/A           13.58    19.34    78.002   76.564   447   2    0     0     40.49  64.88  N/A         N/A          0.42         0.42         66.67  43.777   2.35     37.14       22.6        352      17.9     2.97          0.43    39.04     0.50    0.50    0.17    1.18    0.87     68.90   6.92    73.12   60.76   0.69    3191.30    8251.80  83.08  
79   T0943TS077_5-D2     077s    45.36    100.00  79    N/A       N/A        0.46      0.46       27.46    N/A           14.86    21.03    8.394    8.722    447   2    0     0     41.39  59.06  N/A         N/A          0.46         0.46         62.19  40.866   2.19     35.11       30          402      5.4      3.72          0.58    65.77     0.57    0.65    0.85    0.37    0.86     81.50   6.81    87.05   76.16   0.70    4147.40    21.47    52.15  
80   T0943TS287_4-D2     287s    45.36    100.00  79    N/A       N/A        0.46      0.46       30.54    N/A           17.88    26.52    11.488   11.645   447   1    0     0     45.19  59.06  N/A         N/A          0.64         0.64         62.86  45.472   1.98     31.53       26.2        340      4.1      3.01          0.45    45.19     0.51    0.50    0.72    0.78    0.77     72.90   5.99    78.31   63.72   0.68    3350.20    55.66    72.61  
81   T0943TS345_5-D2     345s    45.30    100.00  81    N/A       N/A        0.45      0.45       26.85    N/A           14.34    21.36    54.903   54.265   447   0    0     0     40.72  61.30  N/A         N/A          0.43         0.43         63.09  41.587   2.38     36.07       23.4        389      44.7     2.92          0.44    44.74     0.52    0.51    0.15    1.30    0.85     78.30   6.47    69.07   63.63   0.70    3294.00    4160.57  77.20  
82   T0943TS345_2-D2     345s    44.97    100.00  82    N/A       N/A        0.44      0.44       27.24    N/A           12.89    15.89    37.306   36.897   447   0    0     0     34.68  58.17  N/A         N/A          0.14         0.14         61.52  41.442   2.63     37.38       25.4        361      3.9      2.97          0.45    45.75     0.51    0.50    0.21    1.31    0.85     81.20   6.81    66.86   63.56   0.68    3193.70    1624.81  75.72  
83   T0943TS236_5-D2     236s    44.91    100.00  83    N/A       N/A        0.43      0.43       30.09    N/A           16.17    25.49    11.51    11.703   447   2    0     0     45.41  59.06  N/A         N/A          0.65         0.65         62.64  43.593   2.07     31.53       26.4        339      4        3.61          0.47    44.97     0.50    0.51    0.71    0.78    0.78     74.20   6.23    78.15   63.80   0.68    3342.20    56.35    73.68  
84   T0943TS407_1-D2     407s    44.74    100.00  84    0.29      0.29       0.42      0.42       26.40    0.17          12.76    19.12    12.653   12.641   447   33   0     0     38.93  61.74  0.19        0.19         0.35         0.35         62.19  41.446   2.46     37.62       21.7        349      3.6      3.57          0.37    46.09     0.49    0.51    0.44    0.83    0.77     70.50   6.58    74.60   63.18   0.68    3072.30    80.58    51.95  
85   T0943TS345_1-D2     345s    44.69    100.00  85    0.29      0.29       0.42      0.42       26.34    0.17          13.61    18.78    37.596   37.018   447   0    0     0     38.70  60.18  0.17        0.17         0.34         0.34         62.86  43.766   2.38     37.14       25.6        372      17.6     2.85          0.44    45.64     0.52    0.51    0.21    1.32    0.86     81.50   6.47    68.12   62.61   0.69    3228.30    1648.08  79.16  
86   T0943TS444_4-D2     444s    44.46    100.00  86    N/A       N/A        0.41      0.41       26.68    N/A           14.24    19.71    15.944   16.058   447   0    0     0     37.36  59.06  N/A         N/A          0.27         0.27         61.74  42.407   2.36     36.07       25.9        354      3.5      1.82          0.46    41.50     0.53    0.49    0.42    0.96    0.76     77.60   6.70    68.68   60.58   0.68    3253.20    393.41   N/A    
87   T0943TS077_4-D2     077s    43.96    100.00  87    N/A       N/A        0.38      0.38       26.34    N/A           13.71    20.20    8.235    8.603    447   5    0     0     38.03  56.82  N/A         N/A          0.30         0.30         60.63  40.795   2.21     34.87       30.2        404      5.7      3.87          0.58    67.90     0.57    0.64    0.83    0.36    0.87     85.90   6.58    88.84   76.37   0.69    4169.20    17.50    53.59  
88   T0943TS444_1-D2     444s    43.90    100.00  88    0.25      0.25       0.38      0.38       26.12    0.15          13.88    19.30    16.008   16.144   447   0    0     0     36.47  57.72  0.06        0.06         0.23         0.23         60.85  41.042   2.40     35.95       25.5        352      3.5      1.86          0.45    39.93     0.53    0.48    0.42    0.96    0.75     74.50   6.11    68.46   60.39   0.68    3201.70    394.39   N/A    
89   T0943TS444_5-D2     444s    43.85    100.00  89    N/A       N/A        0.38      0.38       26.17    N/A           12.80    17.10    15.966   16.082   447   0    0     0     37.14  59.06  N/A         N/A          0.26         0.26         61.74  42.931   2.50     36.07       25.5        351      3.5      1.77          0.45    40.49     0.53    0.48    0.42    0.97    0.76     76.10   6.92    68.47   60.38   0.68    3199.40    391.01   N/A    
90   T0943TS407_5-D2     407s    43.74    100.00  90    N/A       N/A        0.37      0.37       25.34    N/A           12.21    16.78    11.641   11.772   447   17   0     0     32.89  56.82  N/A         N/A          0.06         0.06         58.61  37.002   2.55     36.90       20.4        356      3.8      4.09          0.39    42.39     0.48    0.47    0.54    0.84    0.76     59.10   6.23    72.46   59.69   0.68    2879.70    55.18    53.37  
91   T0943TS444_3-D2     444s    43.68    100.00  91    N/A       N/A        0.37      0.37       26.00    N/A           14.13    20.57    15.975   16.113   447   0    0     0     37.14  59.28  N/A         N/A          0.26         0.26         63.53  40.999   2.49     35.71       25.5        357      3.8      1.72          0.45    40.94     0.53    0.48    0.42    0.96    0.76     73.30   6.70    68.49   60.29   0.68    3208.80    392.83   N/A    
92   T0943TS382_5-D2     382s    43.62    100.00  92    N/A       N/A        0.37      0.37       24.89    N/A           16.87    19.87    21.075   20.76    447   0    0     0     39.37  59.28  N/A         N/A          0.37         0.37         60.85  38.964   2.46     37.74       26.1        367      4.1      1.22          0.50    50.78     0.56    0.56    0.39    1.00    0.77     76.50   7.02    75.34   66.46   0.67    3271.50    331.61   N/A    
93   T0943TS407_4-D2     407s    43.51    100.00  93    N/A       N/A        0.36      0.36       25.23    N/A           12.18    18.16    17.811   17.744   447   16   0     0     36.47  57.94  N/A         N/A          0.23         0.23         59.51  38.602   2.54     36.90       21.8        356      3.8      3.58          0.46    45.97     0.51    0.51    0.37    0.91    0.80     66.90   6.58    72.93   63.58   0.67    3082.80    445.98   53.28  
94   T0943TS444_2-D2     444s    43.51    100.00  93    N/A       N/A        0.36      0.36       25.84    N/A           13.93    19.81    16.008   16.139   447   0    0     0     38.70  55.93  N/A         N/A          0.34         0.34         58.39  39.42    2.17     34.75       25.4        354      3.6      1.67          0.45    40.83     0.53    0.48    0.42    0.96    0.76     76.30   6.70    68.49   60.08   0.68    3197.60    388.59   N/A    
95   T0943TS407_2-D2     407s    43.40    100.00  95    N/A       N/A        0.35      0.35       25.22    N/A           12.13    17.61    16.587   16.601   447   44   0     0     31.54  56.82  N/A         N/A          -0.00        -0.00        58.39  36.553   2.58     37.02       21.4        348      3.7      3.56          0.33    44.52     0.48    0.50    0.37    1.09    0.77     61.70   6.47    72.96   61.94   0.68    3032.30    333.52   53.67  
96   T0943TS446_3-D2     446s    43.40    97.99   95    N/A       N/A        0.35      0.35       28.86    N/A           19.12    24.11    13.833   14.006   438   0    0     0     42.95  57.49  N/A         N/A          0.54         0.54         61.07  42.116   2.13     29.97       21.9        320      4.2      1.23          0.46    41.83     0.52    0.50    0.62    0.89    0.75     76.53   5.46    78.07   62.71   0.64    3046.80    62.26    61.91  
97   T0943TS407_3-D2     407s    43.29    100.00  97    N/A       N/A        0.35      0.35       24.83    N/A           12.31    17.10    13.652   13.756   447   51   0     0     31.10  58.61  N/A         N/A          -0.03        -0.03        60.40  37.593   2.55     37.26       21.7        349      3.6      3.56          0.36    44.74     0.48    0.47    0.20    0.86    0.75     69.60   6.58    70.67   61.77   0.67    3065.90    157.23   53.84  
98   T0943TS421_3-D2     421s    43.12    87.70   98    N/A       N/A        0.34      0.34       26.23    N/A           15.12    20.19    9.577    9.743    392   97   0     0     40.94  57.05  N/A         N/A          0.44         0.44         58.17  38.049   2.22     33.69       19.4        310      3.9      4.93          0.15    50.45     0.39    0.46    0.19    0.87    0.68     49.55   6.70    67.71   54.82   0.64    2470.90    18.11    N/A    
99   T0943TS016_1-D2     016s    41.95    100.00  99    0.14      0.14       0.28      0.28       27.80    0.29          13.34    19.03    10.241   10.523   447   9    0     0     37.14  46.09  0.10        0.10         0.26         0.26         49.44  38.75    2.09     29.38       25.9        399      7.1      3.86          0.46    57.49     0.54    0.59    0.76    0.49    0.83     74.20   6.35    75.70   69.97   0.61    3626.00    36.32    61.72  
100  T0943TS026_4-D2     026s    41.78    100.00  100   N/A       N/A        0.27      0.27       27.35    N/A           15.56    23.18    19.359   19.015   447   2    0     0     43.40  56.15  N/A         N/A          0.56         0.56         60.40  40.796   2.07     31.41       17.9        310      4.1      4.04          0.39    35.57     0.47    0.43    0.37    1.26    0.74     63.00   4.89    68.46   56.35   0.62    2583.70    286.76   N/A    
101  T0943TS380_4-D2     380s    41.78    100.00  100   N/A       N/A        0.27      0.27       27.35    N/A           15.56    23.18    19.359   19.015   447   2    0     0     43.40  56.15  N/A         N/A          0.56         0.56         60.40  40.796   2.07     31.41       17.9        310      4.1      4.04          0.39    35.57     0.47    0.43    0.37    1.26    0.74     63.00   4.89    68.46   56.35   0.62    2583.70    286.76   N/A    
102  T0943TS421_4-D2     421s    41.22    97.99   102   N/A       N/A        0.24      0.24       21.31    N/A           10.81    16.86    10.006   10.115   438   114  0     0     33.33  55.70  N/A         N/A          0.08         0.08         56.15  33.946   2.54     36.08       19.2        332      3.9      5.04          0.11    52.91     0.42    0.52    0.49    0.90    0.77     40.96   6.11    77.26   59.36   0.68    2694.90    33.07    N/A    
103  T0943TS345_4-D2     345s    41.05    100.00  103   N/A       N/A        0.23      0.23       22.87    N/A           12.74    17.50    43.409   42.53    447   0    0     0     34.23  56.60  N/A         N/A          0.12         0.12         57.05  36.26    2.44     36.30       21.8        384      29.6     3.03          0.44    49.11     0.52    0.53    0.21    1.20    0.82     79.60   7.24    73.67   65.07   0.66    3085.90    2238.05  72.85  
104  T0943TS166_1-D2     166s    40.77    99.33   104   0.08      0.08       0.22      0.22       26.62    0.19          12.66    18.25    13.552   13.522   444   1    0     0     36.02  46.53  0.04        0.04         0.21         0.21         48.99  38.692   2.11     28.55       26          390      7.3      3.73          0.55    59.17     0.55    0.61    0.76    0.43    0.81     80.75   6.47    81.83   71.81   0.58    3603.40    65.83    62.19  
105  T0943TS421_5-D2     421s    40.16    87.70   105   N/A       N/A        0.19      0.19       25.56    N/A           14.66    20.58    10.67    10.921   392   109  0     0     40.72  55.03  N/A         N/A          0.43         0.43         58.17  38.765   2.16     30.59       17.8        276      2.9      5.06          0.15    46.42     0.37    0.42    0.43    1.08    0.66     44.90   5.86    64.81   53.07   0.59    2282.00    19.22    N/A    
106  T0943TS359_1-D2     359s    39.99    66.89   106   0.03      0.03       0.18      0.18       27.18    0.24          26.05    22.32    5.787    6.095    299   0    0     0     39.15  53.91  0.20        0.20         0.36         0.36         57.72  40.722   2.07     31.38       23          281      2.8      3.48          0.33    46.20     0.36    0.36    0.39    0.91    0.80     53.04   5.33    55.94   46.19   0.58    2597.60    35.31    37.93  
107  T0943TS359_5-D2     359s    39.71    88.59   107   N/A       N/A        0.17      0.17       26.51    N/A           16.04    21.44    12.668   12.579   396   14   0     0     38.70  51.23  N/A         N/A          0.34         0.34         55.70  40.358   1.98     29.13       20.2        285      2.8      4.17          0.35    41.28     0.40    0.37    0.35    1.06    0.75     54.48   4.58    58.73   48.53   0.59    2586.60    39.56    53.67  
108  T0943TS452_1-D2     452s    39.71    100.00  107   0.02      0.02       0.17      0.17       25.28    0.08          10.63    17.48    12.196   12.247   447   0    0     0     31.99  48.55  -0.16       -0.16        0.02         0.02         51.68  37.13    2.41     29.50       27.7        396      7.5      3.85          0.56    62.75     0.56    0.62    0.72    0.40    0.81     77.70   6.47    80.09   73.46   0.61    3844.70    69.21    N/A    
109  T0943TS382_1-D2     382s    39.32    100.00  109   -0.00     -0.00      0.15      0.15       22.70    -0.14         12.19    17.65    18.611   18.458   447   0    0     0     34.00  50.34  -0.06       -0.06        0.11         0.11         51.90  34.189   2.21     29.02       23.9        366      5.5      1.04          0.50    49.78     0.56    0.56    0.40    0.97    0.77     75.40   6.70    71.75   66.63   0.61    3015.60    277.79   N/A    
110  T0943TS359_2-D2     359s    38.98    66.44   110   N/A       N/A        0.13      0.13       26.06    N/A           22.32    21.35    6.136    6.512    297   0    0     0     35.57  51.90  N/A         N/A          0.19         0.19         56.82  39.47    2.08     30.13       22.5        282      3        3.39          0.33    44.85     0.35    0.36    0.39    0.92    0.82     55.08   5.60    54.30   44.76   0.58    2546.00    51.77    39.23  
111  T0943TS382_2-D2     382s    38.81    100.00  111   N/A       N/A        0.12      0.12       23.05    N/A           15.06    18.37    18.859   18.642   447   0    0     0     34.00  44.30  N/A         N/A          0.11         0.11         47.20  35.551   2.16     29.14       21.7        365      6.6      1.28          0.50    51.79     0.56    0.56    0.43    0.97    0.80     78.90   6.92    75.00   67.27   0.59    3069.10    222.94   N/A    
112  T0943TS382_4-D2     382s    38.65    100.00  112   N/A       N/A        0.11      0.11       21.98    N/A           11.00    15.68    18.819   18.603   447   0    0     0     25.73  48.10  N/A         N/A          -0.28        -0.28        49.22  33.307   2.29     27.71       23.1        357      5.5      1.32          0.49    50.22     0.56    0.55    0.44    0.93    0.72     75.20   6.81    74.37   66.73   0.61    2924.10    238.19   N/A    
113  T0943TS359_4-D2     359s    36.47    88.59   113   N/A       N/A        -0.00     -0.00      22.99    N/A           16.16    18.95    12.364   12.341   396   28   0     0     34.45  50.56  N/A         N/A          0.13         0.13         54.14  36.391   2.19     29.50       19          281      3.2      4.39          0.35    40.38     0.39    0.36    0.34    1.13    0.75     53.77   5.86    60.13   49.68   0.57    2442.30    35.95    55.19  
114  T0943TS359_3-D2     359s    36.47    88.59   113   N/A       N/A        -0.00     -0.00      22.99    N/A           16.16    18.95    12.364   12.341   396   28   0     0     34.45  50.56  N/A         N/A          0.13         0.13         54.14  36.391   2.19     29.50       19          281      3.2      4.39          0.35    40.38     0.39    0.36    0.34    1.13    0.75     53.77   5.86    60.13   49.68   0.57    2442.30    35.95    55.19  
115  T0943TS119_1-D2     119s    36.07    100.00  115   -0.18     -0.18      -0.02     -0.02      21.36    -0.25         11.13    17.67    11.649   12.045   447   25   0     0     33.11  48.55  -0.10       -0.10        0.07         0.07         49.44  31.919   2.28     28.31       17.2        365      9        4.43          0.43    46.76     0.49    0.49    0.68    0.73    0.78     63.50   6.70    69.87   62.34   0.58    2496.10    45.14    67.30  
116  T0943TS349_1-D2     349s    36.07    100.00  115   -0.18     -0.18      -0.02     -0.02      21.36    -0.25         12.92    18.08    11.649   12.05    447   25   0     0     33.11  48.55  -0.10       -0.10        0.07         0.07         49.44  31.919   2.28     28.31       17.2        365      9        3.53          0.40    48.10     0.50    0.50    0.68    0.73    0.78     63.50   6.70    69.87   62.34   0.58    2496.10    45.14    67.30  
117  T0943TS313_5-D2     313s    35.91    100.00  117   N/A       N/A        -0.03     -0.03      21.20    N/A           11.76    17.53    11.793   12.184   447   4    0     0     33.11  48.10  N/A         N/A          0.07         0.07         48.77  31.997   2.33     27.83       16.6        281      3.9      3.27          0.46    45.53     0.50    0.47    0.69    0.77    0.78     60.00   6.70    69.32   60.63   0.58    1953.80    48.35    62.98  
118  T0943TS313_4-D2     313s    35.85    100.00  118   N/A       N/A        -0.03     -0.03      21.20    N/A           11.39    17.27    11.781   12.194   447   4    0     0     32.21  47.65  N/A         N/A          0.03         0.03         48.32  31.83    2.34     28.19       16.5        280      4        3.20          0.45    45.86     0.50    0.47    0.69    0.77    0.78     61.30   6.70    69.28   60.66   0.58    1941.70    48.23    62.97  
119  T0943TS313_1-D2     313s    35.85    100.00  118   -0.19     -0.19      -0.03     -0.03      21.20    -0.26         12.18    17.58    11.801   12.222   447   6    0     0     31.99  47.87  -0.16       -0.16        0.02         0.02         48.32  31.893   2.27     28.19       16.5        281      3.9      3.28          0.45    45.97     0.49    0.47    0.69    0.77    0.78     59.40   6.70    69.13   60.57   0.58    1945.30    48.68    62.99  
120  T0943TS313_3-D2     313s    35.52    100.00  120   N/A       N/A        -0.05     -0.05      20.70    N/A           11.40    17.17    11.791   12.213   447   5    0     0     31.77  47.65  N/A         N/A          0.01         0.01         48.32  31.222   2.30     27.95       16.3        281      4        3.24          0.45    45.19     0.49    0.47    0.69    0.77    0.78     61.30   6.70    69.25   60.33   0.58    1918.10    47.85    63.22  
121  T0943TS313_2-D2     313s    35.52    100.00  120   N/A       N/A        -0.05     -0.05      20.92    N/A           11.47    17.23    11.801   12.188   447   6    0     0     32.21  47.65  N/A         N/A          0.03         0.03         48.32  31.63    2.36     27.95       16.5        281      4        3.35          0.45    44.85     0.49    0.47    0.69    0.77    0.78     59.40   6.70    69.11   60.49   0.58    1940.40    48.43    63.17  
122  T0943TS382_3-D2     382s    35.01    100.00  122   N/A       N/A        -0.07     -0.07      20.64    N/A           11.30    16.50    20.215   20.166   447   0    0     0     31.99  49.44  N/A         N/A          0.02         0.02         50.11  31.972   2.32     27.83       17.5        356      9.3      1.23          0.46    49.11     0.55    0.53    0.38    1.02    0.71     73.60   6.47    69.12   64.47   0.56    2524.40    298.23   N/A    
123  T0943TS451_3-D2     451s    25.28    100.00  123   N/A       N/A        -0.57     -0.57      12.30    N/A           5.65     8.19     21.824   21.37    447   16   0     0     19.24  34.23  N/A         N/A          -0.59        -0.59        37.14  21.558   2.59     20.07       6.3         271      8.6      4.10          0.31    27.63     0.41    0.35    0.38    1.33    0.68     51.60   4.58    58.87   48.71   0.48    1075.90    278.77   71.14  
124  T0943TS451_1-D2     451s    20.58    100.00  124   -1.02     -1.02      -0.81     -0.81      9.39     -1.26         3.18     5.56     22.363   22.132   447   26   0     0     10.29  27.29  -1.23       -1.23        -1.01        -1.01        29.75  18.018   2.74     11.60       8           290      11.4     4.15          0.31    24.72     0.40    0.33    0.30    1.49    0.62     60.40   4.58    57.73   48.29   0.43    1294.30    352.78   76.55  
125  T0943TS451_5-D2     451s    19.24    100.00  125   N/A       N/A        -0.88     -0.88      9.73     N/A           3.88     6.20     16.121   16.089   447   21   0     0     11.19  23.04  N/A         N/A          -0.97        -0.97        27.52  17.179   2.46     11.84       8           295      9.9      3.94          0.31    27.18     0.41    0.34    0.57    1.19    0.66     56.30   5.19    60.79   47.76   0.43    1292.50    100.57   79.16  
126  T0943TS451_2-D2     451s    18.07    100.00  126   N/A       N/A        -0.94     -0.94      8.16     N/A           3.34     4.45     23.944   23.663   447   16   0     0     10.07  21.03  N/A         N/A          -1.02        -1.02        24.38  15.691   2.74     9.69        5.6         256      11.9     3.93          0.30    25.84     0.41    0.33    0.37    1.43    0.63     54.70   3.50    57.30   48.57   0.41    987.50     329.20   79.89  
127  T0943TS451_4-D2     451s    16.44    100.00  127   N/A       N/A        -1.03     -1.03      7.89     N/A           2.58     4.02     23.81    23.48    447   21   0     0     8.72   17.90  N/A         N/A          -1.09        -1.09        26.62  15.969   2.64     7.78        4.7         252      13       4.15          0.32    27.52     0.41    0.35    0.38    1.36    0.59     61.70   4.58    58.13   48.86   0.38    870.30     295.73   82.44  
128  T0943TS432_5-D2     432s    12.30    100.00  128   N/A       N/A        -1.24     -1.24      5.93     N/A           2.22     3.32     24.682   24.707   447   1    0     0     0.89   11.86  N/A         N/A          -1.46        -1.46        17.90  11.06    2.73     5.28        0.2         44       3.3      3.68          0.22    16.78     0.39    0.24    0.25    1.95    0.55     52.50   2.58    44.95   39.29   0.31    114.60     261.61   N/A    
129  T0943TS432_4-D2     432s    10.68    100.00  129   N/A       N/A        -1.32     -1.32      6.21     N/A           2.75     3.79     23.414   23.426   447   1    0     0     1.79   6.04   N/A         N/A          -1.42        -1.42        18.57  10.667   2.78     6.59        1           100      13.2     3.19          0.24    17.34     0.39    0.23    0.41    1.64    0.56     51.30   4.58    45.69   37.72   0.32    249.20     296.15   N/A    
130  T0943TS432_2-D2     432s    10.07    100.00  130   N/A       N/A        -1.35     -1.35      5.09     N/A           1.10     2.43     25.768   25.684   447   6    0     0     3.80   14.32  N/A         N/A          -1.32        -1.32        18.57  10.845   2.80     3.96        1.2         86       4.6      3.29          0.24    17.34     0.39    0.23    0.42    1.53    0.44     54.90   3.07    45.65   39.41   0.29    191.30     171.08   N/A    
131  T0943TS432_3-D2     432s    9.56     100.00  131   N/A       N/A        -1.38     -1.38      5.31     N/A           1.67     2.99     22.963   23.03    447   1    0     0     5.15   8.95   N/A         N/A          -1.26        -1.26        16.78  10.413   2.70     3.37        0.7         40       4        3.26          0.23    13.98     0.38    0.22    0.35    1.96    0.59     47.80   3.07    43.65   38.09   0.27    93.60      288.75   N/A    
132  T0943TS432_1-D2     432s    7.77     100.00  132   -1.72     -1.72      -1.47     -1.47      4.81     -1.64         2.10     3.34     31.622   31.606   447   1    0     0     4.03   7.61   -1.54       -1.54        -1.31        -1.31        14.54  9.214    2.51     2.29        0.4         58       5.1      3.22          0.22    16.44     0.38    0.22    0.20    2.07    0.50     46.00   2.58    42.18   38.60   0.24    123.10     579.39   N/A    
133  T0943TS180_5-D2     180s    7.66     100.00  133   N/A       N/A        -1.48     -1.48      4.14     N/A           0.68     1.57     27.227   27.463   447   26   0     0     0.22   0.00   N/A         N/A          -1.49        -1.49        11.86  6.66     2.74     2.41        0           0        N/A      3.98          0.14    15.21     0.37    0.22    0.12    2.04    0.48     51.70   2.30    37.23   42.87   0.24    N/A        190.68   20.18  
134  T0943TS452_4-D2     452s    6.94     100.00  134   N/A       N/A        -1.51     -1.51      3.52     N/A           0.85     1.68     30.58    30.601   447   9    0     0     0.45   3.13   N/A         N/A          -1.48        -1.48        17.67  10.871   2.75     0.38        0.7         37       4        4.00          0.18    9.96      0.34    0.14    0.04    2.27    0.50     42.70   3.29    30.18   31.83   0.26    79.70      679.55   N/A    
135  T0943TS180_3-D2     180s    6.94     100.00  134   N/A       N/A        -1.51     -1.51      5.26     N/A           2.32     3.34     34.231   34.227   447   1    0     0     0.00   0.00   N/A         N/A          -1.50        -1.50        12.75  7.536    2.73     -0.09       0.8         71       6.8      3.01          0.12    8.28      0.35    0.12    0.11    2.49    0.51     42.60   2.83    29.78   31.15   0.21    194.40     346.48   18.55  
136  T0943TS321_3-D2     321s    6.77     100.00  136   N/A       N/A        -1.52     -1.52      4.20     N/A           0.58     1.68     31       31.066   447   12   0     0     0.00   0.00   N/A         N/A          -1.50        -1.50        12.08  7.282    2.75     0.15        0           0        N/A      3.29          0.16    10.29     0.36    0.15    0.09    2.35    0.49     66.00   3.07    33.50   35.17   0.21    N/A        603.33   16.46  
137  T0943TS321_4-D2     321s    6.60     100.00  137   N/A       N/A        -1.53     -1.53      4.13     N/A           1.49     2.42     33.395   33.702   447   13   0     0     0.00   7.83   N/A         N/A          -1.50        -1.50        14.09  9.558    2.61     0.38        0.9         55       4.7      3.26          0.16    10.07     0.36    0.15    0.06    2.41    0.48     64.00   3.07    33.29   35.22   0.21    126.00     653.70   17.56  
138  T0943TS434_5-D2     434s    6.60     100.00  137   N/A       N/A        -1.53     -1.53      4.92     N/A           2.02     2.99     46.582   46.402   447   0    0     0     0.00   0.00   N/A         N/A          -1.50        -1.50        10.51  6.515    2.57     0.86        0.3         60       10       2.46          0.15    8.84      0.38    0.17    0.16    3.08    0.51     53.20   3.29    30.04   35.21   0.18    141.30     2489.71  93.01  
139  T0943TS467_1-D2     467s    6.60     100.00  137   -1.78     -1.78      -1.53     -1.53      4.25     -1.69         1.19     2.21     27.871   27.853   447   1    0     0     0.22   0.89   -1.73       -1.73        -1.49        -1.49        15.21  8.287    2.85     2.17        1           64       4.5      1.62          0.19    11.30     0.37    0.16    0.13    2.26    0.53     50.90   1.99    31.55   34.51   0.23    190.60     431.41   84.06  
140  T0943TS321_2-D2     321s    6.54     100.00  140   N/A       N/A        -1.53     -1.53      4.19     N/A           0.34     1.52     30.906   31.425   447   10   0     0     0.00   0.00   N/A         N/A          -1.50        -1.50        12.08  7.754    2.72     0.38        1           35       4        3.20          0.16    9.40      0.36    0.15    0.11    2.49    0.49     67.30   3.07    33.44   34.76   0.21    78.20      649.69   16.97  
141  T0943TS434_1-D2     434s    6.54     100.00  140   -1.79     -1.79      -1.53     -1.53      4.59     -1.66         1.65     2.70     45.073   44.761   447   0    0     0     0.00   0.00   -1.74       -1.74        -1.50        -1.50        13.87  9.662    2.49     0.74        0.5         41       3.6      2.54          0.15    9.40      0.37    0.16    0.11    2.76    0.50     44.10   2.83    31.71   36.03   0.18    84.20      1527.29  92.73  
142  T0943TS452_3-D2     452s    6.49     100.00  142   N/A       N/A        -1.54     -1.54      4.47     N/A           1.26     2.57     27.451   27.343   447   12   0     0     0.45   0.00   N/A         N/A          -1.48        -1.48        13.87  5.587    2.46     0.74        0.3         126      9.8      3.89          0.18    10.63     0.34    0.12    0.04    2.26    0.49     49.00   2.58    30.87   33.07   0.24    296.30     399.97   N/A    
143  T0943TS321_1-D2     321s    6.49     100.00  142   -1.79     -1.79      -1.54     -1.54      3.80     -1.73         1.10     1.96     27.956   28.142   447   12   0     0     0.00   0.45   -1.74       -1.74        -1.50        -1.50        15.21  9.075    2.85     2.06        0           0        N/A      3.29          0.17    10.29     0.36    0.16    0.14    2.33    0.50     59.20   1.99    34.61   35.73   0.24    N/A        656.28   17.27  
144  T0943TS452_5-D2     452s    6.49     100.00  142   N/A       N/A        -1.54     -1.54      4.25     N/A           1.53     2.89     32.127   32.197   447   2    0     0     0.00   6.26   N/A         N/A          -1.50        -1.50        13.65  9.266    2.43     0.98        1.3         60       11       3.78          0.15    9.06      0.34    0.14    0.05    2.45    0.51     55.30   3.07    -1.00   -1.00   0.23    146.80     608.58   N/A    
145  T0943TS467_5-D2     467s    6.43     100.00  145   N/A       N/A        -1.54     -1.54      4.37     N/A           0.21     1.21     30.537   30.445   447   0    0     0     0.67   1.79   N/A         N/A          -1.47        -1.47        15.44  8.425    2.93     1.22        0.7         54       5.8      1.56          0.20    10.63     0.38    0.17    0.14    2.28    0.50     53.90   2.30    31.86   34.64   0.24    150.30     484.47   83.00  
146  T0943TS467_2-D2     467s    6.43     100.00  145   N/A       N/A        -1.54     -1.54      4.58     N/A           2.12     3.08     35.337   35.001   447   0    0     0     0.22   0.22   N/A         N/A          -1.49        -1.49        14.54  8.385    2.89     1.82        1.3         47       4.7      1.49          0.18    9.96      0.37    0.15    0.06    2.49    0.50     46.00   2.30    28.64   33.79   0.24    133.00     646.66   84.54  
147  T0943TS434_3-D2     434s    6.38     100.00  147   N/A       N/A        -1.54     -1.54      4.42     N/A           1.61     2.44     47.108   46.707   447   0    0     0     1.34   6.26   N/A         N/A          -1.44        -1.44        11.86  8.117    2.24     1.34        0.2         33       8.2      2.36          0.14    9.40      0.38    0.16    0.18    2.92    0.50     50.50   2.58    29.74   35.13   0.20    56.30      2454.93  93.21  
148  T0943TS026_3-D2     026s    6.32     100.00  148   N/A       N/A        -1.55     -1.55      4.20     N/A           0.68     1.83     30.456   30.193   447   4    0     0     0.00   0.22   N/A         N/A          -1.50        -1.50        14.32  8.707    2.55     1.10        0.6         121      21.4     4.28          0.19    9.84      0.35    0.13    0.04    2.26    0.50     49.20   4.07    34.78   33.39   0.21    276.00     559.40   N/A    
149  T0943TS467_3-D2     467s    6.32     100.00  148   N/A       N/A        -1.55     -1.55      3.92     N/A           0.71     1.90     29.683   29.554   447   0    0     0     0.00   0.00   N/A         N/A          -1.50        -1.50        14.32  9.071    2.72     0.38        1.3         54       3.1      1.58          0.18    10.40     0.38    0.15    0.11    2.28    0.51     46.10   2.83    29.14   34.60   0.21    144.70     479.85   82.82  
150  T0943TS380_3-D2     380s    6.32     100.00  148   N/A       N/A        -1.55     -1.55      4.20     N/A           0.68     1.83     30.456   30.193   447   4    0     0     0.00   0.22   N/A         N/A          -1.50        -1.50        14.32  8.707    2.55     1.10        0.6         121      21.4     4.28          0.19    9.84      0.35    0.13    0.04    2.26    0.50     49.20   4.07    34.78   33.39   0.21    276.00     559.40   N/A    
151  T0943TS258_4-D2     258s    6.26     98.88   151   N/A       N/A        -1.55     -1.55      3.63     N/A           0.34     1.36     43.723   43.138   442   71   0     0     1.34   2.01   N/A         N/A          -1.44        -1.44        17.90  9.667    2.67     2.06        0           0        N/A      4.74          0.17    10.18     0.34    0.14    -0.05   2.33    0.50     37.18   2.83    29.36   31.32   0.26    N/A        1568.33  94.05  
152  T0943TS258_3-D2     258s    6.15     98.88   152   N/A       N/A        -1.55     -1.55      3.41     N/A           0.41     1.36     43.02    42.426   442   38   0     0     2.01   3.58   N/A         N/A          -1.41        -1.41        18.57  10.621   2.61     0.27        0           0        N/A      4.64          0.18    10.63     0.34    0.13    -0.04   2.34    0.50     38.37   2.58    29.84   31.58   0.26    N/A        1512.42  94.15  
153  T0943TS258_5-D2     258s    6.10     98.88   153   N/A       N/A        -1.56     -1.56      3.36     N/A           0.28     1.34     39.413   38.984   442   24   0     0     0.45   1.79   N/A         N/A          -1.48        -1.48        18.57  11.031   2.49     0.51        0           0        N/A      4.58          0.18    10.51     0.34    0.14    -0.04   2.33    0.50     43.61   2.58    29.14   31.41   0.23    N/A        1136.04  94.17  
154  T0943TS258_1-D2     258s    6.04     98.88   154   -1.81     -1.81      -1.56     -1.56      3.47     -1.75         0.40     1.29     41.474   41.037   442   19   0     0     1.79   3.80   -1.66       -1.66        -1.42        -1.42        18.57  10.669   2.78     0.98        0.1         68       5        4.46          0.18    10.18     0.35    0.13    -0.04   2.32    0.50     42.62   2.58    29.85   31.68   0.26    146.40     1339.89  94.10  
155  T0943TS380_5-D2     380s    6.04     100.00  154   N/A       N/A        -1.56     -1.56      3.69     N/A           0.74     1.56     29.366   29.488   447   9    0     0     0.00   0.00   N/A         N/A          -1.50        -1.50        14.77  8.177    2.92     2.29        2.3         94       4.6      4.41          0.16    7.72      0.34    0.09    -0.03   2.61    0.50     47.30   3.07    30.21   31.19   0.25    326.10     476.04   N/A    
156  T0943TS258_2-D2     258s    6.04     98.88   154   N/A       N/A        -1.56     -1.56      3.36     N/A           0.51     1.36     41.653   41.136   442   30   0     0     2.24   3.36   N/A         N/A          -1.40        -1.40        18.57  10.714   2.72     1.58        0           0        N/A      4.62          0.18    10.40     0.34    0.13    -0.04   2.33    0.50     45.98   2.58    29.63   31.69   0.23    N/A        1385.43  94.13  
157  T0943TS026_5-D2     026s    6.04     100.00  154   N/A       N/A        -1.56     -1.56      3.69     N/A           0.74     1.56     29.366   29.488   447   9    0     0     0.00   0.00   N/A         N/A          -1.50        -1.50        14.77  8.177    2.92     2.29        2.3         94       4.6      4.41          0.16    7.72      0.34    0.09    -0.03   2.61    0.50     47.30   3.07    30.21   31.19   0.25    326.10     476.04   N/A    
158  T0943TS028_1-D2     028s    5.98     85.46   158   -1.82     -1.82      -1.56     -1.56      3.75     -1.73         1.30     1.78     25.806   26.195   382   40   0     0     0.00   0.00   -1.74       -1.74        -1.50        -1.50        26.85  16.278   2.32     4.12        3.4         153      3.8      4.59          0.14    6.60      0.26    0.07    -0.07   3.14    0.50     29.06   3.07    21.44   23.52   0.37    635.40     228.12   94.62  
159  T0943TS467_4-D2     467s    5.82     100.00  159   N/A       N/A        -1.57     -1.57      3.86     N/A           1.01     1.44     38.72    38.448   447   0    0     0     0.00   0.00   N/A         N/A          -1.50        -1.50        11.86  8.484    2.19     0.27        0.7         57       3.9      1.46          0.19    10.29     0.38    0.15    0.09    2.39    0.51     48.00   2.30    29.04   33.03   0.17    157.00     850.26   86.36  
160  T0943TS434_4-D2     434s    5.82     100.00  159   N/A       N/A        -1.57     -1.57      3.86     N/A           1.55     2.10     47.692   47.544   447   0    0     0     0.00   0.00   N/A         N/A          -1.50        -1.50        11.63  8.199    2.43     0.50        1           53       10.8     2.46          0.15    9.17      0.37    0.17    0.17    2.86    0.52     49.20   3.07    30.96   35.91   0.17    141.10     1628.11  93.92  
161  T0943TS321_5-D2     321s    5.76     100.00  161   N/A       N/A        -1.57     -1.57      3.86     N/A           1.66     2.45     31.823   32.031   447   9    0     0     0.67   2.68   N/A         N/A          -1.47        -1.47        14.77  9.286    2.74     1.34        0.8         59       11.5     3.25          0.17    9.96      0.37    0.16    0.09    2.43    0.49     67.00   2.58    32.71   35.66   0.24    124.90     700.16   16.68  
162  T0943TS434_2-D2     434s    5.71     100.00  162   N/A       N/A        -1.58     -1.58      4.20     N/A           0.59     1.85     48.318   48.635   447   0    0     0     0.22   0.00   N/A         N/A          -1.49        -1.49        13.20  7.943    2.82     0.62        1           59       8.9      2.47          0.15    9.40      0.36    0.16    0.16    2.87    0.52     49.80   2.30    30.58   35.30   0.16    149.40     1277.28  94.17  
163  T0943TS180_1-D2     180s    5.71     100.00  162   -1.83     -1.83      -1.58     -1.58      2.96     -1.80         0.46     1.24     30.229   30.25    447   8    0     0     0.00   0.22   -1.74       -1.74        -1.50        -1.50        12.08  6.7      2.90     0.15        0           0        N/A      3.44          0.11    7.05      0.31    0.08    0.07    2.33    0.51     32.70   1.24    27.49   25.27   0.23    N/A        191.24   17.45  
164  T0943TS455_4-D2     455s    5.48     100.00  164   N/A       N/A        -1.59     -1.59      2.96     N/A           0.63     1.08     28.826   29.153   447   8    0     0     1.34   2.91   N/A         N/A          -1.44        -1.44        14.32  7.776    2.81     0.86        0           0        N/A      3.74          0.16    6.49      0.30    0.09    0.07    2.48    0.49     24.20   2.58    28.54   26.26   0.25    N/A        323.60   94.20  
165  T0943TS455_1-D2     455s    5.42     100.00  165   -1.85     -1.85      -1.59     -1.59      3.25     -1.77         0.74     0.92     26.547   26.585   447   8    0     0     0.22   0.00   -1.73       -1.73        -1.49        -1.49        17.67  10.286   2.66     0.50        0           0        N/A      3.92          0.16    8.17      0.32    0.10    0.03    2.52    0.48     32.30   2.58    27.01   28.04   0.27    N/A        392.42   94.53  
166  T0943TS455_2-D2     455s    5.31     100.00  166   N/A       N/A        -1.60     -1.60      2.80     N/A           0.30     1.05     25.977   26.245   447   7    0     0     0.00   0.00   N/A         N/A          -1.50        -1.50        14.54  7.741    2.72     0.03        0           0        N/A      3.95          0.17    7.05      0.31    0.09    0.07    2.33    0.49     24.70   1.64    27.84   26.98   0.26    N/A        228.55   94.89  
167  T0943TS464_5-D2     464s    5.31     100.00  166   N/A       N/A        -1.60     -1.60      3.75     N/A           0.65     1.63     45.07    45.233   447   2    0     0     0.00   0.00   N/A         N/A          -1.50        -1.50        11.63  6.089    2.62     0.15        0.1         35       3.2      2.30          0.16    9.73      0.37    0.16    0.19    2.94    0.49     46.40   2.83    28.50   34.55   0.16    73.20      1839.62  16.01  
168  T0943TS455_3-D2     455s    5.26     100.00  168   N/A       N/A        -1.60     -1.60      2.91     N/A           0.29     1.09     27.298   27.58    447   7    0     0     0.22   0.45   N/A         N/A          -1.49        -1.49        14.77  8.109    2.72     -0.09       0           0        N/A      4.03          0.15    7.16      0.30    0.08    0.02    2.35    0.50     28.00   1.99    26.82   26.42   0.28    N/A        405.54   95.30  
169  T0943TS180_2-D2     180s    5.09     100.00  169   N/A       N/A        -1.61     -1.61      2.40     N/A           0.25     1.57     24.94    24.864   447   0    0     0     0.45   0.89   N/A         N/A          -1.48        -1.48        14.54  8.808    2.54     -0.21       0           0        N/A      3.33          0.13    6.15      0.30    0.05    0.14    2.37    0.49     33.90   1.64    26.34   23.47   0.24    N/A        174.59   17.16  
170  T0943TS455_5-D2     455s    4.98     100.00  170   N/A       N/A        -1.61     -1.61      2.46     N/A           0.30     0.79     27.73    27.836   447   0    0     0     0.00   0.00   N/A         N/A          -1.50        -1.50        14.99  8.45     2.79     0.03        0           0        N/A      3.99          0.16    5.59      0.31    0.07    0.07    2.46    0.50     30.50   1.64    28.55   25.16   0.25    N/A        261.88   96.20  
171  T0943TS464_2-D2     464s    4.75     100.00  171   N/A       N/A        -1.63     -1.63      3.52     N/A           1.17     1.92     50.524   50.285   447   3    0     0     0.00   0.00   N/A         N/A          -1.50        -1.50        10.51  6.355    2.45     -0.09       0           0        N/A      2.73          0.15    8.39      0.35    0.15    0.21    3.04    0.50     46.00   2.83    27.18   32.28   0.15    N/A        1814.25  15.53  
172  T0943TS180_4-D2     180s    4.36     100.00  172   N/A       N/A        -1.65     -1.65      2.24     N/A           0.34     0.93     27.187   27.393   447   5    0     0     0.00   2.46   N/A         N/A          -1.50        -1.50        14.54  7.327    2.77     0.15        0           0        N/A      3.34          0.12    5.26      0.29    0.05    0.03    2.36    0.50     28.40   1.64    28.20   22.10   0.21    N/A        402.15   17.97  

