#    Model               GR#     GDT_TS   NP_P    RANK  Z-M1-GDT  Z-M1s-GDT  Z-MA-GDT  Z-MAs-GDT  GDT_HA   Z-M1s-GDT-HA  GDC_SC   GDC_ALL  RMS_CA   RMS_ALL  NP    err  PC01  PC05  AL0_P  AL4_P  Z-M1-AL0_p  Z-M1s-AL0_p  Z-MA-AL0_p   Z-MAs-AL0_p  ALI_P  LGA_S    RMSD[L]  Z-score[M]  Z-Score[D]  Al.Res.  RMSD[D]  MolPrb_Score  LDDT    SphGr     CAD_AA  RPF     CODM    DFM     Handed.  SOV     CE      QCS     CONTS   TMscore  Dali(raw)  FlexE    QSE      CAD_SS    MolPrb_clash  MolPrb_rotout  MolPrb_ramout  MolPrb_ramfv 

-    Starting model      -       64.53    -       -     -         -          -         -          49.03    -             23.89    -        7.04     7.22     -     -    -     -     -      -      -           -            -            -            -      -        -        5.79        11.80       109      2.60     2.99          0.53    53.10     0.54    0.56    0.64    0.61    0.80     71.20   5.46    68.32   67.98   0.68     688.30     37.40    -        -         -             -              -              -            

1    R0949TS156_4        156s    66.86    100.00  1     N/A       N/A        1.01      1.96       52.13    N/A           30.64    41.82    6.824    6.978    129   0    0     0     68.99  73.64  N/A         N/A          0.79         1.03         76.74  72.769   1.72     6.08        12.6        108      2.4      1.23          0.56    55.81     0.59    0.58    0.66    0.62    0.81     77.70   5.46    69.47   69.74   0.70    725.10     32.29    84.01    0.37      0.50          0.00          2.40           89.60        
2    R0949TS156_1        156s    66.86    100.00  1     1.02      1.31       1.01      1.96       52.33    1.36          30.03    41.97    6.751    6.897    129   0    0     0     68.22  73.64  0.78        0.58         0.72         0.63         77.52  73.242   1.61     5.79        12.6        106      2.2      1.25          0.56    55.81     0.58    0.58    0.68    0.62    0.81     78.20   5.46    69.40   69.59   0.70    726.90     31.10    84.66    0.37      1.01          0.00          0.80           92.80        
3    R0949TS329_1        329     66.28    100.00  3     0.95      N/A        0.94      N/A        51.55    N/A           30.50    39.68    7.159    7.275    129   1    0     0     67.44  72.09  0.71        N/A          0.65         N/A          75.19  61.813   1.84     6.17        12.1        110      2.6      2.82          0.55    55.04     0.56    0.58    0.65    0.61    0.80     76.50   5.19    68.77   69.05   0.69    723.70     37.82    N/A      0.35      78.04         0.00          0.73           92.70        
4    R0949TS068_1        068     65.70    100.00  4     0.88      N/A        0.87      N/A        48.45    N/A           30.56    41.15    6.047    6.297    129   0    0     0     66.67  73.64  0.64        N/A          0.57         N/A          75.97  62.249   1.84     5.69        12          107      2.5      0.88          0.55    57.36     0.56    0.58    0.74    0.56    0.82     78.20   5.33    69.95   67.57   0.70    697.20     26.50    81.29    0.36      0.00          0.00          2.40           94.40        
5    R0949TS217_1        217     65.31    100.00  5     0.84      N/A        0.83      N/A        49.81    N/A           24.70    38.42    6.774    6.863    129   0    0     0     65.12  72.87  0.50        N/A          0.43         N/A          77.52  61.261   1.91     6.17        12.4        109      2.5      3.32          0.53    55.43     0.54    0.57    0.69    0.59    0.81     71.30   5.46    68.91   68.02   0.69    715.00     24.67    82.33    0.31      94.66         1.83          4.80           84.00        
6    R0949TS217_4        217     65.31    100.00  5     N/A       N/A        0.83      N/A        49.81    N/A           24.46    38.24    6.755    6.869    129   0    0     0     65.89  72.87  N/A         N/A          0.50         N/A          76.74  60.202   1.77     6.08        12.2        109      2.5      3.41          0.52    56.59     0.54    0.57    0.67    0.59    0.81     71.20   5.46    69.23   68.21   0.70    707.50     24.24    81.55    0.31      94.76         3.67          3.20           90.40        
7    R0949TS068_5        068     65.12    100.00  7     N/A       N/A        0.80      N/A        50.39    N/A           29.75    40.57    6.78     6.987    129   0    0     0     67.44  71.32  N/A         N/A          0.65         N/A          75.19  62.996   1.75     5.88        12.3        109      2.5      0.99          0.56    56.20     0.58    0.57    0.68    0.58    0.81     77.40   5.46    68.66   68.30   0.69    712.60     32.78    84.32    0.37      0.00          0.00          0.80           92.00        
8    R0949TS217_3        217     65.12    100.00  7     N/A       N/A        0.80      N/A        49.61    N/A           24.38    38.38    6.78     6.88     129   0    0     0     65.12  73.64  N/A         N/A          0.43         N/A          77.52  60.416   1.84     6.17        12.3        109      2.5      3.30          0.51    55.43     0.54    0.57    0.69    0.56    0.81     71.90   5.46    68.74   68.02   0.69    712.20     24.59    81.34    0.31      101.31        1.83          4.80           86.40        
9    R0949TS068_2        068     64.92    100.00  9     N/A       N/A        0.78      N/A        47.29    N/A           31.70    41.14    5.55     5.994    129   0    0     0     68.22  72.09  N/A         N/A          0.72         N/A          74.42  60.924   1.66     5.79        11.9        113      2.9      1.13          0.56    57.75     0.58    0.59    0.77    0.50    0.83     71.30   5.46    71.68   68.54   0.71    690.50     21.73    82.03    0.39      0.50          0.00          0.80           92.80        
10   R0949TS217_5        217     64.92    100.00  9     N/A       N/A        0.78      N/A        49.23    N/A           23.67    37.63    6.805    6.946    129   0    0     0     65.89  73.64  N/A         N/A          0.50         N/A          76.74  59.989   1.85     6.17        12.2        110      2.6      3.31          0.52    56.59     0.55    0.57    0.67    0.58    0.81     70.00   5.46    68.44   67.70   0.69    704.40     24.08    81.67    0.31      99.80         1.83          4.80           85.60        
11   R0949TS217_2        217     64.92    100.00  9     N/A       N/A        0.78      N/A        49.23    N/A           24.82    38.21    6.797    6.898    129   0    0     0     65.12  73.64  N/A         N/A          0.43         N/A          77.52  60.42    1.85     6.17        12.3        110      2.6      3.24          0.51    56.20     0.54    0.57    0.68    0.58    0.81     72.50   5.46    68.93   68.09   0.69    710.60     24.87    81.44    0.31      89.72         1.83          4.00           87.20        
12   R0949TS156_5        156s    64.73    100.00  12    N/A       N/A        0.76      0.73       49.61    N/A           28.27    40.43    6.689    6.908    129   0    0     0     66.67  72.09  N/A         N/A          0.57         -0.19        75.19  60.351   1.84     5.79        12          107      2.4      1.31          0.55    56.59     0.57    0.57    0.66    0.61    0.81     78.60   5.46    68.49   67.51   0.69    697.60     33.05    85.71    0.35      1.01          0.00          0.80           91.20        
13   R0949TS156_2        156s    64.73    100.00  12    N/A       N/A        0.76      0.73       49.81    N/A           29.19    40.95    6.642    6.828    129   0    0     0     66.67  71.32  N/A         N/A          0.57         -0.19        75.19  61.378   1.69     5.88        12          108      2.5      1.21          0.55    55.04     0.58    0.57    0.67    0.62    0.81     78.60   5.33    69.35   68.26   0.70    697.90     30.75    84.00    0.36      0.50          0.00          0.80           90.40        
14   R0949TS174_2        174     64.73    100.00  12    N/A       N/A        0.76      N/A        48.26    N/A           28.42    38.14    6.838    6.912    129   0    0     0     66.67  73.64  N/A         N/A          0.57         N/A          77.52  60.29    2.04     6.27        12.4        109      2.4      1.65          0.55    56.20     0.59    0.58    0.67    0.62    0.80     74.00   5.46    68.95   69.32   0.69    717.30     24.05    N/A      0.37      8.55          0.92          0.00           96.85        
15   R0949TS156_3        156s    64.53    100.00  15    N/A       N/A        0.73      0.62       49.62    N/A           28.57    40.55    6.7      6.873    129   0    0     0     66.67  71.32  N/A         N/A          0.57         -0.19        75.19  72.001   1.69     5.59        12.1        108      2.4      0.92          0.55    55.43     0.57    0.57    0.67    0.61    0.81     78.60   5.33    69.13   68.17   0.70    700.70     32.00    82.90    0.36      0.00          0.00          1.60           93.60        
16   R0949TS174_1        174     64.53    100.00  15    0.75      N/A        0.73      N/A        48.84    N/A           23.00    36.60    7.048    7.257    129   0    0     0     67.44  69.77  0.71        N/A          0.65         N/A          73.64  59.403   1.78     5.79        11.8        109      2.6      2.64          0.52    50.77     0.53    0.54    0.64    0.59    0.80     72.00   5.46    68.57   68.10   0.68    684.90     37.46    N/A      0.31      3.02          11.01         7.20           78.40        
17   R0949TS425_4        425     64.53    100.00  15    N/A       N/A        0.73      N/A        47.48    N/A           30.12    39.92    5.753    6.043    129   2    0     0     71.32  75.97  N/A         N/A          1.01         N/A          81.40  63.754   1.81     6.66        12.5        111      2.3      1.07          0.55    61.63     0.57    0.58    0.74    0.51    0.83     77.90   5.46    69.37   68.59   0.70    724.00     19.39    85.78    0.33      1.01          0.00          0.00           96.00        
18   R0949TS174_3        174     64.53    100.00  15    N/A       N/A        0.73      N/A        47.48    N/A           27.20    37.56    6.844    6.983    129   0    0     0     66.67  74.42  N/A         N/A          0.57         N/A          78.29  63.351   1.76     6.27        12          109      2.4      1.72          0.53    54.26     0.57    0.57    0.67    0.58    0.80     70.50   5.33    68.88   69.25   0.69    697.90     23.56    N/A      0.34      7.04          0.00          0.79           95.28        
19   R0949TS196_4        196     64.34    100.00  19    N/A       N/A        0.71      N/A        47.87    N/A           23.64    36.05    6.985    7.144    129   0    0     0     66.67  71.32  N/A         N/A          0.57         N/A          74.42  58.376   1.77     5.88        11.2        107      2.4      3.62          0.52    53.88     0.54    0.58    0.64    0.62    0.80     69.50   5.33    68.48   68.61   0.68    656.30     33.23    75.86    0.30      172.80        1.83          6.40           80.80        
20   R0949TS174_5        174     64.34    100.00  19    N/A       N/A        0.71      N/A        47.87    N/A           23.30    36.45    6.842    6.922    129   0    0     0     67.44  73.64  N/A         N/A          0.65         N/A          77.52  59.595   1.99     6.27        12.3        108      2.3      2.32          0.53    56.20     0.56    0.58    0.67    0.61    0.80     67.50   5.46    68.98   69.05   0.69    710.40     24.04    N/A      0.35      1.51          8.26          6.30           80.31        
21   R0949TS196_5        196     64.34    100.00  19    N/A       N/A        0.71      N/A        48.26    N/A           24.41    37.19    7.017    7.178    129   0    0     0     68.22  71.32  N/A         N/A          0.72         N/A          74.42  59.392   1.75     5.79        11.7        105      2.4      3.13          0.53    54.26     0.54    0.57    0.64    0.60    0.80     73.60   5.33    68.70   68.72   0.68    681.30     35.83    75.58    0.31      107.75        0.92          5.60           86.40        
22   R0949TS068_3        068     64.15    100.00  22    N/A       N/A        0.69      N/A        47.87    N/A           27.00    38.89    6.133    6.416    129   0    0     0     65.89  75.19  N/A         N/A          0.50         N/A          75.97  63.017   1.67     5.88        12.1        109      2.5      1.21          0.55    53.88     0.56    0.57    0.71    0.59    0.82     77.40   5.46    68.09   65.22   0.69    700.00     32.62    80.29    0.36      0.50          0.92          0.80           90.40        
23   R0949TS102_4        102s    63.76    100.00  23    N/A       N/A        0.64      0.17       45.73    N/A           26.40    36.94    6.994    7.158    129   0    0     0     67.44  70.54  N/A         N/A          0.65         0.22         74.42  59.55    1.80     5.69        11.4        108      2.6      1.65          0.53    53.10     0.55    0.56    0.66    0.59    0.80     69.60   5.33    67.90   66.05   0.68    666.00     36.32    48.58    0.33      4.53          0.00          2.40           93.60        
24   R0949TS270_3        270     63.76    100.00  23    N/A       N/A        0.64      N/A        47.67    N/A           20.99    36.56    7.031    7.249    129   0    0     0     66.67  72.09  N/A         N/A          0.57         N/A          75.19  59.532   1.81     5.69        11.6        108      2.6      2.27          0.51    51.16     0.53    0.55    0.65    0.60    0.80     73.30   5.33    68.47   67.25   0.68    674.60     36.34    N/A      0.29      3.02          5.50          2.40           87.20        
25   R0949TS190_1        190     63.76    100.00  23    0.66      N/A        0.64      N/A        47.48    N/A           23.80    37.36    7.05     7.22     129   0    0     0     65.89  69.77  0.57        N/A          0.50         N/A          73.64  59.678   1.76     5.79        11.7        107      2.5      2.40          0.52    53.49     0.55    0.55    0.64    0.63    0.80     76.90   5.46    68.11   67.11   0.68    679.80     37.26    75.57    0.31      23.65         0.92          4.80           90.40        
26   R0949TS117_1        117     63.76    100.00  23    0.66      N/A        0.64      N/A        45.93    N/A           22.68    36.83    7.301    7.449    129   0    0     0     67.44  72.87  0.71        N/A          0.65         N/A          75.97  61.444   1.76     6.17        11.7        110      2.5      3.83          0.51    55.43     0.51    0.55    0.66    0.55    0.80     67.60   5.33    67.94   65.69   0.69    681.00     42.70    76.82    0.27      103.67        7.34          7.20           83.20        
27   R0949TS112_1        112     63.57    100.00  27    0.63      N/A        0.62      N/A        47.67    N/A           23.00    36.04    7.085    7.213    129   0    0     0     64.34  70.54  0.42        N/A          0.36         N/A          75.19  59.965   1.88     5.88        11          106      2.5      2.33          0.50    52.50     0.53    0.54    0.65    0.58    0.80     71.00   5.04    68.35   66.78   0.68    670.90     37.23    83.44    0.28      3.36          5.50          2.92           86.13        
28   R0949TS457_4        457     63.57    100.00  27    N/A       N/A        0.62      N/A        45.73    N/A           25.96    37.02    5.721    6.159    129   0    0     0     63.57  78.29  N/A         N/A          0.29         N/A          79.84  60.376   1.98     6.47        11.7        116      2.9      0.92          0.54    56.59     0.55    0.57    0.73    0.49    0.83     62.10   5.60    71.70   67.76   0.68    706.10     48.98    N/A      0.35      1.40          0.00          0.00           97.81        
29   R0949TS457_3        457     63.57    100.00  27    N/A       N/A        0.62      N/A        46.12    N/A           28.13    36.05    7.031    7.065    129   2    0     0     65.12  72.87  N/A         N/A          0.43         N/A          74.42  70.311   1.72     5.69        11.3        106      2.6      1.55          0.57    56.98     0.57    0.58    0.57    0.54    0.79     61.70   5.19    72.41   68.83   0.68    683.90     40.32    N/A      0.35      3.27          0.00          0.73           93.43        
30   R0949TS457_1        457     63.57    100.00  27    0.63      N/A        0.62      N/A        48.45    N/A           29.56    40.40    8.944    8.919    129   0    0     0     67.44  71.32  0.71        N/A          0.65         N/A          78.29  72.09    1.75     6.27        12          105      2        1.37          0.53    53.49     0.56    0.56    0.50    0.74    0.76     71.40   5.19    65.84   68.39   0.68    724.30     50.08    N/A      0.35      2.34          0.00          0.73           94.89        
31   R0949TS102_3        102s    63.37    100.00  31    N/A       N/A        0.59      -0.05      44.96    N/A           25.22    37.23    7.028    7.109    129   0    0     0     66.67  71.32  N/A         N/A          0.57         -0.19        75.97  60.106   1.76     6.17        11.5        109      2.5      1.52          0.52    54.26     0.55    0.56    0.66    0.59    0.80     66.30   5.04    68.00   65.57   0.68    672.40     35.37    48.93    0.32      2.52          0.92          2.40           92.00        
32   R0949TS174_4        174     63.18    100.00  32    N/A       N/A        0.57      N/A        46.32    N/A           21.85    35.57    6.909    7.032    129   0    0     0     67.44  72.87  N/A         N/A          0.65         N/A          77.52  61.876   1.84     6.47        12          110      2.5      2.17          0.51    53.10     0.54    0.56    0.67    0.57    0.81     66.00   5.46    68.57   67.88   0.69    694.60     27.09    N/A      0.32      1.51          4.59          3.94           76.38        
33   R0949TS425_3        425     63.18    100.00  32    N/A       N/A        0.57      N/A        45.54    N/A           27.96    38.33    5.843    6.138    129   2    0     0     66.67  75.19  N/A         N/A          0.57         N/A          80.62  60.789   1.87     6.47        11.8        109      2.4      1.17          0.54    59.30     0.57    0.57    0.73    0.53    0.83     83.00   5.46    68.96   67.49   0.69    687.50     20.36    83.13    0.34      2.01          0.00          0.00           96.80        
34   R0949TS433_3        433     63.18    100.00  32    N/A       N/A        0.57      N/A        46.70    N/A           0.00     23.40    7.058    7.08     129   0    0     0     65.12  69.77  N/A         N/A          0.43         N/A          73.64  59.256   1.87     5.88        11.3        107      2.5      6.00          0.15    41.87     0.42    0.12    0.64    0.58    0.80     71.20   5.33    67.93   66.17   0.68    662.90     37.40    N/A      0.00      4.52          N/A           4.00           88.80        
35   R0949TS431_3        431     63.18    100.00  32    N/A       N/A        0.57      N/A        42.05    N/A           24.18    34.71    4.089    4.706    129   0    0     0     65.89  78.29  N/A         N/A          0.50         N/A          79.84  58.208   2.11     6.37        11.1        116      3        1.56          0.53    58.91     0.54    0.58    0.84    0.51    0.85     93.60   5.86    74.91   66.14   0.70    654.30     21.06    76.08    0.33      0.50          3.67          0.00           92.80        
36   R0949TS457_2        457     63.18    100.00  32    N/A       N/A        0.57      N/A        46.70    N/A           30.89    39.81    6.441    6.54     129   0    0     0     67.44  77.52  N/A         N/A          0.65         N/A          80.62  73.331   1.78     6.56        11.9        110      2.3      1.26          0.56    56.98     0.56    0.57    0.70    0.57    0.81     68.60   5.33    68.79   67.87   0.69    715.30     29.11    N/A      0.37      2.34          0.00          0.00           96.35        
37   R0949TS433_4        433     63.18    100.00  32    N/A       N/A        0.57      N/A        47.09    N/A           0.00     23.52    7.055    7.077    129   0    0     0     65.12  70.54  N/A         N/A          0.43         N/A          73.64  59.431   1.94     5.88        11.4        109      2.7      6.00          0.15    41.87     0.42    0.12    0.64    0.58    0.80     71.20   5.33    67.94   66.42   0.68    666.50     37.40    N/A      0.00      3.01          N/A           4.00           88.80        
38   R0949TS433_1        433     62.98    100.00  38    0.56      N/A        0.54      N/A        47.09    N/A           0.00     23.49    7.053    7.075    129   0    0     0     65.89  70.54  0.57        N/A          0.50         N/A          73.64  59.604   1.93     5.79        11.5        109      2.6      6.00          0.15    41.87     0.42    0.12    0.64    0.58    0.80     71.20   5.33    68.00   66.64   0.68    669.60     37.39    N/A      0.00      3.01          N/A           4.00           88.80        
39   R0949TS197_5        197     62.98    100.00  38    N/A       N/A        0.54      N/A        46.90    N/A           24.66    36.04    7.146    7.288    129   0    0     0     66.67  71.32  N/A         N/A          0.57         N/A          76.74  61.507   1.91     6.27        9.6         110      2.6      3.50          0.52    50.00     0.54    0.55    0.66    0.62    0.80     76.60   5.04    67.46   66.18   0.67    679.50     38.01    38.76    0.31      50.77         6.71          4.97           82.87        
40   R0949TS390_1        390     62.98    100.00  38    0.56      N/A        0.54      N/A        45.35    N/A           26.14    37.36    7.244    7.326    129   0    0     0     66.67  72.87  0.64        N/A          0.57         N/A          77.52  59.301   1.89     6.27        11.6        109      2.5      1.46          0.53    54.26     0.55    0.56    0.65    0.65    0.80     64.50   5.33    67.45   65.93   0.68    674.60     36.15    54.08    0.32      2.01          0.00          2.40           92.00        
41   R0949TS312_1        312s    62.98    100.00  38    0.56      -0.20      0.54      -0.28      45.73    -0.35         26.48    37.19    6.427    6.737    129   0    0     0     68.99  75.19  0.85        0.83         0.79         1.03         78.29  71.865   1.83     5.98        11.3        108      2.7      2.91          0.54    60.85     0.56    0.57    0.70    0.54    0.81     65.80   4.74    68.22   67.85   0.68    662.40     38.72    38.58    0.35      56.87         1.83          3.20           92.00        
42   R0949TS457_5        457     62.98    100.00  38    N/A       N/A        0.54      N/A        46.70    N/A           28.75    39.23    6.86     6.931    129   0    0     0     68.22  74.42  N/A         N/A          0.72         N/A          75.19  71.886   1.79     5.98        11.1        106      2.3      1.34          0.53    57.36     0.55    0.55    0.59    0.55    0.81     69.50   4.74    69.93   66.56   0.68    675.20     45.84    N/A      0.33      1.87          0.00          0.73           94.16        
43   R0949TS356_1        356     62.98    100.00  38    0.56      N/A        0.54      N/A        45.54    N/A           22.88    36.95    7.102    7.315    129   0    0     0     65.89  69.77  0.57        N/A          0.50         N/A          75.19  60.867   1.75     6.08        11.3        108      2.2      0.99          0.52    53.10     0.54    0.55    0.66    0.56    0.80     68.40   5.04    68.30   66.38   0.68    682.60     38.16    78.54    0.31      0.00          0.85          0.73           91.97        
44   R0949TS328_4        328     62.79    100.00  44    N/A       N/A        0.52      N/A        46.12    N/A           24.65    37.21    6.881    6.894    129   0    0     0     67.44  72.09  N/A         N/A          0.65         N/A          75.19  59.97    1.89     6.27        11.7        107      2.5      2.60          0.54    61.24     0.56    0.58    0.72    0.50    0.80     61.30   5.46    67.08   67.48   0.68    680.90     38.64    N/A      0.36      3.52          11.01         7.20           84.80        
45   R0949TS431_5        431     62.79    100.00  44    N/A       N/A        0.52      N/A        46.12    N/A           23.01    36.58    7.047    7.222    129   0    0     0     64.34  71.32  N/A         N/A          0.36         N/A          75.19  59.331   1.88     5.98        11.3        109      2.7      1.74          0.51    55.43     0.53    0.53    0.66    0.58    0.80     68.30   5.33    67.23   65.47   0.68    659.70     37.23    72.50    0.33      0.50          4.59          3.20           89.60        
46   R0949TS328_2        328     62.79    100.00  44    N/A       N/A        0.52      N/A        46.51    N/A           23.35    35.53    7.264    7.14     129   0    0     0     67.44  72.09  N/A         N/A          0.65         N/A          75.97  72.372   1.90     6.27        12.1        109      2.4      3.32          0.53    62.02     0.55    0.59    0.68    0.57    0.78     77.10   5.04    68.04   69.17   0.68    704.70     28.97    N/A      0.34      26.18         7.34          7.20           78.40        
47   R0949TS208_4        208     62.60    100.00  47    N/A       N/A        0.50      N/A        44.38    N/A           21.55    35.33    6.4      6.767    129   0    0     0     65.12  69.77  N/A         N/A          0.43         N/A          75.97  60.183   1.75     6.08        11.1        106      2.3      1.51          0.51    54.65     0.54    0.54    0.73    0.58    0.81     79.70   5.33    68.28   65.79   0.67    652.10     21.60    78.28    0.32      0.00          3.67          3.20           88.80        
48   R0949TS102_5        102s    62.60    100.00  47    N/A       N/A        0.50      -0.50      44.57    N/A           24.82    36.48    6.991    7.157    129   0    0     0     66.67  72.09  N/A         N/A          0.57         -0.19        75.19  57.569   1.85     5.88        11.3        106      2.5      1.55          0.53    52.71     0.55    0.56    0.66    0.59    0.80     69.60   5.33    67.75   65.96   0.68    663.50     36.14    45.88    0.32      3.02          0.00          2.40           92.80        
49   R0949TS390_2        390     62.60    100.00  47    N/A       N/A        0.50      N/A        46.31    N/A           23.65    35.17    7.246    7.408    129   0    0     0     64.34  71.32  N/A         N/A          0.36         N/A          75.97  57.463   2.06     5.98        11.1        108      2.6      1.39          0.52    52.71     0.55    0.54    0.66    0.60    0.80     63.50   5.04    67.11   65.54   0.67    651.40     36.16    54.80    0.34      2.01          0.00          1.60           93.60        
50   R0949TS312_4        312s    62.60    100.00  47    N/A       N/A        0.50      -0.50      45.54    N/A           25.30    36.98    6.338    6.65     129   0    0     0     68.99  74.42  N/A         N/A          0.79         1.03         77.52  61.536   1.86     6.08        11.4        105      2.4      2.77          0.54    58.53     0.57    0.58    0.70    0.51    0.81     70.60   5.46    68.86   68.25   0.68    664.80     37.48    38.59    0.35      69.45         0.00          1.60           92.80        
51   R0949TS433_2        433     62.60    100.00  47    N/A       N/A        0.50      N/A        46.12    N/A           0.00     23.36    7.061    7.083    129   0    0     0     65.12  69.77  N/A         N/A          0.43         N/A          73.64  59.076   1.88     5.88        11.2        110      2.8      6.00          0.15    41.87     0.42    0.12    0.64    0.58    0.80     71.20   5.33    67.85   65.87   0.68    658.10     37.41    N/A      0.00      4.52          N/A           4.00           88.80        
52   R0949TS208_3        208     62.60    100.00  47    N/A       N/A        0.50      N/A        45.74    N/A           21.77    35.98    6.195    6.519    129   0    0     0     67.44  70.54  N/A         N/A          0.65         N/A          75.97  61.073   1.78     6.37        11.2        105      2.1      1.30          0.50    56.59     0.55    0.54    0.75    0.54    0.81     69.20   5.33    70.00   67.21   0.68    656.80     17.35    79.81    0.32      0.00          1.83          5.60           88.00        
53   R0949TS390_5        390     62.40    100.00  53    N/A       N/A        0.47      N/A        43.80    N/A           25.66    36.21    7.022    7.168    129   0    0     0     66.67  71.32  N/A         N/A          0.57         N/A          75.19  59.246   1.80     5.79        11.2        108      2.6      1.67          0.53    53.88     0.55    0.56    0.66    0.59    0.80     63.50   5.33    67.73   66.00   0.67    657.20     36.06    52.09    0.32      4.03          0.00          1.60           92.00        
54   R0949TS328_5        328     62.40    100.00  53    N/A       N/A        0.47      N/A        45.93    N/A           23.99    36.57    7.286    7.35     129   1    0     0     67.44  71.32  N/A         N/A          0.65         N/A          75.19  60.376   1.91     6.08        11.7        105      2.1      2.99          0.53    58.53     0.54    0.59    0.70    0.54    0.78     59.30   5.46    67.62   67.95   0.68    679.60     51.87    N/A      0.34      11.08         8.26          5.60           80.00        
55   R0949TS460_4        460     62.40    100.00  53    N/A       N/A        0.47      N/A        45.93    N/A           25.39    37.84    7.033    7.209    129   0    0     0     66.67  72.87  N/A         N/A          0.57         N/A          77.52  62.542   1.91     6.27        11.6        109      2.5      2.66          0.52    53.49     0.56    0.56    0.67    0.59    0.80     78.70   5.46    67.80   67.29   0.68    676.50     27.92    84.71    0.32      18.62         5.50          4.00           95.20        
56   R0949TS117_2        117     62.40    100.00  53    N/A       N/A        0.47      N/A        44.77    N/A           21.84    35.65    7.286    7.428    129   1    0     0     66.67  73.64  N/A         N/A          0.57         N/A          75.97  62.321   1.98     6.17        11.4        110      2.6      3.89          0.51    54.26     0.53    0.55    0.66    0.54    0.80     68.60   5.33    68.10   65.25   0.68    665.90     41.72    76.15    0.31      112.23        9.17          6.40           85.60        
57   R0949TS460_1        460     62.40    100.00  53    0.50      N/A        0.47      N/A        46.12    N/A           25.22    37.84    7.032    7.207    129   0    0     0     66.67  72.87  0.64        N/A          0.57         N/A          77.52  62.491   1.91     6.27        11.6        109      2.5      2.70          0.52    53.49     0.56    0.56    0.67    0.60    0.80     78.70   5.46    67.76   67.35   0.68    678.30     27.86    84.68    0.31      21.14         4.59          4.00           94.40        
58   R0949TS425_2        425     62.40    100.00  53    N/A       N/A        0.47      N/A        44.96    N/A           28.64    36.51    6.147    6.336    129   1    0     0     66.67  73.64  N/A         N/A          0.57         N/A          76.74  59.169   2.01     6.08        10.9        109      2.8      0.70          0.52    56.59     0.55    0.56    0.71    0.53    0.82     80.10   5.33    67.77   66.13   0.68    643.00     25.27    83.05    0.33      0.00          0.00          0.80           96.80        
59   R0949TS312_5        312s    62.40    100.00  53    N/A       N/A        0.47      -0.61      45.15    N/A           24.44    36.30    6.512    6.802    129   0    0     0     68.22  75.19  N/A         N/A          0.72         0.63         78.29  71.032   1.87     6.17        11.3        106      2.5      2.48          0.53    58.14     0.56    0.57    0.69    0.53    0.81     65.80   4.74    67.76   67.57   0.68    661.80     40.30    38.87    0.34      54.35         0.92          0.80           96.00        
60   R0949TS086_2        086     62.21    100.00  60    N/A       N/A        0.45      N/A        45.93    N/A           31.87    39.47    6.823    6.92     129   2    0     0     65.12  71.32  N/A         N/A          0.43         N/A          75.97  61.572   1.82     6.08        11.9        109      2.3      0.80          0.55    58.53     0.58    0.58    0.69    0.59    0.80     65.80   5.33    66.47   66.48   0.68    690.60     34.56    N/A      0.38      1.01          0.00          0.00           99.20        
61   R0949TS312_2        312s    62.21    100.00  60    N/A       N/A        0.45      -0.72      44.77    N/A           22.93    36.11    6.504    6.806    129   0    0     0     67.44  74.42  N/A         N/A          0.65         0.22         77.52  71.603   1.88     6.27        11.2        106      2.5      2.81          0.52    57.75     0.55    0.56    0.69    0.54    0.81     65.80   5.04    67.31   66.76   0.68    656.70     40.28    38.76    0.32      72.47         0.92          3.20           92.00        
62   R0949TS425_5        425     62.21    100.00  60    N/A       N/A        0.45      N/A        45.93    N/A           28.11    38.21    6.677    6.815    129   1    0     0     68.22  72.87  N/A         N/A          0.72         N/A          75.97  60.386   1.83     5.88        11          104      2.4      1.47          0.52    57.36     0.57    0.55    0.68    0.54    0.81     71.10   5.33    66.86   66.03   0.68    647.60     41.78    85.05    0.32      3.02          0.92          1.60           94.40        
63   R0949TS390_3        390     62.21    100.00  60    N/A       N/A        0.45      N/A        43.80    N/A           25.66    36.16    6.991    7.145    129   0    0     0     65.12  70.54  N/A         N/A          0.43         N/A          75.19  57.498   1.89     6.08        11.4        108      2.6      1.55          0.53    53.10     0.55    0.55    0.65    0.61    0.80     63.50   5.33    68.00   66.47   0.67    666.80     35.52    53.05    0.33      3.02          0.00          2.40           92.80        
64   R0949TS460_3        460     62.21    100.00  60    N/A       N/A        0.45      N/A        45.73    N/A           25.49    37.77    7.035    7.212    129   0    0     0     65.89  72.87  N/A         N/A          0.50         N/A          77.52  62.505   1.91     6.27        11.5        107      2.4      2.64          0.52    53.49     0.56    0.55    0.67    0.59    0.80     78.70   5.46    67.73   67.14   0.68    674.30     28.02    84.75    0.32      17.61         5.50          4.00           95.20        
65   R0949TS068_4        068     62.02    100.00  65    N/A       N/A        0.43      N/A        45.54    N/A           27.80    38.00    6.519    6.83     129   0    0     0     63.57  74.42  N/A         N/A          0.29         N/A          74.42  60.68    1.80     5.79        11.6        108      2.8      1.36          0.53    52.71     0.56    0.56    0.68    0.57    0.82     75.10   5.33    67.63   64.32   0.67    678.00     36.08    80.11    0.35      1.01          0.92          0.00           89.60        
66   R0949TS460_2        460     62.02    100.00  65    N/A       N/A        0.43      N/A        45.54    N/A           25.39    37.78    7.041    7.22     129   0    0     0     65.89  72.87  N/A         N/A          0.50         N/A          77.52  61.078   1.82     6.27        11.5        107      2.4      2.49          0.52    53.88     0.56    0.55    0.67    0.59    0.80     78.70   5.46    67.74   66.93   0.68    671.20     28.14    84.77    0.32      14.09         4.59          4.80           95.20        
67   R0949TS208_2        208     62.02    100.00  65    N/A       N/A        0.43      N/A        45.93    N/A           22.91    36.62    7.285    7.467    129   0    0     0     65.89  70.54  N/A         N/A          0.50         N/A          76.74  61.539   1.76     6.37        11.5        106      2.3      1.85          0.51    54.26     0.53    0.52    0.67    0.70    0.77     64.90   5.04    67.75   65.77   0.67    673.30     22.82    75.33    0.30      0.50          5.50          3.20           87.20        
68   R0949TS328_1        328     61.82    100.00  68    0.43      N/A        0.40      N/A        44.77    N/A           23.20    35.96    7.106    7.021    129   0    0     0     65.12  75.19  0.50        N/A          0.43         N/A          77.52  60.792   1.88     6.47        11.7        108      2.4      2.25          0.54    59.30     0.55    0.57    0.70    0.56    0.79     72.30   5.33    67.61   67.92   0.68    683.00     26.97    N/A      0.33      1.51          8.26          8.80           84.80        
69   R0949TS102_2        102s    61.82    100.00  68    N/A       N/A        0.40      -0.95      43.60    N/A           23.96    35.78    6.986    7.169    129   0    0     0     63.57  70.54  N/A         N/A          0.29         -1.83        75.19  57.824   1.85     6.08        11.3        106      2.5      1.65          0.53    52.33     0.55    0.55    0.66    0.59    0.80     63.50   5.33    68.09   66.21   0.67    661.20     35.69    52.32    0.32      4.53          0.00          1.60           93.60        
70   R0949TS312_3        312s    61.82    100.00  68    N/A       N/A        0.40      -0.95      44.18    N/A           23.82    36.83    6.507    6.771    129   0    0     0     68.22  75.97  N/A         N/A          0.72         0.63         79.07  71.552   1.84     6.27        11.3        106      2.5      2.98          0.53    57.36     0.56    0.57    0.69    0.53    0.81     65.80   4.89    67.40   67.13   0.68    661.70     39.82    38.60    0.34      61.40         2.75          1.60           94.40        
71   R0949TS460_5        460     61.82    100.00  68    N/A       N/A        0.40      N/A        45.35    N/A           25.32    37.64    7.043    7.226    129   0    0     0     66.67  72.87  N/A         N/A          0.57         N/A          77.52  61.186   1.92     6.27        11.5        109      2.5      2.63          0.52    53.49     0.56    0.55    0.67    0.61    0.80     78.70   5.46    67.73   66.80   0.68    669.90     28.26    84.80    0.31      12.58         5.50          4.80           92.80        
72   R0949TS390_4        390     61.82    100.00  68    N/A       N/A        0.40      N/A        43.60    N/A           24.39    34.93    7.004    7.163    129   0    0     0     63.57  70.54  N/A         N/A          0.29         N/A          75.19  58.08    1.89     5.98        11          106      2.5      1.31          0.52    53.49     0.54    0.55    0.65    0.60    0.80     63.50   5.33    67.43   65.09   0.67    647.20     35.78    52.27    0.32      1.51          0.00          2.40           93.60        
73   R0949TS196_3        196     61.43    100.00  73    N/A       N/A        0.35      N/A        44.19    N/A           21.35    33.28    6.936    7.096    129   0    0     0     61.24  71.32  N/A         N/A          0.07         N/A          74.42  56.255   2.08     5.79        10.3        105      2.4      4.31          0.47    53.49     0.53    0.58    0.63    0.65    0.80     69.40   5.33    68.10   67.51   0.67    614.30     29.48    76.14    0.30      283.63        6.42          10.40          75.20        
74   R0949TS208_5        208     61.43    100.00  73    N/A       N/A        0.35      N/A        44.57    N/A           21.20    33.90    6.918    7.172    129   0    0     0     65.12  70.54  N/A         N/A          0.43         N/A          77.52  59.604   1.98     6.27        11.4        110      2.5      1.16          0.50    55.04     0.54    0.54    0.70    0.68    0.77     70.10   5.33    68.38   66.44   0.66    667.90     26.60    74.58    0.31      0.00          0.92          0.80           84.80        
75   R0949TS117_3        117     61.24    100.00  75    N/A       N/A        0.33      N/A        43.02    N/A           19.01    33.91    7.061    7.237    129   3    0     0     63.57  73.64  N/A         N/A          0.29         N/A          75.97  57.642   1.87     6.17        10.7        108      2.6      4.25          0.49    53.88     0.51    0.56    0.69    0.55    0.80     70.90   5.04    68.11   64.76   0.68    633.80     35.02    75.59    0.28      128.90        22.02         4.80           84.80        
76   R0949TS086_3        086     61.24    100.00  75    N/A       N/A        0.33      N/A        44.38    N/A           24.61    34.01    7.304    7.468    129   1    0     0     65.12  73.64  N/A         N/A          0.43         N/A          76.74  58.257   2.00     6.08        11.2        110      2.8      1.07          0.49    55.04     0.54    0.54    0.64    0.57    0.80     76.80   5.46    66.92   65.13   0.66    657.80     31.74    80.83    0.31      1.01          0.00          0.00           96.00        
77   R0949TS208_1        208     61.05    100.00  77    0.34      N/A        0.31      N/A        44.77    N/A           21.31    34.17    6.929    7.114    129   0    0     0     65.89  71.32  0.57        N/A          0.50         N/A          78.29  59.513   1.94     6.08        11          111      2.7      1.36          0.50    52.71     0.54    0.53    0.72    0.57    0.79     70.70   5.33    68.67   65.19   0.66    647.40     21.48    74.29    0.33      0.00          1.83          0.00           84.80        
78   R0949TS197_4        197     61.05    100.00  77    N/A       N/A        0.31      N/A        44.18    N/A           24.50    34.45    7.486    7.594    129   0    0     0     68.22  71.32  N/A         N/A          0.72         N/A          77.52  58.819   1.98     6.56        9.3         109      2.5      3.90          0.51    50.39     0.53    0.54    0.61    0.62    0.79     73.00   5.04    65.78   64.67   0.67    653.90     59.61    39.36    0.31      62.30         14.77         5.52           79.01        
79   R0949TS102_1        102s    60.66    100.00  79    0.29      -1.11      0.26      -1.61      43.22    -1.01         22.78    34.38    7.094    7.253    129   0    0     0     62.02  69.77  0.21        -1.41        0.14         -2.64        73.64  56.396   1.94     6.08        11.2        108      2.6      1.56          0.52    51.94     0.54    0.55    0.65    0.61    0.80     72.90   5.33    67.01   64.68   0.67    657.40     35.46    55.39    0.32      3.52          0.00          1.60           93.60        
80   R0949TS433_5        433     60.47    100.00  80    N/A       N/A        0.24      N/A        41.86    N/A           0.00     21.02    6.94     6.921    129   0    0     0     65.12  73.64  N/A         N/A          0.43         N/A          76.74  59.667   2.00     6.17        10.2        107      2.4      6.00          0.14    44.65     0.38    0.12    0.69    0.60    0.79     59.50   4.25    67.23   59.29   0.67    607.00     48.30    N/A      0.00      6.02          N/A           11.20          72.00        
81   R0949TS425_1        425     60.27    100.00  81    0.25      N/A        0.21      N/A        43.22    N/A           24.92    36.05    7.225    7.337    129   2    0     0     61.24  72.87  0.14        N/A          0.07         N/A          76.74  56.571   1.89     6.27        10.7        109      2.7      1.13          0.51    54.26     0.54    0.53    0.66    0.60    0.80     82.00   5.04    64.85   62.61   0.66    629.80     29.40    N/A      0.30      1.01          0.00          0.80           95.20        
82   R0949TS328_3        328     60.08    100.00  82    N/A       N/A        0.19      N/A        42.83    N/A           21.31    34.07    8.377    8.363    129   0    0     0     62.79  71.32  N/A         N/A          0.21         N/A          75.19  58.217   1.90     6.17        11          105      2.3      2.99          0.50    52.71     0.53    0.55    0.63    0.62    0.75     66.20   4.89    66.43   66.63   0.66    646.30     58.65    N/A      0.30      9.06          10.09         5.60           79.20        
83   R0949TS344_2        344     59.88    100.00  83    N/A       N/A        0.17      N/A        43.22    N/A           21.60    34.15    7.077    7.257    129   0    0     0     67.44  75.19  N/A         N/A          0.65         N/A          79.07  58.358   2.00     6.37        10.6        108      2.6      Inf           0.47    51.94     0.54    0.52    0.66    0.66    0.80     67.10   5.33    67.53   62.00   0.67    636.10     38.45    79.41    0.33      N/A           7.34          2.40           82.40        
84   R0949TS086_5        086     59.88    100.00  83    N/A       N/A        0.17      N/A        41.86    N/A           23.08    33.65    6.902    7.029    129   2    0     0     62.79  71.32  N/A         N/A          0.21         N/A          75.19  55.518   1.92     6.08        10.9        109      2.7      1.23          0.51    51.16     0.54    0.55    0.67    0.58    0.80     68.90   5.33    66.30   64.17   0.65    641.00     27.73    N/A      0.30      1.51          0.00          0.80           95.20        
85   R0949TS344_4        344     59.50    100.00  85    N/A       N/A        0.12      N/A        41.28    N/A           19.44    33.47    7.137    7.352    129   0    0     0     62.79  72.09  N/A         N/A          0.21         N/A          75.19  55.493   1.94     6.08        10          110      2.7      Inf           0.45    49.61     0.51    0.50    0.65    0.64    0.80     73.10   5.33    66.00   60.64   0.67    599.20     39.87    79.47    0.28      N/A           0.92          1.60           86.40        
86   R0949TS344_3        344     58.91    100.00  86    N/A       N/A        0.05      N/A        41.28    N/A           21.60    34.28    7.118    7.341    129   0    0     0     66.67  70.54  N/A         N/A          0.57         N/A          75.19  55.968   2.10     6.08        10.3        110      2.6      Inf           0.47    51.16     0.51    0.51    0.65    0.63    0.81     67.40   5.33    65.76   62.12   0.67    611.40     36.12    78.53    0.29      N/A           5.50          1.60           84.00        
87   R0949TS344_1        344     58.72    100.00  87    0.07      N/A        0.03      N/A        41.86    N/A           20.56    33.44    7.031    7.229    129   2    0     0     63.57  72.09  0.35        N/A          0.29         N/A          75.97  55.806   2.04     6.27        10.3        110      2.7      1.51          0.48    51.55     0.51    0.51    0.66    0.60    0.81     65.60   5.33    66.09   63.00   0.67    612.80     36.48    78.27    0.29      0.00          3.67          2.40           88.80        
88   R0949TS086_4        086     58.14    100.00  88    N/A       N/A        -0.05     N/A        40.89    N/A           20.35    31.25    6.948    7.113    129   7    0     0     61.24  71.32  N/A         N/A          0.07         N/A          74.42  54.083   2.07     6.17        10          105      2.5      1.25          0.48    49.61     0.53    0.51    0.70    0.58    0.80     70.40   4.89    66.02   60.98   0.65    595.50     28.03    N/A      0.27      2.02          0.92          0.80           96.00        
89   R0949TS196_2        196     57.75    100.00  89    N/A       N/A        -0.09     N/A        39.54    N/A           19.02    29.03    6.924    7.084    129   1    0     0     59.69  68.99  N/A         N/A          -0.08        N/A          71.32  52.635   2.14     5.79        8.7         103      2.5      4.81          0.31    53.88     0.52    0.58    0.62    0.71    0.79     63.30   5.19    66.71   65.31   0.64    532.20     27.06    75.56    0.29      404.74        16.51         15.20          71.20        
90   R0949TS270_2        270     57.75    100.00  89    N/A       N/A        -0.09     N/A        39.34    N/A           20.22    31.97    6.476    6.754    129   0    0     0     62.02  74.42  N/A         N/A          0.14         N/A          76.74  56.954   1.96     6.17        10.1        104      2.4      2.19          0.49    51.55     0.53    0.53    0.70    0.62    0.81     73.30   5.33    67.47   62.33   0.66    601.40     28.12    N/A      0.34      1.51          6.42          0.80           83.20        
91   R0949TS270_4        270     57.56    100.00  91    N/A       N/A        -0.12     N/A        38.95    N/A           21.94    31.82    6.978    7.172    129   0    0     0     59.69  72.09  N/A         N/A          -0.08        N/A          75.19  55.483   2.13     6.08        9.8         107      2.7      1.95          0.49    50.77     0.52    0.52    0.65    0.62    0.80     69.30   5.19    66.53   61.56   0.65    589.50     35.87    N/A      0.31      0.50          6.42          1.60           84.80        
92   R0949TS344_5        344     57.56    100.00  91    N/A       N/A        -0.12     N/A        40.31    N/A           18.69    30.83    7.236    7.444    129   0    0     0     61.24  71.32  N/A         N/A          0.07         N/A          74.42  53.566   2.04     5.98        9.3         109      2.8      Inf           0.45    46.12     0.50    0.49    0.63    0.66    0.80     71.60   5.04    64.99   59.63   0.65    561.20     40.48    78.75    0.27      N/A           5.50          0.80           86.40        
93   R0949TS112_5        112     57.56    100.00  91    N/A       N/A        -0.12     N/A        39.53    N/A           18.20    32.12    6.459    6.812    129   0    0     0     61.24  75.19  N/A         N/A          0.07         N/A          75.19  57.62    1.94     5.88        9.4         104      2.6      1.75          0.43    45.89     0.50    0.47    0.69    0.65    0.80     74.10   5.04    66.01   59.64   0.65    584.70     24.89    83.25    0.30      1.44          2.75          1.46           90.51        
94   R0949TS356_2        356     57.36    100.00  94    N/A       N/A        -0.14     N/A        40.31    N/A           22.83    31.84    7.405    7.581    129   0    0     0     62.02  71.32  N/A         N/A          0.14         N/A          75.97  54.53    2.26     6.08        9.1         108      2.7      0.99          0.48    51.16     0.52    0.52    0.67    0.60    0.80     68.80   4.74    66.69   61.23   0.65    568.80     42.52    77.96    0.29      0.00          0.85          2.92           91.97        
95   R0949TS112_2        112     57.36    100.00  94    N/A       N/A        -0.14     N/A        39.15    N/A           18.42    31.41    6.62     7.006    129   0    0     0     61.24  72.87  N/A         N/A          0.07         N/A          73.64  56.453   1.93     5.59        9           104      2.5      1.86          0.43    44.70     0.50    0.46    0.68    0.68    0.80     70.20   4.42    65.56   58.92   0.64    563.40     26.61    83.18    0.29      0.96          6.42          1.46           92.70        
96   R0949TS112_3        112     56.98    100.00  96    N/A       N/A        -0.19     N/A        38.57    N/A           18.64    31.05    6.487    6.859    129   0    0     0     62.79  71.32  N/A         N/A          0.21         N/A          72.09  53.031   2.02     5.79        9.2         101      2.5      1.49          0.44    44.73     0.51    0.47    0.69    0.67    0.81     62.20   4.58    65.66   59.66   0.64    563.90     24.50    83.13    0.32      0.48          2.75          2.92           91.97        
97   R0949TS356_3        356     56.59    100.00  97    N/A       N/A        -0.23     N/A        39.15    N/A           20.15    30.29    7.278    7.537    129   0    0     0     55.81  72.09  N/A         N/A          -0.44        N/A          76.74  55.317   2.11     6.27        9.5         107      2.6      0.96          0.49    51.55     0.52    0.52    0.67    0.61    0.80     76.10   4.58    65.65   60.96   0.64    590.70     36.58    75.90    0.33      0.00          0.85          0.73           92.70        
98   R0949TS356_5        356     56.59    100.00  97    N/A       N/A        -0.23     N/A        39.15    N/A           21.28    29.43    8.151    8.308    129   0    0     0     55.81  67.44  N/A         N/A          -0.44        N/A          71.32  55.394   2.27     5.59        8.3         108      2.9      0.91          0.46    47.67     0.52    0.49    0.62    0.64    0.78     67.20   4.58    64.54   60.30   0.63    531.00     48.71    74.60    0.30      0.47          0.00          0.73           96.35        
99   R0949TS112_4        112     56.59    100.00  97    N/A       N/A        -0.23     N/A        38.18    N/A           18.91    30.54    6.583    6.926    129   0    0     0     61.24  74.42  N/A         N/A          0.07         N/A          74.42  55.795   1.97     5.69        9.5         104      2.6      1.58          0.44    46.25     0.51    0.47    0.69    0.66    0.81     65.50   4.58    65.63   59.50   0.64    550.40     26.03    83.25    0.30      0.00          4.59          2.92           89.05        
100  R0949TS086_1        086     56.01    100.00  100   -0.25     N/A        -0.30     N/A        37.40    N/A           20.37    30.66    7.337    7.461    129   1    0     0     61.24  72.09  0.14        N/A          0.07         N/A          74.42  53.524   2.19     5.69        9.8         106      2.6      1.17          0.48    51.55     0.54    0.52    0.65    0.56    0.79     76.30   5.33    65.87   63.25   0.64    585.70     23.66    N/A      0.31      2.01          0.00          0.80           96.80        
101  R0949TS270_1        270     55.43    100.00  101   -0.32     N/A        -0.37     N/A        36.63    N/A           18.72    30.06    7.04     7.189    129   0    0     0     60.47  72.87  0.07        N/A          -0.00        N/A          76.74  54.36    2.13     6.08        9.7         108      2.6      1.97          0.45    49.61     0.52    0.52    0.67    0.58    0.80     72.60   4.89    65.19   60.98   0.65    580.90     33.64    N/A      0.32      1.51          3.67          3.20           85.60        
102  R0949TS270_5        270     55.43    100.00  101   N/A       N/A        -0.37     N/A        36.43    N/A           18.77    29.07    6.961    7.17     129   0    0     0     60.47  72.09  N/A         N/A          -0.00        N/A          75.97  53.444   2.12     6.08        9.1         108      2.6      1.90          0.46    46.51     0.51    0.50    0.66    0.60    0.80     75.00   4.74    64.83   59.12   0.64    553.50     33.76    N/A      0.28      2.01          2.75          1.60           88.00        
103  R0949TS288_1        288     54.46    100.00  103   -0.43     N/A        -0.49     N/A        36.24    N/A           14.73    24.93    6.983    7.224    129   0    0     0     51.94  72.87  -0.71       N/A          -0.80        N/A          75.19  50.701   2.27     5.50        9           104      2.8      1.16          0.47    47.29     0.49    0.50    0.67    0.69    0.77     74.90   5.19    65.63   59.86   0.61    547.20     37.01    74.86    0.27      0.50          0.92          1.60           92.00        
104  R0949TS356_4        356     54.26    100.00  104   N/A       N/A        -0.52     N/A        37.41    N/A           16.90    28.34    7.915    8.095    129   0    0     0     50.39  65.89  N/A         N/A          -0.94        N/A          71.32  49.359   2.30     5.50        8.3         104      2.8      0.89          0.46    46.51     0.52    0.50    0.63    0.64    0.79     61.50   4.58    66.57   59.70   0.62    529.60     49.55    73.82    0.30      0.00          0.00          0.00           94.16        
105  R0949TS288_2        288     54.07    100.00  105   N/A       N/A        -0.54     N/A        36.24    N/A           17.32    27.68    7.035    7.255    129   0    0     0     54.26  69.77  N/A         N/A          -0.58        N/A          72.09  52.142   2.18     5.50        8.7         109      3.4      1.53          0.47    47.29     0.50    0.48    0.66    0.65    0.78     64.00   4.74    66.06   58.79   0.61    531.40     39.69    73.49    0.29      0.00          3.67          1.60           88.00        
106  R0949TS190_2        190     51.74    100.00  106   N/A       N/A        -0.82     N/A        32.37    N/A           11.46    22.82    6.933    7.267    129   18   0     0     50.39  68.99  N/A         N/A          -0.94        N/A          70.54  47.858   2.44     5.79        6.8         107      3.2      3.88          0.27    38.76     0.46    0.44    0.68    0.77    0.79     45.60   4.89    62.50   48.77   0.60    435.60     32.67    70.78    0.22      40.81         20.18         13.71          75.00        
107  R0949TS190_4        190     51.55    100.00  107   N/A       N/A        -0.85     N/A        31.98    N/A           10.72    23.34    6.732    7.129    129   18   0     0     48.06  68.99  N/A         N/A          -1.16        N/A          72.09  48.688   2.35     5.59        7.4         107      2.9      3.62          0.28    43.02     0.47    0.45    0.69    0.77    0.80     46.70   4.74    63.90   49.40   0.61    469.20     36.14    72.43    0.24      20.65         22.94         16.94          76.61        
108  R0949TS196_1        196     50.97    100.00  108   -0.84     N/A        -0.92     N/A        31.98    N/A           14.29    22.53    6.983    7.141    129   5    0     0     51.94  64.34  -0.71       N/A          -0.80        N/A          67.44  46.516   2.44     5.11        5.7         96       2.9      5.14          0.18    53.10     0.49    0.56    0.58    0.83    0.78     51.20   4.42    62.95   61.40   0.59    379.40     23.59    72.56    0.24      469.67        31.19         20.00          64.00        
109  R0949TS288_3        288     50.58    100.00  109   N/A       N/A        -0.96     N/A        32.17    N/A           14.76    24.38    7.284    7.601    129   0    0     0     48.84  67.44  N/A         N/A          -1.09        N/A          69.77  47.8     2.25     4.91        7.7         103      3.1      1.64          0.44    40.70     0.47    0.44    0.62    0.77    0.77     70.00   5.04    61.85   53.34   0.58    482.00     38.14    71.24    0.25      0.50          3.67          1.60           90.40        
110  R0949TS190_3        190     50.19    100.00  110   N/A       N/A        -1.01     N/A        31.98    N/A           9.78     19.70    7.036    7.351    129   18   0     0     40.31  66.67  N/A         N/A          -1.88        N/A          68.99  47.854   2.46     5.59        6.1         104      3.1      3.75          0.26    37.98     0.46    0.43    0.68    0.80    0.79     47.20   4.58    60.73   47.12   0.57    408.80     35.90    72.21    0.24      33.75         19.27         12.10          78.23        
111  R0949TS190_5        190     49.61    100.00  111   N/A       N/A        -1.08     N/A        30.23    N/A           9.66     21.56    6.961    7.325    129   18   0     0     51.16  71.32  N/A         N/A          -0.87        N/A          72.09  46.417   2.42     5.40        5.8         104      3.3      3.69          0.27    37.60     0.44    0.43    0.68    0.83    0.79     37.40   4.74    61.85   48.99   0.59    390.50     38.29    72.03    0.18      26.20         21.10         16.94          76.61        
112  R0949TS281_1        281     47.87    100.00  112   -1.21     N/A        -1.29     N/A        30.23    N/A           12.37    22.52    7.539    8.01     129   1    0     0     48.84  62.02  -0.99       N/A          -1.09        N/A          65.12  45.679   2.41     4.82        5.2         96       3        2.34          0.37    32.56     0.46    0.41    0.66    0.71    0.77     57.50   4.42    60.96   48.89   0.55    368.50     45.80    61.24    0.22      20.58         0.00          2.92           90.51        
113  R0949TS195_1        195     47.09    100.00  113   -1.30     N/A        -1.39     N/A        28.68    N/A           13.82    21.52    6.534    6.919    129   0    0     0     43.41  59.69  -1.49       N/A          -1.60        N/A          64.34  43.227   2.44     4.14        6.5         99       3.5      1.64          0.43    44.96     0.52    0.47    0.70    0.66    0.80     68.50   4.58    65.44   57.60   0.55    412.80     35.60    N/A      0.29      0.50          3.67          4.00           90.40        
114  R0949TS288_4        288     46.32    100.00  114   N/A       N/A        -1.48     N/A        27.32    N/A           9.12     17.68    7.011    7.278    129   0    0     0     39.53  65.89  N/A         N/A          -1.96        N/A          67.44  41.829   2.51     5.01        6.7         105      3.3      1.61          0.42    40.31     0.46    0.44    0.64    0.80    0.77     71.90   5.04    62.50   55.26   0.55    435.00     40.71    76.50    0.23      0.50          2.75          4.00           88.00        
115  R0949TS281_2        281     45.54    100.00  115   N/A       N/A        -1.58     N/A        28.88    N/A           12.79    22.40    7.683    8.208    129   1    0     0     49.61  58.91  N/A         N/A          -1.02        N/A          65.12  44.93    2.27     4.33        5.7         96       3.1      2.52          0.34    31.01     0.46    0.39    0.63    0.75    0.76     57.30   4.42    60.58   49.57   0.53    394.10     47.49    59.58    0.22      29.00         0.00          2.19           89.05        
116  R0949TS288_5        288     44.57    100.00  116   N/A       N/A        -1.69     N/A        26.16    N/A           9.81     17.12    7.51     7.772    129   0    0     0     33.33  63.57  N/A         N/A          -2.54        N/A          66.67  41.272   2.46     4.33        6.2         100      3.9      1.91          0.41    39.53     0.44    0.42    0.61    0.83    0.76     67.00   4.89    59.20   51.99   0.51    395.90     38.70    71.10    0.20      2.01          3.67          1.60           91.20        
117  R0949TS197_1        197     42.64    100.00  117   -1.82     N/A        -1.93     N/A        25.39    N/A           11.01    18.98    9.525    9.758    129   0    0     0     38.76  51.94  -1.91       N/A          -2.03        N/A          61.24  40.045   2.39     3.75        4.7         89       3.1      4.26          0.36    20.93     0.43    0.35    0.40    1.00    0.72     68.80   4.25    51.43   45.57   0.50    347.50     82.87    54.69    0.19      98.31         17.45         12.15          67.40        
118  R0949TS197_3        197     41.67    100.00  118   N/A       N/A        -2.05     N/A        24.61    N/A           11.13    18.42    10.328   10.301   129   0    0     0     41.86  55.81  N/A         N/A          -1.74        N/A          61.24  41.51    2.35     3.94        4.5         92       3.3      4.33          0.35    20.93     0.42    0.34    0.42    1.09    0.69     72.00   4.07    48.58   45.00   0.48    309.50     84.73    56.21    0.16      73.46         33.56         10.50          70.17        
119  R0949TS431_4        431     41.47    100.00  119   N/A       N/A        -2.07     N/A        23.64    N/A           14.02    14.83    8.166    8.426    129   0    0     0     30.23  43.41  N/A         N/A          -2.83        N/A          50.39  36.721   2.41     2.88        5           98       4.1      1.27          0.39    26.74     0.46    0.38    0.54    1.01    0.71     71.80   4.42    57.63   51.45   0.46    369.50     45.98    53.60    0.22      0.50          0.92          0.80           88.00        
120  R0949TS431_1        431     41.09    100.00  120   -2.00     N/A        -2.12     N/A        23.45    N/A           11.48    17.56    8.721    8.986    129   0    0     0     29.46  48.06  -2.76       N/A          -2.90        N/A          52.71  37.314   2.67     3.07        4.8         85       3.6      1.43          0.40    28.30     0.46    0.38    0.44    1.06    0.70     71.80   3.70    56.48   49.63   0.47    351.00     42.42    55.23    0.22      1.51          1.83          1.60           95.20        
121  R0949TS197_2        197     40.89    100.00  121   N/A       N/A        -2.14     N/A        23.84    N/A           10.69    18.23    9.612    9.802    129   0    0     0     42.64  55.04  N/A         N/A          -1.67        N/A          62.02  42.845   2.47     3.85        4.5         85       3.1      4.28          0.36    21.70     0.43    0.35    0.41    0.99    0.71     73.70   4.25    51.83   46.12   0.49    355.90     82.74    55.45    0.19      96.47         18.79         11.60          67.96        
122  R0949TS431_2        431     36.82    100.00  122   N/A       N/A        -2.64     N/A        21.12    N/A           11.13    13.95    9.931    10.141   129   0    0     0     27.91  41.86  N/A         N/A          -3.04        N/A          44.96  31.751   2.48     1.33        3.2         76       4.3      1.33          0.35    22.48     0.43    0.34    0.43    1.10    0.68     66.00   3.07    54.23   48.49   0.43    276.10     55.18    51.55    0.19      1.01          1.83          0.00           95.20        
123  R0949TS358_3        358     32.95    100.00  123   N/A       N/A        -3.11     N/A        21.70    N/A           8.55     16.42    13.986   13.988   129   0    0     0     31.01  37.98  N/A         N/A          -2.75        N/A          41.86  33.654   2.31     1.91        1.4         49       7.1      2.47          0.27    10.85     0.42    0.29    0.23    1.50    0.57     48.70   3.29    42.40   41.63   0.38    162.90     244.15   46.02    0.18      52.87         0.92          0.00           96.00        
124  R0949TS358_1        358     32.75    100.00  124   -2.98     N/A        -3.13     N/A        24.23    N/A           10.35    16.37    13.394   13.577   129   0    0     0     33.33  33.33  -2.41       N/A          -2.54        N/A          37.21  34.747   1.90     0.74        1.5         50       2.5      2.69          0.26    11.24     0.43    0.28    0.20    1.62    0.54     48.10   3.29    44.45   41.71   0.34    175.10     208.41   42.80    0.17      47.33         1.83          0.00           95.20        
125  R0949TS358_4        358     31.98    100.00  125   N/A       N/A        -3.22     N/A        22.87    N/A           8.13     16.46    15.45    15.417   129   0    0     0     26.36  34.11  N/A         N/A          -3.19        N/A          40.31  31.541   2.41     1.33        1.5         52       5.2      2.39          0.26    11.24     0.43    0.30    0.25    1.75    0.49     48.70   3.70    40.80   43.11   0.36    147.30     262.17   44.61    0.18      43.30         0.92          0.00           96.00        
126  R0949TS358_5        358     31.98    100.00  125   N/A       N/A        -3.22     N/A        23.25    N/A           13.35    15.89    11.499   11.572   129   0    0     0     31.78  36.43  N/A         N/A          -2.68        N/A          41.09  34.622   2.21     1.23        1.9         61       3.1      2.57          0.27    11.63     0.43    0.26    0.22    1.28    0.66     46.70   3.29    48.37   41.59   0.35    204.10     160.21   42.72    0.19      51.86         0.00          0.80           94.40        
127  R0949TS358_2        358     29.84    100.00  127   N/A       N/A        -3.49     N/A        21.32    N/A           8.89     14.83    13.255   13.471   129   0    0     0     30.23  32.56  N/A         N/A          -2.83        N/A          36.43  31.871   2.06     1.04        1.4         54       3.2      2.69          0.27    10.46     0.42    0.27    0.19    1.63    0.54     44.70   3.50    44.37   40.81   0.32    172.60     204.64   40.91    0.19      47.33         1.83          0.00           95.20        

