#    Model               GR#     GDT_TS   NP_P    RANK  Z-M1-GDT  Z-M1s-GDT  Z-MA-GDT  Z-MAs-GDT  GDT_HA   Z-M1s-GDT-HA  GDC_SC   GDC_ALL  RMS_CA   RMS_ALL  NP    err  PC01  PC05  AL0_P  AL4_P  Z-M1-AL0_p  Z-M1s-AL0_p  Z-MA-AL0_p   Z-MAs-AL0_p  ALI_P  LGA_S    RMSD[L]  Z-score[M]  Z-Score[D]  Al.Res.  RMSD[D]  MolPrb_Score  LDDT    SphGr     CAD_AA  RPF     CODM    DFM     Handed.  SOV     CE      QCS     CONTS   TMscore  Dali(raw)  FlexE    QSE      CAD_SS    MolPrb_clash  MolPrb_rotout  MolPrb_ramout  MolPrb_ramfv 

-    Starting model      -       64.55    -       -     -         -          -         -          44.71    -             25.91    -        4.44     5.04     -     -    -     -     -      -      -           -            -            -            -      -        -        8.38        19.40       175      2.70     0.72          0.62    72.75     0.65    0.70    0.90    0.29    0.88     91.60   6.58    82.95   79.70   0.76     1481.80    5.41     -        -         -             -              -              -            

1    R0959TS086_1        086     73.28    100.00  1     1.85      N/A        2.38      N/A        55.55    N/A           35.53    45.00    4.405    4.891    189   2    0     0     73.02  80.42  1.34        N/A          1.41         N/A          83.07  79.265   1.55     8.38        21.9        177      2.5      0.97          0.69    78.31     0.71    0.73    0.92    0.23    0.89     92.30   6.70    88.00   83.77   0.80    1651.40    4.72     N/A      0.49      2.03          0.00          0.00           98.40        
2    R0959TS112_3        112     70.50    100.00  2     N/A       N/A        1.65      N/A        50.80    N/A           31.95    41.38    4.225    4.755    189   0    0     0     70.37  83.07  N/A         N/A          0.97         N/A          83.07  79.24    1.77     8.30        19.6        171      2.4      1.32          0.62    73.81     0.66    0.69    0.91    0.27    0.90     83.50   6.47    83.20   78.66   0.78    1491.80    7.26     84.16    0.43      0.34          2.70          1.07           94.65        
3    R0959TS356_1        356     69.97    100.00  3     1.24      N/A        1.52      N/A        51.45    N/A           29.21    39.61    4.412    5.003    189   0    0     0     66.14  79.89  0.44        N/A          0.28         N/A          83.07  76.593   1.99     7.86        20.2        176      2.6      0.50          0.65    73.28     0.67    0.70    0.91    0.26    0.90     88.00   6.70    85.52   79.08   0.77    1533.10    6.29     83.19    0.44      0.00          0.00          0.00           98.40        
4    R0959TS356_5        356     69.44    100.00  4     N/A       N/A        1.38      N/A        50.92    N/A           29.16    38.19    4.437    4.966    189   0    0     0     64.55  79.37  N/A         N/A          0.02         N/A          82.01  73.492   1.92     8.45        20.4        177      2.7      0.53          0.66    73.28     0.68    0.70    0.91    0.26    0.89     87.50   6.70    84.65   79.66   0.77    1544.30    6.37     81.74    0.46      0.00          0.00          0.00           97.86        
5    R0959TS270_2        270     68.92    100.00  5     N/A       N/A        1.24      N/A        50.40    N/A           30.23    37.99    4.464    5.045    189   0    0     0     66.14  79.89  N/A         N/A          0.28         N/A          83.07  75.319   1.93     8.38        20.3        176      2.8      1.38          0.64    72.22     0.67    0.71    0.91    0.29    0.89     91.60   6.70    82.93   79.28   0.76    1536.00    5.59     N/A      0.44      0.34          2.70          0.00           93.58        
6    R0959TS086_2        086     68.92    100.00  5     N/A       N/A        1.24      N/A        49.87    N/A           33.13    43.73    4.382    4.895    189   0    0     0     72.49  79.89  N/A         N/A          1.32         N/A          82.54  76.753   1.77     8.16        20.6        176      2.6      0.90          0.66    77.25     0.69    0.73    0.91    0.27    0.89     92.30   6.70    86.47   81.55   0.78    1557.10    4.25     76.18    0.46      1.35          0.00          0.00           97.86        
7    R0959TS356_3        356     68.92    100.00  5     N/A       N/A        1.24      N/A        50.26    N/A           29.69    38.45    4.483    4.988    189   0    0     0     66.14  80.42  N/A         N/A          0.28         N/A          83.60  76.683   1.94     8.23        20          175      2.5      0.50          0.65    71.69     0.67    0.70    0.91    0.26    0.90     89.80   6.70    84.95   78.45   0.77    1519.70    6.63     81.91    0.44      0.00          0.00          0.00           98.40        
8    R0959TS068_4        068     68.65    100.00  8     N/A       N/A        1.17      N/A        50.13    N/A           28.62    38.37    4.327    4.912    189   0    0     0     68.78  79.89  N/A         N/A          0.71         N/A          82.54  76.145   1.79     8.52        20.2        173      2.4      0.66          0.64    72.22     0.67    0.70    0.90    0.31    0.89     90.40   6.47    80.39   80.89   0.77    1532.60    5.15     83.65    0.42      0.34          0.00          0.00           97.86        
9    R0959TS112_5        112     68.25    100.00  9     N/A       N/A        1.07      N/A        47.09    N/A           29.62    38.31    4.228    4.7      189   0    0     0     67.72  81.48  N/A         N/A          0.54         N/A          83.60  75.449   1.83     8.23        18.8        169      2.5      1.28          0.62    74.87     0.66    0.69    0.91    0.28    0.90     81.60   6.58    82.44   77.45   0.77    1436.50    7.28     83.75    0.42      1.01          2.03          1.07           96.26        
10   R0959TS086_5        086     68.12    100.00  10    N/A       N/A        1.03      N/A        48.81    N/A           32.28    41.55    4.451    4.973    189   0    0     0     71.43  79.89  N/A         N/A          1.15         N/A          82.54  75.694   1.82     8.30        20.7        176      2.6      1.05          0.66    77.51     0.68    0.73    0.91    0.27    0.89     92.10   6.81    86.63   81.52   0.78    1569.60    4.64     75.20    0.44      2.36          0.00          0.53           97.86        
11   R0959TS112_4        112     68.12    100.00  10    N/A       N/A        1.03      N/A        48.81    N/A           25.38    37.05    4.432    5.014    189   0    0     0     66.67  78.84  N/A         N/A          0.37         N/A          79.37  73.783   1.92     7.86        18.2        168      2.5      1.42          0.60    72.49     0.65    0.66    0.90    0.28    0.89     88.20   6.58    80.52   76.75   0.75    1389.30    7.99     81.84    0.39      2.02          0.68          2.67           93.05        
12   R0959TS102_2        102s    67.86    100.00  12    N/A       N/A        0.97      2.21       48.02    N/A           28.51    37.89    4.336    4.871    189   0    0     0     65.61  79.89  N/A         N/A          0.20         -0.27        82.54  75.115   1.83     8.23        19.5        175      2.6      0.72          0.64    73.55     0.67    0.71    0.91    0.29    0.89     89.10   6.58    82.78   79.54   0.76    1481.90    5.41     83.03    0.44      0.67          0.00          0.00           99.47        
13   R0959TS112_1        112     67.59    100.00  13    0.80      N/A        0.90      N/A        46.96    N/A           28.64    41.11    4.354    4.804    189   0    0     0     65.61  81.48  0.37        N/A          0.20         N/A          81.48  74.898   1.95     8.38        18.6        172      2.5      0.90          0.62    74.07     0.65    0.68    0.90    0.29    0.89     81.30   6.47    81.63   78.00   0.76    1420.20    7.45     81.48    0.42      0.00          0.68          1.60           94.12        
14   R0959TS086_3        086     67.59    100.00  13    N/A       N/A        0.90      N/A        48.41    N/A           31.17    39.89    4.567    5.091    189   0    0     0     68.25  79.37  N/A         N/A          0.63         N/A          82.01  74.991   1.85     7.64        20.5        175      2.7      1.10          0.65    74.07     0.67    0.72    0.90    0.29    0.88     89.00   6.70    82.51   80.90   0.77    1553.60    5.08     75.27    0.44      2.02          0.00          0.00           97.33        
15   R0959TS425_4        425     67.46    100.00  15    N/A       N/A        0.86      N/A        48.02    N/A           33.07    41.96    4.22     4.955    189   0    0     0     67.20  80.42  N/A         N/A          0.46         N/A          83.07  73.78    1.89     8.52        19.8        174      2.5      0.86          0.63    70.64     0.66    0.70    0.92    0.30    0.89     86.70   6.70    83.90   79.84   0.77    1502.80    4.69     78.27    0.42      1.35          0.00          0.00           98.40        
16   R0959TS356_2        356     67.06    100.00  16    N/A       N/A        0.76      N/A        47.09    N/A           29.39    39.43    4.431    4.978    189   0    0     0     66.14  78.31  N/A         N/A          0.28         N/A          80.95  74.268   1.89     8.23        19.9        177      2.8      0.62          0.64    73.81     0.67    0.69    0.91    0.28    0.89     84.90   6.70    83.85   79.94   0.76    1515.90    5.56     80.98    0.42      0.34          0.00          0.00           98.40        
17   R0959TS068_1        068     67.06    100.00  16    0.70      N/A        0.76      N/A        47.62    N/A           28.50    38.11    4.56     5.046    189   0    0     0     68.78  81.48  0.79        N/A          0.71         N/A          82.01  73.441   1.87     8.30        19.7        173      2.6      0.66          0.63    70.64     0.65    0.69    0.88    0.34    0.88     87.90   6.47    78.81   80.13   0.76    1497.00    5.91     82.25    0.40      0.34          0.00          0.00           97.86        
18   R0959TS390_1        390     66.80    100.00  18    0.66      N/A        0.69      N/A        46.69    N/A           27.20    36.64    4.335    4.916    189   0    0     0     66.14  82.54  0.44        N/A          0.28         N/A          82.54  74.884   1.91     8.23        19.4        174      2.5      0.72          0.63    74.07     0.66    0.70    0.91    0.30    0.89     89.10   6.58    82.78   79.08   0.76    1477.90    5.31     83.60    0.43      0.67          0.00          0.00           100.00       
19   R0959TS425_1        425     66.80    100.00  18    0.66      N/A        0.69      N/A        49.34    N/A           32.40    40.49    4.424    4.954    189   2    0     0     66.14  79.37  0.44        N/A          0.28         N/A          82.01  70.541   1.94     8.23        19.4        172      2.5      1.05          0.64    75.66     0.67    0.69    0.90    0.27    0.90     91.60   6.58    81.74   79.05   0.77    1481.60    5.12     N/A      0.44      1.69          0.00          0.00           97.33        
20   R0959TS190_2        190     66.53    100.00  20    N/A       N/A        0.62      N/A        46.96    N/A           26.86    39.75    4.444    5.054    189   0    0     0     65.61  78.84  N/A         N/A          0.20         N/A          82.01  72.681   1.92     7.86        20          176      2.8      1.46          0.63    71.69     0.65    0.69    0.91    0.28    0.88     86.60   6.70    83.50   78.58   0.76    1519.50    5.53     44.92    0.39      8.44          0.68          0.00           98.93        
21   R0959TS190_3        190     66.53    100.00  20    N/A       N/A        0.62      N/A        47.09    N/A           27.29    38.47    4.433    5.006    189   0    0     0     65.61  82.54  N/A         N/A          0.20         N/A          83.07  72.683   1.94     8.23        20.3        176      2.7      1.37          0.64    73.81     0.66    0.69    0.91    0.27    0.89     86.40   6.70    83.29   79.60   0.76    1537.20    5.44     43.20    0.41      6.75          0.68          0.00           99.47        
22   R0959TS431_3        431     66.27    100.00  22    N/A       N/A        0.55      N/A        46.83    N/A           29.85    40.50    4.218    4.908    189   0    0     0     71.43  83.60  N/A         N/A          1.15         N/A          84.66  70.994   1.98     8.38        19.5        172      2.4      1.03          0.64    75.93     0.68    0.69    0.90    0.33    0.89     75.80   6.58    81.55   79.80   0.79    1482.10    4.63     81.35    0.45      0.00          2.70          0.53           96.79        
23   R0959TS102_5        102s    66.27    100.00  22    N/A       N/A        0.55      0.90       45.63    N/A           26.16    35.35    4.281    4.891    189   0    0     0     65.61  80.95  N/A         N/A          0.20         -0.27        84.13  73.517   2.03     8.45        18.8        170      2.8      0.80          0.63    74.34     0.66    0.70    0.91    0.29    0.89     91.60   6.58    82.72   78.89   0.76    1434.00    5.16     83.96    0.43      1.01          0.00          0.00           99.47        
24   R0959TS156_4        156s    66.14    100.00  24    N/A       N/A        0.52      0.80       46.03    N/A           28.39    36.74    4.46     5.13     189   0    0     0     66.14  82.54  N/A         N/A          0.28         0.09         82.54  72.637   1.94     8.38        19.6        169      2.9      0.50          0.64    70.90     0.67    0.70    0.90    0.29    0.89     84.20   6.58    84.12   80.56   0.76    1488.90    5.60     81.15    0.42      0.00          0.00          0.00           98.40        
25   R0959TS390_3        390     66.00    100.00  25    N/A       N/A        0.48      N/A        46.16    N/A           26.84    35.27    4.478    5.037    189   0    0     0     64.02  82.01  N/A         N/A          -0.06        N/A          82.01  71.54    1.95     7.79        18.9        174      2.6      0.86          0.62    73.02     0.65    0.70    0.90    0.30    0.88     91.60   6.58    81.71   78.48   0.75    1446.80    5.57     82.85    0.41      1.35          0.00          0.00           98.40        
26   R0959TS197_5        197     66.00    100.00  25    N/A       N/A        0.48      N/A        45.50    N/A           27.20    35.91    4.171    4.701    189   0    0     0     69.84  83.60  N/A         N/A          0.89         N/A          83.60  72.102   2.10     8.60        19.1        179      2.8      3.10          0.63    77.25     0.65    0.70    0.92    0.22    0.89     75.60   6.58    84.11   78.65   0.76    1460.50    4.78     76.14    0.41      32.38         5.41          2.14           89.84        
27   R0959TS156_3        156s    66.00    100.00  25    N/A       N/A        0.48      0.68       45.90    N/A           28.88    37.27    4.344    5.002    189   0    0     0     67.20  81.48  N/A         N/A          0.46         0.83         81.48  72.089   1.91     8.16        19.6        169      2.8      0.63          0.64    71.96     0.67    0.70    0.90    0.29    0.89     83.70   6.58    84.26   81.02   0.76    1494.70    5.28     81.66    0.43      0.00          0.00          0.00           97.33        
28   R0959TS156_2        156s    66.00    100.00  25    N/A       N/A        0.48      0.68       46.16    N/A           28.62    37.66    4.431    5.134    189   0    0     0     67.72  83.07  N/A         N/A          0.54         1.19         83.07  73.088   1.92     8.45        20.1        176      2.7      0.50          0.64    70.90     0.67    0.70    0.90    0.28    0.89     89.40   6.58    83.36   80.74   0.76    1529.00    5.76     82.38    0.43      0.00          0.00          0.00           98.93        
29   R0959TS217_3        217     65.87    100.00  29    N/A       N/A        0.45      N/A        45.90    N/A           25.76    36.35    4.352    4.964    189   0    0     0     66.67  81.48  N/A         N/A          0.37         N/A          81.48  70.559   1.90     8.38        19.7        176      2.7      2.95          0.56    74.07     0.65    0.70    0.91    0.27    0.89     87.50   6.58    83.30   80.40   0.76    1496.10    5.66     84.57    0.41      75.65         1.35          4.28           91.44        
30   R0959TS156_1        156s    65.87    100.00  29    0.48      0.99       0.45      0.57       45.90    0.85          27.84    36.70    4.354    5.077    189   0    0     0     67.72  83.07  0.65        1.28         0.54         1.19         83.07  71.913   1.90     8.30        20          176      2.7      0.50          0.64    71.43     0.67    0.70    0.91    0.28    0.89     89.90   6.58    83.41   80.78   0.76    1517.70    5.35     82.24    0.43      0.00          0.00          0.00           98.40        
31   R0959TS217_2        217     65.87    100.00  29    N/A       N/A        0.45      N/A        45.90    N/A           25.81    36.44    4.346    4.966    189   0    0     0     67.20  80.42  N/A         N/A          0.46         N/A          83.07  72.849   1.87     8.16        19.7        176      2.7      3.03          0.57    74.07     0.65    0.70    0.91    0.27    0.89     87.70   6.58    83.40   80.47   0.76    1499.80    5.62     84.76    0.41      69.91         2.03          4.28           91.98        
32   R0959TS197_1        197     65.74    100.00  32    0.46      N/A        0.42      N/A        45.10    N/A           28.16    35.58    4.183    4.674    189   0    0     0     67.20  83.60  0.58        N/A          0.46         N/A          83.60  70.714   2.21     8.52        19.2        178      2.8      2.78          0.63    80.16     0.66    0.71    0.92    0.22    0.89     84.50   6.58    83.79   78.91   0.76    1463.40    4.92     76.40    0.43      32.38         2.03          2.14           89.84        
33   R0959TS156_5        156s    65.74    100.00  32    N/A       N/A        0.42      0.47       46.03    N/A           27.84    36.68    4.473    5.114    189   0    0     0     65.61  82.01  N/A         N/A          0.20         -0.27        82.01  71.84    1.96     8.08        19.4        169      2.9      0.53          0.64    71.43     0.67    0.69    0.90    0.29    0.89     84.70   6.58    84.13   80.48   0.75    1475.80    5.50     81.26    0.43      0.00          0.00          0.00           97.86        
34   R0959TS174_1        174     65.74    100.00  32    0.46      N/A        0.42      N/A        46.69    N/A           27.16    36.47    4.311    5.038    189   0    0     0     67.72  84.13  0.65        N/A          0.54         N/A          84.13  71.832   1.98     8.38        19.8        175      2.7      1.50          0.62    72.22     0.65    0.69    0.91    0.28    0.89     82.40   6.58    83.48   80.48   0.76    1503.40    5.01     N/A      0.38      9.44          0.68          0.00           100.00       
35   R0959TS217_1        217     65.74    100.00  32    0.46      N/A        0.42      N/A        45.77    N/A           25.34    36.09    4.364    5.003    189   0    0     0     67.72  81.48  0.65        N/A          0.54         N/A          81.48  73.086   1.87     8.16        19.6        172      2.8      2.93          0.57    74.07     0.65    0.70    0.91    0.27    0.89     85.30   6.58    83.30   80.36   0.76    1490.00    5.67     84.65    0.41      76.01         0.68          4.81           88.77        
36   R0959TS431_4        431     65.61    100.00  36    N/A       N/A        0.38      N/A        48.41    N/A           31.93    42.22    5.489    6.108    189   0    0     0     70.37  77.78  N/A         N/A          0.97         N/A          82.01  72.507   1.81     8.16        18.8        165      2.4      1.88          0.64    69.05     0.66    0.69    0.84    0.41    0.86     69.00   6.11    75.29   78.63   0.75    1434.30    10.50    83.02    0.45      2.02          3.38          1.07           91.44        
37   R0959TS102_1        102s    65.61    100.00  36    0.44      0.74       0.38      0.36       45.50    0.49          26.67    35.80    4.51     5.062    189   0    0     0     64.55  81.48  0.23        -0.34        0.02         -1.01        81.48  71.621   2.00     8.01        19.1        174      2.7      0.97          0.62    72.22     0.66    0.70    0.90    0.29    0.88     89.10   6.58    82.30   78.92   0.75    1459.10    5.60     82.38    0.41      2.02          0.68          0.00           98.93        
38   R0959TS390_4        390     65.61    100.00  36    N/A       N/A        0.38      N/A        45.63    N/A           26.08    36.02    4.421    4.978    189   0    0     0     66.67  79.89  N/A         N/A          0.37         N/A          82.54  72.358   1.92     8.45        19.3        174      2.6      0.80          0.63    73.55     0.66    0.70    0.90    0.29    0.89     89.10   6.58    82.36   78.93   0.76    1473.20    5.53     83.62    0.42      1.01          0.00          0.00           98.93        
39   R0959TS174_4        174     65.61    100.00  36    N/A       N/A        0.38      N/A        46.56    N/A           26.65    37.15    4.253    5.005    189   0    0     0     67.20  83.60  N/A         N/A          0.46         N/A          83.60  71.864   1.99     8.30        19.8        175      2.6      1.54          0.62    71.16     0.64    0.69    0.91    0.27    0.89     82.40   6.58    83.48   80.62   0.76    1505.60    4.93     N/A      0.37      10.46         0.68          0.00           100.00       
40   R0959TS356_4        356     65.48    100.00  40    N/A       N/A        0.35      N/A        46.30    N/A           29.31    36.67    4.499    5.146    189   0    0     0     60.32  76.72  N/A         N/A          -0.67        N/A          79.37  68.175   2.06     8.01        19.5        176      2.9      0.50          0.64    71.69     0.66    0.69    0.90    0.27    0.89     83.60   6.58    82.67   76.97   0.75    1482.20    6.48     78.79    0.42      0.00          0.00          0.00           98.40        
41   R0959TS270_1        270     65.48    100.00  40    0.41      N/A        0.35      N/A        46.56    N/A           28.07    35.92    4.655    5.32     189   0    0     0     60.85  76.72  -0.25       N/A          -0.58        N/A          79.89  71.126   1.96     8.08        19.9        176      3.1      1.44          0.62    72.22     0.66    0.69    0.91    0.29    0.88     91.70   6.58    82.04   79.26   0.74    1510.30    5.25     N/A      0.41      0.67          2.70          0.00           94.12        
42   R0959TS174_3        174     65.48    100.00  40    N/A       N/A        0.35      N/A        46.43    N/A           27.91    37.24    4.306    5.029    189   0    0     0     67.72  84.13  N/A         N/A          0.54         N/A          84.13  70.551   1.97     8.23        19.7        175      2.7      1.55          0.62    72.22     0.65    0.69    0.91    0.28    0.89     82.40   6.58    83.29   80.10   0.76    1496.20    5.10     N/A      0.39      8.43          1.35          0.00           98.40        
43   R0959TS190_4        190     65.48    100.00  40    N/A       N/A        0.35      N/A        46.30    N/A           25.15    38.95    4.467    5.05     189   0    0     0     65.61  80.42  N/A         N/A          0.20         N/A          83.60  72.877   2.00     8.01        19.8        176      2.8      1.55          0.63    71.43     0.65    0.69    0.90    0.28    0.88     86.30   6.70    83.23   78.99   0.76    1504.80    5.76     46.93    0.40      8.44          1.35          0.00           98.40        
44   R0959TS344_1        344     65.48    100.00  40    0.41      N/A        0.35      N/A        45.90    N/A           28.84    37.40    4.467    4.962    189   4    0     0     65.61  80.95  0.37        N/A          0.20         N/A          83.60  73.062   1.99     8.38        19.6        175      2.7      1.02          0.63    74.85     0.66    0.69    0.90    0.27    0.89     79.18   6.70    82.68   78.69   0.76    1487.70    5.68     77.53    0.44      0.00          0.00          0.00           90.91        
45   R0959TS270_5        270     65.48    100.00  40    N/A       N/A        0.35      N/A        45.90    N/A           26.78    35.32    4.627    5.291    189   0    0     0     61.90  75.66  N/A         N/A          -0.41        N/A          78.31  71.204   1.97     8.08        20          176      3.1      1.15          0.62    71.96     0.66    0.69    0.91    0.29    0.88     86.80   6.58    81.90   79.32   0.74    1517.60    5.16     N/A      0.41      0.34          2.70          0.00           96.79        
46   R0959TS390_5        390     65.34    100.00  46    N/A       N/A        0.31      N/A        45.10    N/A           26.18    35.08    4.488    5.042    189   0    0     0     65.61  81.48  N/A         N/A          0.20         N/A          81.48  68.421   1.86     8.23        18.9        173      2.6      0.90          0.62    73.28     0.65    0.69    0.90    0.29    0.88     91.60   6.58    82.00   78.64   0.75    1446.70    5.79     82.97    0.41      1.35          0.00          0.00           97.86        
47   R0959TS344_5        344     65.34    100.00  46    N/A       N/A        0.31      N/A        45.24    N/A           26.56    34.70    4.476    5.03     189   0    0     0     63.49  79.89  N/A         N/A          -0.15        N/A          82.01  71.218   2.04     7.86        18.3        176      2.9      Inf           0.59    72.47     0.62    0.67    0.90    0.29    0.88     77.59   6.58    82.03   75.30   0.75    1397.80    5.82     78.42    0.39      N/A           5.41          2.14           87.70        
48   R0959TS344_4        344     65.34    100.00  46    N/A       N/A        0.31      N/A        45.24    N/A           26.56    34.70    4.476    5.03     189   0    0     0     63.49  79.89  N/A         N/A          -0.15        N/A          82.01  71.218   2.04     7.86        18.3        176      2.9      Inf           0.59    72.47     0.62    0.67    0.90    0.29    0.88     77.59   6.58    82.03   75.30   0.75    1397.80    5.82     78.42    0.39      N/A           5.41          2.14           87.70        
49   R0959TS425_2        425     65.34    100.00  46    N/A       N/A        0.31      N/A        46.16    N/A           32.42    40.12    4.408    4.914    189   0    0     0     66.67  80.42  N/A         N/A          0.37         N/A          82.54  70.179   2.02     8.23        19.1        171      2.5      0.80          0.63    72.75     0.65    0.69    0.90    0.31    0.89     91.80   6.47    80.98   79.48   0.76    1455.90    5.04     79.16    0.41      1.01          0.00          0.00           98.40        
50   R0959TS431_5        431     65.34    100.00  46    N/A       N/A        0.31      N/A        45.24    N/A           26.72    37.21    4.531    5.136    189   0    0     0     66.67  82.54  N/A         N/A          0.37         N/A          82.54  72.746   1.97     8.38        18.6        175      2.8      1.31          0.59    70.64     0.65    0.66    0.90    0.30    0.88     89.10   6.58    81.95   77.25   0.75    1423.30    6.25     75.08    0.41      0.67          4.05          0.00           97.33        
51   R0959TS344_2        344     65.21    100.00  51    N/A       N/A        0.28      N/A        45.10    N/A           28.35    37.43    4.601    5.154    189   0    0     0     65.08  80.42  N/A         N/A          0.11         N/A          83.60  72.874   1.91     8.16        19          175      2.8      Inf           0.61    73.26     0.65    0.68    0.90    0.29    0.88     84.35   6.58    82.15   76.34   0.76    1449.60    6.75     77.91    0.42      N/A           2.03          1.60           89.30        
52   R0959TS288_3        288     65.21    100.00  51    N/A       N/A        0.28      N/A        44.05    N/A           24.73    38.25    3.868    4.9      189   0    0     0     66.14  82.01  N/A         N/A          0.28         N/A          84.66  71.117   2.18     8.60        19          181      2.8      0.75          0.58    67.72     0.61    0.64    0.93    0.29    0.90     88.50   6.58    81.55   77.47   0.77    1451.50    4.68     80.17    0.34      0.00          0.68          0.00           96.26        
53   R0959TS197_3        197     65.08    100.00  53    N/A       N/A        0.24      N/A        45.10    N/A           26.31    34.98    4.305    4.857    189   0    0     0     66.14  81.48  N/A         N/A          0.28         N/A          81.48  71.364   1.99     8.16        18.6        173      3        2.91          0.61    74.60     0.65    0.69    0.91    0.26    0.89     82.50   6.58    83.10   78.03   0.76    1423.20    5.47     75.74    0.40      38.11         2.70          1.60           90.91        
54   R0959TS068_3        068     65.08    100.00  53    N/A       N/A        0.24      N/A        45.63    N/A           27.98    36.76    4.543    5.112    189   0    0     0     67.20  79.89  N/A         N/A          0.46         N/A          79.89  70.189   1.87     7.86        18.9        167      2.9      0.82          0.64    72.49     0.67    0.70    0.89    0.32    0.88     85.60   6.47    82.75   80.49   0.75    1443.00    5.37     81.20    0.43      0.34          0.00          0.00           96.79        
55   R0959TS102_3        102s    65.08    100.00  53    N/A       N/A        0.24      -0.07      44.98    N/A           26.71    36.06    4.444    5.046    189   0    0     0     64.02  79.89  N/A         N/A          -0.06        -1.38        82.01  71.037   1.95     8.16        19.2        170      2.7      0.92          0.62    72.75     0.66    0.69    0.91    0.29    0.88     89.10   6.58    81.57   78.93   0.76    1461.70    5.46     83.22    0.40      1.69          0.68          0.00           98.93        
56   R0959TS460_5        460     64.95    100.00  56    N/A       N/A        0.21      N/A        44.84    N/A           25.05    35.49    4.419    5.018    189   0    0     0     66.67  82.01  N/A         N/A          0.37         N/A          82.01  71.72    1.87     8.01        19.3        170      2.8      1.79          0.62    74.07     0.65    0.70    0.90    0.28    0.89     90.20   6.58    83.02   79.60   0.76    1470.10    5.60     88.30    0.41      12.14         0.68          0.53           96.79        
57   R0959TS190_5        190     64.95    100.00  56    N/A       N/A        0.21      N/A        44.71    N/A           25.48    36.71    4.449    5.053    189   0    0     0     65.61  82.01  N/A         N/A          0.20         N/A          82.01  71.672   1.91     8.23        19.2        170      2.8      1.52          0.62    72.22     0.66    0.69    0.90    0.29    0.88     87.70   6.58    82.95   79.52   0.76    1465.80    5.52     79.40    0.41      9.11          0.00          0.00           97.86        
58   R0959TS190_1        190     64.95    100.00  56    0.31      N/A        0.21      N/A        44.84    N/A           25.41    37.09    4.434    5.004    189   0    0     0     66.14  81.48  0.44        N/A          0.28         N/A          82.01  69.906   2.01     7.86        19          176      2.8      1.46          0.61    72.49     0.64    0.68    0.91    0.29    0.88     83.80   6.58    82.60   77.43   0.75    1450.90    5.79     48.03    0.39      8.44          0.68          0.00           98.93        
59   R0959TS112_2        112     64.81    100.00  59    N/A       N/A        0.17      N/A        45.24    N/A           26.35    35.54    4.414    5.068    189   0    0     0     64.02  78.84  N/A         N/A          -0.06        N/A          82.01  69.061   2.08     8.52        19.5        177      2.8      1.44          0.62    72.22     0.65    0.68    0.92    0.27    0.89     91.30   6.58    82.16   78.23   0.76    1479.10    5.96     83.87    0.40      0.67          2.70          2.14           94.12        
60   R0959TS460_3        460     64.68    100.00  60    N/A       N/A        0.14      N/A        44.84    N/A           25.90    37.36    4.425    5.029    189   0    0     0     67.20  79.37  N/A         N/A          0.46         N/A          82.01  70.306   1.94     8.30        19.3        170      2.8      1.71          0.62    74.34     0.66    0.70    0.90    0.28    0.89     90.20   6.58    82.91   79.46   0.76    1470.50    5.60     87.39    0.41      11.80         0.68          0.53           97.33        
61   R0959TS425_3        425     64.68    100.00  60    N/A       N/A        0.14      N/A        45.63    N/A           30.79    39.55    4.509    5.096    189   0    0     0     67.20  77.78  N/A         N/A          0.46         N/A          80.42  72.045   1.98     7.94        19.6        178      3.2      0.93          0.65    77.78     0.68    0.72    0.93    0.23    0.88     89.00   6.70    83.70   81.52   0.75    1494.40    3.69     79.04    0.45      1.01          0.00          0.00           97.33        
62   R0959TS460_4        460     64.68    100.00  60    N/A       N/A        0.14      N/A        44.58    N/A           24.51    35.09    4.414    5.022    189   0    0     0     67.20  82.54  N/A         N/A          0.46         N/A          82.54  71.252   1.91     8.23        19.4        175      2.7      1.82          0.62    73.02     0.65    0.70    0.90    0.29    0.89     90.20   6.58    83.00   79.61   0.76    1477.00    5.55     88.05    0.41      10.12         0.00          0.00           95.72        
63   R0959TS425_5        425     64.68    100.00  60    N/A       N/A        0.14      N/A        45.10    N/A           27.27    34.76    4.512    5.112    189   0    0     0     63.49  78.31  N/A         N/A          -0.15        N/A          81.48  66.564   2.13     8.01        19.6        177      2.9      0.92          0.63    73.02     0.67    0.70    0.91    0.28    0.88     89.00   6.70    84.02   79.67   0.75    1490.20    5.20     75.36    0.42      1.69          0.00          0.00           98.93        
64   R0959TS460_2        460     64.68    100.00  60    N/A       N/A        0.14      N/A        44.84    N/A           25.47    36.88    4.43     5.035    189   0    0     0     66.67  82.01  N/A         N/A          0.37         N/A          82.01  71.716   1.90     8.23        19.4        175      2.7      1.66          0.62    73.81     0.66    0.70    0.90    0.28    0.89     87.70   6.58    82.91   79.41   0.76    1478.70    5.61     87.50    0.41      10.12         1.35          0.53           97.86        
65   R0959TS460_1        460     64.68    100.00  60    0.26      N/A        0.14      N/A        44.84    N/A           25.12    36.05    4.437    5.044    189   0    0     0     66.67  82.01  0.51        N/A          0.37         N/A          82.01  71.727   1.87     8.23        19.2        170      2.8      1.41          0.62    73.28     0.66    0.70    0.90    0.28    0.88     87.70   6.58    82.92   79.34   0.76    1467.90    5.58     87.77    0.41      5.73          1.35          0.53           98.40        
66   R0959TS312_2        312s    64.68    100.00  60    N/A       N/A        0.14      -0.40      45.50    N/A           24.67    35.64    4.427    5.068    189   0    0     0     67.20  80.95  N/A         N/A          0.46         0.83         80.95  69.119   1.93     8.16        19.1        171      3        2.69          0.62    73.55     0.64    0.70    0.91    0.29    0.88     83.00   6.58    83.05   79.71   0.75    1459.70    5.36     35.62    0.39      61.76         2.03          0.00           96.79        
67   R0959TS312_1        312s    64.68    100.00  60    0.26      -0.16      0.14      -0.40      45.37    0.37          25.63    35.83    4.484    5.094    189   0    0     0     66.14  80.95  0.44        0.48         0.28         0.09         80.95  70.666   1.94     7.94        19.1        171      3        2.58          0.62    73.55     0.65    0.70    0.91    0.28    0.88     83.00   6.58    82.84   79.43   0.75    1461.00    5.54     35.77    0.40      50.96         1.35          1.07           95.72        
68   R0959TS217_4        217     64.68    100.00  60    N/A       N/A        0.14      N/A        44.71    N/A           24.82    35.54    4.419    5.088    189   0    0     0     65.61  79.37  N/A         N/A          0.20         N/A          82.01  71.487   1.84     8.08        19.4        176      2.7      2.94          0.55    74.34     0.65    0.70    0.90    0.28    0.89     85.20   6.58    82.73   79.76   0.76    1475.40    5.69     84.61    0.40      70.92         1.35          4.28           90.91        
69   R0959TS068_5        068     64.68    100.00  60    N/A       N/A        0.14      N/A        45.24    N/A           26.93    35.28    4.83     5.472    189   0    0     0     66.14  75.66  N/A         N/A          0.28         N/A          77.25  67.069   1.98     7.64        18.7        171      3        0.75          0.63    70.64     0.67    0.69    0.88    0.31    0.88     87.70   6.47    79.77   80.12   0.74    1429.10    6.43     79.13    0.43      0.34          0.68          0.53           97.33        
70   R0959TS344_3        344     64.68    100.00  60    N/A       N/A        0.14      N/A        43.78    N/A           27.36    36.88    4.515    5.001    189   0    0     0     65.08  79.89  N/A         N/A          0.11         N/A          83.07  73.338   1.93     8.01        18.8        176      2.8      Inf           0.62    72.74     0.64    0.68    0.90    0.28    0.88     87.93   6.58    82.09   76.62   0.75    1436.00    6.02     77.42    0.40      N/A           3.38          1.60           87.17        
71   R0959TS312_4        312s    64.55    100.00  71    N/A       N/A        0.11      -0.51      45.10    N/A           26.50    35.85    4.485    5.103    189   0    0     0     67.20  80.95  N/A         N/A          0.46         0.83         80.95  70.164   1.92     7.79        19.2        171      3.1      2.63          0.63    73.81     0.65    0.70    0.91    0.28    0.88     83.00   6.58    82.90   79.70   0.75    1461.90    5.44     35.81    0.41      57.71         1.35          1.07           95.72        
72   R0959TS174_5        174     64.55    100.00  71    N/A       N/A        0.11      N/A        44.45    N/A           25.39    36.37    4.422    5.029    189   0    0     0     66.67  82.01  N/A         N/A          0.37         N/A          82.01  70.861   1.90     8.23        19.4        175      2.7      1.58          0.62    73.02     0.65    0.70    0.90    0.29    0.89     90.20   6.58    83.01   79.65   0.76    1479.80    5.53     N/A      0.41      6.07          0.00          0.00           96.26        
73   R0959TS270_3        270     64.55    100.00  71    N/A       N/A        0.11      N/A        44.58    N/A           26.43    35.56    4.451    5.024    189   0    0     0     67.20  81.48  N/A         N/A          0.46         N/A          81.48  71.268   1.89     8.16        19.2        175      2.7      1.52          0.61    72.75     0.66    0.70    0.90    0.29    0.88     89.50   6.58    82.60   79.33   0.75    1467.70    5.56     N/A      0.42      1.35          2.03          0.00           93.58        
74   R0959TS174_2        174     64.55    100.00  71    N/A       N/A        0.11      N/A        44.71    N/A           25.91    36.74    4.437    5.045    189   0    0     0     67.20  78.84  N/A         N/A          0.46         N/A          81.48  69.919   1.95     8.38        19.4        175      2.7      0.72          0.62    72.75     0.65    0.70    0.90    0.29    0.89     91.60   6.58    82.95   79.70   0.76    1481.80    5.41     N/A      0.41      0.67          0.00          0.00           98.93        
75   R0959TS270_4        270     64.55    100.00  71    N/A       N/A        0.11      N/A        44.58    N/A           26.43    35.56    4.451    5.024    189   0    0     0     67.20  81.48  N/A         N/A          0.46         N/A          81.48  71.268   1.89     8.16        19.2        175      2.7      1.52          0.61    72.75     0.66    0.70    0.90    0.29    0.88     89.50   6.58    82.60   79.33   0.75    1467.70    5.56     N/A      0.42      1.35          2.03          0.00           93.58        
76   R0959TS217_5        217     64.55    100.00  71    N/A       N/A        0.11      N/A        44.71    N/A           25.54    36.23    4.403    5.05     189   0    0     0     65.61  79.89  N/A         N/A          0.20         N/A          82.54  72.091   1.94     8.23        19.3        176      2.7      2.84          0.56    74.07     0.65    0.70    0.90    0.28    0.89     85.30   6.58    82.40   79.59   0.76    1473.60    5.78     84.99    0.40      74.61         1.35          2.67           94.12        
77   R0959TS197_4        197     64.42    100.00  77    N/A       N/A        0.07      N/A        44.05    N/A           27.63    35.62    4.198    4.661    189   0    0     0     68.78  83.07  N/A         N/A          0.71         N/A          83.07  69.363   2.08     8.60        18.7        174      3        3.12          0.61    77.51     0.65    0.70    0.92    0.25    0.89     75.90   6.58    83.70   78.04   0.76    1428.10    5.17     76.22    0.41      40.84         3.38          2.14           86.63        
78   R0959TS288_4        288     64.42    100.00  77    N/A       N/A        0.07      N/A        43.25    N/A           26.44    37.74    4.162    4.934    189   0    0     0     66.67  84.66  N/A         N/A          0.37         N/A          84.66  72.233   2.01     8.82        19          177      2.7      1.04          0.59    69.84     0.62    0.65    0.92    0.30    0.89     84.30   6.58    82.18   75.74   0.77    1449.30    5.69     79.93    0.37      0.00          1.35          1.07           93.05        
79   R0959TS197_2        197     64.42    100.00  77    N/A       N/A        0.07      N/A        43.91    N/A           25.82    34.84    4.351    4.918    189   1    0     0     67.72  81.48  N/A         N/A          0.54         N/A          81.48  71.026   2.05     8.45        18.6        173      3        3.17          0.61    74.87     0.64    0.68    0.91    0.26    0.89     79.80   6.58    82.79   77.37   0.76    1423.20    5.70     75.68    0.39      39.12         4.73          3.21           88.77        
80   R0959TS312_3        312s    64.29    100.00  80    N/A       N/A        0.04      -0.72      44.58    N/A           26.27    36.08    4.49     5.114    189   0    0     0     67.72  80.42  N/A         N/A          0.54         1.19         80.42  69.003   1.91     7.94        19.4        177      2.9      2.54          0.62    73.02     0.65    0.70    0.91    0.29    0.88     83.00   6.58    82.86   79.67   0.75    1475.70    5.43     35.74    0.41      58.72         0.68          0.53           95.72        
81   R0959TS328_2        328     64.29    100.00  80    N/A       N/A        0.04      N/A        44.31    N/A           24.25    34.49    4.314    5.013    189   0    0     0     65.08  77.78  N/A         N/A          0.11         N/A          80.95  67.552   2.03     7.79        19          176      2.9      1.95          0.61    70.90     0.63    0.68    0.91    0.28    0.89     83.80   6.58    82.92   78.76   0.75    1450.30    5.07     N/A      0.38      2.02          2.70          3.21           85.56        
82   R0959TS390_2        390     64.15    100.00  82    N/A       N/A        0.00      N/A        43.91    N/A           25.59    34.74    4.509    5.069    189   0    0     0     65.08  80.95  N/A         N/A          0.11         N/A          80.95  70.461   1.99     8.08        18.8        173      2.6      0.83          0.62    73.55     0.65    0.69    0.90    0.30    0.88     91.60   6.58    81.87   78.23   0.75    1434.70    5.60     83.01    0.41      1.01          0.00          0.00           97.86        
83   R0959TS328_5        328     64.15    100.00  82    N/A       N/A        0.00      N/A        43.91    N/A           25.60    34.84    4.294    5.07     189   1    0     0     67.20  77.78  N/A         N/A          0.46         N/A          80.42  68.162   1.98     7.94        18.9        176      3        1.77          0.61    71.16     0.62    0.68    0.92    0.28    0.88     85.80   6.58    82.28   77.89   0.75    1436.70    5.11     N/A      0.37      0.67          4.73          3.21           90.37        
84   R0959TS492_4        492     64.02    100.00  84    N/A       N/A        -0.03     N/A        43.26    N/A           23.02    35.01    4.363    5.147    189   0    0     0     66.14  83.07  N/A         N/A          0.28         N/A          83.60  71.568   1.98     8.38        18.7        176      2.8      1.22          0.58    66.93     0.61    0.64    0.91    0.29    0.88     89.00   6.58    80.99   76.53   0.76    1428.40    5.83     77.25    0.35      0.00          2.70          2.67           94.12        
85   R0959TS433_3        433     64.02    100.00  84    N/A       N/A        -0.03     N/A        43.65    N/A           0.00     22.48    4.404    4.4      189   0    0     0     67.20  82.01  N/A         N/A          0.46         N/A          82.01  71.107   1.99     8.01        18.9        176      2.8      6.00          0.18    54.47     0.47    0.14    0.90    0.29    0.88     91.00   6.58    83.63   78.51   0.76    1445.80    5.95     N/A      0.00      0.00          N/A           0.00           98.93        
86   R0959TS328_4        328     64.02    100.00  84    N/A       N/A        -0.03     N/A        44.31    N/A           25.66    34.91    4.341    5.118    189   0    0     0     65.61  77.78  N/A         N/A          0.20         N/A          80.95  67.814   2.12     8.01        19.2        177      3.1      1.69          0.61    71.16     0.64    0.68    0.92    0.27    0.89     87.50   6.58    82.95   79.78   0.75    1465.20    4.83     N/A      0.40      1.01          3.38          2.67           91.98        
87   R0959TS288_1        288     63.89    100.00  87    0.12      N/A        -0.06     N/A        42.33    N/A           22.96    35.92    4.07     4.94     189   0    0     0     67.20  83.60  0.58        N/A          0.46         N/A          83.60  71.612   2.03     8.38        18.3        178      2.8      1.30          0.57    69.05     0.60    0.63    0.92    0.31    0.89     86.40   6.58    80.39   75.19   0.76    1401.40    5.21     79.22    0.34      0.00          3.38          2.67           94.12        
88   R0959TS328_3        328     63.76    100.00  88    N/A       N/A        -0.10     N/A        44.18    N/A           26.72    33.86    4.445    5.017    189   1    0     0     66.67  80.95  N/A         N/A          0.37         N/A          84.13  68.698   2.12     8.30        19.4        179      3        1.97          0.62    75.66     0.66    0.69    0.91    0.23    0.89     80.80   6.70    83.36   78.12   0.75    1481.50    4.90     N/A      0.42      1.69          3.38          4.28           85.56        
89   R0959TS288_5        288     63.49    100.00  89    N/A       N/A        -0.17     N/A        41.80    N/A           22.53    37.05    4.037    4.804    189   0    0     0     69.31  87.30  N/A         N/A          0.80         N/A          87.30  71.998   2.09     9.04        18.5        176      2.6      2.14          0.55    70.11     0.61    0.62    0.92    0.32    0.89     90.10   6.58    79.76   75.12   0.77    1415.80    5.25     79.65    0.35      9.11          3.38          1.60           96.26        
90   R0959TS102_4        102s    63.49    100.00  89    N/A       N/A        -0.17     -1.38      43.12    N/A           24.95    33.88    4.513    5.091    189   0    0     0     65.08  78.84  N/A         N/A          0.11         -0.64        81.48  70.645   1.98     8.01        18.7        173      2.6      0.86          0.62    73.02     0.66    0.69    0.90    0.29    0.88     91.60   6.58    82.03   78.81   0.74    1432.20    5.51     83.31    0.41      1.35          0.00          0.00           99.47        
91   R0959TS433_4        433     63.49    100.00  89    N/A       N/A        -0.17     N/A        43.52    N/A           0.00     21.48    4.347    4.333    189   0    0     0     64.55  79.89  N/A         N/A          0.02         N/A          79.89  67.12    1.94     8.16        19          174      2.9      6.00          0.18    54.47     0.47    0.14    0.90    0.29    0.88     91.00   6.58    83.27   78.26   0.75    1447.90    5.74     N/A      0.00      0.00          N/A           0.00           98.93        
92   R0959TS288_2        288     63.49    100.00  89    N/A       N/A        -0.17     N/A        41.93    N/A           19.75    34.12    3.968    4.842    189   0    0     0     64.55  82.01  N/A         N/A          0.02         N/A          85.19  69.156   2.17     8.60        17.5        180      2.9      1.45          0.55    68.78     0.58    0.61    0.93    0.30    0.89     87.90   6.47    78.86   73.83   0.76    1349.70    4.96     79.88    0.31      0.34          4.05          1.60           94.65        
93   R0959TS492_1        492     63.36    100.00  93    0.02      N/A        -0.20     N/A        42.73    N/A           21.74    33.97    4.418    5.216    189   0    0     0     64.55  79.89  0.23        N/A          0.02         N/A          83.07  71.407   2.01     7.94        18.2        176      3        1.16          0.56    65.61     0.60    0.62    0.91    0.33    0.88     80.90   6.58    80.34   75.91   0.75    1393.90    6.07     76.32    0.32      0.00          2.70          1.60           95.19        
94   R0959TS196_5        196     63.36    100.00  93    N/A       N/A        -0.20     N/A        42.46    N/A           22.94    33.86    4.531    5.182    189   2    0     0     64.02  81.48  N/A         N/A          -0.06        N/A          81.48  68.185   2.11     8.16        18.1        177      2.9      1.00          0.58    71.96     0.62    0.65    0.90    0.30    0.88     81.90   6.58    80.46   75.85   0.74    1384.10    5.94     77.61    0.37      0.00          0.68          2.67           91.44        
95   R0959TS068_2        068     63.23    100.00  95    N/A       N/A        -0.24     N/A        43.65    N/A           24.95    33.10    4.514    5.119    189   0    0     0     63.49  80.42  N/A         N/A          -0.15        N/A          80.42  66.639   2.17     8.16        18.7        174      2.9      0.62          0.63    73.02     0.67    0.69    0.90    0.31    0.88     91.50   6.58    82.79   80.13   0.73    1429.30    5.32     80.17    0.43      0.34          0.00          0.00           98.40        
96   R0959TS433_1        433     63.23    100.00  95    -0.00     N/A        -0.24     N/A        43.26    N/A           0.00     22.07    4.348    4.333    189   0    0     0     63.49  79.37  0.09        N/A          -0.15        N/A          79.89  68.835   2.02     7.79        18.9        175      2.9      6.00          0.18    54.47     0.47    0.14    0.90    0.29    0.88     91.00   6.58    83.60   78.42   0.76    1441.20    5.56     N/A      0.00      0.00          N/A           0.00           98.93        
97   R0959TS312_5        312s    63.23    100.00  95    N/A       N/A        -0.24     -1.59      43.78    N/A           26.33    35.65    4.609    5.272    189   0    0     0     66.14  78.84  N/A         N/A          0.28         0.09         78.84  68.92    1.87     7.64        18.7        175      2.9      2.62          0.61    70.11     0.64    0.69    0.90    0.32    0.88     80.30   6.58    81.87   78.45   0.74    1432.60    6.22     36.36    0.38      56.70         1.35          0.00           95.72        
98   R0959TS004_1        004s    63.23    100.00  95    -0.00     -1.57      -0.24     -1.59      43.12    -1.70         26.92    34.92    4.546    5.198    189   0    0     0     62.43  77.25  -0.05       -1.42        -0.32        -2.48        79.89  67.112   2.07     7.86        18.8        176      3.1      0.77          0.63    72.22     0.66    0.69    0.90    0.30    0.88     90.90   6.58    80.89   78.55   0.74    1438.00    5.39     76.43    0.41      0.00          2.03          0.00           97.86        
99   R0959TS492_2        492     63.09    100.00  99    N/A       N/A        -0.27     N/A        41.40    N/A           21.70    32.32    4.487    5.161    189   0    0     0     65.61  80.95  N/A         N/A          0.20         N/A          84.13  68.799   2.06     8.38        18.2        175      2.8      1.17          0.57    69.58     0.59    0.63    0.91    0.31    0.88     88.70   6.58    80.98   75.61   0.75    1394.20    6.03     76.29    0.33      0.34          1.35          1.07           93.05        
100  R0959TS195_1        195     63.09    100.00  99    -0.03     N/A        -0.27     N/A        45.11    N/A           29.55    37.27    5.096    5.575    189   0    0     0     63.49  75.13  0.09        N/A          -0.15        N/A          78.31  69.741   2.03     7.28        18          169      3        1.02          0.60    69.84     0.64    0.67    0.91    0.31    0.89     81.70   6.11    79.02   74.93   0.73    1382.80    6.49     N/A      0.41      0.00          1.35          1.07           93.58        
101  R0959TS086_4        086     63.09    100.00  99    N/A       N/A        -0.27     N/A        44.31    N/A           29.29    34.95    4.564    5.121    189   0    0     0     66.67  78.31  N/A         N/A          0.37         N/A          80.42  68.199   2.07     7.79        20.3        175      2.9      0.97          0.65    74.34     0.67    0.71    0.91    0.28    0.88     89.10   6.70    83.17   80.25   0.74    1539.50    5.06     74.30    0.42      2.02          0.00          0.00           98.40        
102  R0959TS492_5        492     63.09    100.00  99    N/A       N/A        -0.27     N/A        42.33    N/A           22.96    34.95    4.377    5.142    189   0    0     0     66.14  79.37  N/A         N/A          0.28         N/A          82.01  70.143   2.04     7.79        18.2        172      2.9      1.52          0.58    67.72     0.61    0.64    0.91    0.34    0.88     86.70   6.58    80.49   76.44   0.75    1398.40    5.60     76.51    0.33      0.00          5.41          2.14           92.51        
103  R0959TS433_2        433     62.96    100.00  103   N/A       N/A        -0.31     N/A        42.86    N/A           0.00     21.17    4.551    4.546    189   0    0     0     62.96  78.84  N/A         N/A          -0.24        N/A          78.84  66.566   1.95     7.57        18.7        175      3        6.00          0.18    54.47     0.47    0.14    0.89    0.29    0.88     91.00   6.58    83.00   78.49   0.75    1426.80    5.93     N/A      0.00      0.00          N/A           0.00           98.93        
104  R0959TS433_5        433     62.96    100.00  103   N/A       N/A        -0.31     N/A        42.99    N/A           0.00     20.59    4.391    4.378    189   0    0     0     61.90  79.37  N/A         N/A          -0.41        N/A          79.37  66.341   1.95     8.16        18.4        176      3        6.00          0.18    54.47     0.47    0.14    0.90    0.30    0.88     91.00   6.58    82.81   77.84   0.74    1408.20    5.76     N/A      0.00      0.00          N/A           0.00           98.93        
105  R0959TS328_1        328     62.83    100.00  105   -0.08     N/A        -0.34     N/A        42.20    N/A           22.81    33.48    4.453    5.237    189   1    0     0     66.67  80.42  0.51        N/A          0.37         N/A          80.42  67.104   2.11     8.01        18.7        176      3.1      1.92          0.60    68.25     0.63    0.67    0.91    0.29    0.88     85.80   6.70    82.51   78.14   0.74    1431.30    5.09     N/A      0.37      1.35          4.05          3.21           88.24        
106  R0959TS492_3        492     62.70    100.00  106   N/A       N/A        -0.37     N/A        41.14    N/A           22.16    36.35    4.336    5.148    189   0    0     0     68.25  83.07  N/A         N/A          0.63         N/A          83.07  70.54    2.06     8.38        18.3        176      3        1.28          0.57    67.99     0.61    0.62    0.91    0.33    0.88     85.50   6.58    80.06   75.21   0.76    1401.60    5.84     77.03    0.35      0.34          2.03          1.07           93.58        
107  R0959TS196_4        196     62.04    100.00  107   N/A       N/A        -0.55     N/A        40.88    N/A           22.49    32.68    4.582    5.245    189   4    0     0     64.02  81.48  N/A         N/A          -0.06        N/A          81.48  65.654   2.14     8.30        17.7        177      3        1.00          0.57    71.96     0.61    0.65    0.90    0.30    0.88     81.00   6.58    80.16   75.50   0.74    1360.70    5.92     76.93    0.36      0.00          0.68          2.67           91.44        
108  R0959TS196_3        196     60.98    100.00  108   N/A       N/A        -0.82     N/A        40.08    N/A           21.43    30.99    4.686    5.356    189   5    0     0     63.49  79.37  N/A         N/A          -0.15        N/A          79.37  65.197   2.15     8.01        17          176      3.1      1.23          0.57    71.96     0.61    0.64    0.89    0.31    0.88     77.80   6.47    79.90   75.00   0.73    1314.30    6.11     75.78    0.35      0.00          1.35          1.60           86.63        
109  R0959TS281_2        281     58.86    100.00  109   N/A       N/A        -1.37     N/A        37.57    N/A           20.23    30.75    4.669    5.351    189   0    0     0     58.73  77.78  N/A         N/A          -0.93        N/A          78.31  58.519   2.16     6.91        15.5        171      3.1      2.04          0.50    61.11     0.57    0.59    0.88    0.35    0.88     77.40   6.58    77.29   70.40   0.73    1207.30    7.92     73.52    0.30      16.19         0.68          0.53           95.19        
110  R0959TS117_1        117     58.86    100.00  109   -0.81     N/A        -1.37     N/A        38.62    N/A           18.28    29.89    4.626    5.302    189   3    0     0     59.79  79.37  -0.39       N/A          -0.75        N/A          79.37  59.601   2.28     7.57        18.3        178      3.3      3.95          0.56    73.28     0.60    0.65    0.92    0.27    0.87     80.80   6.58    80.57   75.26   0.72    1402.90    5.71     79.11    0.34      89.77         25.00         3.21           92.51        
111  R0959TS281_3        281     58.60    100.00  111   N/A       N/A        -1.44     N/A        37.56    N/A           20.32    29.14    4.778    5.405    189   0    0     0     55.56  77.78  N/A         N/A          -1.44        N/A          78.84  60.001   2.24     7.35        15.3        171      3.2      1.89          0.50    62.96     0.58    0.61    0.88    0.34    0.88     78.10   6.58    76.71   71.83   0.72    1197.10    7.55     72.36    0.31      15.52         0.68          0.53           96.79        
112  R0959TS196_2        196     58.07    100.00  112   N/A       N/A        -1.58     N/A        37.43    N/A           18.38    27.35    4.815    5.52     189   6    0     0     55.03  76.72  N/A         N/A          -1.53        N/A          76.72  58.381   2.34     7.64        16          175      3.2      1.39          0.56    70.37     0.59    0.64    0.89    0.32    0.87     65.50   6.47    78.33   73.93   0.70    1243.80    6.25     73.70    0.33      0.00          2.03          3.21           85.03        
113  R0959TS208_1        208     57.67    100.00  113   -1.03     N/A        -1.68     N/A        37.17    N/A           19.61    27.76    4.732    5.532    189   0    0     0     58.73  78.84  -0.53       N/A          -0.93        N/A          79.37  61.61    2.18     7.79        16.9        177      3.4      0.92          0.56    66.40     0.61    0.62    0.90    0.27    0.88     87.40   6.58    80.33   75.13   0.71    1307.20    6.28     72.32    0.31      0.00          0.00          1.07           93.58        
114  R0959TS208_4        208     57.54    100.00  114   N/A       N/A        -1.72     N/A        36.51    N/A           20.54    28.13    4.818    5.564    189   0    0     0     55.56  79.89  N/A         N/A          -1.44        N/A          80.42  61.894   2.27     7.06        16.7        175      3.3      1.09          0.55    68.52     0.61    0.62    0.89    0.31    0.88     86.70   6.47    79.13   74.33   0.71    1288.60    6.47     72.04    0.31      0.34          1.35          0.53           94.65        
115  R0959TS208_5        208     57.54    100.00  114   N/A       N/A        -1.72     N/A        36.77    N/A           17.16    25.46    4.786    5.458    189   0    0     0     53.97  78.84  N/A         N/A          -1.70        N/A          79.37  61.899   2.32     6.47        16.6        174      3.2      1.10          0.54    66.14     0.60    0.61    0.89    0.27    0.88     84.10   6.47    79.10   74.48   0.70    1288.10    7.33     70.62    0.31      0.00          1.35          1.60           91.44        
116  R0959TS208_2        208     57.41    100.00  116   N/A       N/A        -1.75     N/A        36.11    N/A           16.49    25.12    4.695    5.36     189   0    0     0     53.44  78.84  N/A         N/A          -1.79        N/A          79.37  61.995   2.25     7.79        16.5        174      3.2      1.11          0.54    68.78     0.60    0.61    0.89    0.28    0.88     85.70   6.47    79.20   74.16   0.71    1279.10    6.72     71.07    0.32      0.34          0.68          1.60           91.98        
117  R0959TS208_3        208     57.41    100.00  116   N/A       N/A        -1.75     N/A        36.24    N/A           20.80    28.72    4.764    5.419    189   0    0     0     54.50  78.84  N/A         N/A          -1.62        N/A          79.37  62.383   2.32     7.64        16.4        176      3.3      1.05          0.56    70.90     0.62    0.64    0.90    0.27    0.88     84.30   6.47    78.97   74.67   0.71    1273.70    6.26     71.98    0.35      0.34          0.00          1.60           93.58        
118  R0959TS117_2        117     56.48    100.00  118   N/A       N/A        -1.99     N/A        35.98    N/A           16.88    27.94    4.721    5.443    189   3    0     0     48.68  75.66  N/A         N/A          -2.56        N/A          78.84  58.624   2.23     7.72        17.8        177      3.5      3.81          0.56    72.49     0.60    0.66    0.92    0.27    0.86     84.10   6.47    79.14   76.10   0.70    1367.60    5.50     77.14    0.33      87.78         18.24         3.74           93.05        
119  R0959TS196_1        196     56.35    100.00  119   -1.28     N/A        -2.02     N/A        34.79    N/A           19.50    27.61    4.943    5.66     189   5    0     0     51.32  72.49  -1.50       N/A          -2.13        N/A          73.02  55.878   2.28     7.42        15          171      3.2      1.28          0.54    69.31     0.59    0.62    0.88    0.33    0.86     63.30   6.47    77.60   72.62   0.69    1175.40    6.38     71.93    0.32      0.00          1.35          4.81           83.96        
120  R0959TS281_1        281     54.89    100.00  120   -1.55     N/A        -2.40     N/A        33.86    N/A           19.04    25.58    5.053    5.627    189   0    0     0     52.91  76.19  -1.29       N/A          -1.87        N/A          77.25  54.6     2.36     6.69        13.4        170      3.6      1.87          0.50    64.02     0.58    0.60    0.88    0.35    0.88     78.10   6.47    75.23   70.41   0.69    1067.40    7.84     69.38    0.31      14.84         0.68          0.53           96.79        
121  R0959TS122_1        122     49.60    100.00  121   -2.52     N/A        -3.78     N/A        28.57    N/A           10.85    19.76    5.439    6.051    189   1    0     0     42.86  68.78  -2.61       N/A          -3.51        N/A          71.96  45.381   2.48     5.66        13.8        177      4.1      2.98          0.50    62.17     0.56    0.56    0.89    0.36    0.85     81.30   6.11    73.30   67.54   0.64    1089.40    9.33     67.32    0.28      10.79         10.81         6.95           85.56        
122  R0959TS431_1        431     48.68    100.00  122   -2.69     N/A        -4.02     N/A        29.89    N/A           14.08    21.47    6.349    7.033    189   0    0     0     38.10  65.61  -3.24       N/A          -4.29        N/A          66.67  45.555   2.26     5.15        11.8        154      3.6      1.52          0.53    63.76     0.60    0.59    0.84    0.52    0.81     73.90   5.19    67.35   70.28   0.62    950.00     7.64     64.91    0.33      0.67          3.38          0.53           94.12        
123  R0959TS431_2        431     47.09    100.00  123   N/A       N/A        -4.43     N/A        29.63    N/A           11.73    16.26    6.704    7.232    189   0    0     0     26.98  57.14  N/A         N/A          -6.10        N/A          58.73  34.874   2.72     3.98        10.4        163      4.5      1.08          0.53    65.87     0.61    0.59    0.81    0.47    0.82     77.90   6.11    71.27   72.58   0.55    855.60     7.07     59.66    0.32      0.00          2.70          0.00           96.26        

