#    Model               GR#     GDT_TS   NP_P    RANK  Z-M1-GDT  Z-M1s-GDT  Z-MA-GDT  Z-MAs-GDT  GDT_HA   Z-M1s-GDT-HA  GDC_SC   GDC_ALL  RMS_CA   RMS_ALL  NP    err  PC01  PC05  AL0_P  AL4_P  Z-M1-AL0_p  Z-M1s-AL0_p  Z-MA-AL0_p   Z-MAs-AL0_p  ALI_P  LGA_S    RMSD[L]  Z-score[M]  Z-Score[D]  Al.Res.  RMSD[D]  MolPrb_Score  LDDT    SphGr     CAD_AA  RPF     CODM    DFM     Handed.  SOV     CE      QCS     CONTS   TMscore  Dali(raw)  FlexE    QSE      CAD_SS    MolPrb_clash  MolPrb_rotout  MolPrb_ramout  MolPrb_ramfv 

-    Starting model      -       80.51    -       -     -         -          -         -          62.99    -             35.95    -        3.48     4.40     -     -    -     -     -      -      -           -            -            -            -      -        -        9.13        22.10       166      2.50     2.73          0.70    80.23     0.67    0.73    0.92    0.19    0.92     91.00   6.70    83.16   81.04   0.87     1574.20    7.73     -        -         -             -              -              -            

1    R0962TS086_1        086     85.17    100.00  1     1.52      N/A        1.16      N/A        68.64    N/A           48.85    63.69    3.984    4.735    177   0    0     0     86.44  89.83  0.86        N/A          0.59         N/A          90.96  88.839   1.26     9.20        23.6        165      1.4      0.73          0.77    82.49     0.75    0.76    0.93    0.20    0.93     88.00   6.47    87.26   84.54   0.88    1676.80    6.80     N/A      0.58      0.73          0.00          0.00           98.29        
2    R0962TS425_2        425     83.62    100.00  2     N/A       N/A        0.98      N/A        67.09    N/A           46.48    63.41    3.626    4.472    177   0    0     0     85.31  89.27  N/A         N/A          0.48         N/A          90.96  88.973   1.23     9.28        24.6        164      1.2      0.89          0.75    80.23     0.72    0.76    0.93    0.20    0.92     95.70   6.81    86.62   83.72   0.88    1667.30    7.42     92.00    0.55      1.47          0.00          0.00           99.43        
3    R0962TS086_2        086     83.47    100.00  3     N/A       N/A        0.96      N/A        66.67    N/A           46.15    62.87    3.897    4.773    177   0    0     0     86.44  89.83  N/A         N/A          0.59         N/A          91.53  88.782   1.23     9.36        23.5        165      1.4      0.63          0.75    79.94     0.73    0.77    0.93    0.25    0.92     95.50   6.35    86.86   84.07   0.88    1671.50    6.16     92.60    0.56      0.37          0.00          0.00           98.29        
4    R0962TS425_1        425     82.91    100.00  4     1.15      N/A        0.90      N/A        66.67    N/A           47.57    62.37    3.726    4.638    177   0    0     0     85.31  89.83  0.68        N/A          0.48         N/A          91.53  87.737   1.25     9.20        22.8        164      1.5      0.50          0.75    79.38     0.73    0.75    0.93    0.21    0.93     86.40   6.35    85.31   82.53   0.87    1620.20    8.13     N/A      0.55      0.00          0.00          0.00           98.29        
5    R0962TS270_2        270     82.91    100.00  4     N/A       N/A        0.90      N/A        64.83    N/A           42.48    60.51    3.873    4.657    177   0    0     0     87.01  90.40  N/A         N/A          0.64         N/A          90.96  88.371   1.29     9.28        22.4        163      1.4      1.23          0.71    80.51     0.71    0.74    0.91    0.20    0.93     92.90   6.70    85.68   82.40   0.88    1598.80    8.79     N/A      0.53      0.00          2.11          2.86           92.00        
6    R0962TS086_5        086     82.91    100.00  4     N/A       N/A        0.90      N/A        66.67    N/A           47.57    62.37    3.726    4.638    177   0    0     0     85.31  89.83  N/A         N/A          0.48         N/A          91.53  87.737   1.25     9.20        22.8        164      1.5      0.50          0.75    79.38     0.73    0.75    0.93    0.21    0.93     86.40   6.35    85.31   82.53   0.87    1620.20    8.13     N/A      0.55      0.00          0.00          0.00           98.29        
7    R0962TS312_2        312s    82.34    100.00  7     N/A       N/A        0.83      1.39       63.98    N/A           41.46    59.52    4.256    5.042    177   0    0     0     85.88  89.27  N/A         N/A          0.53         1.19         90.40  88.024   1.33     9.20        22.9        165      1.4      2.47          0.73    81.36     0.70    0.75    0.91    0.21    0.92     93.80   6.35    84.82   82.95   0.87    1628.00    7.52     23.00    0.52      47.72         0.70          1.14           95.43        
8    R0962TS344_1        344     82.20    100.00  8     1.03      N/A        0.81      N/A        64.69    N/A           43.33    60.33    3.536    4.364    177   4    0     0     87.01  90.40  0.96        N/A          0.64         N/A          91.53  87.903   1.24     9.20        22          165      1.3      1.44          0.72    80.23     0.70    0.73    0.93    0.21    0.93     87.20   6.81    85.38   81.60   0.88    1570.20    8.55     89.63    0.54      1.10          0.70          0.57           86.86        
9    R0962TS356_1        356     82.20    100.00  8     1.03      N/A        0.81      N/A        64.55    N/A           43.52    60.46    3.547    4.43     177   0    0     0     86.44  90.96  0.86        N/A          0.59         N/A          92.09  88.098   1.25     9.36        22.2        165      1.3      0.50          0.73    81.07     0.72    0.73    0.92    0.21    0.93     82.10   6.70    85.22   81.32   0.88    1586.00    9.00     87.69    0.55      0.00          0.00          0.57           98.86        
10   R0962TS312_5        312s    81.78    100.00  10    N/A       N/A        0.76      1.18       63.84    N/A           39.65    58.06    3.78     4.535    177   0    0     0     84.18  89.27  N/A         N/A          0.36         0.50         90.96  87.68    1.35     9.20        22.4        164      1.4      3.22          0.72    81.36     0.69    0.75    0.93    0.19    0.92     93.10   6.35    84.90   81.06   0.86    1594.70    7.20     23.50    0.49      77.83         3.52          1.14           93.14        
11   R0962TS425_5        425     81.64    100.00  11    N/A       N/A        0.75      N/A        63.14    N/A           44.02    59.92    3.63     4.462    177   0    0     0     85.31  89.83  N/A         N/A          0.48         N/A          91.53  86.946   1.39     9.28        22.6        164      1.4      0.56          0.73    79.38     0.71    0.76    0.93    0.23    0.92     94.10   6.81    86.23   83.45   0.87    1610.30    6.84     N/A      0.53      0.00          0.00          0.00           97.71        
12   R0962TS344_4        344     81.22    100.00  12    N/A       N/A        0.70      N/A        62.71    N/A           38.92    57.05    3.53     4.462    177   0    0     0     87.01  90.40  N/A         N/A          0.64         N/A          90.96  87.335   1.43     9.43        20.9        165      1.5      Inf           0.66    77.97     0.68    0.70    0.92    0.23    0.92     83.50   6.81    83.57   78.26   0.87    1499.80    9.28     89.89    0.46      N/A           2.11          1.14           85.71        
13   R0962TS344_5        344     81.22    100.00  12    N/A       N/A        0.70      N/A        62.43    N/A           38.17    57.28    3.569    4.409    177   0    0     0     87.01  90.96  N/A         N/A          0.64         N/A          92.09  88.108   1.36     9.13        21.4        165      1.4      Inf           0.69    78.81     0.67    0.71    0.92    0.23    0.92     84.70   6.70    83.90   79.06   0.87    1532.80    8.78     90.32    0.47      N/A           2.82          1.71           84.57        
14   R0962TS102_5        102s    81.22    100.00  12    N/A       N/A        0.70      0.98       63.84    N/A           41.69    57.45    3.517    4.394    177   0    0     0     83.62  90.40  N/A         N/A          0.31         0.27         92.09  87.821   1.43     9.36        22.2        166      2.5      1.43          0.71    79.38     0.69    0.72    0.92    0.20    0.92     94.10   6.70    83.86   80.76   0.87    1580.80    8.21     60.15    0.49      2.57          0.00          1.14           94.29        
15   R0962TS312_4        312s    81.07    100.00  15    N/A       N/A        0.68      0.93       63.14    N/A           38.42    57.67    3.784    4.583    177   0    0     0     83.62  89.27  N/A         N/A          0.31         0.27         90.96  87.685   1.37     9.20        22.4        164      1.4      3.03          0.72    80.23     0.69    0.75    0.93    0.19    0.92     93.10   6.35    84.83   81.24   0.86    1596.50    7.02     23.44    0.50      74.16         2.11          1.71           93.14        
16   R0962TS433_2        433     80.65    100.00  16    N/A       N/A        0.63      N/A        63.56    N/A           0.00     36.66    3.428    3.41     177   0    0     0     84.75  90.40  N/A         N/A          0.42         N/A          92.09  87.345   1.43     9.13        21.9        166      2.1      6.00          0.23    56.49     0.48    0.17    0.92    0.19    0.93     91.00   6.70    83.10   80.36   0.87    1564.40    7.74     N/A      0.00      1.10          N/A           1.14           94.86        
17   R0962TS068_4        068     80.51    100.00  17    N/A       N/A        0.62      N/A        62.99    N/A           42.36    57.64    4.21     4.971    177   0    0     0     86.44  89.27  N/A         N/A          0.59         N/A          90.96  86.934   1.39     9.20        22          163      1.4      0.79          0.71    80.51     0.71    0.72    0.90    0.25    0.92     88.20   6.35    84.83   82.66   0.86    1568.20    7.46     88.68    0.51      0.37          0.00          0.57           97.14        
18   R0962TS433_4        433     80.51    100.00  17    N/A       N/A        0.62      N/A        63.27    N/A           0.00     36.54    3.419    3.401    177   0    0     0     84.75  90.96  N/A         N/A          0.42         N/A          92.66  87.343   1.43     9.13        21.8        166      2.1      6.00          0.22    56.49     0.48    0.17    0.92    0.20    0.93     91.00   6.70    82.92   79.94   0.87    1554.60    7.76     N/A      0.00      2.21          N/A           1.14           94.29        
19   R0962TS312_1        312s    80.37    100.00  19    0.73      1.17       0.60      0.67       61.73    0.49          38.08    56.56    3.612    4.382    177   1    0     0     84.18  89.83  0.49        0.82         0.36         0.50         91.53  87.286   1.38     9.28        22.8        164      1.4      3.02          0.72    82.49     0.69    0.75    0.94    0.18    0.92     92.70   6.35    84.85   81.22   0.86    1595.80    7.02     23.66    0.50      71.95         2.11          1.14           93.14        
20   R0962TS390_4        390     80.23    100.00  20    N/A       N/A        0.58      N/A        63.98    N/A           42.59    58.56    3.705    4.482    177   0    0     0     84.18  90.40  N/A         N/A          0.36         N/A          92.09  87.972   1.33     9.36        22.9        164      1.3      1.09          0.72    80.79     0.70    0.74    0.92    0.20    0.92     86.80   6.70    84.37   81.89   0.86    1631.60    10.03    63.88    0.51      1.10          0.00          0.57           96.00        
21   R0962TS460_4        460     80.23    100.00  20    N/A       N/A        0.58      N/A        62.15    N/A           37.22    57.34    3.556    4.446    177   0    0     0     86.44  90.40  N/A         N/A          0.59         N/A          91.53  87.305   1.33     9.43        21.3        163      1.4      2.21          0.69    79.66     0.68    0.71    0.92    0.21    0.93     92.70   6.70    83.12   78.92   0.87    1524.00    9.02     89.21    0.49      12.11         2.82          0.57           96.00        
22   R0962TS174_3        174     80.23    100.00  20    N/A       N/A        0.58      N/A        62.43    N/A           36.73    57.38    3.484    4.432    177   0    0     0     85.88  90.40  N/A         N/A          0.53         N/A          91.53  87.087   1.37     9.20        22.2        166      2.1      2.09          0.71    79.94     0.69    0.73    0.92    0.19    0.93     90.30   6.70    84.01   81.53   0.87    1582.10    7.69     N/A      0.49      1.84          5.63          1.71           89.14        
23   R0962TS460_3        460     80.23    100.00  20    N/A       N/A        0.58      N/A        62.15    N/A           37.39    57.78    3.549    4.435    177   0    0     0     86.44  90.40  N/A         N/A          0.59         N/A          91.53  87.268   1.38     9.43        21.5        163      1.4      2.40          0.70    79.94     0.68    0.71    0.92    0.21    0.93     93.60   6.70    83.29   79.30   0.87    1538.10    8.97     89.17    0.49      12.49         4.23          0.57           95.43        
24   R0962TS460_2        460     80.23    100.00  20    N/A       N/A        0.58      N/A        61.87    N/A           37.25    57.62    3.552    4.437    177   0    0     0     86.44  90.40  N/A         N/A          0.59         N/A          91.53  87.182   1.38     9.43        21.5        163      1.4      2.38          0.70    79.94     0.68    0.71    0.92    0.21    0.93     93.60   6.70    83.23   79.18   0.87    1535.40    8.98     89.22    0.49      11.75         4.23          0.57           95.43        
25   R0962TS425_4        425     80.23    100.00  20    N/A       N/A        0.58      N/A        61.02    N/A           41.43    58.04    3.72     4.517    177   0    0     0     85.88  89.27  N/A         N/A          0.53         N/A          90.96  87.147   1.33     9.28        23.2        165      1.5      0.95          0.72    80.51     0.69    0.74    0.92    0.21    0.92     94.80   6.35    83.87   81.23   0.86    1592.30    8.13     N/A      0.51      1.47          0.00          0.00           97.71        
26   R0962TS356_3        356     80.23    100.00  20    N/A       N/A        0.58      N/A        63.56    N/A           40.64    52.67    3.861    4.696    177   0    0     0     80.79  87.57  N/A         N/A          0.03         N/A          89.27  84.924   1.42     9.20        22.2        165      1.7      0.50          0.73    80.23     0.72    0.74    0.93    0.21    0.92     94.10   6.58    88.60   82.18   0.85    1585.10    8.41     90.09    0.54      0.00          0.00          0.00           98.29        
27   R0962TS433_5        433     80.08    100.00  27    N/A       N/A        0.56      N/A        61.44    N/A           0.00     35.75    3.446    3.428    177   0    0     0     85.31  90.40  N/A         N/A          0.48         N/A          92.09  87.474   1.48     9.43        21.6        166      2.4      6.00          0.22    56.33     0.48    0.17    0.93    0.19    0.93     91.00   6.70    83.48   80.09   0.87    1541.20    7.62     N/A      0.00      1.10          N/A           1.14           94.86        
28   R0962TS356_2        356     80.08    100.00  27    N/A       N/A        0.56      N/A        63.13    N/A           38.68    52.06    3.773    4.536    177   0    0     0     81.36  88.70  N/A         N/A          0.09         N/A          90.40  86.418   1.47     9.20        23.2        165      1.6      0.56          0.73    81.07     0.72    0.74    0.93    0.20    0.92     87.50   6.70    88.63   82.85   0.85    1633.30    8.75     91.07    0.53      0.00          0.70          0.57           97.71        
29   R0962TS460_1        460     80.08    100.00  27    0.68      N/A        0.56      N/A        62.01    N/A           37.13    57.39    3.554    4.439    177   0    0     0     86.44  90.40  0.86        N/A          0.59         N/A          91.53  87.343   1.33     9.43        21.4        163      1.4      2.23          0.69    79.94     0.68    0.71    0.92    0.21    0.93     92.70   6.70    83.16   79.04   0.87    1530.80    9.00     89.23    0.49      11.38         2.82          0.57           95.43        
30   R0962TS460_5        460     80.08    100.00  27    N/A       N/A        0.56      N/A        62.01    N/A           37.17    57.37    3.555    4.442    177   0    0     0     86.44  90.40  N/A         N/A          0.59         N/A          91.53  87.219   1.33     9.43        21.4        167      2.3      2.28          0.69    79.94     0.68    0.71    0.92    0.21    0.93     93.60   6.70    83.13   78.95   0.87    1528.60    9.01     89.23    0.49      12.85         2.82          0.57           95.43        
31   R0962TS431_5        431     80.08    100.00  27    N/A       N/A        0.56      N/A        61.16    N/A           38.91    56.19    3.533    4.427    177   0    0     0     85.88  90.96  N/A         N/A          0.53         N/A          92.09  86.852   1.38     9.43        21.1        165      1.4      1.74          0.68    80.23     0.68    0.70    0.92    0.21    0.93     88.60   6.70    84.52   79.82   0.87    1512.00    9.35     87.96    0.47      0.37          7.04          1.14           92.57        
32   R0962TS156_3        156s    79.66    100.00  32    N/A       N/A        0.52      0.42       64.12    N/A           42.61    58.40    5.375    5.866    177   0    0     0     83.62  88.70  N/A         N/A          0.31         0.27         90.40  86.228   1.25     9.20        22.1        159      1.3      0.91          0.72    78.53     0.72    0.72    0.78    0.30    0.91     93.10   6.35    84.34   82.03   0.85    1601.80    13.51    89.33    0.52      0.37          0.00          0.00           96.00        
33   R0962TS156_4        156s    79.66    100.00  32    N/A       N/A        0.52      0.42       63.42    N/A           42.32    57.96    5.311    5.8      177   0    0     0     85.88  88.70  N/A         N/A          0.53         1.19         90.40  86.277   1.26     9.13        22          162      1.4      1.12          0.72    77.40     0.70    0.72    0.78    0.33    0.91     93.10   6.35    83.69   81.27   0.85    1572.30    14.74    89.06    0.51      0.73          0.00          0.57           94.29        
34   R0962TS270_3        270     79.66    100.00  32    N/A       N/A        0.52      N/A        62.01    N/A           38.07    56.16    3.499    4.435    177   0    0     0     85.31  90.40  N/A         N/A          0.48         N/A          92.09  87.097   1.43     9.36        21.9        165      1.4      2.19          0.69    79.94     0.70    0.72    0.92    0.20    0.93     90.20   6.70    83.61   80.98   0.87    1560.50    7.92     N/A      0.50      3.67          4.23          1.71           89.71        
35   R0962TS156_1        156s    79.52    100.00  35    0.58      0.79       0.50      0.36       64.41    1.39          42.61    58.52    5.585    6.14     177   0    0     0     84.18  88.70  0.49        0.82         0.36         0.50         90.40  86.054   1.23     9.13        22.1        160      1.5      0.66          0.73    77.97     0.71    0.72    0.78    0.33    0.91     93.40   6.35    84.20   81.25   0.85    1575.40    15.36    89.19    0.53      0.00          0.00          0.57           97.14        
36   R0962TS086_3        086     79.38    100.00  36    N/A       N/A        0.48      N/A        60.45    N/A           42.41    57.57    3.924    4.753    177   0    0     0     85.31  90.40  N/A         N/A          0.48         N/A          92.09  87.033   1.36     9.36        22.2        165      1.5      0.89          0.71    80.23     0.69    0.73    0.92    0.24    0.92     88.70   6.35    84.52   81.63   0.86    1583.40    8.35     N/A      0.51      1.47          0.00          0.00           98.29        
37   R0962TS312_3        312s    79.38    100.00  36    N/A       N/A        0.48      0.31       60.31    N/A           40.70    56.21    3.664    4.416    177   1    0     0     84.18  89.27  N/A         N/A          0.36         0.50         90.96  86.934   1.44     9.13        22.3        164      1.4      2.82          0.72    81.92     0.70    0.75    0.94    0.19    0.91     93.10   6.35    84.57   81.01   0.86    1587.90    7.32     24.06    0.51      66.45         1.41          0.57           93.71        
38   R0962TS344_3        344     79.38    100.00  36    N/A       N/A        0.48      N/A        59.89    N/A           41.13    56.86    3.623    4.451    177   0    0     0     85.88  90.96  N/A         N/A          0.53         N/A          92.66  86.8     1.38     9.43        21.3        165      1.4      Inf           0.69    80.23     0.69    0.72    0.92    0.22    0.92     88.00   6.70    84.12   78.39   0.87    1525.40    8.83     89.04    0.51      N/A           2.11          1.71           81.71        
39   R0962TS068_1        068     79.38    100.00  36    0.56      N/A        0.48      N/A        61.30    N/A           41.51    56.19    4.212    4.845    177   0    0     0     87.01  90.40  0.96        N/A          0.64         N/A          92.09  87.266   1.32     9.28        22.4        165      1.5      0.95          0.72    81.64     0.70    0.73    0.91    0.23    0.92     91.70   6.35    85.67   82.66   0.86    1601.10    6.07     89.87    0.51      0.37          0.00          0.57           95.43        
40   R0962TS190_3        190     79.24    100.00  40    N/A       N/A        0.47      N/A        61.73    N/A           36.18    56.10    3.926    4.722    177   0    0     0     84.75  89.83  N/A         N/A          0.42         N/A          91.53  86.753   1.44     9.43        21.5        165      1.5      1.76          0.69    79.10     0.68    0.71    0.91    0.23    0.92     80.80   6.35    83.06   80.31   0.86    1537.40    9.89     31.64    0.47      9.92          2.11          0.57           98.86        
41   R0962TS190_5        190     79.24    100.00  40    N/A       N/A        0.47      N/A        61.02    N/A           36.58    56.31    3.519    4.436    177   0    0     0     85.31  90.40  N/A         N/A          0.48         N/A          92.09  86.793   1.42     9.20        21.6        162      1.4      2.71          0.70    79.10     0.68    0.71    0.92    0.20    0.92     89.90   6.70    83.38   80.13   0.87    1542.50    8.35     90.03    0.47      28.28         3.52          1.14           94.86        
42   R0962TS425_3        425     79.10    100.00  42    N/A       N/A        0.45      N/A        60.17    N/A           37.54    55.33    3.491    4.438    177   1    0     0     83.62  89.83  N/A         N/A          0.31         N/A          91.53  86.599   1.36     9.05        21.8        164      1.5      0.56          0.69    78.53     0.67    0.73    0.92    0.22    0.92     92.30   6.35    82.44   80.40   0.86    1557.50    8.02     N/A      0.49      0.00          0.00          0.00           97.71        
43   R0962TS390_1        390     79.10    100.00  42    0.52      N/A        0.45      N/A        59.46    N/A           41.90    57.66    3.757    4.625    177   0    0     0     85.88  90.96  0.77        N/A          0.53         N/A          92.09  87.03    1.37     9.36        22.5        165      1.4      1.05          0.72    79.10     0.70    0.73    0.92    0.21    0.92     88.40   6.81    86.02   81.82   0.86    1602.90    8.91     65.35    0.49      0.73          0.00          0.57           95.43        
44   R0962TS358_1        358     78.95    100.00  44    0.49      N/A        0.43      N/A        60.59    N/A           38.25    54.06    3.677    4.541    177   0    0     0     81.36  90.40  0.02        N/A          0.09         N/A          92.09  85.831   1.53     9.20        19.5        166      2.4      2.29          0.65    79.66     0.67    0.72    0.92    0.21    0.92     89.00   6.58    82.87   79.44   0.86    1519.20    7.65     88.29    0.44      47.79         0.00          0.92           97.25        
45   R0962TS174_4        174     78.81    100.00  45    N/A       N/A        0.42      N/A        60.17    N/A           35.90    53.23    3.6      4.484    177   0    0     0     86.44  90.96  N/A         N/A          0.59         N/A          92.09  86.163   1.47     9.20        21.9        167      2.2      1.66          0.69    79.10     0.68    0.71    0.92    0.21    0.92     92.50   6.70    83.62   81.40   0.86    1562.10    6.97     N/A      0.45      8.08          0.70          0.00           96.57        
46   R0962TS174_1        174     78.67    100.00  46    0.44      N/A        0.40      N/A        59.04    N/A           39.68    54.52    3.616    4.502    177   0    0     0     85.88  90.96  0.77        N/A          0.53         N/A          92.09  86.381   1.46     9.20        21.9        163      1.5      1.38          0.70    79.10     0.69    0.72    0.92    0.20    0.92     92.10   6.70    84.75   81.71   0.86    1562.30    7.74     N/A      0.49      5.87          0.00          0.00           97.71        
47   R0962TS156_5        156s    78.39    100.00  47    N/A       N/A        0.37      -0.04      62.15    N/A           42.00    56.22    5.221    5.761    177   0    0     0     84.18  88.70  N/A         N/A          0.36         0.50         90.40  85.811   1.29     9.20        21.8        163      1.6      0.70          0.71    78.53     0.71    0.72    0.80    0.29    0.91     93.10   6.35    83.42   81.40   0.85    1556.00    13.66    88.09    0.52      0.37          0.70          0.00           97.71        
48   R0962TS281_2        281     78.39    100.00  47    N/A       N/A        0.37      N/A        60.31    N/A           40.67    55.83    4.566    5.31     177   0    0     0     84.18  86.44  N/A         N/A          0.36         N/A          90.96  87.209   1.42     9.13        22.2        163      1.5      2.18          0.68    77.97     0.70    0.72    0.90    0.25    0.90     80.50   6.70    87.69   81.35   0.84    1581.70    11.19    85.34    0.49      26.44         0.70          0.00           96.00        
49   R0962TS356_4        356     78.39    100.00  47    N/A       N/A        0.37      N/A        61.73    N/A           37.52    51.34    3.65     4.461    177   0    0     0     81.92  88.70  N/A         N/A          0.14         N/A          90.96  85.801   1.48     9.28        23.1        163      1.5      0.56          0.74    81.92     0.73    0.75    0.94    0.19    0.92     90.40   6.81    87.78   83.63   0.84    1600.20    8.24     90.24    0.53      0.00          0.00          0.00           97.71        
50   R0962TS156_2        156s    78.25    100.00  50    N/A       N/A        0.35      -0.10      61.86    N/A           40.69    56.18    5.648    6.234    177   0    0     0     82.49  88.70  N/A         N/A          0.20         -0.19        90.40  85.722   1.35     9.05        21.6        160      1.5      0.66          0.71    77.12     0.71    0.71    0.77    0.33    0.91     93.40   6.35    83.26   80.31   0.85    1541.40    15.61    88.99    0.51      0.00          0.70          1.14           97.14        
51   R0962TS174_5        174     78.25    100.00  50    N/A       N/A        0.35      N/A        59.47    N/A           36.53    53.17    3.591    4.471    177   0    0     0     86.44  90.96  N/A         N/A          0.59         N/A          92.09  86.282   1.46     9.28        21.8        167      2.2      1.71          0.69    79.10     0.68    0.71    0.92    0.21    0.92     92.90   6.70    83.57   81.04   0.86    1559.00    7.13     N/A      0.45      9.18          0.70          0.57           96.57        
52   R0962TS270_1        270     78.25    100.00  50    0.37      N/A        0.35      N/A        59.46    N/A           36.40    54.56    3.63     4.52     177   0    0     0     82.49  90.40  0.21        N/A          0.20         N/A          92.09  86.233   1.56     9.36        20.7        164      1.5      1.53          0.65    79.94     0.68    0.70    0.92    0.23    0.92     90.20   6.70    82.97   79.40   0.86    1485.90    9.60     N/A      0.47      0.37          2.82          1.71           89.71        
53   R0962TS358_2        358     78.11    100.00  53    N/A       N/A        0.33      N/A        59.60    N/A           38.59    54.72    3.558    4.415    177   0    0     0     83.62  89.83  N/A         N/A          0.31         N/A          91.53  85.886   1.59     9.13        19.8        167      2.3      2.18          0.65    79.66     0.67    0.72    0.93    0.20    0.92     93.00   6.70    83.64   79.91   0.86    1528.20    7.75     88.84    0.45      50.76         0.00          0.92           98.17        
54   R0962TS344_2        344     77.97    100.00  54    N/A       N/A        0.32      N/A        57.20    N/A           35.76    54.08    3.503    4.29     177   0    0     0     84.18  90.96  N/A         N/A          0.36         N/A          92.09  85.883   1.49     9.13        20.6        166      2.1      Inf           0.66    81.36     0.67    0.70    0.92    0.22    0.92     79.00   6.70    84.85   79.13   0.86    1476.10    8.35     88.82    0.46      N/A           2.82          2.29           82.86        
55   R0962TS356_5        356     77.97    100.00  54    N/A       N/A        0.32      N/A        59.60    N/A           34.42    49.42    3.893    4.604    177   0    0     0     81.92  90.40  N/A         N/A          0.14         N/A          92.66  86.334   1.58     9.43        21.5        166      1.7      0.66          0.71    79.66     0.70    0.71    0.93    0.24    0.92     91.00   6.70    89.40   79.70   0.84    1565.10    9.24     91.19    0.50      0.00          0.70          0.57           97.14        
56   R0962TS358_4        358     77.97    100.00  54    N/A       N/A        0.32      N/A        58.48    N/A           37.63    53.68    3.832    4.702    177   0    0     0     83.05  89.27  N/A         N/A          0.25         N/A          89.83  85.363   1.61     8.97        18.9        163      1.7      2.50          0.64    79.94     0.67    0.71    0.91    0.21    0.92     93.60   6.70    83.43   79.53   0.85    1498.80    8.57     87.81    0.44      50.46         0.57          1.38           95.41        
57   R0962TS190_4        190     77.68    100.00  57    N/A       N/A        0.28      N/A        58.33    N/A           36.07    54.14    3.97     4.772    177   0    0     0     85.88  90.40  N/A         N/A          0.53         N/A          92.09  86.027   1.42     9.28        20.9        162      1.5      1.93          0.68    81.07     0.67    0.70    0.91    0.22    0.92     80.80   6.35    83.41   79.57   0.86    1515.00    8.69     32.68    0.46      11.75         2.82          0.00           98.29        
58   R0962TS174_2        174     77.68    100.00  57    N/A       N/A        0.28      N/A        58.90    N/A           33.61    52.11    3.58     4.465    177   0    0     0     86.44  90.96  N/A         N/A          0.59         N/A          92.09  85.96    1.49     9.20        22.6        167      2.2      2.14          0.68    79.94     0.67    0.71    0.92    0.21    0.92     88.10   6.70    83.71   81.50   0.86    1564.50    7.00     N/A      0.45      2.20          7.75          1.14           92.57        
59   R0962TS086_4        086     77.54    100.00  59    N/A       N/A        0.27      N/A        58.05    N/A           37.43    54.43    3.932    4.767    177   0    0     0     84.18  90.40  N/A         N/A          0.36         N/A          92.09  86.215   1.46     9.36        21.4        165      1.6      0.82          0.68    78.25     0.68    0.72    0.92    0.24    0.92     95.30   6.35    84.25   80.65   0.86    1533.30    7.91     N/A      0.49      1.10          0.00          0.00           98.86        
60   R0962TS217_5        217     77.40    100.00  60    N/A       N/A        0.25      N/A        57.20    N/A           30.88    50.94    3.467    4.382    177   0    0     0     81.92  90.96  N/A         N/A          0.14         N/A          91.53  85.172   1.55     9.13        20.6        168      2.5      3.79          0.56    80.51     0.62    0.71    0.92    0.23    0.92     81.20   6.70    84.85   79.03   0.86    1481.60    5.77     82.09    0.41      184.36        2.82          8.57           80.57        
61   R0962TS217_4        217     77.40    100.00  60    N/A       N/A        0.25      N/A        57.34    N/A           30.77    50.93    3.401    4.264    177   0    0     0     82.49  90.40  N/A         N/A          0.20         N/A          92.09  85.482   1.58     9.20        20.2        167      2.5      3.61          0.51    80.23     0.63    0.70    0.92    0.21    0.92     84.30   6.70    85.67   78.02   0.86    1454.20    6.23     81.67    0.40      192.94        2.11          5.71           86.86        
62   R0962TS217_2        217     77.40    100.00  60    N/A       N/A        0.25      N/A        57.48    N/A           30.10    50.51    3.388    4.282    177   0    0     0     84.18  90.40  N/A         N/A          0.36         N/A          92.09  85.375   1.56     9.36        20.6        166      2.5      4.02          0.52    79.10     0.61    0.69    0.92    0.22    0.92     84.00   6.70    84.63   77.78   0.86    1478.10    7.05     81.45    0.40      203.53        5.63          6.86           83.43        
63   R0962TS208_5        208     77.26    100.00  63    N/A       N/A        0.23      N/A        59.04    N/A           34.87    52.28    4.918    5.731    177   0    0     0     84.18  87.01  N/A         N/A          0.36         N/A          88.14  84.277   1.49     8.59        19.5        164      1.8      1.14          0.65    75.14     0.66    0.66    0.86    0.28    0.91     88.40   6.23    77.52   76.02   0.85    1405.70    9.65     92.58    0.42      0.00          1.41          2.29           90.86        
64   R0962TS068_3        068     77.12    100.00  64    N/A       N/A        0.22      N/A        60.03    N/A           39.03    54.31    5.256    5.739    177   0    0     0     83.05  88.70  N/A         N/A          0.25         N/A          89.83  85.063   1.35     9.05        21.6        164      1.7      0.89          0.71    78.81     0.70    0.71    0.81    0.29    0.92     93.70   6.23    84.08   80.90   0.84    1543.60    13.52    88.74    0.50      0.00          0.70          1.71           94.29        
65   R0962TS217_3        217     77.12    100.00  64    N/A       N/A        0.22      N/A        57.20    N/A           32.04    51.52    3.462    4.234    177   1    0     0     83.05  90.96  N/A         N/A          0.25         N/A          91.53  85.71    1.51     9.20        20.3        167      2.2      3.86          0.48    82.20     0.63    0.71    0.92    0.23    0.92     72.80   6.70    86.40   78.66   0.86    1456.20    6.50     83.41    0.40      191.25        4.23          7.43           85.71        
66   R0962TS068_5        068     76.98    100.00  66    N/A       N/A        0.20      N/A        60.03    N/A           38.03    52.45    3.921    4.592    177   1    0     0     83.62  89.27  N/A         N/A          0.31         N/A          90.96  85.712   1.53     9.20        22.4        164      1.7      0.72          0.72    79.38     0.71    0.73    0.92    0.22    0.92     93.80   6.35    85.71   84.24   0.84    1593.20    6.04     89.28    0.50      0.00          0.00          0.57           96.57        
67   R0962TS433_3        433     76.98    100.00  66    N/A       N/A        0.20      N/A        57.91    N/A           0.00     34.30    3.852    3.827    177   0    0     0     81.36  87.57  N/A         N/A          0.09         N/A          90.40  85.482   1.47     9.13        21.2        166      1.8      6.00          0.22    55.44     0.48    0.17    0.93    0.22    0.91     92.10   6.70    82.88   78.47   0.84    1521.00    5.87     N/A      0.00      1.10          N/A           6.86           85.14        
68   R0962TS433_1        433     76.98    100.00  66    0.16      N/A        0.20      N/A        57.91    N/A           0.00     33.83    4.042    4.02     177   0    0     0     80.23  87.57  -0.17       N/A          -0.02        N/A          89.27  84.163   1.50     9.20        21.3        166      2        6.00          0.22    55.26     0.48    0.17    0.92    0.23    0.91     92.10   6.58    82.64   79.04   0.83    1522.30    5.80     N/A      0.00      1.10          N/A           6.86           84.00        
69   R0962TS190_1        190     76.84    100.00  69    0.14      N/A        0.18      N/A        57.48    N/A           34.88    52.44    3.951    4.714    177   0    0     0     84.75  90.96  0.58        N/A          0.42         N/A          92.66  85.217   1.63     9.36        20.9        165      1.6      1.76          0.69    81.07     0.68    0.71    0.91    0.24    0.92     80.80   6.35    84.43   79.57   0.85    1496.60    9.95     35.13    0.47      11.75         1.41          0.57           97.71        
70   R0962TS068_2        068     76.84    100.00  69    N/A       N/A        0.18      N/A        60.45    N/A           36.85    51.55    5.013    5.617    177   0    0     0     82.49  87.01  N/A         N/A          0.20         N/A          89.27  84.55    1.48     8.97        21.2        163      1.8      0.70          0.70    79.38     0.69    0.70    0.85    0.30    0.91     93.50   6.11    82.32   81.35   0.83    1519.10    9.08     89.08    0.47      0.37          0.00          0.00           97.71        
71   R0962TS190_2        190     76.84    100.00  69    N/A       N/A        0.18      N/A        58.48    N/A           35.72    53.13    3.772    4.634    177   0    0     0     85.31  89.83  N/A         N/A          0.48         N/A          90.96  85.385   1.52     9.28        21.1        165      1.6      2.00          0.69    80.79     0.69    0.71    0.92    0.23    0.92     91.40   6.35    84.10   80.53   0.86    1511.80    8.62     34.78    0.48      12.12         2.11          0.00           97.14        
72   R0962TS208_1        208     76.55    100.00  72    0.09      N/A        0.15      N/A        58.48    N/A           33.91    51.97    5.186    6.012    177   0    0     0     84.18  87.57  0.49        N/A          0.36         N/A          89.83  84.446   1.46     8.97        19.6        163      1.7      1.01          0.65    75.71     0.66    0.65    0.82    0.34    0.90     89.30   6.23    84.12   77.58   0.84    1428.50    12.21    90.14    0.41      0.00          0.70          2.86           91.43        
73   R0962TS102_4        102s    76.55    100.00  72    N/A       N/A        0.15      -0.71      57.77    N/A           40.83    54.51    3.715    4.518    177   0    0     0     81.92  90.40  N/A         N/A          0.14         -0.42        92.09  85.915   1.50     9.43        23          165      1.5      1.04          0.71    81.07     0.70    0.74    0.92    0.21    0.91     94.10   6.70    83.45   80.46   0.85    1568.70    9.47     64.04    0.52      1.10          0.00          0.57           96.57        
74   R0962TS217_1        217     76.55    100.00  72    0.09      N/A        0.15      N/A        56.50    N/A           33.43    51.14    3.449    4.316    177   0    0     0     82.49  89.83  0.21        N/A          0.20         N/A          91.53  85.219   1.54     9.36        20.4        165      1.6      3.70          0.53    80.23     0.63    0.71    0.93    0.22    0.92     81.10   6.70    84.27   78.00   0.85    1464.70    7.30     83.61    0.44      183.09        2.11          8.00           80.00        
75   R0962TS270_5        270     76.27    100.00  75    N/A       N/A        0.12      N/A        56.35    N/A           36.90    53.68    4.02     4.819    177   0    0     0     85.31  90.96  N/A         N/A          0.48         N/A          91.53  85.068   1.54     9.43        21.5        165      1.6      1.86          0.69    80.79     0.69    0.73    0.91    0.23    0.92     84.00   6.70    82.88   80.59   0.85    1515.00    11.12    N/A      0.50      1.47          3.52          0.00           89.71        
76   R0962TS281_1        281     75.99    100.00  76    0.00      N/A        0.08      N/A        58.48    N/A           40.19    54.00    4.595    5.358    177   0    0     0     84.18  86.44  0.49        N/A          0.36         N/A          90.96  86.136   1.49     9.13        22          162      1.5      2.03          0.67    78.25     0.70    0.71    0.90    0.26    0.90     80.50   6.70    87.76   81.30   0.83    1571.40    11.31    84.73    0.50      20.57         0.70          0.00           96.57        
77   R0962TS004_1        004s    75.99    100.00  76    0.00      -0.79      0.08      -0.91      57.91    -0.80         36.49    52.12    3.723    4.527    177   0    0     0     81.92  90.40  0.11        -0.00        0.14         -0.42        92.09  85.343   1.52     9.36        22.1        164      1.5      0.77          0.71    77.68     0.69    0.72    0.92    0.23    0.92     93.00   6.35    82.95   80.53   0.85    1576.50    9.66     87.20    0.49      0.00          0.70          0.57           96.00        
78   R0962TS208_2        208     75.71    100.00  78    N/A       N/A        0.05      N/A        58.05    N/A           35.67    53.90    5.718    6.328    177   0    0     0     83.62  86.44  N/A         N/A          0.31         N/A          88.14  83.72    1.42     8.74        19.6        159      1.5      1.21          0.67    75.42     0.67    0.67    0.77    0.38    0.90     83.80   5.86    76.50   77.43   0.84    1412.90    17.48    88.99    0.46      0.00          1.41          4.57           88.00        
79   R0962TS117_3        117     75.71    100.00  78    N/A       N/A        0.05      N/A        58.19    N/A           36.53    52.39    4.541    5.157    177   0    0     0     81.92  87.01  N/A         N/A          0.14         N/A          91.53  86.094   1.50     9.28        21.8        165      1.6      3.01          0.70    77.97     0.66    0.71    0.90    0.26    0.90     78.00   6.58    83.62   79.12   0.83    1557.30    10.80    85.28    0.45      84.83         2.82          1.14           96.00        
80   R0962TS457_1        457     75.71    100.00  78    -0.05     N/A        0.05      N/A        57.62    N/A           37.88    51.46    3.783    4.293    177   0    0     0     76.84  85.31  -0.73       N/A          -0.35        N/A          85.88  82.035   1.46     8.43        21.2        167      3.1      0.66          0.71    79.10     0.69    0.74    0.94    0.21    0.89     87.40   6.23    82.41   79.36   0.82    1494.80    5.14     N/A      0.50      0.00          0.00          0.00           97.14        
81   R0962TS457_5        457     75.56    100.00  81    N/A       N/A        0.03      N/A        59.61    N/A           42.60    53.70    4.701    5.233    177   1    0     0     74.01  80.23  N/A         N/A          -0.63        N/A          81.92  79.371   1.25     7.97        21.9        141      1.1      1.08          0.73    79.94     0.72    0.76    0.91    0.23    0.92     90.10   5.99    82.90   81.37   0.79    1431.90    4.84     N/A      0.54      2.94          0.00          0.00           98.29        
82   R0962TS457_4        457     75.56    100.00  81    N/A       N/A        0.03      N/A        57.20    N/A           38.48    50.00    3.594    4.296    177   0    0     0     74.58  84.75  N/A         N/A          -0.57        N/A          84.75  81.933   1.62     7.97        21.4        171      3.2      0.95          0.70    75.99     0.68    0.73    0.93    0.24    0.90     91.00   6.47    79.54   79.82   0.81    1530.70    9.72     N/A      0.47      1.47          0.00          0.00           97.71        
83   R0962TS208_4        208     75.28    100.00  83    N/A       N/A        0.00      N/A        56.78    N/A           31.56    51.05    5.183    6.167    177   0    0     0     84.75  87.57  N/A         N/A          0.42         N/A          88.70  83.177   1.47     8.82        19.3        163      1.8      1.04          0.64    75.14     0.65    0.64    0.83    0.36    0.90     89.80   6.23    83.10   76.08   0.84    1395.30    11.47    88.07    0.43      0.00          0.70          1.71           90.29        
84   R0962TS102_1        102s    75.14    100.00  84    -0.14     -1.17      -0.02     -1.22      57.06    -1.09         34.46    48.48    4.033    4.802    177   0    0     0     77.40  90.40  -0.63       -1.63        -0.30        -2.26        92.09  84.223   1.68     9.36        21.3        165      1.7      1.11          0.70    77.68     0.68    0.73    0.91    0.21    0.91     94.40   6.35    84.32   79.86   0.83    1524.40    9.71     68.52    0.49      1.47          0.00          0.57           96.57        
85   R0962TS117_1        117     74.58    100.00  85    -0.23     N/A        -0.08     N/A        53.67    N/A           26.64    47.84    3.625    4.534    177   0    0     0     82.49  91.53  0.21        N/A          0.20         N/A          91.53  84.161   1.65     9.13        19.1        166      2.3      3.92          0.61    77.12     0.61    0.65    0.94    0.23    0.92     90.40   6.70    80.19   74.27   0.85    1382.10    6.68     87.05    0.35      98.05         14.79         5.71           89.14        
86   R0962TS102_2        102s    74.44    100.00  86    N/A       N/A        -0.10     -1.48      54.09    N/A           36.58    48.75    3.985    4.757    177   0    0     0     83.05  90.96  N/A         N/A          0.25         0.04         92.66  84.572   1.65     9.43        22.1        165      1.7      1.33          0.71    80.23     0.69    0.73    0.92    0.21    0.91     86.40   6.70    84.41   81.32   0.83    1578.80    8.94     65.90    0.46      1.84          0.70          0.57           94.29        
87   R0962TS208_3        208     74.29    100.00  87    N/A       N/A        -0.12     N/A        55.23    N/A           33.94    51.64    4.661    5.225    177   0    0     0     85.31  87.57  N/A         N/A          0.48         N/A          88.70  83.155   1.50     8.82        19.1        162      1.9      1.60          0.65    73.73     0.66    0.66    0.85    0.28    0.92     89.80   5.86    75.33   75.74   0.84    1378.10    12.73    91.61    0.43      0.73          2.82          1.71           90.86        
88   R0962TS196_5        196     74.15    100.00  88    N/A       N/A        -0.13     N/A        53.39    N/A           31.10    49.17    3.606    4.53     177   4    0     0     83.05  90.96  N/A         N/A          0.25         N/A          92.66  84.193   1.59     9.43        18.7        164      1.6      1.68          0.63    77.97     0.64    0.66    0.93    0.26    0.92     76.50   6.70    79.08   74.33   0.85    1356.70    8.83     91.12    0.41      0.73          2.11          5.71           82.86        
89   R0962TS196_4        196     73.45    100.00  89    N/A       N/A        -0.21     N/A        52.40    N/A           29.62    47.40    3.655    4.577    177   9    0     0     81.36  90.40  N/A         N/A          0.09         N/A          92.09  83.817   1.69     9.43        18.6        164      1.6      1.64          0.62    78.25     0.63    0.66    0.93    0.26    0.91     67.60   6.58    78.73   73.09   0.84    1348.50    8.92     91.24    0.40      0.37          2.11          6.29           78.29        
90   R0962TS390_5        390     73.31    100.00  90    N/A       N/A        -0.23     N/A        54.24    N/A           37.38    49.35    3.865    4.643    177   0    0     0     81.36  90.40  N/A         N/A          0.09         N/A          92.66  84.201   1.63     9.43        21.8        165      1.7      1.20          0.71    80.79     0.69    0.73    0.92    0.21    0.91     91.90   6.58    83.90   81.38   0.83    1555.20    9.59     67.34    0.49      1.10          0.70          0.57           94.29        
91   R0962TS390_2        390     73.16    100.00  91    N/A       N/A        -0.25     N/A        55.79    N/A           33.61    46.85    4.034    4.767    177   0    0     0     81.92  90.96  N/A         N/A          0.14         N/A          92.66  83.053   1.79     9.28        21.2        162      1.8      1.17          0.69    79.38     0.68    0.71    0.91    0.20    0.90     94.60   6.70    83.03   80.15   0.82    1517.60    10.05    70.50    0.47      1.10          0.00          1.14           94.86        
92   R0962TS328_4        328     72.74    100.00  92    N/A       N/A        -0.30     N/A        54.24    N/A           34.21    49.52    5.194    5.919    177   0    0     0     79.10  87.01  N/A         N/A          -0.13        N/A          89.27  83.016   1.60     9.05        20.3        162      1.7      2.73          0.66    75.42     0.64    0.69    0.81    0.33    0.90     78.20   6.11    80.23   75.86   0.83    1459.90    13.18    N/A      0.45      9.55          7.04          3.43           88.57        
93   R0962TS102_3        102s    72.46    100.00  93    N/A       N/A        -0.33     -2.19      53.25    N/A           34.94    47.34    3.83     4.651    177   0    0     0     76.84  90.40  N/A         N/A          -0.35        -2.49        92.09  83.601   1.78     9.43        21.5        164      1.8      1.04          0.67    78.81     0.67    0.70    0.91    0.21    0.90     91.00   6.70    82.07   79.30   0.82    1490.80    9.68     66.82    0.44      1.10          0.00          0.57           96.57        
94   R0962TS117_2        117     72.32    100.00  94    N/A       N/A        -0.35     N/A        51.27    N/A           26.07    42.66    3.6      4.562    177   1    0     0     75.14  89.27  N/A         N/A          -0.52        N/A          90.96  69.602   1.81     9.05        20          168      2.4      3.87          0.63    76.55     0.61    0.67    0.94    0.24    0.91     85.50   6.58    81.36   76.65   0.82    1438.40    6.69     84.91    0.36      98.79         13.38         4.00           89.71        
95   R0962TS270_4        270     71.75    100.00  95    N/A       N/A        -0.41     N/A        53.81    N/A           36.81    49.27    4.847    5.51     177   0    0     0     79.66  85.88  N/A         N/A          -0.08        N/A          90.40  82.005   1.66     8.97        20.2        161      1.7      1.57          0.67    74.58     0.67    0.68    0.89    0.31    0.89     75.00   6.58    80.75   76.96   0.81    1449.80    11.54    N/A      0.47      1.47          2.11          0.00           93.14        
96   R0962TS457_2        457     71.47    100.00  96    N/A       N/A        -0.45     N/A        55.51    N/A           35.74    50.30    5.883    6.348    177   0    0     0     73.45  77.40  N/A         N/A          -0.68        N/A          79.10  75.508   1.29     7.36        20.6        149      2.4      0.80          0.69    77.40     0.70    0.71    0.84    0.27    0.89     85.30   5.86    77.69   79.34   0.76    1390.60    6.88     N/A      0.48      0.73          0.00          0.00           97.71        
97   R0962TS196_3        196     71.19    100.00  97    N/A       N/A        -0.48     N/A        50.14    N/A           28.85    45.32    3.746    4.651    177   10   0     0     81.36  90.96  N/A         N/A          0.09         N/A          92.66  82.9     1.75     9.43        18.4        164      1.7      1.73          0.61    77.40     0.62    0.65    0.92    0.26    0.91     63.30   6.47    78.05   71.59   0.83    1333.20    9.40     91.06    0.39      0.73          2.11          5.14           78.86        
98   R0962TS328_2        328     70.48    100.00  98    N/A       N/A        -0.56     N/A        51.13    N/A           29.14    44.23    5.268    6.123    177   0    0     0     77.97  86.44  N/A         N/A          -0.24        N/A          88.14  78.972   1.80     8.89        19.5        164      2        2.43          0.64    74.01     0.62    0.65    0.80    0.39    0.89     85.10   6.11    79.18   73.28   0.80    1404.70    10.46    N/A      0.39      6.98          4.23          4.00           89.14        
99   R0962TS328_3        328     70.34    100.00  99    N/A       N/A        -0.58     N/A        50.28    N/A           30.35    43.63    5.205    5.798    177   1    0     0     79.10  88.70  N/A         N/A          -0.13        N/A          90.40  78.366   1.85     9.05        19.4        164      2        3.17          0.63    75.42     0.61    0.67    0.78    0.30    0.90     70.20   6.11    81.75   72.76   0.81    1403.00    15.47    N/A      0.42      24.97         6.34          4.00           84.00        
100  R0962TS457_3        457     70.20    100.00  100   N/A       N/A        -0.60     N/A        51.70    N/A           32.29    46.89    5.072    5.991    177   0    0     0     72.88  81.92  N/A         N/A          -0.74        N/A          86.44  80.828   1.53     8.51        20.4        150      2.3      1.09          0.68    78.25     0.67    0.71    0.91    0.28    0.86     82.40   5.99    80.11   80.36   0.78    1378.70    6.46     N/A      0.44      1.10          0.00          0.00           96.00        
101  R0962TS390_3        390     70.20    100.00  100   N/A       N/A        -0.60     N/A        50.99    N/A           36.15    46.36    4.065    4.787    177   0    0     0     79.66  90.40  N/A         N/A          -0.08        N/A          92.66  82.285   1.86     9.51        21.2        165      1.9      1.16          0.71    80.51     0.70    0.74    0.92    0.22    0.90     94.10   6.70    83.44   80.31   0.81    1519.00    8.85     71.42    0.53      1.47          0.00          0.57           96.00        
102  R0962TS358_3        358     69.77    100.00  102   N/A       N/A        -0.65     N/A        49.58    N/A           30.61    41.46    4.042    4.827    177   0    0     0     71.75  85.31  N/A         N/A          -0.85        N/A          85.31  72.224   1.92     8.74        18.1        162      2.1      2.43          0.61    77.97     0.64    0.70    0.92    0.22    0.89     86.90   6.70    79.35   77.90   0.79    1436.10    7.87     82.42    0.41      65.60         0.57          0.92           97.25        
103  R0962TS328_5        328     69.63    100.00  103   N/A       N/A        -0.66     N/A        49.29    N/A           27.73    42.96    5.555    6.295    177   0    0     0     75.71  87.57  N/A         N/A          -0.46        N/A          89.27  80.774   1.84     8.89        19.4        165      2.1      2.61          0.62    75.71     0.60    0.65    0.77    0.36    0.90     69.90   6.23    81.54   72.62   0.81    1400.50    16.88    N/A      0.35      5.88          5.63          4.00           81.14        
104  R0962TS328_1        328     69.35    100.00  104   -1.10     N/A        -0.70     N/A        50.28    N/A           29.59    43.51    5.293    6.061    177   1    0     0     77.97  87.57  -0.54       N/A          -0.24        N/A          89.27  80.072   1.76     8.89        19.1        161      2        2.48          0.62    72.88     0.60    0.66    0.79    0.39    0.89     78.00   5.99    79.90   73.34   0.80    1380.30    10.15    N/A      0.37      8.81          2.82          3.43           84.57        
105  R0962TS288_3        288     66.10    100.00  105   N/A       N/A        -1.08     N/A        45.20    N/A           22.11    37.86    4.144    5.425    177   0    0     0     71.19  84.75  N/A         N/A          -0.91        N/A          85.88  63.675   2.07     8.66        14.2        140      2        1.61          0.53    57.06     0.54    0.53    0.90    0.39    0.88     71.60   6.11    76.73   62.88   0.78    969.90     12.07    86.35    0.28      0.00          3.52          2.86           82.86        
106  R0962TS196_2        196     65.96    100.00  106   N/A       N/A        -1.09     N/A        44.35    N/A           25.63    40.24    3.899    4.777    177   15   0     0     78.53  89.83  N/A         N/A          -0.19        N/A          91.53  79.139   1.94     9.28        16.8        166      2.5      1.73          0.58    75.99     0.60    0.64    0.91    0.28    0.90     55.20   6.23    75.93   68.02   0.81    1230.10    9.75     90.14    0.38      1.10          1.41          4.00           74.29        
107  R0962TS288_1        288     64.83    100.00  107   -1.85     N/A        -1.23     N/A        43.08    N/A           20.99    36.55    4.106    5.169    177   0    0     0     73.45  87.57  -1.29       N/A          -0.68        N/A          88.70  64.974   2.11     8.89        15          165      3        1.39          0.52    58.19     0.54    0.53    0.90    0.36    0.88     78.20   6.11    70.82   61.63   0.78    1109.90    11.32    86.66    0.27      0.00          2.11          1.71           85.71        
108  R0962TS288_4        288     64.69    100.00  108   N/A       N/A        -1.24     N/A        43.22    N/A           23.15    38.50    4.295    5.363    177   0    0     0     72.32  86.44  N/A         N/A          -0.80        N/A          87.01  65.626   1.98     8.66        15.7        163      2.3      1.25          0.54    63.28     0.55    0.56    0.90    0.35    0.88     75.40   6.23    75.80   63.98   0.79    1158.30    12.65    86.88    0.31      0.37          0.70          2.86           87.43        
109  R0962TS196_1        196     64.55    100.00  109   -1.89     N/A        -1.26     N/A        42.80    N/A           24.93    38.29    4.008    4.873    177   16   0     0     72.88  89.27  -1.38       N/A          -0.74        N/A          90.40  67.162   2.01     8.97        16.4        165      2.6      1.93          0.57    74.29     0.59    0.63    0.91    0.29    0.89     41.60   6.23    76.33   67.04   0.79    1205.10    9.79     89.43    0.37      1.47          2.11          4.57           74.29        
110  R0962TS431_1        431     63.98    100.00  110   -1.99     N/A        -1.33     N/A        48.73    N/A           28.23    38.45    8.47     9.053    177   0    0     0     64.41  68.93  -2.78       N/A          -1.57        N/A          70.62  65.77    1.48     6.82        18.9        136      2.1      0.97          0.67    70.06     0.69    0.67    0.72    0.55    0.85     89.70   5.46    78.05   77.50   0.69    1251.20    9.62     71.95    0.49      0.00          2.11          0.00           96.57        
111  R0962TS288_2        288     63.56    100.00  111   N/A       N/A        -1.38     N/A        41.81    N/A           20.64    35.95    4.152    5.295    177   0    0     0     71.19  86.44  N/A         N/A          -0.91        N/A          88.14  64.93    2.12     8.89        15.8        164      2.5      1.10          0.54    61.86     0.55    0.56    0.90    0.36    0.89     84.00   6.11    77.13   64.39   0.78    1165.20    9.75     86.61    0.28      0.00          0.70          2.29           88.00        
112  R0962TS288_5        288     62.99    100.00  112   N/A       N/A        -1.44     N/A        40.82    N/A           18.37    34.35    4.069    5.057    177   0    0     0     71.75  87.01  N/A         N/A          -0.85        N/A          87.57  65.162   2.10     8.66        14.9        165      3.1      1.68          0.53    62.71     0.53    0.55    0.90    0.36    0.88     62.90   6.11    74.00   62.33   0.78    1121.10    10.15    85.32    0.29      0.37          2.82          2.29           82.29        
113  R0962TS195_1        195     61.86    100.00  113   -2.34     N/A        -1.58     N/A        42.37    N/A           26.66    35.60    6.689    7.279    177   0    0     0     66.10  75.14  -2.50       N/A          -1.40        N/A          77.97  58.921   1.93     7.12        16.3        154      3        1.39          0.58    73.73     0.62    0.65    0.80    0.34    0.86     92.50   5.86    78.16   71.50   0.71    1196.00    18.03    N/A      0.42      0.37          2.11          2.29           91.43        
114  R0962TS431_4        431     42.51    100.00  114   N/A       N/A        -3.85     N/A        30.51    N/A           14.63    20.74    12.182   12.545   177   0    0     0     38.98  48.02  N/A         N/A          -4.06        N/A          53.67  43.377   1.99     3.97        8.9         122      4.1      1.34          0.47    43.22     0.56    0.47    0.47    1.06    0.66     75.50   4.42    49.33   57.65   0.49    646.80     28.74    54.27    0.29      0.00          5.63          0.57           96.00        
115  R0962TS431_3        431     40.25    100.00  115   N/A       N/A        -4.12     N/A        29.09    N/A           13.88    20.49    10.65    11.394   177   0    0     0     32.77  46.33  N/A         N/A          -4.66        N/A          51.41  41.634   1.87     3.66        8.1         112      3.5      1.10          0.49    44.91     0.55    0.47    0.55    0.95    0.70     67.40   3.89    55.34   58.80   0.48    620.80     24.77    51.38    0.30      0.00          1.41          0.00           92.00        
116  R0962TS358_5        358     39.83    100.00  116   N/A       N/A        -4.17     N/A        26.41    N/A           13.51    18.36    9.269    9.876    177   0    0     0     30.51  35.59  N/A         N/A          -4.88        N/A          46.89  38.277   2.33     1.82        4.7         94       4.1      2.38          0.47    52.83     0.57    0.53    0.76    0.57    0.71     85.80   4.25    60.28   65.50   0.44    467.50     20.91    47.57    0.30      57.88         0.00          0.92           97.25        
117  R0962TS431_2        431     30.93    100.00  117   N/A       N/A        -5.21     N/A        18.50    N/A           7.34     12.47    14.217   14.717   177   1    0     0     26.55  35.03  N/A         N/A          -5.27        N/A          47.46  32.865   2.47     3.12        4.5         97       3.8      1.44          0.42    38.42     0.51    0.43    0.49    0.91    0.60     67.80   1.99    42.31   55.17   0.40    376.20     28.76    47.40    0.21      0.00          4.23          0.00           92.57        

