#    Model               GR#     GDT_TS   NP_P    RANK  Z-M1-GDT  Z-M1s-GDT  Z-MA-GDT  Z-MAs-GDT  GDT_HA   Z-M1s-GDT-HA  GDC_SC   GDC_ALL  RMS_CA   RMS_ALL  NP    err  PC01  PC05  AL0_P  AL4_P  Z-M1-AL0_p  Z-M1s-AL0_p  Z-MA-AL0_p   Z-MAs-AL0_p  ALI_P  LGA_S    RMSD[L]  Z-score[M]  Z-Score[D]  Al.Res.  RMSD[D]  MolPrb_Score  LDDT    SphGr     CAD_AA  RPF     CODM    DFM     Handed.  SOV     CE      QCS     CONTS   TMscore  Dali(raw)  FlexE    QSE      CAD_SS    MolPrb_clash  MolPrb_rotout  MolPrb_ramout  MolPrb_ramfv 

-    Starting model      -       66.74    -       -     -         -          -         -          45.13    -             20.15    -        3.08     3.86     -     -    -     -     -      -      -           -            -            -            -      -        -        6.96        14.00       114      2.80     0.82          0.61    81.36     0.62    0.67    0.94    0.23    0.90     82.50   6.11    90.46   78.36   0.74     734.40     3.28     -        -         -             -              -              -            

1    R0968s1TS086_1      086     78.81    100.00  1     1.76      N/A        1.86      N/A        60.59    N/A           34.84    53.14    2.707    3.338    118   1    0     0     81.36  90.68  1.57        N/A          1.47         N/A          90.68  86.132   1.58     7.47        16.2        113      2.1      0.82          0.68    84.75     0.68    0.72    0.95    0.22    0.92     79.60   6.23    92.94   80.71   0.83    838.10     4.09     N/A      0.43      1.10          0.00          0.00           100.00       
2    R0968s1TS425_1      425     78.18    100.00  2     1.69      N/A        1.78      N/A        60.17    N/A           33.00    51.71    2.846    3.527    118   0    0     0     82.20  92.37  1.64        N/A          1.54         N/A          92.37  86.017   1.55     7.16        15.8        111      2        0.69          0.66    80.08     0.66    0.70    0.94    0.23    0.91     79.20   6.23    92.67   80.02   0.82    818.10     4.96     N/A      0.42      0.55          0.00          0.00           99.14        
3    R0968s1TS086_5      086     75.42    100.00  3     N/A       N/A        1.43      N/A        53.81    N/A           29.50    46.45    2.427    3.193    118   0    0     0     83.90  90.68  N/A         N/A          1.67         N/A          90.68  85.604   1.82     7.27        15.6        117      2.3      0.50          0.67    86.02     0.67    0.74    0.96    0.20    0.92     83.00   6.11    92.30   81.74   0.81    809.70     3.07     N/A      0.44      0.00          0.00          0.00           100.00       
4    R0968s1TS425_5      425     75.00    100.00  4     N/A       N/A        1.38      N/A        54.66    N/A           30.50    47.11    2.903    3.545    118   0    0     0     82.20  88.98  N/A         N/A          1.54         N/A          88.98  84.66    1.66     7.58        15.5        113      2.1      0.69          0.66    79.24     0.66    0.71    0.93    0.24    0.91     79.80   6.23    91.62   80.25   0.81    803.70     4.72     88.01    0.40      0.55          0.00          0.00           99.14        
5    R0968s1TS425_2      425     74.79    100.00  5     N/A       N/A        1.35      N/A        54.87    N/A           30.95    47.74    2.977    3.579    118   0    0     0     80.51  89.83  N/A         N/A          1.40         N/A          89.83  83.567   1.73     7.58        15.2        112      2        0.69          0.65    78.81     0.66    0.71    0.93    0.25    0.91     78.20   6.11    90.97   79.58   0.80    790.70     4.98     88.29    0.40      0.55          0.00          0.00           99.14        
6    R0968s1TS425_3      425     74.58    100.00  6     N/A       N/A        1.33      N/A        54.66    N/A           27.38    46.24    2.942    3.611    118   0    0     0     79.66  90.68  N/A         N/A          1.34         N/A          90.68  83.448   1.75     7.27        15.1        113      2.2      0.82          0.64    79.66     0.65    0.71    0.93    0.26    0.91     77.60   6.23    91.11   79.53   0.80    788.90     4.68     86.43    0.38      1.10          0.00          0.00           100.00       
7    R0968s1TS086_2      086     73.94    100.00  7     N/A       N/A        1.25      N/A        54.02    N/A           30.27    47.09    2.873    3.532    118   0    0     0     77.97  86.44  N/A         N/A          1.20         N/A          86.44  81.448   1.68     7.37        15.2        113      2.3      0.69          0.65    81.78     0.66    0.72    0.94    0.23    0.91     78.30   6.11    91.49   80.76   0.80    789.40     3.97     86.19    0.40      0.55          0.00          0.00           99.14        
8    R0968s1TS068_2      068     73.31    100.00  8     N/A       N/A        1.17      N/A        51.91    N/A           23.69    42.44    2.885    3.696    118   0    0     0     76.27  88.14  N/A         N/A          1.07         N/A          88.14  81.924   1.85     7.37        15.2        114      2.4      0.50          0.63    84.75     0.63    0.69    0.95    0.20    0.91     78.40   5.99    92.10   80.82   0.78    791.30     3.10     87.41    0.38      0.00          0.00          0.00           98.28        
9    R0968s1TS356_3      356     73.09    100.00  9     N/A       N/A        1.14      N/A        52.12    N/A           22.66    40.54    2.837    3.59     118   0    0     0     75.42  86.44  N/A         N/A          1.00         N/A          86.44  78.936   1.86     6.85        14          117      2.9      0.50          0.61    78.81     0.63    0.67    0.95    0.23    0.91     78.90   5.86    90.65   77.94   0.78    735.90     3.57     88.93    0.37      0.00          0.00          0.86           98.28        
10   R0968s1TS356_1      356     72.25    100.00  10    0.98      N/A        1.03      N/A        51.91    N/A           28.47    41.65    2.855    3.551    118   0    0     0     75.42  89.83  1.08        N/A          1.00         N/A          89.83  75.804   2.04     7.16        14.5        115      2.7      0.50          0.63    84.32     0.66    0.69    0.95    0.22    0.91     77.10   5.86    90.75   78.66   0.78    758.80     3.49     89.52    0.45      0.00          0.00          0.00           98.28        
11   R0968s1TS117_2      117     71.82    100.00  11    N/A       N/A        0.98      N/A        49.58    N/A           22.83    41.53    2.679    3.435    118   0    0     0     77.97  93.22  N/A         N/A          1.20         N/A          93.22  81.886   1.85     7.78        14.7        114      2.4      3.76          0.62    81.36     0.60    0.70    0.95    0.24    0.91     70.10   5.86    91.57   77.93   0.79    769.70     4.14     86.07    0.33      77.01         13.13         3.45           89.66        
12   R0968s1TS112_2      112     71.61    100.00  12    N/A       N/A        0.95      N/A        50.21    N/A           25.27    43.36    3.129    3.923    118   0    0     0     76.27  88.98  N/A         N/A          1.07         N/A          88.98  78.101   1.94     7.47        14.1        117      3        1.41          0.61    82.20     0.63    0.67    0.95    0.21    0.91     78.00   5.99    91.24   77.69   0.78    741.60     3.68     86.27    0.38      1.10          2.02          0.86           94.83        
13   R0968s1TS117_1      117     71.40    100.00  13    0.88      N/A        0.93      N/A        49.79    N/A           23.82    40.23    2.796    3.397    118   1    0     0     72.03  90.68  0.80        N/A          0.73         N/A          90.68  78.279   1.95     7.27        14.3        114      2.5      4.07          0.60    82.20     0.60    0.69    0.95    0.22    0.91     66.90   6.11    90.88   75.89   0.77    750.10     4.29     84.60    0.35      79.76         28.28         5.17           87.93        
14   R0968s1TS425_4      425     70.97    100.00  14    N/A       N/A        0.87      N/A        49.79    N/A           28.06    43.44    2.857    3.629    118   0    0     0     78.81  88.14  N/A         N/A          1.27         N/A          88.14  79.569   1.81     7.16        14.6        114      2.7      0.50          0.65    83.05     0.67    0.73    0.95    0.21    0.91     82.90   6.11    89.67   79.69   0.78    764.30     3.42     85.00    0.43      0.00          0.00          0.00           98.28        
15   R0968s1TS270_4      270     70.55    100.00  15    N/A       N/A        0.82      N/A        49.37    N/A           24.10    40.79    3.505    4.219    118   0    0     0     77.97  87.29  N/A         N/A          1.20         N/A          87.29  74.198   1.98     6.85        13.1        113      2.8      0.50          0.59    77.12     0.61    0.65    0.91    0.27    0.90     82.70   5.86    89.93   77.14   0.76    693.60     4.23     N/A      0.34      0.00          0.00          0.00           100.00       
16   R0968s1TS068_4      068     70.55    100.00  15    N/A       N/A        0.82      N/A        48.94    N/A           25.14    40.76    2.937    3.681    118   0    0     0     76.27  88.98  N/A         N/A          1.07         N/A          88.98  76.748   1.98     7.37        15.1        114      2.6      0.99          0.64    86.02     0.64    0.70    0.95    0.21    0.91     78.40   6.11    92.14   80.84   0.77    785.20     3.17     86.74    0.37      2.20          0.00          0.86           98.28        
17   R0968s1TS174_3      174     70.13    100.00  17    N/A       N/A        0.77      N/A        48.73    N/A           22.85    41.02    2.864    3.661    118   0    0     0     72.88  89.83  N/A         N/A          0.80         N/A          89.83  79.661   1.91     7.47        14.8        114      2.6      1.12          0.63    83.47     0.64    0.70    0.95    0.22    0.90     79.10   6.11    91.56   79.97   0.77    770.70     3.16     N/A      0.37      3.30          0.00          0.00           99.14        
18   R0968s1TS270_1      270     69.92    100.00  18    0.71      N/A        0.74      N/A        48.52    N/A           23.53    39.50    3.125    3.866    118   0    0     0     71.19  86.44  0.73        N/A          0.67         N/A          86.44  73.023   2.04     6.85        13.6        114      2.8      0.50          0.61    80.51     0.64    0.66    0.94    0.26    0.90     82.90   5.86    89.52   77.53   0.75    716.70     3.80     N/A      0.37      0.00          0.00          0.00           99.14        
19   R0968s1TS457_2      457     69.49    100.00  19    N/A       N/A        0.69      N/A        47.45    N/A           25.47    40.54    2.909    3.71     118   0    0     0     72.88  88.14  N/A         N/A          0.80         N/A          88.14  68.724   2.07     6.96        14.1        114      2.7      0.69          0.62    83.05     0.65    0.69    0.94    0.24    0.91     82.50   5.86    89.07   78.88   0.76    739.80     3.46     88.85    0.38      0.55          0.00          0.00           98.28        
20   R0968s1TS086_3      086     69.49    100.00  19    N/A       N/A        0.69      N/A        48.30    N/A           25.77    40.54    3.044    3.765    118   0    0     0     73.73  89.83  N/A         N/A          0.87         N/A          89.83  78.126   2.03     7.27        13.4        111      2.4      0.80          0.61    78.81     0.64    0.68    0.93    0.29    0.90     77.60   5.73    89.27   77.39   0.76    709.90     4.56     N/A      0.38      0.55          0.00          0.00           97.41        
21   R0968s1TS457_4      457     69.28    100.00  21    N/A       N/A        0.66      N/A        47.24    N/A           25.57    40.74    2.864    3.673    118   0    0     0     72.88  87.29  N/A         N/A          0.80         N/A          87.29  69.202   2.08     7.16        14.2        114      2.6      0.50          0.62    83.47     0.65    0.69    0.94    0.24    0.91     82.50   5.86    89.30   79.13   0.77    745.50     3.29     89.04    0.37      0.00          0.00          0.00           98.28        
22   R0968s1TS156_3      156s    69.07    100.00  22    N/A       N/A        0.63      2.16       47.88    N/A           23.56    37.36    3.547    4.179    118   0    0     0     62.71  85.59  N/A         N/A          -0.00        -0.43        85.59  71.05    2.01     7.47        14.3        113      2.8      0.69          0.62    82.63     0.63    0.69    0.94    0.25    0.89     77.90   6.11    91.63   79.82   0.74    749.30     3.36     85.83    0.38      0.55          0.00          0.00           98.28        
23   R0968s1TS174_1      174     69.07    100.00  22    0.61      N/A        0.63      N/A        47.24    N/A           22.46    39.66    2.903    3.712    118   0    0     0     72.03  89.83  0.80        N/A          0.73         N/A          89.83  76.721   2.00     7.27        14.6        114      2.6      1.26          0.62    84.32     0.63    0.69    0.95    0.22    0.90     78.40   6.11    91.22   79.97   0.76    763.70     3.13     N/A      0.38      4.95          0.00          0.00           99.14        
24   R0968s1TS457_3      457     69.07    100.00  22    N/A       N/A        0.63      N/A        47.03    N/A           23.82    39.61    2.851    3.648    118   0    0     0     74.58  89.83  N/A         N/A          0.93         N/A          89.83  67.126   2.04     7.06        14.3        114      2.6      0.50          0.63    85.59     0.65    0.70    0.94    0.24    0.91     82.50   5.86    89.08   78.96   0.76    747.90     3.35     88.87    0.39      0.00          0.00          0.00           98.28        
25   R0968s1TS457_1      457     68.86    100.00  25    0.58      N/A        0.61      N/A        47.46    N/A           25.62    41.11    3.078    3.922    118   0    0     0     74.58  88.14  1.01        N/A          0.93         N/A          88.14  70.911   2.07     6.96        13.9        114      2.8      0.50          0.62    83.90     0.64    0.69    0.94    0.25    0.91     82.50   5.86    88.42   78.52   0.76    729.40     3.68     88.26    0.38      0.00          0.00          0.00           98.28        
26   R0968s1TS270_5      270     68.86    100.00  25    N/A       N/A        0.61      N/A        47.67    N/A           22.48    38.15    3.338    4.041    118   0    0     0     70.34  85.59  N/A         N/A          0.60         N/A          85.59  72.721   2.07     6.34        13.4        114      3        0.69          0.60    81.36     0.63    0.66    0.94    0.25    0.89     82.90   5.73    89.51   77.12   0.74    710.40     3.93     N/A      0.36      0.55          0.00          0.00           98.28        
27   R0968s1TS174_4      174     68.86    100.00  25    N/A       N/A        0.61      N/A        47.03    N/A           22.59    40.04    2.896    3.709    118   0    0     0     72.03  90.68  N/A         N/A          0.73         N/A          90.68  77.843   1.98     7.27        14.6        114      2.6      1.52          0.61    83.90     0.64    0.69    0.95    0.21    0.90     78.40   6.11    91.27   80.11   0.76    764.60     3.21     N/A      0.38      9.90          1.01          0.00           100.00       
28   R0968s1TS190_5      190     68.64    100.00  28    N/A       N/A        0.58      N/A        47.46    N/A           24.55    40.18    3.196    3.936    118   0    0     0     76.27  88.14  N/A         N/A          1.07         N/A          88.14  73.143   2.10     6.96        13.7        113      2.9      1.42          0.62    82.63     0.63    0.67    0.94    0.23    0.90     82.20   5.73    90.37   76.75   0.76    723.10     3.59     36.17    0.37      7.70          1.01          0.00           100.00       
29   R0968s1TS356_4      356     68.64    100.00  28    N/A       N/A        0.58      N/A        46.82    N/A           21.67    36.89    3.037    3.803    118   0    0     0     73.73  86.44  N/A         N/A          0.87         N/A          86.44  65.248   2.11     6.65        13.1        117      3        0.50          0.58    77.54     0.61    0.65    0.94    0.27    0.90     79.60   5.86    88.59   74.30   0.75    692.90     4.03     87.97    0.36      0.00          0.00          0.00           98.28        
30   R0968s1TS156_5      156s    68.64    100.00  28    N/A       N/A        0.58      1.79       48.30    N/A           25.07    39.97    2.864    3.503    118   0    0     0     72.88  88.98  N/A         N/A          0.80         1.17         88.98  76.188   2.02     7.27        14.8        114      2.6      0.69          0.64    88.56     0.66    0.71    0.95    0.18    0.91     86.70   5.99    92.56   81.74   0.76    773.40     2.86     87.80    0.41      0.55          0.00          0.00           99.14        
31   R0968s1TS433_3      433     68.64    100.00  28    N/A       N/A        0.58      N/A        47.46    N/A           0.00     24.64    3.011    2.939    118   0    0     0     72.88  85.59  N/A         N/A          0.80         N/A          85.59  72.06    1.97     6.85        14.2        114      2.7      6.00          0.19    59.50     0.47    0.16    0.94    0.22    0.90     82.50   6.11    91.11   78.84   0.75    744.70     3.25     N/A      0.00      1.65          N/A           0.00           97.41        
32   R0968s1TS356_2      356     68.22    100.00  32    N/A       N/A        0.52      N/A        46.82    N/A           21.36    38.18    3.099    3.836    118   0    0     0     66.95  85.59  N/A         N/A          0.33         N/A          85.59  73.539   2.07     7.06        14.2        114      2.8      0.50          0.61    83.90     0.64    0.68    0.94    0.22    0.90     79.80   6.11    91.52   78.80   0.75    744.50     3.44     88.61    0.36      0.00          0.00          0.00           99.14        
33   R0968s1TS174_5      174     67.80    100.00  33    N/A       N/A        0.47      N/A        45.34    N/A           20.72    38.00    2.998    3.853    118   0    0     0     70.34  90.68  N/A         N/A          0.60         N/A          90.68  78.306   2.03     7.58        14.6        114      2.6      1.86          0.62    85.59     0.64    0.70    0.95    0.23    0.90     83.60   6.11    91.86   81.25   0.76    765.30     2.97     N/A      0.35      1.10          7.07          0.86           93.97        
34   R0968s1TS433_1      433     67.80    100.00  33    0.46      N/A        0.47      N/A        46.19    N/A           0.00     24.02    3.038    2.967    118   0    0     0     64.41  84.75  0.17        N/A          0.13         N/A          84.75  70.473   2.09     6.44        14.1        114      2.7      6.00          0.19    59.50     0.47    0.16    0.94    0.22    0.90     82.50   6.11    90.89   79.29   0.74    741.70     3.21     N/A      0.00      0.00          N/A           0.00           97.41        
35   R0968s1TS312_4      312s    67.58    100.00  35    N/A       N/A        0.44      0.85       47.03    N/A           20.04    35.28    3.707    4.259    118   0    0     0     72.03  85.59  N/A         N/A          0.73         1.03         85.59  70.363   2.20     7.16        12.9        111      2.7      3.09          0.61    79.24     0.62    0.69    0.92    0.26    0.89     78.40   5.73    89.95   76.12   0.72    687.50     4.78     31.83    0.36      47.83         4.04          2.59           92.24        
36   R0968s1TS156_1      156s    67.58    100.00  35    0.43      1.17       0.44      0.85       46.82    1.39          23.27    37.99    3.004    3.746    118   0    0     0     66.10  86.44  0.31        0.15         0.27         0.10         86.44  74.077   2.09     7.16        14.4        116      2.8      0.50          0.62    86.44     0.64    0.69    0.95    0.18    0.90     85.30   6.11    91.79   80.89   0.75    752.70     2.87     86.61    0.38      0.00          0.00          0.00           98.28        
37   R0968s1TS460_3      460     67.37    100.00  37    N/A       N/A        0.42      N/A        44.92    N/A           19.21    36.62    3.03     3.809    118   0    0     0     67.80  88.98  N/A         N/A          0.40         N/A          88.98  69.221   2.06     7.06        13.8        114      2.8      1.77          0.60    82.63     0.62    0.67    0.94    0.23    0.90     83.00   5.73    90.53   77.30   0.74    728.60     3.65     76.51    0.33      10.45         2.02          0.86           98.28        
38   R0968s1TS460_2      460     67.37    100.00  37    N/A       N/A        0.42      N/A        45.13    N/A           19.21    36.54    3.031    3.811    118   0    0     0     71.19  88.14  N/A         N/A          0.67         N/A          88.14  71.275   2.08     7.27        13.8        114      2.8      1.77          0.60    82.63     0.62    0.67    0.94    0.23    0.90     83.00   5.73    90.48   77.14   0.74    727.00     3.66     76.46    0.34      10.45         2.02          0.86           98.28        
39   R0968s1TS068_3      068     67.37    100.00  37    N/A       N/A        0.42      N/A        46.61    N/A           22.44    38.37    3.189    3.934    118   0    0     0     61.02  88.98  N/A         N/A          -0.13        N/A          88.98  72.701   2.10     7.06        14.4        114      2.7      0.82          0.61    83.90     0.62    0.67    0.94    0.21    0.90     79.20   5.73    91.95   79.82   0.74    752.20     3.07     84.60    0.37      1.10          0.00          0.00           98.28        
40   R0968s1TS460_1      460     67.16    100.00  40    0.38      N/A        0.39      N/A        44.70    N/A           19.39    36.44    3.03     3.807    118   0    0     0     69.49  87.29  0.59        N/A          0.53         N/A          87.29  71.536   2.03     7.06        13.9        114      2.8      1.79          0.60    82.63     0.62    0.67    0.94    0.23    0.90     83.00   5.73    90.56   77.44   0.74    729.90     3.62     76.58    0.34      11.00         2.02          0.86           98.28        
41   R0968s1TS217_2      217     67.16    100.00  40    N/A       N/A        0.39      N/A        45.34    N/A           19.45    36.62    3.114    3.921    118   0    0     0     70.34  84.75  N/A         N/A          0.60         N/A          84.75  71.931   1.94     6.44        13.3        111      2.7      3.50          0.50    80.93     0.57    0.69    0.93    0.26    0.90     66.20   5.99    90.13   76.90   0.74    702.30     3.70     81.40    0.31      160.88        2.02          3.45           87.93        
42   R0968s1TS156_2      156s    67.16    100.00  40    N/A       N/A        0.39      0.48       46.61    N/A           23.77    38.02    3.438    4.068    118   0    0     0     66.10  86.44  N/A         N/A          0.27         0.10         86.44  72.625   2.16     6.96        14          113      2.8      0.69          0.62    82.63     0.63    0.68    0.93    0.25    0.89     77.10   6.11    91.16   78.94   0.74    735.40     3.42     84.56    0.38      0.55          0.00          0.00           98.28        
43   R0968s1TS270_3      270     67.16    100.00  40    N/A       N/A        0.39      N/A        45.76    N/A           20.64    36.10    3.091    3.871    118   0    0     0     67.80  86.44  N/A         N/A          0.40         N/A          86.44  69.344   2.10     6.96        13.9        114      2.8      1.04          0.59    81.78     0.62    0.67    0.94    0.23    0.90     82.50   6.11    90.34   77.96   0.74    731.60     3.41     N/A      0.33      0.55          0.00          0.86           94.83        
44   R0968s1TS460_4      460     67.16    100.00  40    N/A       N/A        0.39      N/A        44.92    N/A           18.73    36.30    3.033    3.813    118   0    0     0     70.34  86.44  N/A         N/A          0.60         N/A          86.44  71.096   2.07     7.27        13.7        114      2.8      1.75          0.60    82.63     0.62    0.67    0.94    0.23    0.90     83.00   5.73    90.43   76.94   0.74    724.50     3.68     76.41    0.34      9.90          2.02          0.86           98.28        
45   R0968s1TS460_5      460     67.16    100.00  40    N/A       N/A        0.39      N/A        44.92    N/A           18.92    36.51    3.03     3.806    118   0    0     0     70.34  87.29  N/A         N/A          0.60         N/A          87.29  71.54    2.03     7.06        13.9        114      2.8      1.83          0.60    82.63     0.62    0.68    0.94    0.23    0.90     83.00   5.73    90.59   77.52   0.74    731.00     3.61     76.63    0.34      12.09         2.02          0.86           98.28        
46   R0968s1TS004_1      004s    67.16    100.00  40    0.38      0.81       0.39      0.48       45.55    0.38          20.35    36.15    3.073    3.863    118   0    0     0     60.17  86.44  -0.18       -1.22        -0.20        -0.83        86.44  70.364   2.08     6.96        13.8        114      2.8      0.50          0.61    83.05     0.63    0.68    0.94    0.22    0.90     83.00   6.11    90.43   78.15   0.74    726.30     3.34     83.05    0.35      0.00          1.01          0.00           99.14        
47   R0968s1TS281_1      281     66.95    100.00  47    0.35      N/A        0.36      N/A        46.82    N/A           18.62    35.78    3.323    3.955    118   0    0     0     55.93  87.29  -0.53       N/A          -0.54        N/A          87.29  70.073   1.98     6.85        13.4        114      2.9      1.71          0.57    80.08     0.62    0.67    0.93    0.26    0.89     70.60   5.60    90.20   75.38   0.73    708.00     4.27     80.55    0.35      15.95         0.00          0.00           99.14        
48   R0968s1TS457_5      457     66.95    100.00  47    N/A       N/A        0.36      N/A        45.55    N/A           20.09    36.34    3.084    3.864    118   0    0     0     70.34  86.44  N/A         N/A          0.60         N/A          86.44  70.095   2.01     6.96        14          114      2.8      1.65          0.60    81.36     0.62    0.67    0.94    0.23    0.90     82.50   6.11    90.33   77.93   0.74    734.50     3.31     88.85    0.34      7.70          0.00          0.00           96.55        
49   R0968s1TS433_5      433     66.95    100.00  47    N/A       N/A        0.36      N/A        45.97    N/A           0.00     23.07    3.113    3.043    118   0    0     0     60.17  86.44  N/A         N/A          -0.20        N/A          86.44  71.216   2.10     6.54        13.8        114      2.9      6.00          0.19    59.50     0.47    0.16    0.94    0.23    0.90     82.50   6.11    90.22   78.58   0.73    725.80     3.32     N/A      0.00      0.00          N/A           0.00           98.28        
50   R0968s1TS431_5      431     66.74    100.00  50    N/A       N/A        0.34      N/A        45.55    N/A           22.50    36.89    3.073    3.657    118   0    0     0     61.02  86.44  N/A         N/A          -0.13        N/A          86.44  68.613   2.15     6.85        13.5        114      2.8      1.49          0.59    86.44     0.64    0.68    0.95    0.22    0.90     76.80   6.11    89.48   75.80   0.74    715.20     4.02     80.90    0.39      0.00          10.10         0.00           96.55        
51   R0968s1TS190_1      190     66.74    100.00  50    0.33      N/A        0.34      N/A        45.13    N/A           19.58    35.65    3.11     3.871    118   0    0     0     67.80  84.75  0.45        N/A          0.40         N/A          84.75  69.146   2.11     6.85        13.8        114      2.8      1.58          0.60    81.36     0.62    0.67    0.94    0.23    0.90     78.70   6.11    90.53   77.43   0.73    727.50     3.50     88.47    0.34      11.55         0.00          0.00           100.00       
52   R0968s1TS358_2      358     66.74    100.00  50    N/A       N/A        0.34      N/A        46.40    N/A           19.73    36.88    2.992    3.762    118   0    0     0     64.41  86.44  N/A         N/A          0.13         N/A          86.44  69.532   2.09     6.96        13.8        114      2.7      2.05          0.57    81.36     0.62    0.68    0.94    0.22    0.89     76.80   6.11    90.55   79.13   0.74    724.60     3.39     82.80    0.34      37.40         0.00          0.00           99.14        
53   R0968s1TS358_5      358     66.74    100.00  50    N/A       N/A        0.34      N/A        44.70    N/A           20.22    35.97    3.229    3.885    118   0    0     0     63.56  85.59  N/A         N/A          0.07         N/A          85.59  68.527   2.03     6.44        13.1        114      2.9      2.27          0.58    86.44     0.63    0.69    0.94    0.25    0.89     75.10   5.86    89.77   78.48   0.72    692.80     3.36     80.90    0.37      47.30         0.00          0.00           97.41        
54   R0968s1TS217_1      217     66.74    100.00  50    0.33      N/A        0.34      N/A        44.49    N/A           19.74    37.27    3.079    3.928    118   0    0     0     63.56  84.75  0.10        N/A          0.07         N/A          84.75  69.54    2.11     6.44        13.3        110      2.6      3.51          0.46    79.66     0.59    0.69    0.93    0.28    0.90     80.60   6.11    90.38   77.49   0.74    703.60     3.91     84.32    0.33      147.03        2.02          2.59           85.34        
55   R0968s1TS174_2      174     66.74    100.00  50    N/A       N/A        0.34      N/A        45.13    N/A           20.15    36.50    3.084    3.863    118   0    0     0     70.34  85.59  N/A         N/A          0.60         N/A          85.59  70.571   2.04     6.96        14          114      2.8      0.82          0.61    81.36     0.62    0.67    0.94    0.23    0.90     82.50   6.11    90.46   78.36   0.74    734.40     3.28     N/A      0.34      1.10          0.00          0.00           98.28        
56   R0968s1TS390_5      390     66.53    100.00  56    N/A       N/A        0.31      N/A        45.55    N/A           18.38    33.76    3.33     4.056    118   0    0     0     53.39  84.75  N/A         N/A          -0.74        N/A          84.75  64.647   2.16     7.06        13.7        114      3        0.50          0.60    80.08     0.62    0.67    0.94    0.24    0.89     82.50   5.73    89.97   77.85   0.72    724.10     3.32     83.84    0.34      0.00          0.00          0.00           98.28        
57   R0968s1TS196_5      196     66.53    100.00  56    N/A       N/A        0.31      N/A        44.28    N/A           21.27    35.21    3.107    3.884    118   3    0     0     66.95  86.44  N/A         N/A          0.33         N/A          86.44  68.426   2.07     6.85        13.4        114      2.8      1.04          0.58    79.66     0.59    0.65    0.94    0.23    0.90     70.00   6.11    88.59   74.25   0.73    707.70     4.07     87.60    0.33      0.00          1.01          0.86           90.52        
58   R0968s1TS196_4      196     66.53    100.00  56    N/A       N/A        0.31      N/A        44.49    N/A           21.67    34.82    3.134    3.911    118   4    0     0     66.10  87.29  N/A         N/A          0.27         N/A          87.29  67.201   2.08     7.06        13.3        114      2.9      1.22          0.58    79.24     0.59    0.65    0.94    0.23    0.90     70.00   5.99    88.42   73.88   0.73    703.50     4.26     86.85    0.34      0.55          1.01          0.86           90.52        
59   R0968s1TS190_3      190     66.53    100.00  56    N/A       N/A        0.31      N/A        44.28    N/A           21.65    37.97    3.163    3.984    118   0    0     0     72.88  88.98  N/A         N/A          0.80         N/A          88.98  71.421   2.14     7.37        13.5        114      2.9      1.26          0.60    81.78     0.62    0.66    0.94    0.23    0.90     84.30   5.73    90.43   77.43   0.75    711.40     3.57     39.29    0.36      4.95          1.01          0.00           98.28        
60   R0968s1TS433_2      433     66.53    100.00  56    N/A       N/A        0.31      N/A        45.13    N/A           0.00     23.03    3.133    3.062    118   0    0     0     59.32  85.59  N/A         N/A          -0.27        N/A          85.59  72.195   2.05     6.44        13.9        114      2.9      6.00          0.19    59.21     0.47    0.16    0.94    0.24    0.90     82.50   6.11    90.45   78.85   0.73    730.50     3.25     N/A      0.00      0.00          N/A           0.00           98.28        
61   R0968s1TS312_3      312s    66.53    100.00  56    N/A       N/A        0.31      -0.08      45.98    N/A           20.39    35.52    3.733    4.215    118   0    0     0     68.64  83.05  N/A         N/A          0.47         0.50         83.05  65.675   2.25     6.96        13.1        111      2.7      2.30          0.60    81.78     0.62    0.69    0.92    0.26    0.89     78.10   5.73    89.92   75.99   0.72    692.50     4.79     31.67    0.35      39.58         1.01          0.00           96.55        
62   R0968s1TS312_5      312s    66.31    100.00  62    N/A       N/A        0.28      -0.27      45.77    N/A           20.73    35.35    3.775    4.32     118   0    0     0     72.88  85.59  N/A         N/A          0.80         1.17         85.59  70.831   2.23     7.06        13.1        111      2.7      2.63          0.61    81.78     0.63    0.69    0.92    0.25    0.88     78.40   5.73    90.11   76.71   0.72    696.10     4.63     32.00    0.37      37.38         4.04          1.72           97.41        
63   R0968s1TS312_2      312s    66.31    100.00  62    N/A       N/A        0.28      -0.27      46.19    N/A           20.92    35.32    3.762    4.334    118   0    0     0     72.88  85.59  N/A         N/A          0.80         1.17         85.59  70.388   2.23     6.96        13          111      2.7      2.93          0.60    77.97     0.63    0.69    0.92    0.26    0.88     78.40   5.73    89.94   76.13   0.72    688.90     4.86     32.08    0.37      53.88         3.03          1.72           94.83        
64   R0968s1TS358_3      358     66.31    100.00  62    N/A       N/A        0.28      N/A        44.70    N/A           19.39    35.65    3.107    3.851    118   0    0     0     55.08  88.14  N/A         N/A          -0.60        N/A          88.14  66.237   2.17     6.96        13.9        114      2.8      2.02          0.58    84.75     0.63    0.70    0.94    0.22    0.89     76.80   6.11    90.78   79.45   0.73    733.00     3.34     82.09    0.35      34.10         0.00          0.00           99.14        
65   R0968s1TS358_1      358     66.31    100.00  62    0.28      N/A        0.28      N/A        45.77    N/A           17.91    34.70    3.094    3.862    118   0    0     0     59.32  87.29  -0.25       N/A          -0.27        N/A          87.29  72.735   2.08     6.96        13.7        114      2.8      2.08          0.57    82.20     0.62    0.69    0.94    0.23    0.89     76.80   5.73    90.80   79.31   0.73    724.30     3.34     82.24    0.33      40.15         0.00          0.00           99.14        
66   R0968s1TS344_1      344     66.31    100.00  62    0.28      N/A        0.28      N/A        44.07    N/A           20.26    35.02    3.112    4.015    118   5    0     0     67.80  85.59  0.45        N/A          0.40         N/A          85.59  69.715   2.08     7.06        13.7        114      2.8      1.19          0.59    77.12     0.59    0.66    0.94    0.25    0.90     79.90   6.11    89.97   76.78   0.73    723.60     3.70     81.50    0.33      0.00          1.01          0.86           83.62        
67   R0968s1TS217_3      217     66.31    100.00  62    N/A       N/A        0.28      N/A        44.07    N/A           18.75    34.71    3.213    4.033    118   0    0     0     60.17  85.59  N/A         N/A          -0.20        N/A          85.59  67.139   2.09     6.85        13.2        112      2.8      3.72          0.52    78.81     0.59    0.68    0.93    0.25    0.89     75.10   5.86    89.03   76.21   0.72    697.30     4.32     83.44    0.31      191.08        3.03          2.59           87.07        
68   R0968s1TS086_4      086     66.31    100.00  62    N/A       N/A        0.28      N/A        44.28    N/A           24.02    38.08    3.245    3.999    118   0    0     0     71.19  83.05  N/A         N/A          0.67         N/A          83.05  69.65    1.99     6.65        12.7        113      3        0.80          0.62    84.32     0.65    0.70    0.93    0.24    0.90     82.90   5.86    86.57   77.33   0.74    678.30     3.86     N/A      0.40      0.55          0.00          0.00           97.41        
69   R0968s1TS270_2      270     66.31    100.00  62    N/A       N/A        0.28      N/A        43.64    N/A           20.13    36.53    3.091    3.876    118   0    0     0     71.19  87.29  N/A         N/A          0.67         N/A          87.29  70.349   2.01     7.27        13.5        114      2.7      1.26          0.58    79.24     0.62    0.65    0.94    0.24    0.90     82.90   6.11    90.15   75.87   0.74    713.50     3.79     N/A      0.33      1.65          2.02          1.72           97.41        
70   R0968s1TS217_5      217     66.10    100.00  70    N/A       N/A        0.26      N/A        44.07    N/A           19.03    36.38    3.268    4.049    118   0    0     0     67.80  83.90  N/A         N/A          0.40         N/A          83.90  67.363   1.96     6.44        12.9        112      2.9      3.36          0.45    80.51     0.59    0.70    0.93    0.25    0.90     61.50   5.73    90.32   76.65   0.73    684.50     4.26     78.74    0.30      190.97        1.01          4.31           87.07        
71   R0968s1TS102_2      102s    66.10    100.00  70    N/A       N/A        0.26      -0.46      45.12    N/A           18.49    35.30    3.178    3.92     118   0    0     0     55.08  86.44  N/A         N/A          -0.60        -1.63        86.44  68.145   2.09     6.75        13.7        114      2.9      0.69          0.60    81.78     0.62    0.67    0.94    0.23    0.89     82.50   6.11    90.53   77.99   0.73    723.20     3.30     83.77    0.33      0.55          0.00          0.00           98.28        
72   R0968s1TS102_5      102s    66.10    100.00  70    N/A       N/A        0.26      -0.46      45.34    N/A           19.01    35.08    3.168    3.917    118   0    0     0     55.08  86.44  N/A         N/A          -0.60        -1.63        86.44  68.023   2.10     6.75        13.8        114      2.9      0.69          0.60    81.78     0.62    0.67    0.94    0.23    0.89     82.50   6.11    90.51   77.99   0.73    726.00     3.30     84.47    0.33      0.55          0.00          0.00           98.28        
73   R0968s1TS196_3      196     66.10    100.00  70    N/A       N/A        0.26      N/A        43.43    N/A           22.74    35.50    3.17     3.947    118   6    0     0     68.64  87.29  N/A         N/A          0.47         N/A          87.29  64.842   2.04     7.16        13.2        114      2.9      1.31          0.58    79.24     0.58    0.65    0.94    0.23    0.89     69.10   5.99    88.21   73.53   0.73    700.10     4.40     86.21    0.34      0.55          0.00          1.72           87.07        
74   R0968s1TS281_2      281     65.89    100.00  74    N/A       N/A        0.23      N/A        45.97    N/A           18.92    33.95    3.548    4.145    118   0    0     0     55.93  85.59  N/A         N/A          -0.54        N/A          85.59  66.733   2.10     6.54        13          114      3        1.66          0.56    78.81     0.62    0.66    0.92    0.27    0.88     70.60   5.60    89.85   75.17   0.72    689.60     4.34     78.85    0.35      14.30         0.00          0.00           99.14        
75   R0968s1TS196_2      196     65.89    100.00  74    N/A       N/A        0.23      N/A        43.43    N/A           22.35    35.57    3.212    4.011    118   8    0     0     71.19  86.44  N/A         N/A          0.67         N/A          86.44  65.22    2.13     6.75        12.9        114      2.9      1.35          0.57    77.12     0.58    0.64    0.94    0.24    0.90     70.10   5.86    87.57   72.83   0.74    685.90     4.74     84.71    0.31      0.55          0.00          0.00           84.48        
76   R0968s1TS156_4      156s    65.89    100.00  74    N/A       N/A        0.23      -0.64      45.34    N/A           22.39    37.45    3.527    4.181    118   0    0     0     66.95  83.05  N/A         N/A          0.33         0.23         83.05  69.23    2.06     6.85        13.7        113      2.9      0.82          0.61    83.05     0.62    0.67    0.93    0.26    0.89     78.40   6.11    90.43   78.05   0.73    721.60     3.58     84.53    0.36      1.10          0.00          0.00           98.28        
77   R0968s1TS344_4      344     65.89    100.00  74    N/A       N/A        0.23      N/A        44.28    N/A           19.73    35.60    3.212    4.014    118   0    0     0     66.95  85.59  N/A         N/A          0.33         N/A          85.59  68.803   2.00     6.54        13.3        114      3        1.17          0.59    76.27     0.60    0.65    0.94    0.25    0.89     79.80   5.73    89.39   73.76   0.73    704.00     4.58     83.45    0.33      0.00          1.01          4.31           84.48        
78   R0968s1TS344_5      344     65.89    100.00  74    N/A       N/A        0.23      N/A        44.28    N/A           19.73    35.60    3.212    4.014    118   0    0     0     66.95  85.59  N/A         N/A          0.33         N/A          85.59  68.803   2.00     6.54        13.3        114      3        1.17          0.59    76.27     0.60    0.65    0.94    0.25    0.89     79.80   5.73    89.39   73.76   0.73    704.00     4.58     83.45    0.33      0.00          1.01          4.31           84.48        
79   R0968s1TS390_4      390     65.68    100.00  79    N/A       N/A        0.20      N/A        44.28    N/A           18.18    33.13    3.385    4.098    118   0    0     0     58.47  83.90  N/A         N/A          -0.33        N/A          83.90  61.786   2.18     7.06        13.6        114      3.1      0.50          0.60    81.78     0.62    0.68    0.94    0.24    0.89     82.50   5.73    89.92   77.93   0.71    719.60     3.31     83.79    0.33      0.00          0.00          0.00           98.28        
80   R0968s1TS217_4      217     65.68    100.00  79    N/A       N/A        0.20      N/A        43.65    N/A           18.40    33.52    3.338    4.16     118   0    0     0     64.41  81.36  N/A         N/A          0.13         N/A          81.36  64.614   1.97     6.44        12.9        111      2.9      3.74          0.47    75.85     0.57    0.69    0.93    0.27    0.89     67.00   5.99    87.86   75.02   0.71    687.80     4.47     83.02    0.31      176.02        6.06          2.59           93.10        
81   R0968s1TS102_3      102s    65.68    100.00  79    N/A       N/A        0.20      -0.83      44.49    N/A           18.79    34.29    3.193    3.942    118   0    0     0     54.24  85.59  N/A         N/A          -0.67        -1.77        85.59  67.309   2.08     6.85        13.8        114      2.9      0.69          0.60    82.20     0.62    0.67    0.94    0.23    0.89     82.50   6.11    90.20   78.00   0.72    724.60     3.31     84.45    0.33      0.55          0.00          0.00           99.14        
82   R0968s1TS102_4      102s    65.68    100.00  79    N/A       N/A        0.20      -0.83      44.06    N/A           18.05    33.01    3.401    4.122    118   0    0     0     66.10  85.59  N/A         N/A          0.27         0.10         85.59  63.164   2.18     7.06        13.5        114      3.1      0.50          0.60    81.78     0.62    0.68    0.94    0.24    0.89     82.50   5.73    89.94   77.83   0.71    714.80     3.30     83.26    0.34      0.00          0.00          0.00           98.28        
83   R0968s1TS390_3      390     65.68    100.00  79    N/A       N/A        0.20      N/A        44.28    N/A           18.07    33.82    3.36     4.024    118   0    0     0     54.24  84.75  N/A         N/A          -0.67        N/A          84.75  61.808   2.16     7.16        13.5        114      3        0.50          0.60    82.20     0.62    0.68    0.94    0.26    0.89     82.40   5.73    89.34   77.45   0.72    714.90     3.34     84.75    0.36      0.00          0.00          0.00           98.28        
84   R0968s1TS390_1      390     65.68    100.00  79    0.20      N/A        0.20      N/A        44.07    N/A           18.05    32.98    3.377    4.077    118   0    0     0     57.63  84.75  -0.39       N/A          -0.40        N/A          84.75  62.33    2.19     6.96        13.7        114      3.1      0.50          0.60    81.78     0.62    0.68    0.94    0.24    0.89     82.50   5.73    89.97   77.97   0.71    721.50     3.32     84.86    0.34      0.00          0.00          0.00           99.14        
85   R0968s1TS344_3      344     65.68    100.00  79    N/A       N/A        0.20      N/A        44.49    N/A           21.10    35.78    3.247    4.017    118   0    0     0     58.47  84.75  N/A         N/A          -0.33        N/A          84.75  66.729   2.13     6.65        13.1        114      2.9      1.66          0.57    75.00     0.61    0.66    0.94    0.29    0.89     78.90   5.99    89.78   74.82   0.73    693.60     4.23     82.95    0.35      0.00          4.04          1.72           82.76        
86   R0968s1TS344_2      344     65.47    100.00  86    N/A       N/A        0.18      N/A        44.49    N/A           22.48    34.00    3.254    3.936    118   0    0     0     58.47  84.75  N/A         N/A          -0.33        N/A          84.75  68.821   2.11     6.54        13.1        115      3        1.04          0.57    79.66     0.62    0.67    0.94    0.25    0.89     76.10   5.99    89.09   74.79   0.71    693.30     3.87     80.68    0.35      0.00          1.01          0.86           90.52        
87   R0968s1TS328_4      328     65.47    100.00  86    N/A       N/A        0.18      N/A        42.37    N/A           21.38    35.60    3.157    3.925    118   7    0     0     67.80  84.75  N/A         N/A          0.40         N/A          84.75  63.215   2.21     6.96        12.3        113      2.8      3.13          0.58    76.27     0.58    0.67    0.94    0.32    0.89     63.00   5.86    87.90   71.74   0.73    658.00     5.60     N/A      0.31      13.75         9.09          7.76           78.45        
88   R0968s1TS068_5      068     65.25    100.00  88    N/A       N/A        0.15      N/A        44.07    N/A           22.61    35.20    3.541    4.18     118   0    0     0     56.78  84.75  N/A         N/A          -0.47        N/A          84.75  64.665   2.15     6.75        13.5        114      3.2      0.82          0.61    82.63     0.63    0.68    0.93    0.24    0.89     75.60   5.73    89.84   79.00   0.71    713.50     3.28     83.10    0.40      1.10          0.00          0.86           98.28        
89   R0968s1TS190_4      190     65.25    100.00  88    N/A       N/A        0.15      N/A        44.49    N/A           22.41    36.59    3.296    4.092    118   0    0     0     65.25  83.90  N/A         N/A          0.20         N/A          83.90  70.357   2.09     6.54        13          114      3        1.42          0.59    78.81     0.62    0.65    0.94    0.24    0.90     79.40   5.73    89.49   75.19   0.73    690.30     4.10     37.49    0.37      7.70          1.01          0.00           99.14        
90   R0968s1TS190_2      190     65.25    100.00  88    N/A       N/A        0.15      N/A        42.80    N/A           22.94    35.53    3.365    4.125    118   0    0     0     63.56  86.44  N/A         N/A          0.07         N/A          86.44  66.336   2.22     7.06        13          114      3        1.47          0.60    78.39     0.63    0.66    0.94    0.23    0.89     80.00   5.73    89.01   76.75   0.72    691.30     3.73     39.77    0.38      8.80          0.00          0.00           99.14        
91   R0968s1TS068_1      068     65.25    100.00  88    0.15      N/A        0.15      N/A        44.49    N/A           20.81    34.22    3.278    4.008    118   0    0     0     69.49  83.90  0.59        N/A          0.53         N/A          83.90  67.246   2.07     6.54        13.5        114      2.9      1.03          0.61    82.20     0.64    0.68    0.94    0.23    0.89     75.00   5.99    89.24   78.81   0.72    714.50     3.28     83.82    0.38      1.65          0.00          1.72           97.41        
92   R0968s1TS312_1      312s    65.04    100.00  92    0.13      -0.99      0.12      -1.39      44.49    -0.46         20.05    34.91    3.811    4.412    118   0    0     0     72.03  85.59  0.80        1.51         0.73         1.03         85.59  68.314   2.20     6.96        13          111      2.8      2.33          0.61    78.81     0.62    0.69    0.92    0.26    0.88     78.40   5.73    90.08   76.20   0.72    690.50     4.76     32.48    0.36      42.33         1.01          1.72           96.55        
93   R0968s1TS102_1      102s    65.04    100.00  92    0.13      -0.99      0.12      -1.39      43.43    -1.31         17.89    33.12    3.371    4.088    118   0    0     0     63.56  84.75  0.10        -0.44        0.07         -0.30        84.75  63.255   2.21     6.96        13.4        114      3.1      0.50          0.60    79.66     0.61    0.67    0.94    0.24    0.89     82.50   5.73    89.47   77.38   0.71    710.00     3.38     83.82    0.33      0.00          0.00          0.00           99.14        
94   R0968s1TS390_2      390     64.41    100.00  94    N/A       N/A        0.04      N/A        43.22    N/A           17.82    32.21    3.399    4.123    118   0    0     0     55.08  86.44  N/A         N/A          -0.60        N/A          86.44  62.258   2.23     7.27        13.2        114      3.1      0.50          0.59    78.81     0.62    0.67    0.94    0.25    0.89     82.40   5.73    89.37   76.99   0.71    699.90     3.43     84.26    0.36      0.00          0.00          0.00           99.14        
95   R0968s1TS356_5      356     64.19    100.00  95    N/A       N/A        0.02      N/A        43.01    N/A           21.43    33.69    3.464    4.206    118   0    0     0     68.64  84.75  N/A         N/A          0.47         N/A          84.75  64.003   2.20     6.54        12.5        115      3.3      0.61          0.59    73.73     0.61    0.66    0.93    0.25    0.89     81.50   5.73    87.43   75.72   0.71    668.10     5.04     86.39    0.35      0.00          0.00          0.86           97.41        
96   R0968s1TS358_4      358     63.77    100.00  96    N/A       N/A        -0.04     N/A        44.49    N/A           18.70    34.46    5.503    5.841    118   0    0     0     56.78  83.90  N/A         N/A          -0.47        N/A          83.90  68.171   2.14     6.34        12.6        109      2.9      2.14          0.55    78.39     0.61    0.66    0.83    0.34    0.83     79.30   5.99    90.14   77.90   0.70    669.70     5.48     79.08    0.31      45.65         1.01          0.00           99.14        
97   R0968s1TS196_1      196     63.56    100.00  97    -0.05     N/A        -0.06     N/A        40.67    N/A           21.96    34.00    3.384    4.166    118   11   0     0     63.56  84.75  0.10        N/A          0.07         N/A          84.75  61.898   2.21     6.23        12.1        115      3.1      1.55          0.56    74.15     0.56    0.63    0.93    0.27    0.89     71.40   5.86    86.05   71.34   0.72    647.00     5.25     83.00    0.29      1.65          0.00          0.86           86.21        
98   R0968s1TS112_3      112     62.71    100.00  98    N/A       N/A        -0.17     N/A        42.37    N/A           20.39    32.15    4.213    4.739    118   0    0     0     67.80  80.51  N/A         N/A          0.40         N/A          80.51  61.226   2.25     6.44        10.5        112      3.3      0.80          0.53    77.54     0.62    0.63    0.92    0.26    0.87     87.70   5.73    87.11   74.36   0.69    576.60     4.46     83.86    0.32      0.55          0.00          0.00           97.41        
99   R0968s1TS112_5      112     62.71    100.00  98    N/A       N/A        -0.17     N/A        41.10    N/A           23.78    34.04    3.573    4.154    118   0    0     0     71.19  87.29  N/A         N/A          0.67         N/A          87.29  67.619   2.27     7.06        11.9        112      2.9      0.96          0.56    80.51     0.61    0.64    0.93    0.26    0.89     79.90   5.99    89.60   73.27   0.71    638.40     4.97     86.39    0.32      0.00          2.02          1.72           96.55        
100  R0968s1TS112_1      112     61.44    100.00  100   -0.30     N/A        -0.33     N/A        40.68    N/A           18.27    29.40    4.143    4.706    118   0    0     0     61.86  79.66  -0.04       N/A          -0.07        N/A          79.66  59.657   2.38     6.44        10.5        114      3.8      1.27          0.55    78.81     0.62    0.64    0.93    0.28    0.87     82.50   5.99    86.49   74.50   0.67    576.00     4.40     83.20    0.33      0.55          2.02          1.72           94.83        
101  R0968s1TS112_4      112     61.44    100.00  100   N/A       N/A        -0.33     N/A        41.10    N/A           16.22    25.97    4.085    4.742    118   0    0     0     52.54  73.73  N/A         N/A          -0.80        N/A          73.73  55.44    2.44     6.34        10.5        114      3.7      1.28          0.55    78.81     0.63    0.64    0.93    0.26    0.87     87.80   5.60    87.38   74.63   0.65    573.10     4.41     84.03    0.34      1.10          4.04          0.00           99.14        
102  R0968s1TS433_4      433     58.90    100.00  102   N/A       N/A        -0.65     N/A        37.29    N/A           0.00     16.80    4.159    4.115    118   0    0     0     52.54  76.27  N/A         N/A          -0.80        N/A          76.27  56.262   2.42     6.13        10.5        113      3.6      6.00          0.17    57.52     0.47    0.15    0.90    0.28    0.87     79.80   5.60    87.02   74.72   0.64    574.70     4.55     N/A      0.00      0.00          N/A           0.86           93.97        
103  R0968s1TS195_1      195     58.48    100.00  103   -0.65     N/A        -0.70     N/A        37.08    N/A           14.14    27.13    4.084    4.816    118   0    0     0     57.63  73.73  -0.39       N/A          -0.40        N/A          73.73  54.453   2.19     5.71        10.3        111      3.3      1.93          0.54    68.64     0.59    0.61    0.89    0.37    0.86     78.10   5.86    85.50   71.03   0.65    564.30     7.40     N/A      0.32      2.20          4.04          2.59           92.24        
104  R0968s1TS492_5      492     57.41    100.00  104   N/A       N/A        -0.84     N/A        35.59    N/A           16.38    28.39    4.498    4.948    118   0    0     0     50.00  78.81  N/A         N/A          -1.00        N/A          78.81  59.419   2.32     5.09        8.4         107      3.3      0.86          0.50    69.49     0.57    0.56    0.87    0.39    0.86     75.50   5.33    82.76   68.56   0.63    478.40     7.90     78.35    0.26      0.00          1.01          0.86           94.83        
105  R0968s1TS431_2      431     54.45    100.00  105   N/A       N/A        -1.21     N/A        36.02    N/A           20.29    27.83    6.007    6.505    118   0    0     0     50.85  68.64  N/A         N/A          -0.94        N/A          70.34  55.448   2.01     5.09        8.4         97       3        1.08          0.51    57.63     0.60    0.53    0.71    0.69    0.78     75.80   5.19    80.27   66.90   0.58    479.00     19.15    68.62    0.32      0.00          4.04          0.00           97.41        
106  R0968s1TS329_1      329     54.02    100.00  106   -1.18     N/A        -1.27     N/A        37.29    N/A           18.48    30.65    8.214    8.577    118   0    0     0     50.85  62.71  -0.95       N/A          -0.94        N/A          66.95  58.383   2.15     4.68        8.7         93       2.8      2.80          0.45    50.00     0.53    0.51    0.52    0.72    0.75     81.30   4.58    79.38   64.05   0.59    466.20     28.32    N/A      0.24      84.11         0.00          2.59           93.97        
107  R0968s1TS288_1      288     53.39    100.00  107   -1.25     N/A        -1.35     N/A        32.41    N/A           15.06    25.69    4.776    5.169    118   0    0     0     50.85  71.19  -0.95       N/A          -0.94        N/A          71.19  51.479   2.34     4.68        8.2         109      4        1.27          0.51    67.37     0.55    0.57    0.87    0.43    0.86     78.80   5.19    81.42   66.55   0.61    471.20     8.90     80.22    0.28      0.00          2.02          0.86           90.52        
108  R0968s1TS208_1      208     53.18    100.00  108   -1.28     N/A        -1.37     N/A        33.48    N/A           16.03    24.29    5.638    6.196    118   0    0     0     44.07  62.71  -1.51       N/A          -1.47        N/A          66.10  53.229   2.12     4.27        8.1         105      4.3      1.42          0.49    61.86     0.57    0.56    0.83    0.57    0.80     66.90   5.46    81.78   67.40   0.58    466.50     9.34     70.73    0.27      0.00          3.03          1.72           89.66        
109  R0968s1TS208_2      208     53.18    100.00  108   N/A       N/A        -1.37     N/A        34.74    N/A           14.03    26.02    5.846    6.451    118   0    0     0     54.24  65.25  N/A         N/A          -0.67        N/A          66.95  55.023   2.12     4.37        7.7         99       3.8      1.27          0.47    60.59     0.54    0.52    0.78    0.60    0.80     69.20   5.33    82.83   65.99   0.59    447.50     10.65    70.49    0.23      0.00          2.02          2.59           90.52        
110  R0968s1TS208_5      208     52.12    100.00  110   N/A       N/A        -1.51     N/A        32.84    N/A           13.06    24.51    8.019    8.296    118   0    0     0     47.46  67.80  N/A         N/A          -1.20        N/A          68.64  52.262   2.28     5.09        8.3         98       3.6      1.29          0.46    58.48     0.54    0.51    0.74    0.68    0.73     60.20   5.33    81.23   66.74   0.58    471.70     13.58    N/A      0.21      0.00          2.02          1.72           89.66        
111  R0968s1TS492_3      492     51.91    100.00  111   N/A       N/A        -1.53     N/A        32.62    N/A           12.71    23.33    6.025    6.4      118   0    0     0     45.76  68.64  N/A         N/A          -1.34        N/A          68.64  51.739   2.28     4.58        6.8         98       3.7      1.54          0.48    63.98     0.56    0.55    0.82    0.46    0.81     83.50   4.58    80.76   67.27   0.58    407.60     10.49    80.86    0.26      0.00          5.05          0.86           91.38        
112  R0968s1TS492_1      492     50.42    100.00  112   -1.61     N/A        -1.72     N/A        32.42    N/A           11.13    20.27    6.075    6.605    118   0    0     0     45.76  64.41  -1.37       N/A          -1.34        N/A          69.49  50.525   2.37     4.37        7.4         102      3.6      1.34          0.44    55.93     0.53    0.48    0.75    0.76    0.80     82.60   5.19    77.29   66.35   0.55    443.90     10.94    78.19    0.19      0.00          3.03          2.59           92.24        
113  R0968s1TS208_4      208     50.42    100.00  112   N/A       N/A        -1.72     N/A        31.36    N/A           14.16    25.22    10.2     10.322   118   0    0     0     49.15  64.41  N/A         N/A          -1.07        N/A          66.10  50.32    2.21     4.16        7.8         96       3.5      1.35          0.46    53.81     0.55    0.51    0.65    0.80    0.66     67.70   5.19    80.91   64.86   0.57    450.30     24.69    N/A      0.23      1.10          1.01          1.72           90.52        
114  R0968s1TS288_5      288     50.21    100.00  114   N/A       N/A        -1.75     N/A        30.72    N/A           8.56     19.47    6.066    6.657    118   0    0     0     35.59  63.56  N/A         N/A          -2.14        N/A          63.56  47.709   2.07     3.65        5.8         93       4        1.15          0.45    54.66     0.53    0.50    0.77    0.63    0.81     81.90   4.58    78.49   64.69   0.55    357.60     10.14    79.40    0.20      0.00          5.05          0.86           97.41        
115  R0968s1TS208_3      208     50.00    100.00  115   N/A       N/A        -1.78     N/A        31.36    N/A           13.48    23.15    9.215    9.418    118   0    0     0     45.76  63.56  N/A         N/A          -1.34        N/A          64.41  46.896   2.20     3.85        8           98       3.5      1.06          0.45    54.66     0.54    0.50    0.74    0.76    0.66     72.30   5.46    81.25   65.93   0.57    436.80     16.83    64.60    0.23      0.00          1.01          1.72           89.66        
116  R0968s1TS328_5      328     49.79    100.00  116   N/A       N/A        -1.80     N/A        29.87    N/A           9.07     19.83    7.419    7.828    118   0    0     0     40.68  65.25  N/A         N/A          -1.74        N/A          67.80  46.579   2.23     4.47        7.4         99       3.4      2.57          0.47    53.39     0.50    0.51    0.64    0.89    0.73     69.90   5.33    80.40   61.10   0.56    431.10     15.67    N/A      0.22      6.05          4.04          8.62           76.72        
117  R0968s1TS492_2      492     49.79    100.00  116   N/A       N/A        -1.80     N/A        30.93    N/A           12.27    22.70    6.953    7.377    118   0    0     0     44.07  66.95  N/A         N/A          -1.47        N/A          67.80  47.265   2.21     4.06        6.3         94       3.8      0.80          0.46    55.09     0.54    0.51    0.74    0.57    0.78     74.10   4.74    80.27   66.62   0.55    379.90     12.80    80.59    0.22      0.00          1.01          0.86           95.69        
118  R0968s1TS431_4      431     49.36    100.00  118   N/A       N/A        -1.86     N/A        32.41    N/A           14.99    24.76    8.161    8.276    118   0    0     0     50.00  59.32  N/A         N/A          -1.00        N/A          70.34  50.904   2.19     4.89        8.5         95       3.2      0.87          0.49    52.12     0.57    0.52    0.63    0.80    0.70     80.50   4.89    80.93   64.98   0.54    484.40     19.24    65.87    0.31      0.00          3.03          0.00           98.28        
119  R0968s1TS288_4      288     47.67    100.00  119   N/A       N/A        -2.07     N/A        29.02    N/A           12.58    19.67    6.318    6.85     118   0    0     0     34.75  49.15  N/A         N/A          -2.20        N/A          51.69  41.294   2.04     2.61        5.5         87       3.7      1.18          0.43    49.15     0.51    0.44    0.68    0.78    0.81     71.80   4.58    74.20   62.38   0.52    343.70     19.73    72.34    0.19      1.10          1.01          0.86           94.83        
120  R0968s1TS328_3      328     47.03    100.00  120   N/A       N/A        -2.15     N/A        26.70    N/A           14.54    18.83    7.185    7.599    118   0    0     0     38.14  62.71  N/A         N/A          -1.94        N/A          63.56  43.125   2.43     3.33        5.6         95       4        2.42          0.47    58.48     0.52    0.52    0.75    0.62    0.76     58.30   5.33    77.52   62.04   0.52    350.20     10.10    N/A      0.25      4.40          5.05          6.90           84.48        
121  R0968s1TS431_3      431     46.19    100.00  121   N/A       N/A        -2.26     N/A        29.02    N/A           10.65    18.83    8.949    9.381    118   0    0     0     38.14  57.63  N/A         N/A          -1.94        N/A          61.02  47.659   2.19     3.75        5.6         90       3.7      1.26          0.43    42.37     0.51    0.45    0.62    0.88    0.66     71.50   4.58    77.35   58.58   0.52    351.50     19.94    62.15    0.23      0.00          4.04          0.00           95.69        
122  R0968s1TS328_2      328     45.76    100.00  122   N/A       N/A        -2.31     N/A        26.06    N/A           11.17    16.39    7.043    7.54     118   2    0     0     33.05  61.86  N/A         N/A          -2.34        N/A          62.71  42.891   2.43     3.65        5.1         92       3.7      2.92          0.44    53.39     0.50    0.47    0.68    0.84    0.75     61.80   5.04    77.80   63.35   0.49    326.00     11.24    N/A      0.19      12.10         6.06          8.62           80.17        
123  R0968s1TS492_4      492     44.91    100.00  123   N/A       N/A        -2.42     N/A        26.27    N/A           7.03     19.49    6.877    7.257    118   0    0     0     34.75  50.85  N/A         N/A          -2.20        N/A          55.08  43.054   2.18     3.33        4.7         81       4        2.12          0.45    56.78     0.52    0.47    0.70    0.61    0.80     80.80   4.07    72.54   63.76   0.49    323.10     21.45    64.99    0.21      2.20          6.06          0.86           90.52        
124  R0968s1TS431_1      431     44.28    100.00  124   -2.33     N/A        -2.50     N/A        29.66    N/A           16.77    23.49    11.88    11.922   118   0    0     0     29.66  47.46  -2.70       N/A          -2.61        N/A          55.08  42.105   2.57     2.30        4.2         71       5.5      0.62          0.44    48.73     0.56    0.46    0.53    1.07    0.57     80.80   3.89    74.21   63.35   0.45    284.00     22.13    55.07    0.30      0.00          1.01          0.00           97.41        
125  R0968s1TS328_1      328     43.86    100.00  125   -2.38     N/A        -2.55     N/A        25.64    N/A           8.80     16.50    7.221    7.726    118   2    0     0     38.14  53.39  -2.00       N/A          -1.94        N/A          60.17  42.398   2.42     2.71        4.7         89       4.6      2.85          0.46    52.54     0.52    0.52    0.73    0.69    0.76     54.00   5.19    77.07   65.41   0.48    309.90     13.61    N/A      0.19      9.90          6.06          10.34          80.17        
126  R0968s1TS288_3      288     42.80    100.00  126   N/A       N/A        -2.68     N/A        24.15    N/A           10.80    16.39    7.553    7.771    118   0    0     0     30.51  39.83  N/A         N/A          -2.54        N/A          50.00  37.645   2.33     2.71        4.8         85       3.8      1.17          0.43    47.88     0.52    0.45    0.61    0.70    0.76     77.40   4.74    73.24   62.15   0.46    323.20     23.66    64.50    0.23      1.10          0.00          0.86           94.83        
127  R0968s1TS288_2      288     41.52    100.00  127   N/A       N/A        -2.85     N/A        23.52    N/A           9.84     15.37    7.328    7.798    118   0    0     0     21.19  50.85  N/A         N/A          -3.27        N/A          53.39  39.343   2.33     2.40        3.9         87       4        1.73          0.41    43.22     0.51    0.42    0.60    0.85    0.75     72.60   4.07    71.12   61.21   0.44    258.70     23.33    59.52    0.19      0.55          5.05          1.72           91.38        

