#    Model               GR#     GDT_TS   NP_P    RANK  Z-M1-GDT  Z-M1s-GDT  Z-MA-GDT  Z-MAs-GDT  GDT_HA   Z-M1s-GDT-HA  GDC_SC   GDC_ALL  RMS_CA   RMS_ALL  NP    err  PC01  PC05  AL0_P  AL4_P  Z-M1-AL0_p  Z-M1s-AL0_p  Z-MA-AL0_p   Z-MAs-AL0_p  ALI_P  LGA_S    RMSD[L]  Z-score[M]  Z-Score[D]  Al.Res.  RMSD[D]  MolPrb_Score  LDDT    SphGr     CAD_AA  RPF     CODM    DFM     Handed.  SOV     CE      QCS     CONTS   TMscore  Dali(raw)  FlexE    QSE      CAD_SS    MolPrb_clash  MolPrb_rotout  MolPrb_ramout  MolPrb_ramfv 

-    Starting model      -       70.65    -       -     -         -          -         -          55.43    -             23.38    -        4.37     4.72     -     -    -     -     -      -      -           -            -            -            -      -        -        12.56       N/A         N/A      N/A      0.71          0.84    92.94     0.82    0.88    0.97    0.15    0.88     78.60   5.46    52.56   92.42   0.62     -1.00      1.84     -        -         -             -              -              -            

1    R0979TS270_4        270     73.91    100.00  1     N/A       N/A        1.14      N/A        58.70    N/A           21.16    26.64    3.919    4.358    92    0    0     0     52.17  89.13  N/A         N/A          0.36         N/A          89.13  83.733   1.94     6.85        0           0        N/A      1.32          0.82    92.94     0.79    0.86    0.96    0.15    0.88     78.90   5.33    52.63   91.19   0.65    N/A        2.32     N/A      0.49      0.65          2.50          0.00           95.56        
2    R0979TS102_1        102s    73.91    100.00  1     1.11      0.96       1.14      0.93       61.14    1.26          18.08    21.17    4.123    4.553    92    0    0     0     56.52  91.30  0.93        0.90         0.69         0.70         91.30  86.38    1.72     6.60        0           0        N/A      0.71          0.83    91.85     0.81    0.88    0.97    0.15    0.88     78.60   5.46    53.12   92.17   0.64    N/A        1.87     88.63    0.51      0.65          0.00          0.00           98.89        
3    R0979TS390_2        390     73.64    100.00  3     N/A       N/A        1.11      N/A        58.42    N/A           17.27    20.66    4.078    4.594    92    0    0     0     56.52  93.48  N/A         N/A          0.69         N/A          93.48  86.399   1.67     6.85        0           0        N/A      0.71          0.84    92.94     0.81    0.87    0.97    0.15    0.89     79.50   5.46    53.03   92.16   0.64    N/A        2.03     88.33    0.51      0.65          0.00          0.00           98.89        
4    R0979TS433_1        433     73.64    100.00  3     1.08      N/A        1.11      N/A        59.24    N/A           20.71    22.33    4.085    4.558    92    0    0     0     56.52  91.30  0.93        N/A          0.69         N/A          91.30  85.908   1.69     6.85        0           0        N/A      0.85          0.81    92.94     0.78    0.86    0.97    0.16    0.87     78.60   5.60    53.70   91.60   0.63    N/A        1.99     N/A      0.42      1.30          0.00          0.00           98.89        
5    R0979TS117_2        117     73.37    100.00  5     N/A       N/A        1.09      N/A        58.97    N/A           24.95    29.34    3.528    4.051    92    0    0     0     56.52  92.39  N/A         N/A          0.69         N/A          92.39  87.209   1.58     6.98        0           0        N/A      0.50          0.83    92.39     0.78    0.87    0.97    0.16    0.88     100.00  5.60    53.96   92.08   0.67    N/A        1.94     84.87    0.46      0.00          0.00          0.00           98.89        
6    R0979TS102_4        102s    73.10    100.00  6     N/A       N/A        1.06      0.87       58.97    N/A           15.83    19.56    4.316    4.849    92    0    0     0     56.52  92.39  N/A         N/A          0.69         0.70         92.39  85.617   1.70     6.48        0           0        N/A      0.71          0.81    92.39     0.79    0.86    0.97    0.16    0.87     78.60   5.60    53.02   91.97   0.63    N/A        1.87     89.63    0.45      0.65          0.00          0.00           98.89        
7    R0979TS086_5        086     73.10    100.00  6     N/A       N/A        1.06      N/A        55.71    N/A           29.75    37.35    3.559    3.943    92    0    0     0     57.61  84.78  N/A         N/A          0.77         N/A          84.78  77.32    1.90     5.86        0           0        N/A      0.50          0.83    94.56     0.79    0.87    0.98    0.19    0.85     73.80   5.73    53.09   92.38   0.70    N/A        1.66     N/A      0.51      0.00          0.00          0.00           100.00       
8    R0979TS102_2        102s    72.55    100.00  8     N/A       N/A        1.01      0.83       58.70    N/A           19.85    21.87    4.237    4.698    92    0    0     0     55.43  91.30  N/A         N/A          0.61         0.57         91.30  85.088   1.75     6.35        0           0        N/A      0.71          0.83    92.94     0.81    0.87    0.97    0.15    0.89     79.50   5.60    52.83   92.44   0.63    N/A        1.81     88.11    0.51      0.65          0.00          0.00           98.89        
9    R0979TS425_1        425     72.28    100.00  9     0.94      N/A        0.98      N/A        58.15    N/A           20.58    23.76    4.059    4.622    92    2    0     0     56.52  92.39  0.93        N/A          0.69         N/A          92.39  84.936   1.65     6.48        0           0        N/A      0.50          0.82    93.48     0.80    0.86    0.97    0.15    0.87     78.20   5.60    52.89   92.06   0.64    N/A        1.88     N/A      0.43      0.00          0.00          0.00           98.89        
10   R0979TS390_5        390     72.01    100.00  10    N/A       N/A        0.96      N/A        57.60    N/A           21.24    24.81    4.248    4.694    92    0    0     0     54.35  90.22  N/A         N/A          0.52         N/A          90.22  85.112   1.75     6.35        0           0        N/A      0.71          0.83    92.94     0.81    0.87    0.97    0.15    0.89     78.60   5.60    52.88   92.37   0.63    N/A        1.79     86.61    0.50      0.65          0.00          0.00           98.89        
11   R0979TS390_3        390     72.01    100.00  10    N/A       N/A        0.96      N/A        57.88    N/A           17.48    20.75    4.267    4.754    92    0    0     0     54.35  90.22  N/A         N/A          0.52         N/A          90.22  84.868   1.77     6.35        0           0        N/A      0.85          0.83    92.94     0.81    0.87    0.97    0.15    0.89     79.50   5.60    52.83   92.47   0.63    N/A        1.79     88.28    0.51      1.30          0.00          0.00           98.89        
12   R0979TS102_3        102s    71.74    100.00  12    N/A       N/A        0.93      0.77       57.61    N/A           17.65    21.45    4.232    4.733    92    0    0     0     54.35  90.22  N/A         N/A          0.52         0.45         90.22  84.789   1.78     6.35        0           0        N/A      0.71          0.83    92.94     0.81    0.87    0.97    0.15    0.89     79.50   5.46    52.84   92.40   0.63    N/A        1.77     88.44    0.51      0.65          0.00          0.00           98.89        
13   R0979TS344_1        344     71.47    100.00  13    0.85      N/A        0.90      N/A        57.34    N/A           17.25    23.18    4.473    4.916    92    0    0     0     56.52  91.30  0.93        N/A          0.69         N/A          91.30  84.826   1.83     6.60        0           0        N/A      0.93          0.80    92.94     0.79    0.84    0.97    0.16    0.88     78.60   5.46    52.54   91.94   0.62    N/A        1.87     69.40    0.40      0.65          0.00          0.00           96.67        
14   R0979TS390_4        390     71.47    100.00  13    N/A       N/A        0.90      N/A        57.34    N/A           19.29    21.62    4.244    4.726    92    0    0     0     55.43  90.22  N/A         N/A          0.61         N/A          90.22  85.045   1.71     6.35        0           0        N/A      0.71          0.82    92.94     0.80    0.86    0.97    0.15    0.89     78.60   5.60    52.92   92.49   0.63    N/A        1.81     88.43    0.50      0.65          0.00          0.00           98.89        
15   R0979TS460_5        460     71.20    100.00  15    N/A       N/A        0.88      N/A        55.44    N/A           22.58    23.21    4.394    4.732    92    0    0     0     54.35  88.04  N/A         N/A          0.52         N/A          88.04  84.406   1.84     6.35        0           0        N/A      0.50          0.83    93.48     0.81    0.88    0.97    0.15    0.88     78.60   5.60    52.49   91.99   0.62    N/A        2.01     66.38    0.49      0.00          0.00          0.00           100.00       
16   R0979TS117_1        117     71.20    100.00  15    0.82      N/A        0.88      N/A        55.70    N/A           22.68    24.45    3.921    4.248    92    0    0     0     50.00  89.13  0.02        N/A          0.20         N/A          89.13  77.247   2.21     6.35        0           0        N/A      0.50          0.81    92.94     0.77    0.87    0.97    0.15    0.88     100.00  5.46    52.82   92.05   0.60    N/A        1.88     81.23    0.45      0.00          0.00          0.00           98.89        
17   R0979TS460_4        460     71.20    100.00  15    N/A       N/A        0.88      N/A        55.98    N/A           23.06    23.27    4.386    4.735    92    0    0     0     54.35  88.04  N/A         N/A          0.52         N/A          88.04  84.473   1.84     6.48        0           0        N/A      0.71          0.84    93.48     0.82    0.88    0.97    0.15    0.89     78.60   5.60    52.50   92.06   0.62    N/A        2.00     66.12    0.50      0.65          0.00          0.00           100.00       
18   R0979TS174_2        174     71.20    100.00  15    N/A       N/A        0.88      N/A        57.06    N/A           21.09    22.91    4.35     4.737    92    0    0     0     55.43  89.13  N/A         N/A          0.61         N/A          89.13  85.28    1.80     6.48        0           0        N/A      0.79          0.83    93.48     0.80    0.87    0.97    0.15    0.88     78.60   5.46    52.71   92.52   0.62    N/A        1.90     N/A      0.47      0.65          1.25          0.00           100.00       
19   R0979TS460_1        460     70.92    100.00  19    0.79      N/A        0.85      N/A        55.98    N/A           23.61    24.06    4.385    4.739    92    0    0     0     54.35  88.04  0.63        N/A          0.52         N/A          88.04  84.473   1.83     6.48        0           0        N/A      0.71          0.84    93.48     0.82    0.88    0.97    0.15    0.89     78.60   5.60    52.52   92.10   0.62    N/A        1.99     65.14    0.51      0.65          0.00          0.00           100.00       
20   R0979TS460_2        460     70.92    100.00  19    N/A       N/A        0.85      N/A        55.16    N/A           22.88    23.73    4.395    4.732    92    0    0     0     54.35  88.04  N/A         N/A          0.52         N/A          88.04  84.406   1.84     6.35        0           0        N/A      0.50          0.83    93.48     0.81    0.88    0.97    0.15    0.88     78.60   5.60    52.49   91.99   0.62    N/A        2.01     65.81    0.48      0.00          0.00          0.00           100.00       
21   R0979TS460_3        460     70.92    100.00  19    N/A       N/A        0.85      N/A        55.16    N/A           22.25    22.74    4.395    4.731    92    0    0     0     54.35  88.04  N/A         N/A          0.52         N/A          88.04  84.11    1.87     6.48        0           0        N/A      0.50          0.83    92.94     0.81    0.88    0.97    0.15    0.88     78.60   5.60    52.48   91.99   0.62    N/A        2.01     66.75    0.49      0.00          0.00          0.00           100.00       
22   R0979TS004_1        004s    70.65    100.00  22    0.77      0.70       0.82      0.69       55.43    0.68          22.15    23.76    4.367    4.834    92    0    0     0     54.35  88.04  0.63        0.57         0.52         0.45         88.04  84.463   1.83     6.48        0           0        N/A      0.71          0.82    92.94     0.80    0.87    0.97    0.15    0.88     78.20   5.46    52.56   92.38   0.62    N/A        1.82     69.81    0.47      0.65          0.00          0.00           100.00       
23   R0979TS217_1        217     70.65    100.00  22    0.77      N/A        0.82      N/A        55.43    N/A           23.38    23.36    4.369    4.717    92    0    0     0     54.35  88.04  0.63        N/A          0.52         N/A          88.04  84.396   1.84     6.48        0           0        N/A      0.71          0.84    92.94     0.82    0.88    0.97    0.15    0.88     78.60   5.46    52.56   92.42   0.62    N/A        1.84     82.74    0.52      0.65          0.00          0.00           100.00       
24   R0979TS425_2        425     70.65    100.00  22    N/A       N/A        0.82      N/A        54.35    N/A           18.21    21.18    4.155    4.693    92    0    0     0     53.26  91.30  N/A         N/A          0.44         N/A          91.30  83.356   1.75     6.60        0           0        N/A      0.71          0.82    92.94     0.79    0.86    0.97    0.17    0.87     81.20   5.60    52.65   91.30   0.62    N/A        1.99     N/A      0.49      0.65          0.00          0.00           98.89        
25   R0979TS190_1        190     70.65    100.00  22    0.77      N/A        0.82      N/A        56.25    N/A           24.60    24.31    4.389    4.732    92    0    0     0     54.35  88.04  0.63        N/A          0.52         N/A          88.04  84.382   1.84     6.48        0           0        N/A      1.12          0.84    93.48     0.81    0.88    0.97    0.15    0.88     78.60   5.60    52.55   92.46   0.62    N/A        1.89     82.53    0.51      3.26          0.00          0.00           100.00       
26   R0979TS174_3        174     70.65    100.00  22    N/A       N/A        0.82      N/A        55.43    N/A           23.38    23.36    4.369    4.717    92    0    0     0     54.35  88.04  N/A         N/A          0.52         N/A          88.04  84.396   1.84     6.48        0           0        N/A      0.71          0.84    92.94     0.82    0.88    0.97    0.15    0.88     78.60   5.46    52.56   92.42   0.62    N/A        1.84     N/A      0.52      0.65          0.00          0.00           100.00       
27   R0979TS174_1        174     70.38    100.00  27    0.74      N/A        0.80      N/A        55.44    N/A           19.65    21.72    4.382    4.794    92    0    0     0     54.35  88.04  0.63        N/A          0.52         N/A          88.04  83.977   1.83     6.35        0           0        N/A      0.71          0.84    93.48     0.81    0.89    0.97    0.15    0.88     78.60   5.46    52.53   92.51   0.62    N/A        1.87     N/A      0.53      0.65          0.00          0.00           100.00       
28   R0979TS117_5        117     70.38    100.00  27    N/A       N/A        0.80      N/A        55.44    N/A           27.55    31.08    4.188    4.626    92    0    0     0     55.43  86.96  N/A         N/A          0.61         N/A          86.96  77.969   1.66     5.86        0           0        N/A      0.71          0.83    93.48     0.79    0.88    0.97    0.16    0.87     100.00  5.60    53.03   92.09   0.64    N/A        1.80     80.99    0.48      0.00          0.00          0.00           96.67        
29   R0979TS270_3        270     70.38    100.00  27    N/A       N/A        0.80      N/A        56.25    N/A           19.24    23.82    4.416    4.855    92    0    0     0     54.35  89.13  N/A         N/A          0.52         N/A          89.13  84.649   1.86     6.35        0           0        N/A      0.57          0.82    91.30     0.79    0.86    0.97    0.17    0.88     81.20   5.46    52.42   91.79   0.62    N/A        2.05     N/A      0.48      0.00          1.25          0.00           98.89        
30   R0979TS457_1        457     70.38    100.00  27    0.74      N/A        0.80      N/A        55.43    N/A           24.90    24.50    4.369    4.715    92    0    0     0     54.35  88.04  0.63        N/A          0.52         N/A          88.04  84.597   1.83     6.48        0           0        N/A      1.18          0.84    92.94     0.81    0.88    0.97    0.15    0.89     78.60   5.46    52.56   92.40   0.62    N/A        1.82     N/A      0.52      3.91          0.00          0.00           100.00       
31   R0979TS156_4        156s    70.38    100.00  27    N/A       N/A        0.80      0.67       55.16    N/A           33.21    36.65    4.595    4.657    92    0    0     0     67.39  77.17  N/A         N/A          1.50         1.97         77.17  71.243   1.99     4.87        0           0        N/A      0.50          0.85    93.48     0.82    0.88    0.96    0.26    0.81     63.20   5.46    53.28   92.21   0.68    N/A        3.47     78.76    0.52      0.00          0.00          0.00           98.89        
32   R0979TS102_5        102s    70.38    100.00  27    N/A       N/A        0.80      0.67       55.43    N/A           14.97    20.11    4.407    4.897    92    0    0     0     54.35  92.39  N/A         N/A          0.52         0.45         92.39  82.529   1.76     6.48        0           0        N/A      0.85          0.82    92.94     0.79    0.86    0.97    0.16    0.88     78.60   5.60    52.83   92.10   0.61    N/A        1.84     88.87    0.48      1.30          0.00          0.00           98.89        
33   R0979TS390_1        390     70.38    100.00  27    0.74      N/A        0.80      N/A        55.71    N/A           18.41    23.48    4.541    4.991    92    0    0     0     55.43  91.30  0.78        N/A          0.61         N/A          91.30  81.254   1.91     6.48        0           0        N/A      0.85          0.83    93.48     0.80    0.87    0.97    0.16    0.88     78.60   5.46    52.53   91.84   0.61    N/A        1.91     83.96    0.49      1.30          0.00          0.00           98.89        
34   R0979TS356_1        356     70.38    100.00  27    0.74      N/A        0.80      N/A        57.61    N/A           23.38    24.88    4.434    4.826    92    0    0     0     55.43  88.04  0.78        N/A          0.61         N/A          88.04  83.758   1.79     6.48        0           0        N/A      0.50          0.83    92.94     0.79    0.88    0.97    0.15    0.89     99.50   5.46    52.51   92.05   0.63    N/A        2.12     79.75    0.49      0.00          0.00          0.00           100.00       
35   R0979TS356_3        356     70.11    100.00  35    N/A       N/A        0.77      N/A        53.53    N/A           15.56    17.98    4.399    4.888    92    0    0     0     55.43  91.30  N/A         N/A          0.61         N/A          91.30  84.926   1.63     6.60        0           0        N/A      0.57          0.81    90.22     0.79    0.86    0.97    0.16    0.87     99.50   5.46    53.23   90.94   0.62    N/A        2.18     84.41    0.48      0.00          1.25          0.00           100.00       
36   R0979TS433_2        433     70.11    100.00  35    N/A       N/A        0.77      N/A        54.35    N/A           21.19    23.31    4.504    5.05     92    0    0     0     56.52  90.22  N/A         N/A          0.69         N/A          90.22  83.429   1.67     6.35        0           0        N/A      1.30          0.79    92.39     0.75    0.85    0.97    0.21    0.83     66.70   5.46    52.11   89.20   0.63    N/A        2.29     N/A      0.39      4.57          1.25          0.00           100.00       
37   R0979TS174_5        174     70.11    100.00  35    N/A       N/A        0.77      N/A        55.70    N/A           19.60    21.71    4.503    4.848    92    0    0     0     53.26  86.96  N/A         N/A          0.44         N/A          86.96  82.726   1.89     6.35        0           0        N/A      1.52          0.83    92.39     0.78    0.88    0.97    0.16    0.89     78.20   5.46    52.28   92.39   0.62    N/A        1.89     N/A      0.50      0.00          8.75          0.00           95.56        
38   R0979TS156_3        156s    70.11    100.00  35    N/A       N/A        0.77      0.65       55.16    N/A           30.35    34.00    4.515    4.643    92    0    0     0     51.09  81.52  N/A         N/A          0.28         0.07         81.52  67.493   1.86     5.11        0           0        N/A      0.71          0.85    92.94     0.81    0.88    0.97    0.26    0.82     63.20   5.60    53.71   93.00   0.67    N/A        3.09     78.85    0.49      0.00          0.00          1.11           96.67        
39   R0979TS431_5        431     69.84    100.00  39    N/A       N/A        0.75      N/A        53.53    N/A           16.04    22.04    4.497    4.973    92    0    0     0     55.43  88.04  N/A         N/A          0.61         N/A          88.04  84.363   1.88     6.48        0           0        N/A      1.73          0.76    91.85     0.77    0.82    0.97    0.18    0.87     78.10   5.46    52.37   90.14   0.62    N/A        2.22     68.50    0.37      1.30          7.50          0.00           96.67        
40   R0979TS174_4        174     69.56    100.00  40    N/A       N/A        0.72      N/A        53.80    N/A           20.00    21.10    4.376    4.685    92    0    0     0     55.43  89.13  N/A         N/A          0.61         N/A          89.13  81.931   1.94     6.35        0           0        N/A      1.43          0.81    93.48     0.81    0.89    0.97    0.16    0.88     77.80   5.46    52.69   92.05   0.61    N/A        1.96     N/A      0.52      7.83          0.00          0.00           100.00       
41   R0979TS433_3        433     69.29    100.00  41    N/A       N/A        0.69      N/A        54.35    N/A           23.61    28.33    4.368    4.773    92    0    0     0     56.52  89.13  N/A         N/A          0.69         N/A          89.13  86.237   1.71     6.48        0           0        N/A      1.04          0.80    91.30     0.78    0.85    0.97    0.18    0.86     78.60   5.46    53.31   90.58   0.63    N/A        2.14     N/A      0.48      1.96          1.25          0.00           100.00       
42   R0979TS344_2        344     69.02    100.00  42    N/A       N/A        0.67      N/A        51.63    N/A           15.48    22.05    4.654    5.138    92    0    0     0     55.43  85.87  N/A         N/A          0.61         N/A          85.87  82.063   1.92     6.48        0           0        N/A      0.62          0.76    93.48     0.75    0.81    0.97    0.20    0.86     79.50   5.46    52.31   90.20   0.61    N/A        2.35     70.18    0.35      0.00          1.25          0.00           97.78        
43   R0979TS196_5        196     68.75    100.00  43    N/A       N/A        0.64      N/A        52.99    N/A           23.89    24.66    4.415    4.785    92    0    0     0     55.43  91.30  N/A         N/A          0.61         N/A          91.30  82.568   1.86     6.48        0           0        N/A      0.50          0.81    92.94     0.77    0.84    0.97    0.18    0.87     76.00   5.46    52.21   90.07   0.61    N/A        2.10     71.07    0.42      0.00          0.00          0.00           98.89        
44   R0979TS359_5        359s    68.75    100.00  43    N/A       N/A        0.64      0.54       52.99    N/A           23.89    24.66    4.415    4.785    92    0    0     0     55.43  91.30  N/A         N/A          0.61         0.57         91.30  82.568   1.86     6.48        0           0        N/A      0.50          0.81    92.94     0.77    0.84    0.97    0.18    0.87     76.00   5.46    52.21   90.07   0.61    N/A        2.10     71.07    0.42      0.00          0.00          0.00           98.89        
45   R0979TS156_2        156s    68.48    100.00  45    N/A       N/A        0.61      0.52       54.07    N/A           30.56    34.85    4.765    4.828    92    0    0     0     55.43  77.17  N/A         N/A          0.61         0.57         77.17  64.679   2.14     4.37        0           0        N/A      0.50          0.85    92.39     0.83    0.88    0.97    0.27    0.82     61.50   5.60    53.18   93.04   0.66    N/A        3.18     77.17    0.53      0.00          0.00          0.00           98.89        
46   R0979TS344_5        344     68.48    100.00  45    N/A       N/A        0.61      N/A        49.19    N/A           12.53    16.71    4.399    4.945    92    0    0     0     55.43  89.13  N/A         N/A          0.61         N/A          89.13  84.23    1.81     6.35        0           0        N/A      1.18          0.79    92.94     0.74    0.84    0.97    0.19    0.85     100.00  5.46    52.46   89.92   0.61    N/A        2.16     69.32    0.33      0.00          2.50          0.00           94.44        
47   R0979TS344_4        344     68.48    100.00  45    N/A       N/A        0.61      N/A        49.19    N/A           12.53    16.71    4.399    4.945    92    0    0     0     55.43  89.13  N/A         N/A          0.61         N/A          89.13  84.23    1.81     6.35        0           0        N/A      1.18          0.79    92.94     0.74    0.84    0.97    0.19    0.85     100.00  5.46    52.46   89.92   0.61    N/A        2.16     69.32    0.33      0.00          2.50          0.00           94.44        
48   R0979TS117_3        117     68.21    100.00  48    N/A       N/A        0.59      N/A        49.73    N/A           18.38    23.84    4.001    4.421    92    0    0     0     52.17  89.13  N/A         N/A          0.36         N/A          89.13  80.789   1.91     6.35        0           0        N/A      0.50          0.83    92.39     0.79    0.88    0.97    0.17    0.86     78.60   5.60    54.00   91.76   0.62    N/A        1.89     80.24    0.45      0.00          0.00          0.00           98.89        
49   R0979TS117_4        117     67.94    100.00  49    N/A       N/A        0.56      N/A        51.36    N/A           16.74    19.74    4.69     4.978    92    0    0     0     50.00  84.78  N/A         N/A          0.20         N/A          84.78  74.266   2.10     5.86        0           0        N/A      0.50          0.82    92.39     0.79    0.87    0.97    0.16    0.86     100.00  5.60    52.11   92.11   0.58    N/A        1.78     74.76    0.45      0.00          0.00          0.00           98.89        
50   R0979TS344_3        344     67.66    100.00  50    N/A       N/A        0.53      N/A        49.46    N/A           20.86    27.37    4.494    5.031    92    0    0     0     55.43  90.22  N/A         N/A          0.61         N/A          90.22  83.055   1.85     6.23        0           0        N/A      0.93          0.77    94.02     0.75    0.82    0.97    0.17    0.85     79.50   5.46    52.19   89.81   0.61    N/A        2.00     72.58    0.37      0.00          0.00          0.00           93.33        
51   R0979TS359_4        359s    67.39    100.00  51    N/A       N/A        0.51      0.44       50.54    N/A           24.37    25.67    4.443    4.819    92    0    0     0     55.43  90.22  N/A         N/A          0.61         0.57         90.22  83.443   1.88     6.48        0           0        N/A      0.50          0.80    92.94     0.77    0.84    0.97    0.19    0.87     83.60   5.33    52.09   89.43   0.60    N/A        2.22     71.07    0.41      0.00          0.00          0.00           98.89        
52   R0979TS196_4        196     67.39    100.00  51    N/A       N/A        0.51      N/A        50.54    N/A           24.37    25.67    4.443    4.819    92    0    0     0     55.43  90.22  N/A         N/A          0.61         N/A          90.22  83.443   1.88     6.48        0           0        N/A      0.50          0.80    92.94     0.77    0.84    0.97    0.19    0.87     83.60   5.33    52.09   89.43   0.60    N/A        2.22     71.07    0.41      0.00          0.00          0.00           98.89        
53   R0979TS086_3        086     67.39    100.00  51    N/A       N/A        0.51      N/A        50.55    N/A           23.38    27.60    4.168    4.463    92    0    0     0     48.91  84.78  N/A         N/A          0.12         N/A          84.78  78.078   1.88     4.99        0           0        N/A      0.71          0.80    93.48     0.76    0.86    0.97    0.25    0.83     75.90   5.46    53.34   91.33   0.62    N/A        3.14     N/A      0.40      0.65          0.00          0.00           100.00       
54   R0979TS196_3        196     66.85    100.00  54    N/A       N/A        0.46      N/A        48.10    N/A           20.68    20.92    4.473    4.859    92    0    0     0     55.43  89.13  N/A         N/A          0.61         N/A          89.13  81.884   1.80     6.23        0           0        N/A      0.50          0.79    92.39     0.76    0.84    0.97    0.20    0.87     79.30   5.33    51.97   88.62   0.60    N/A        2.36     69.46    0.41      0.00          0.00          0.00           98.89        
55   R0979TS359_3        359s    66.85    100.00  54    N/A       N/A        0.46      0.40       48.10    N/A           20.68    20.92    4.473    4.859    92    0    0     0     55.43  89.13  N/A         N/A          0.61         0.57         89.13  81.884   1.80     6.23        0           0        N/A      0.50          0.79    92.39     0.76    0.84    0.97    0.20    0.87     79.30   5.33    51.97   88.62   0.60    N/A        2.36     69.46    0.41      0.00          0.00          0.00           98.89        
56   R0979TS068_4        068     66.85    100.00  54    N/A       N/A        0.46      N/A        52.72    N/A           21.84    23.13    4.866    5.155    92    0    0     0     50.00  82.61  N/A         N/A          0.20         N/A          82.61  78.31    1.83     5.73        0           0        N/A      0.50          0.84    91.85     0.82    0.87    0.97    0.25    0.85     66.70   5.46    52.49   91.90   0.59    N/A        3.01     71.99    0.50      0.00          0.00          0.00           98.89        
57   R0979TS356_2        356     66.58    100.00  57    N/A       N/A        0.43      N/A        49.45    N/A           19.19    20.79    4.557    5.048    92    0    0     0     55.43  90.22  N/A         N/A          0.61         N/A          90.22  82.355   1.83     6.35        0           0        N/A      0.50          0.81    92.39     0.78    0.85    0.97    0.16    0.88     100.00  5.46    52.86   91.38   0.61    N/A        1.99     82.92    0.47      0.00          0.00          0.00           100.00       
58   R0979TS068_2        068     66.30    100.00  58    N/A       N/A        0.40      N/A        46.74    N/A           20.25    28.18    3.498    4.639    92    0    0     0     53.26  83.70  N/A         N/A          0.44         N/A          83.70  66.928   2.25     6.11        0           0        N/A      0.62          0.82    97.83     0.79    0.87    0.99    0.10    0.83     83.80   5.60    51.02   95.36   0.63    N/A        0.39     80.74    0.49      0.00          1.25          1.11           97.78        
59   R0979TS270_5        270     66.03    100.00  59    N/A       N/A        0.38      N/A        50.81    N/A           28.21    33.55    4.87     5.181    92    0    0     0     54.35  85.87  N/A         N/A          0.52         N/A          85.87  79.863   1.75     5.98        0           0        N/A      1.11          0.80    90.76     0.77    0.85    0.97    0.19    0.86     99.50   5.19    52.55   90.04   0.60    N/A        2.42     N/A      0.44      0.00          2.50          0.00           95.56        
60   R0979TS156_5        156s    65.49    100.00  60    N/A       N/A        0.32      0.30       50.27    N/A           26.77    29.14    4.885    5.007    92    0    0     0     47.83  77.17  N/A         N/A          0.03         -0.31        77.17  65.182   2.02     4.87        0           0        N/A      0.71          0.85    94.02     0.82    0.89    0.97    0.25    0.83     65.80   5.46    53.19   93.76   0.62    N/A        2.62     74.35    0.49      0.65          0.00          0.00           98.89        
61   R0979TS270_2        270     65.22    100.00  61    N/A       N/A        0.30      N/A        50.81    N/A           30.81    42.04    5.004    5.303    92    0    0     0     54.35  84.78  N/A         N/A          0.52         N/A          84.78  75.606   1.82     6.11        0           0        N/A      1.17          0.81    91.30     0.79    0.86    0.97    0.19    0.86     100.00  5.33    52.67   90.69   0.60    N/A        2.37     N/A      0.46      0.65          1.25          1.11           94.44        
62   R0979TS156_1        156s    64.67    100.00  62    0.14      0.23       0.24      0.24       51.63    0.29          30.13    33.99    5.301    5.499    92    0    0     0     51.09  75.00  0.17        0.07         0.28         0.07         75.00  62.686   1.67     3.25        0           0        N/A      0.50          0.85    92.94     0.82    0.88    0.96    0.27    0.82     52.80   5.46    51.84   92.46   0.61    N/A        3.23     72.03    0.52      0.00          0.00          0.00           100.00       
63   R0979TS270_1        270     64.40    100.00  63    0.11      N/A        0.22      N/A        50.27    N/A           31.94    39.69    5.018    5.358    92    0    0     0     54.35  57.61  0.63        N/A          0.52         N/A          88.04  81.941   1.83     6.23        0           0        N/A      0.88          0.81    91.30     0.79    0.86    0.97    0.17    0.87     99.50   5.19    52.48   90.84   0.59    N/A        2.37     N/A      0.45      0.00          0.00          0.00           94.44        
64   R0979TS196_2        196     64.13    100.00  64    N/A       N/A        0.19      N/A        45.11    N/A           24.90    25.20    4.631    5.018    92    2    0     0     54.35  88.04  N/A         N/A          0.52         N/A          88.04  78.19    1.85     6.23        0           0        N/A      0.71          0.77    92.39     0.75    0.83    0.97    0.21    0.86     81.60   5.33    51.66   87.77   0.59    N/A        2.45     69.02    0.40      0.00          0.00          0.00           96.67        
65   R0979TS359_2        359s    64.13    100.00  64    N/A       N/A        0.19      0.20       45.11    N/A           24.90    25.20    4.631    5.018    92    2    0     0     54.35  88.04  N/A         N/A          0.52         0.45         88.04  78.19    1.85     6.23        0           0        N/A      0.71          0.77    92.39     0.75    0.83    0.97    0.21    0.86     81.60   5.33    51.66   87.77   0.59    N/A        2.45     69.02    0.40      0.00          0.00          0.00           96.67        
66   R0979TS356_5        356     63.86    100.00  66    N/A       N/A        0.16      N/A        47.01    N/A           24.65    37.33    5.166    5.515    92    0    0     0     55.43  57.61  N/A         N/A          0.61         N/A          80.43  67.686   1.78     4.62        0           0        N/A      0.80          0.81    93.48     0.78    0.87    0.98    0.15    0.89     99.50   5.33    51.67   91.22   0.59    N/A        1.75     67.66    0.47      0.00          2.50          0.00           98.89        
67   R0979TS431_3        431     63.59    100.00  67    N/A       N/A        0.14      N/A        46.47    N/A           20.33    34.69    5.511    6.563    92    0    0     0     57.61  71.74  N/A         N/A          0.77         N/A          71.74  63.072   1.80     4.12        0           0        N/A      1.07          0.77    92.39     0.75    0.83    0.96    0.27    0.81     68.60   5.33    52.52   91.25   0.62    N/A        3.12     73.07    0.35      0.65          2.50          0.00           97.78        
68   R0979TS431_1        431     62.50    100.00  68    -0.09     N/A        0.03      N/A        46.47    N/A           20.96    27.22    5.981    7.05     92    0    0     0     56.52  58.70  0.93        N/A          0.69         N/A          58.70  58.257   1.44     3.00        0           0        N/A      0.62          0.79    94.02     0.76    0.85    0.96    0.26    0.83     67.40   5.46    48.91   90.90   0.57    N/A        3.47     72.51    0.37      0.00          1.25          0.00           97.78        
69   R0979TS086_4        086     62.23    100.00  69    N/A       N/A        0.01      N/A        45.11    N/A           24.57    30.81    5.352    5.938    92    0    0     0     51.09  57.61  N/A         N/A          0.28         N/A          68.48  63.022   1.88     4.87        0           0        N/A      0.50          0.81    92.94     0.78    0.85    0.97    0.17    0.86     78.20   5.46    50.06   91.68   0.56    N/A        2.00     N/A      0.44      0.00          0.00          0.00           98.89        
70   R0979TS359_1        359s    61.69    100.00  70    -0.17     -0.01      -0.05     0.01       41.85    -0.70         26.54    32.84    4.848    5.225    92    2    0     0     53.26  84.78  0.48        0.40         0.44         0.32         84.78  75.446   1.95     5.86        0           0        N/A      0.88          0.77    92.39     0.75    0.83    0.97    0.22    0.86     84.00   5.33    51.48   87.45   0.57    N/A        2.58     68.17    0.39      0.00          0.00          0.00           94.44        
71   R0979TS356_4        356     61.69    100.00  70    N/A       N/A        -0.05     N/A        44.84    N/A           25.91    34.51    5.141    5.66     92    0    0     0     55.43  75.00  N/A         N/A          0.61         N/A          78.26  65.93    2.05     3.87        0           0        N/A      0.50          0.80    92.39     0.78    0.85    0.97    0.16    0.87     99.30   5.33    52.13   91.10   0.56    N/A        2.18     66.56    0.46      0.00          0.00          0.00           100.00       
72   R0979TS196_1        196     61.69    100.00  70    -0.17     N/A        -0.05     N/A        41.85    N/A           26.54    32.84    4.848    5.225    92    2    0     0     53.26  84.78  0.48        N/A          0.44         N/A          84.78  75.446   1.95     5.86        0           0        N/A      0.88          0.77    92.39     0.75    0.83    0.97    0.22    0.86     84.00   5.33    51.48   87.45   0.57    N/A        2.58     68.17    0.39      0.00          0.00          0.00           94.44        
73   R0979TS086_2        086     61.14    100.00  73    N/A       N/A        -0.10     N/A        47.83    N/A           17.25    18.66    5.481    5.62     92    0    0     0     41.30  77.17  N/A         N/A          -0.46        N/A          77.17  70.913   1.73     5.36        0           0        N/A      0.96          0.81    93.48     0.78    0.87    0.97    0.25    0.82     71.50   5.19    52.58   91.79   0.53    N/A        3.22     N/A      0.45      1.96          0.00          0.00           100.00       
74   R0979TS086_1        086     60.60    100.00  74    -0.28     N/A        -0.15     N/A        45.92    N/A           17.93    19.61    5.47     5.697    92    0    0     0     43.48  76.09  -0.89       N/A          -0.29        N/A          76.09  63.596   1.82     2.63        0           0        N/A      0.50          0.81    94.02     0.78    0.85    0.97    0.24    0.83     72.20   5.19    52.42   92.28   0.53    N/A        2.90     N/A      0.42      0.00          0.00          0.00           98.89        
75   R0979TS068_1        068     60.33    100.00  75    -0.31     N/A        -0.18     N/A        43.21    N/A           20.88    26.55    4.857    5.397    92    0    0     0     44.57  70.65  -0.73       N/A          -0.21        N/A          70.65  58.175   2.17     3.38        0           0        N/A      1.01          0.81    97.83     0.78    0.86    0.99    0.10    0.83     82.10   5.33    51.36   94.53   0.56    N/A        0.44     79.55    0.47      0.00          2.50          1.11           96.67        
76   R0979TS068_3        068     60.33    100.00  75    N/A       N/A        -0.18     N/A        45.65    N/A           22.35    25.05    5.274    5.459    92    0    0     0     41.30  68.48  N/A         N/A          -0.46        N/A          68.48  59.558   1.87     2.13        0           0        N/A      0.50          0.81    96.20     0.79    0.87    0.97    0.22    0.81     66.70   5.33    52.45   93.38   0.56    N/A        2.49     69.72    0.46      0.00          0.00          0.00           98.89        
77   R0979TS288_3        288     58.97    100.00  77    N/A       N/A        -0.31     N/A        39.40    N/A           11.82    19.81    4.701    5.42     92    0    0     0     0.00   0.00   N/A         N/A          -3.56        N/A          73.91  57.918   2.01     1.51        0           0        N/A      0.79          0.74    89.13     0.72    0.83    0.95    0.44    0.72     71.50   5.33    52.82   88.44   0.53    N/A        4.39     72.26    0.21      0.00          1.25          1.11           96.67        
78   R0979TS425_3        425     58.70    100.00  78    N/A       N/A        -0.34     N/A        44.02    N/A           11.99    15.40    5.967    6.11     92    0    0     0     36.96  75.00  N/A         N/A          -0.78        N/A          75.00  61.38    1.63     0.89        0           0        N/A      0.71          0.76    88.04     0.75    0.83    0.94    0.40    0.75     68.80   5.19    52.43   87.70   0.49    N/A        5.46     N/A      0.40      0.65          0.00          0.00           98.89        
79   R0979TS328_2        328     58.15    100.00  79    N/A       N/A        -0.39     N/A        39.13    N/A           12.30    11.17    4.899    5.18     92    0    0     0     43.48  85.87  N/A         N/A          -0.29        N/A          85.87  66.603   2.18     5.98        0           0        N/A      2.26          0.74    89.13     0.70    0.83    0.97    0.26    0.84     100.00  5.19    51.00   85.15   0.53    N/A        3.45     N/A      0.31      1.31          11.25         1.11           87.78        
80   R0979TS425_5        425     57.88    100.00  80    N/A       N/A        -0.42     N/A        43.48    N/A           13.76    16.00    6.03     6.143    92    0    0     0     36.96  75.00  N/A         N/A          -0.78        N/A          75.00  66.893   1.56     1.02        0           0        N/A      0.50          0.77    88.04     0.77    0.84    0.94    0.40    0.77     65.60   5.19    52.42   88.22   0.49    N/A        5.39     N/A      0.43      0.00          0.00          0.00           98.89        
81   R0979TS328_1        328     57.61    100.00  81    -0.60     N/A        -0.44     N/A        37.50    N/A           14.52    15.53    5.148    5.554    92    1    0     0     42.39  81.52  -1.04       N/A          -0.37        N/A          81.52  64.754   2.10     4.99        0           0        N/A      1.54          0.74    87.50     0.69    0.82    0.96    0.28    0.82     100.00  5.04    50.72   82.66   0.51    N/A        3.51     N/A      0.31      0.00          3.75          2.22           87.78        
82   R0979TS328_5        328     57.34    100.00  82    N/A       N/A        -0.47     N/A        39.13    N/A           12.68    13.17    5.431    5.803    92    0    0     0     41.30  76.09  N/A         N/A          -0.46        N/A          76.09  63.008   2.12     5.36        0           0        N/A      1.87          0.74    85.87     0.71    0.80    0.94    0.32    0.83     100.00  5.19    51.12   85.01   0.51    N/A        3.65     N/A      0.29      1.31          3.75          5.56           88.89        
83   R0979TS328_3        328     57.34    100.00  82    N/A       N/A        -0.47     N/A        38.86    N/A           8.46     11.29    5.47     5.824    92    0    0     0     43.48  83.70  N/A         N/A          -0.29        N/A          83.70  66.617   2.08     5.73        0           0        N/A      1.70          0.71    86.96     0.69    0.79    0.93    0.30    0.83     100.00  5.04    50.62   82.01   0.52    N/A        3.97     N/A      0.29      1.31          5.00          2.22           95.56        
84   R0979TS281_1        281     56.52    100.00  84    -0.71     N/A        -0.55     N/A        40.49    N/A           13.91    27.89    6.049    6.328    92    0    0     0     38.04  76.09  -1.65       N/A          -0.70        N/A          76.09  58.335   2.06     4.87        0           0        N/A      0.50          0.76    91.85     0.75    0.84    0.95    0.41    0.74     40.70   5.46    54.13   92.00   0.57    N/A        4.59     67.16    0.24      0.00          0.00          0.00           100.00       
85   R0979TS425_4        425     55.98    100.00  85    N/A       N/A        -0.60     N/A        43.48    N/A           14.22    15.48    6.505    6.572    92    0    0     0     36.96  72.83  N/A         N/A          -0.78        N/A          72.83  65.691   1.67     4.49        0           0        N/A      0.50          0.76    88.59     0.77    0.82    0.93    0.41    0.77     66.80   5.19    51.85   86.57   0.48    N/A        5.80     N/A      0.43      0.00          0.00          0.00           100.00       
86   R0979TS431_4        431     55.71    100.00  86    N/A       N/A        -0.63     N/A        41.03    N/A           17.75    32.19    6.982    8.028    92    0    0     0     53.26  57.61  N/A         N/A          0.44         N/A          57.61  56.026   1.70     3.00        0           0        N/A      1.01          0.75    90.22     0.72    0.81    0.95    0.31    0.81     95.30   5.33    46.77   88.02   0.53    N/A        3.81     65.33    0.32      1.96          0.00          1.11           97.78        
87   R0979TS328_4        328     55.71    100.00  86    N/A       N/A        -0.63     N/A        39.13    N/A           8.94     8.94     5.385    5.941    92    0    0     0     42.39  81.52  N/A         N/A          -0.37        N/A          81.52  63.444   2.20     5.11        0           0        N/A      2.18          0.73    85.33     0.70    0.80    0.94    0.27    0.82     99.20   5.19    50.69   81.45   0.51    N/A        4.52     N/A      0.35      1.31          8.75          2.22           87.78        
88   R0979TS068_5        068     54.08    100.00  88    N/A       N/A        -0.79     N/A        41.03    N/A           20.56    22.95    6.133    6.407    92    0    0     0     39.13  59.78  N/A         N/A          -0.62        N/A          59.78  52.155   2.11     1.51        0           0        N/A      0.50          0.82    94.02     0.81    0.87    0.96    0.33    0.80     70.60   5.33    50.36   92.31   0.50    N/A        3.88     61.19    0.49      0.00          0.00          0.00           100.00       
89   R0979TS208_2        208     52.72    100.00  89    N/A       N/A        -0.92     N/A        41.85    N/A           22.30    31.73    8.095    8.832    92    0    0     0     45.65  52.17  N/A         N/A          -0.13        N/A          52.17  49.749   1.60     1.89        0           0        N/A      1.05          0.76    88.59     0.74    0.81    0.96    0.27    0.77     80.60   5.04    42.73   85.76   0.49    N/A        4.26     60.81    0.36      0.00          0.00          3.33           90.00        
90   R0979TS492_1        492     51.90    100.00  90    -1.19     N/A        -1.00     N/A        35.87    N/A           18.06    25.04    6.369    7.156    92    0    0     0     39.13  54.35  -1.49       N/A          -0.62        N/A          55.43  49.441   2.22     2.13        0           0        N/A      0.50          0.75    87.50     0.71    0.81    0.96    0.31    0.75     78.60   5.04    51.43   86.48   0.47    N/A        4.28     65.63    0.30      0.00          0.00          0.00           98.89        
91   R0979TS431_2        431     51.90    100.00  90    N/A       N/A        -1.00     N/A        38.31    N/A           18.86    30.22    8.55     8.658    92    0    0     0     45.65  45.65  N/A         N/A          -0.13        N/A          60.87  53.809   1.66     3.13        0           0        N/A      0.80          0.72    84.78     0.70    0.77    0.89    0.61    0.77     70.40   4.89    47.37   84.87   0.46    N/A        4.97     55.77    0.25      0.00          2.50          0.00           98.89        
92   R0979TS208_4        208     50.54    100.00  92    N/A       N/A        -1.13     N/A        39.95    N/A           15.43    20.01    8.157    8.411    92    0    0     0     32.61  45.65  N/A         N/A          -1.11        N/A          46.74  40.514   1.55     1.64        0           0        N/A      1.38          0.77    90.22     0.75    0.82    0.96    0.26    0.82     80.20   4.74    48.20   86.82   0.45    N/A        3.35     64.68    0.37      0.00          2.50          5.56           88.89        
93   R0979TS433_5        433     50.27    100.00  93    N/A       N/A        -1.16     N/A        36.14    N/A           0.00     8.65     7.209    7.072    92    0    0     0     38.04  64.13  N/A         N/A          -0.70        N/A          64.13  55.295   2.20     1.89        0           0        N/A      6.00          0.24    65.86     0.65    0.19    0.96    0.34    0.78     74.70   5.19    51.12   90.30   0.44    N/A        3.82     N/A      0.00      0.00          N/A           0.00           98.89        
94   R0979TS433_4        433     50.00    100.00  94    N/A       N/A        -1.18     N/A        36.69    N/A           13.66    17.26    7.099    7.328    92    0    0     0     36.96  63.04  N/A         N/A          -0.78        N/A          65.22  53.436   2.15     2.75        0           0        N/A      0.79          0.79    93.48     0.76    0.86    0.96    0.34    0.78     73.10   5.19    51.08   91.05   0.44    N/A        3.64     N/A      0.36      0.65          1.25          0.00           98.89        
95   R0979TS208_1        208     49.46    100.00  95    -1.45     N/A        -1.23     N/A        41.30    N/A           18.84    30.51    9.95     10.248   92    0    0     0     44.57  48.91  -0.73       N/A          -0.21        N/A          48.91  48.794   1.40     1.89        0           0        N/A      1.19          0.77    89.13     0.76    0.83    0.96    0.31    0.78     70.80   4.74    46.18   85.67   0.46    N/A        3.30     61.03    0.43      0.00          0.00          1.11           83.33        
96   R0979TS288_1        288     48.37    100.00  96    -1.56     N/A        -1.34     N/A        34.24    N/A           13.59    14.14    7.762    7.618    92    0    0     0     31.52  53.26  -2.55       N/A          -1.19        N/A          53.26  46.007   2.21     1.89        0           0        N/A      0.88          0.73    91.30     0.72    0.82    0.94    0.46    0.72     78.10   5.04    49.50   88.53   0.42    N/A        4.05     72.56    0.26      0.00          0.00          1.11           94.44        
97   R0979TS208_5        208     48.10    100.00  97    N/A       N/A        -1.37     N/A        40.76    N/A           23.41    30.25    27.7     27.87    92    0    0     0     45.65  51.09  N/A         N/A          -0.13        N/A          51.09  50.863   1.56     2.01        0           0        N/A      0.93          0.78    88.04     0.76    0.82    0.88    0.34    0.79     82.80   3.89    26.12   86.12   0.46    N/A        3.20     59.89    0.44      0.00          0.00          4.44           93.33        
98   R0979TS492_2        492     46.74    100.00  98    N/A       N/A        -1.50     N/A        32.88    N/A           10.88    20.68    9.515    10.225   92    0    0     0     0.00   1.09   N/A         N/A          -3.56        N/A          48.91  42.48    2.12     1.14        0           0        N/A      0.57          0.75    92.39     0.73    0.83    0.95    0.38    0.75     71.10   5.04    45.80   89.51   0.42    N/A        4.13     64.93    0.26      0.00          1.25          0.00           98.89        
99   R0979TS208_3        208     46.47    100.00  99    N/A       N/A        -1.52     N/A        40.49    N/A           20.76    29.05    15.988   15.954   92    0    0     0     44.57  45.65  N/A         N/A          -0.21        N/A          45.65  46.944   1.06     1.51        0           0        N/A      2.09          0.77    89.67     0.75    0.82    0.94    0.25    0.80     83.20   4.07    38.45   86.80   0.45    N/A        2.68     68.43    0.41      1.31          6.25          2.22           86.67        
100  R0979TS288_4        288     45.92    100.00  100   N/A       N/A        -1.58     N/A        30.98    N/A           7.25     17.49    11.266   12.098   92    0    0     0     0.00   0.00   N/A         N/A          -3.56        N/A          53.26  44.989   2.10     1.39        0           0        N/A      0.55          0.73    89.67     0.72    0.80    0.96    0.41    0.72     75.50   4.89    42.92   89.75   0.40    N/A        3.70     56.53    0.25      0.00          0.00          0.00           97.78        
101  R0979TS358_3        358     45.11    100.00  101   N/A       N/A        -1.66     N/A        38.31    N/A           22.65    30.47    32.081   32.25    92    0    0     0     42.39  42.39  N/A         N/A          -0.37        N/A          42.39  42.22    0.62     1.14        0           0        N/A      1.75          0.74    91.85     0.75    0.77    0.41    0.98    0.80     76.10   3.89    26.29   91.19   0.42    N/A        2.08     49.43    0.37      17.62         0.00          0.00           98.89        
102  R0979TS358_1        358     44.84    98.91   102   -1.93     N/A        -1.68     N/A        37.50    N/A           22.30    31.21    31.77    31.888   91    0    0     0     42.39  42.39  -1.04       N/A          -0.37        N/A          42.39  42.134   0.58     1.17        0           0        N/A      1.88          0.74    90.27     0.76    0.75    0.38    1.00    0.80     75.08   3.89    26.28   90.03   0.42    N/A        2.08     49.79    0.41      24.42         0.00          0.00           98.88        
103  R0979TS288_2        288     44.56    100.00  103   N/A       N/A        -1.71     N/A        34.78    N/A           15.20    25.03    9.975    10.107   92    0    0     0     36.96  45.65  N/A         N/A          -0.78        N/A          47.83  46.521   1.75     1.64        0           0        N/A      1.37          0.73    89.67     0.72    0.80    0.93    0.26    0.83     77.60   4.42    43.26   86.91   0.44    N/A        3.60     58.41    0.27      0.00          3.75          1.11           93.33        
104  R0979TS492_5        492     44.29    100.00  104   N/A       N/A        -1.74     N/A        35.87    N/A           14.27    24.23    15.368   15.457   92    0    0     0     42.39  47.83  N/A         N/A          -0.37        N/A          47.83  46.024   1.79     1.76        0           0        N/A      0.71          0.75    88.59     0.72    0.81    0.94    0.26    0.81     78.90   3.50    36.48   87.12   0.42    N/A        3.94     68.82    0.30      0.00          0.00          1.11           96.67        
105  R0979TS358_2        358     44.29    100.00  104   N/A       N/A        -1.74     N/A        36.95    N/A           22.55    30.39    32.587   32.752   92    0    0     0     42.39  42.39  N/A         N/A          -0.37        N/A          42.39  42.048   0.65     1.14        0           0        N/A      1.76          0.73    91.85     0.75    0.77    0.41    1.03    0.78     76.10   3.70    25.38   90.27   0.42    N/A        2.09     49.34    0.39      18.28         0.00          0.00           98.89        
106  R0979TS492_4        492     43.21    100.00  106   N/A       N/A        -1.84     N/A        32.61    N/A           5.53     15.83    19.865   19.926   92    0    0     0     0.00   0.00   N/A         N/A          -3.56        N/A          46.74  41.31    1.98     1.14        0           0        N/A      0.95          0.74    90.22     0.71    0.81    0.95    0.33    0.74     83.80   3.70    35.21   88.11   0.39    N/A        4.08     63.97    0.26      0.00          1.25          1.11           94.44        
107  R0979TS492_3        492     42.94    100.00  107   N/A       N/A        -1.87     N/A        30.16    N/A           8.66     19.42    9.603    9.82     92    0    0     0     0.00   0.00   N/A         N/A          -3.56        N/A          50.00  46.896   1.86     2.01        0           0        N/A      0.98          0.72    90.22     0.70    0.81    0.94    0.44    0.73     81.10   5.04    43.37   86.71   0.40    N/A        4.78     65.06    0.27      0.00          0.00          2.22           92.22        
108  R0979TS288_5        288     41.03    100.00  108   N/A       N/A        -2.05     N/A        32.06    N/A           10.08    22.84    15.684   16.125   92    0    0     0     0.00   6.52   N/A         N/A          -3.56        N/A          48.91  40.168   2.12     1.14        0           0        N/A      0.57          0.73    91.30     0.73    0.81    0.93    0.36    0.76     88.40   4.07    37.75   89.01   0.40    N/A        4.11     64.07    0.23      0.00          1.25          0.00           98.89        
109  R0979TS312_3        312s    38.59    100.00  109   N/A       N/A        -2.29     -1.72      33.97    N/A           17.70    24.35    37.849   38.636   92    0    0     0     35.87  41.30  N/A         N/A          -0.86        -1.71        41.30  39.858   1.57     1.02        0           0        N/A      2.57          0.73    85.33     0.72    0.67    0.53    1.54    0.71     44.10   3.70    28.21   86.41   0.38    N/A        5.71     64.89    0.32      61.97         2.50          1.11           98.89        
110  R0979TS312_2        312s    38.59    100.00  109   N/A       N/A        -2.29     -1.72      34.23    N/A           16.46    24.19    37.832   38.625   92    0    0     0     36.96  41.30  N/A         N/A          -0.78        -1.59        41.30  40.006   1.56     1.02        0           0        N/A      2.49          0.74    85.33     0.72    0.68    0.53    1.54    0.71     44.10   3.70    28.29   86.47   0.38    N/A        5.66     64.92    0.35      45.66         2.50          1.11           97.78        
111  R0979TS312_5        312s    38.31    100.00  111   N/A       N/A        -2.32     -1.74      33.97    N/A           16.79    24.12    37.791   38.589   92    0    0     0     35.87  41.30  N/A         N/A          -0.86        -1.71        41.30  39.858   1.55     1.02        0           0        N/A      2.83          0.74    85.33     0.73    0.67    0.53    1.54    0.72     44.10   3.70    28.41   86.66   0.38    N/A        5.64     64.90    0.35      59.36         5.00          1.11           97.78        
112  R0979TS312_1        312s    38.04    100.00  112   -2.64     -1.88      -2.34     -1.76      33.69    -1.54         16.34    23.78    37.872   38.642   92    0    0     0     38.04  41.30  -1.65       -1.93        -0.70        -1.46        41.30  39.549   1.41     1.02        0           0        N/A      2.30          0.74    85.33     0.73    0.67    0.53    1.56    0.71     44.10   3.70    28.21   86.71   0.38    N/A        5.59     65.10    0.35      50.23         1.25          1.11           97.78        
113  R0979TS312_4        312s    38.04    100.00  112   N/A       N/A        -2.34     -1.76      33.69    N/A           14.52    23.06    37.855   38.643   92    0    0     0     35.87  41.30  N/A         N/A          -0.86        -1.71        41.30  39.987   1.60     1.02        0           0        N/A      2.23          0.72    85.87     0.71    0.66    0.53    1.56    0.72     44.10   3.70    28.24   86.64   0.38    N/A        5.64     65.11    0.31      50.23         0.00          1.11           97.78        

