#    Model               GR#     GDT_TS   NP_P    RANK  Z-M1-GDT  Z-M1s-GDT  Z-MA-GDT  Z-MAs-GDT  GDT_HA   Z-M1s-GDT-HA  GDC_SC   GDC_ALL  RMS_CA   RMS_ALL  NP    err  PC01  PC05  AL0_P  AL4_P  Z-M1-AL0_p  Z-M1s-AL0_p  Z-MA-AL0_p   Z-MAs-AL0_p  ALI_P  LGA_S    RMSD[L]  Z-score[M]  Z-Score[D]  Al.Res.  RMSD[D]  MolPrb_Score  LDDT    SphGr     CAD_AA  RPF     CODM    DFM     Handed.  SOV     CE      QCS     CONTS   TMscore  Dali(raw)  FlexE    QSE      CAD_SS    MolPrb_clash  MolPrb_rotout  MolPrb_ramout  MolPrb_ramfv 

-    Starting model      -       70.48    -       -     -         -          -         -          49.35    -             28.21    -        3.20     3.94     -     -    -     -     -      -      -           -            -            -            -      -        -        7.99        17.80       147      2.40     1.66          0.61    73.87     0.60    0.66    0.93    0.26    0.90     88.10   6.23    88.10   75.42   0.80     1155.60    5.03     -        -         -             -              -              -            

1    R0986s2TS356_5      356     77.42    100.00  1     N/A       N/A        1.21      N/A        58.39    N/A           34.82    49.36    2.905    3.595    155   0    0     0     83.23  90.97  N/A         N/A          1.19         N/A          90.97  84.066   1.63     8.59        19.7        150      2.3      0.62          0.65    77.74     0.64    0.69    0.95    0.21    0.92     89.70   6.23    90.75   77.78   0.84    1267.00    4.25     90.91    0.46      0.00          0.00          0.00           97.39        
2    R0986s2TS356_1      356     76.29    100.00  2     0.91      N/A        1.10      N/A        57.42    N/A           34.82    48.81    2.951    3.741    155   0    0     0     80.65  89.68  0.89        N/A          1.01         N/A          89.68  84.08    1.61     8.42        19.1        147      2.2      0.86          0.63    77.42     0.61    0.66    0.95    0.23    0.92     90.60   6.23    88.96   77.17   0.83    1230.70    4.09     89.63    0.41      0.00          0.73          0.65           94.77        
3    R0986s2TS425_4      425     76.13    100.00  3     N/A       N/A        1.08      N/A        55.00    N/A           30.38    46.91    2.546    3.515    155   0    0     0     81.29  91.61  N/A         N/A          1.05         N/A          91.61  83.948   1.77     8.76        19.2        149      2.1      0.65          0.64    79.36     0.61    0.68    0.94    0.23    0.92     89.80   6.35    89.36   77.37   0.84    1240.10    4.70     N/A      0.41      0.41          0.00          0.00           98.69        
4    R0986s2TS425_1      425     75.64    100.00  4     0.85      N/A        1.03      N/A        56.13    N/A           30.27    46.26    3.054    3.907    155   0    0     0     80.00  87.74  0.85        N/A          0.96         N/A          87.74  82.357   1.77     8.16        18.7        147      2.2      1.36          0.62    70.64     0.61    0.65    0.94    0.24    0.91     86.20   6.23    89.28   76.93   0.82    1209.60    5.31     N/A      0.39      3.67          0.00          0.00           96.73        
5    R0986s2TS356_2      356     74.19    100.00  5     N/A       N/A        0.88      N/A        55.65    N/A           33.75    48.23    3.18     3.873    155   0    0     0     80.00  87.10  N/A         N/A          0.96         N/A          87.10  80.73    1.71     8.08        18.7        147      2.4      0.62          0.63    75.48     0.62    0.67    0.94    0.24    0.91     90.00   6.23    89.13   77.67   0.82    1210.10    4.86     87.70    0.43      0.00          0.00          0.00           97.39        
6    R0986s2TS356_3      356     73.55    100.00  6     N/A       N/A        0.81      N/A        55.48    N/A           37.03    49.28    3.287    3.928    155   0    0     0     73.55  85.16  N/A         N/A          0.52         N/A          85.16  77.794   1.72     7.57        18.5        146      2.4      0.77          0.65    72.26     0.64    0.68    0.93    0.28    0.91     89.50   6.23    86.53   76.19   0.81    1198.50    6.49     87.28    0.46      0.00          0.00          0.00           96.08        
7    R0986s2TS344_1      344     73.39    100.00  7     0.65      N/A        0.79      N/A        53.06    N/A           31.35    46.50    3.146    3.895    155   1    0     0     80.00  87.74  0.85        N/A          0.96         N/A          87.74  80.318   1.75     8.08        18.5        146      2.3      1.25          0.63    74.81     0.62    0.67    0.94    0.26    0.91     86.34   6.23    89.32   77.96   0.82    1192.30    4.63     85.06    0.41      0.00          0.00          1.31           79.08        
8    R0986s2TS425_2      425     72.58    100.00  8     N/A       N/A        0.71      N/A        51.61    N/A           30.11    45.16    3.101    3.975    155   0    0     0     78.06  87.74  N/A         N/A          0.83         N/A          87.74  81.996   1.80     8.08        18.2        145      2.2      1.03          0.61    70.00     0.60    0.66    0.93    0.25    0.91     91.20   6.11    88.95   76.25   0.82    1179.10    5.47     83.80    0.37      2.45          0.00          0.00           98.69        
9    R0986s2TS270_4      270     72.42    100.00  9     N/A       N/A        0.69      N/A        52.58    N/A           28.40    41.95    3.369    4.128    155   1    0     0     69.68  87.74  N/A         N/A          0.25         N/A          87.74  84.25    1.70     8.25        18.1        144      2        1.79          0.59    69.36     0.59    0.64    0.93    0.28    0.90     84.80   6.23    87.32   72.47   0.79    1174.50    6.32     N/A      0.38      1.22          3.65          0.65           90.85        
10   R0986s2TS174_2      174     72.42    100.00  9     N/A       N/A        0.69      N/A        52.10    N/A           30.31    45.88    3.122    3.904    155   0    0     0     76.77  86.45  N/A         N/A          0.74         N/A          86.45  77.859   1.84     8.08        18          148      2.4      1.40          0.62    74.19     0.61    0.67    0.93    0.24    0.91     86.30   6.11    88.62   76.10   0.82    1169.80    4.93     N/A      0.40      7.34          0.73          0.00           99.35        
11   R0986s2TS358_1      358     72.42    100.00  9     0.57      N/A        0.69      N/A        51.29    N/A           28.84    44.87    3.096    3.841    155   1    0     0     78.71  86.45  0.76        N/A          0.87         N/A          86.45  79.702   1.80     8.08        18.1        147      2.3      2.93          0.59    76.13     0.61    0.68    0.93    0.25    0.91     90.90   6.23    88.40   76.48   0.81    1173.40    4.64     85.58    0.39      50.98         2.92          0.00           94.12        
12   R0986s2TS174_1      174     72.42    100.00  9     0.57      N/A        0.69      N/A        52.42    N/A           28.63    45.22    3.162    3.961    155   0    0     0     78.71  87.10  0.76        N/A          0.87         N/A          87.10  78.007   1.77     7.91        18.1        147      2.3      1.56          0.62    74.19     0.62    0.68    0.93    0.25    0.91     86.50   6.23    88.73   76.42   0.82    1176.80    4.92     N/A      0.40      11.01         0.73          0.00           99.35        
13   R0986s2TS004_1      004s    72.26    100.00  13    0.55      1.28       0.67      1.64       52.58    1.54          27.48    44.15    3.148    3.908    155   0    0     0     70.97  87.74  0.25        0.34         0.34         0.16         87.74  77.768   1.86     7.99        17.8        147      2.2      0.50          0.60    74.19     0.61    0.65    0.93    0.25    0.91     80.70   6.23    88.30   74.91   0.81    1155.80    5.00     86.13    0.41      0.00          0.73          0.00           98.04        
14   R0986s2TS344_5      344     72.26    100.00  13    N/A       N/A        0.67      N/A        51.61    N/A           30.48    45.55    3.279    4.007    155   1    0     0     80.00  86.45  N/A         N/A          0.96         N/A          86.45  79.287   1.72     7.82        18.3        145      2.3      1.79          0.62    74.81     0.59    0.66    0.93    0.26    0.91     82.17   6.11    88.53   76.10   0.81    1180.90    5.36     86.11    0.40      0.00          5.11          1.96           78.43        
15   R0986s2TS190_4      190     72.26    100.00  13    N/A       N/A        0.67      N/A        53.39    N/A           29.95    43.78    3.126    3.841    155   0    0     0     67.74  84.52  N/A         N/A          0.11         N/A          84.52  80.731   1.86     7.82        18.5        147      2.2      1.67          0.62    74.84     0.62    0.66    0.94    0.26    0.91     92.20   6.23    88.68   75.31   0.80    1200.10    4.92     39.55    0.41      7.75          1.46          0.65           97.39        
16   R0986s2TS086_1      086     72.10    100.00  16    0.54      N/A        0.66      N/A        53.87    N/A           30.96    44.87    3.333    4.067    155   2    0     0     72.26  85.81  0.34        N/A          0.43         N/A          85.81  77.651   1.76     8.08        18.2        145      2.2      0.91          0.62    74.84     0.62    0.66    0.94    0.21    0.91     79.60   6.23    89.45   77.01   0.81    1181.50    5.14     N/A      0.41      1.63          0.00          0.00           98.04        
17   R0986s2TS190_1      190     72.10    100.00  16    0.54      N/A        0.66      N/A        52.74    N/A           28.19    42.49    3.138    3.887    155   0    0     0     67.74  85.16  0.04        N/A          0.11         N/A          85.16  79.301   1.87     7.82        17.9        147      2.3      1.59          0.61    71.61     0.61    0.65    0.94    0.26    0.91     91.30   6.23    88.33   74.18   0.80    1162.00    5.17     37.62    0.40      6.93          0.00          0.65           96.73        
18   R0986s2TS086_3      086     71.77    100.00  18    N/A       N/A        0.62      N/A        52.91    N/A           31.09    45.76    4.288    4.984    155   1    0     0     80.00  87.10  N/A         N/A          0.96         N/A          88.39  80.422   1.80     8.25        17.8        142      2.1      1.11          0.60    66.77     0.58    0.64    0.87    0.30    0.88     90.30   6.35    84.97   73.51   0.80    1155.10    9.11     N/A      0.37      1.22          0.00          0.65           96.08        
19   R0986s2TS312_4      312s    71.77    100.00  18    N/A       N/A        0.62      1.37       50.48    N/A           26.78    43.73    3.042    3.857    155   0    0     0     78.06  87.10  N/A         N/A          0.83         1.58         87.10  79.282   1.83     8.16        18.1        148      2.4      2.88          0.61    72.58     0.60    0.67    0.94    0.23    0.91     86.30   6.35    87.84   75.31   0.81    1173.90    4.50     27.18    0.40      61.56         2.19          0.65           94.77        
20   R0986s2TS190_5      190     71.61    100.00  20    N/A       N/A        0.60      N/A        51.62    N/A           28.81    42.62    3.239    3.959    155   0    0     0     67.74  86.45  N/A         N/A          0.11         N/A          86.45  80.801   1.82     7.82        17.9        147      2.3      1.70          0.61    73.55     0.61    0.65    0.94    0.27    0.90     88.50   6.23    88.32   74.57   0.80    1164.50    5.14     41.33    0.40      9.38          0.73          0.65           96.73        
21   R0986s2TS312_1      312s    71.61    100.00  20    0.50      0.98       0.60      1.28       50.80    0.74          27.82    44.08    3.023    3.812    155   0    0     0     78.71  87.74  0.76        1.81         0.87         1.71         87.74  79.114   1.81     8.25        18.2        148      2.3      2.89          0.61    75.16     0.60    0.67    0.94    0.23    0.91     88.00   6.35    88.10   75.17   0.82    1177.80    4.58     26.99    0.40      58.30         2.19          1.31           94.12        
22   R0986s2TS312_3      312s    71.45    100.00  22    N/A       N/A        0.59      1.19       50.48    N/A           27.84    44.52    3.028    3.802    155   0    0     0     79.35  87.10  N/A         N/A          0.92         1.84         87.10  79.436   1.80     8.25        18.1        148      2.3      2.64          0.61    73.55     0.60    0.67    0.94    0.23    0.91     86.30   6.23    88.07   75.31   0.82    1173.40    4.48     27.04    0.40      58.70         0.00          0.65           94.12        
23   R0986s2TS312_2      312s    71.45    100.00  22    N/A       N/A        0.59      1.19       50.65    N/A           26.84    44.40    3.04     3.827    155   0    0     0     78.71  87.74  N/A         N/A          0.87         1.71         87.74  78.201   1.86     7.99        18.2        148      2.3      2.64          0.61    74.19     0.61    0.67    0.94    0.23    0.91     86.30   6.35    87.83   75.34   0.81    1177.80    4.50     27.04    0.40      59.52         1.46          0.65           96.08        
24   R0986s2TS086_2      086     71.29    100.00  24    N/A       N/A        0.57      N/A        50.97    N/A           27.94    43.97    3.373    4.142    155   0    0     0     78.71  87.10  N/A         N/A          0.87         N/A          88.39  77.653   1.81     8.25        18.3        145      2.3      0.84          0.61    72.58     0.60    0.67    0.93    0.22    0.91     78.90   6.23    89.23   77.30   0.81    1187.90    4.67     84.98    0.39      1.22          0.00          0.00           98.69        
25   R0986s2TS174_3      174     71.13    100.00  25    N/A       N/A        0.55      N/A        50.16    N/A           29.04    43.43    3.2      3.938    155   1    0     0     68.39  86.45  N/A         N/A          0.16         N/A          86.45  73.712   1.96     7.91        17.8        147      2.4      1.81          0.61    73.87     0.61    0.67    0.93    0.26    0.91     86.10   6.23    88.15   75.54   0.80    1155.60    5.05     84.85    0.41      4.89          1.46          0.00           93.46        
26   R0986s2TS344_4      344     70.97    100.00  26    N/A       N/A        0.54      N/A        50.00    N/A           27.71    43.19    3.322    4.064    155   1    0     0     78.71  84.52  N/A         N/A          0.87         N/A          84.52  77.68    1.87     7.65        17.3        146      2.5      1.24          0.59    74.49     0.59    0.65    0.93    0.27    0.91     84.05   6.11    87.76   74.47   0.80    1122.70    5.49     84.93    0.39      0.00          0.00          1.31           79.74        
27   R0986s2TS117_1      117     70.97    100.00  26    0.44      N/A        0.54      N/A        50.32    N/A           22.38    39.23    3.17     3.843    155   2    0     0     67.74  89.03  0.04        N/A          0.11         N/A          89.03  78.397   1.86     8.25        17.4        147      2.2      4.19          0.54    72.90     0.55    0.66    0.94    0.26    0.91     73.70   6.11    87.99   74.01   0.80    1133.50    4.96     84.02    0.32      122.30        20.44         7.19           85.62        
28   R0986s2TS433_2      433     70.97    100.00  26    N/A       N/A        0.54      N/A        49.52    N/A           0.00     27.50    3.135    3.095    155   1    0     0     72.90  87.10  N/A         N/A          0.47         N/A          87.10  76.74    1.99     8.08        17.8        147      2.4      6.00          0.18    54.30     0.44    0.14    0.93    0.26    0.91     84.40   6.23    87.95   75.17   0.81    1155.80    4.87     N/A      0.00      2.49          N/A           1.31           90.85        
29   R0986s2TS431_5      431     70.81    100.00  29    N/A       N/A        0.52      N/A        50.16    N/A           29.13    42.67    3.212    3.997    155   1    0     0     76.77  87.10  N/A         N/A          0.74         N/A          87.10  76.824   1.93     8.08        17.7        147      2.4      1.82          0.59    70.97     0.59    0.63    0.94    0.27    0.91     74.30   6.11    87.79   74.23   0.80    1151.20    5.59     82.52    0.38      0.82          5.84          0.65           92.16        
30   R0986s2TS270_2      270     70.81    100.00  29    N/A       N/A        0.52      N/A        51.62    N/A           27.75    40.30    3.322    4.072    155   1    0     0     66.45  87.10  N/A         N/A          0.02         N/A          87.10  81.239   1.77     8.25        17.6        145      2.2      1.26          0.59    69.36     0.61    0.64    0.93    0.28    0.90     87.20   6.11    87.37   73.09   0.78    1148.00    6.02     N/A      0.40      0.00          2.19          1.96           91.50        
31   R0986s2TS217_1      217     70.81    100.00  29    0.43      N/A        0.52      N/A        49.03    N/A           25.88    41.97    3.03     3.964    155   0    0     0     79.35  89.03  0.80        N/A          0.92         N/A          89.03  77.859   2.02     7.57        17.4        148      2.4      3.68          0.52    73.55     0.59    0.66    0.93    0.27    0.90     63.20   6.23    88.22   73.75   0.81    1132.80    5.08     88.97    0.38      176.25        2.92          4.58           86.93        
32   R0986s2TS174_5      174     70.64    100.00  32    N/A       N/A        0.50      N/A        49.84    N/A           28.23    43.31    3.211    3.959    155   1    0     0     69.03  86.45  N/A         N/A          0.20         N/A          86.45  73.29    1.90     7.82        17.7        147      2.5      2.46          0.61    75.48     0.60    0.67    0.93    0.26    0.90     86.10   6.23    87.96   75.29   0.80    1149.50    5.01     28.26    0.41      15.08         2.92          0.00           93.46        
33   R0986s2TS217_4      217     70.64    100.00  32    N/A       N/A        0.50      N/A        49.67    N/A           29.28    42.43    3.1      3.892    155   0    0     0     63.23  87.10  N/A         N/A          -0.20        N/A          87.10  76.509   2.05     8.42        17.8        146      2.3      3.57          0.49    75.48     0.59    0.68    0.93    0.27    0.90     56.00   6.23    88.18   74.04   0.80    1156.90    5.14     87.28    0.37      177.00        2.19          3.92           87.58        
34   R0986s2TS208_1      208     70.64    100.00  32    0.41      N/A        0.50      N/A        49.68    N/A           29.22    42.89    3.219    3.983    155   0    0     0     72.90  87.10  0.38        N/A          0.47         N/A          87.10  75.568   1.88     7.91        17.8        147      2.4      1.33          0.60    72.26     0.59    0.65    0.93    0.26    0.91     72.00   6.11    88.38   75.45   0.80    1158.50    5.38     82.06    0.39      0.41          1.46          1.31           89.54        
35   R0986s2TS102_4      102s    70.64    100.00  32    N/A       N/A        0.50      0.74       50.16    N/A           27.96    42.91    3.24     3.993    155   1    0     0     67.74  85.16  N/A         N/A          0.11         -0.49        85.16  76.288   1.90     7.82        17.7        147      2.4      1.53          0.60    72.58     0.60    0.66    0.93    0.26    0.90     88.70   6.23    87.78   75.05   0.80    1151.10    5.19     66.18    0.40      2.04          1.46          0.00           93.46        
36   R0986s2TS390_4      390     70.48    100.00  36    N/A       N/A        0.49      N/A        49.68    N/A           28.25    42.36    3.241    4.034    155   1    0     0     69.03  85.81  N/A         N/A          0.20         N/A          85.81  76.012   1.89     7.82        17.7        147      2.4      1.42          0.60    71.61     0.60    0.65    0.93    0.26    0.90     88.70   6.23    87.74   74.82   0.80    1150.30    5.22     66.20    0.39      2.45          0.73          0.00           94.12        
37   R0986s2TS174_4      174     70.48    100.00  36    N/A       N/A        0.49      N/A        49.35    N/A           28.21    43.04    3.202    3.943    155   1    0     0     69.68  86.45  N/A         N/A          0.25         N/A          86.45  73.561   1.91     7.99        17.8        147      2.4      1.66          0.61    73.87     0.60    0.66    0.93    0.26    0.91     88.10   6.23    88.10   75.42   0.80    1155.60    5.03     84.77    0.41      2.45          1.46          1.31           91.50        
38   R0986s2TS312_5      312s    70.48    100.00  36    N/A       N/A        0.49      0.65       50.32    N/A           27.50    43.48    3.274    3.962    155   0    0     0     74.84  84.52  N/A         N/A          0.60         0.93         84.52  76.713   1.80     7.57        17.1        147      2.5      2.77          0.59    72.26     0.59    0.65    0.94    0.24    0.91     84.30   6.23    87.36   73.14   0.79    1117.10    5.01     29.28    0.40      60.33         1.46          1.31           94.12        
39   R0986s2TS457_5      457     70.48    100.00  36    N/A       N/A        0.49      N/A        49.35    N/A           28.21    43.05    3.202    3.943    155   1    0     0     69.68  86.45  N/A         N/A          0.25         N/A          86.45  73.561   1.91     7.99        17.8        147      2.4      1.66          0.61    73.87     0.60    0.66    0.93    0.26    0.91     88.10   6.23    88.10   75.42   0.80    1155.20    5.03     86.67    0.41      2.45          1.46          1.31           91.50        
40   R0986s2TS433_3      433     70.48    100.00  36    N/A       N/A        0.49      N/A        49.52    N/A           0.00     26.54    3.22     3.18     155   1    0     0     68.39  86.45  N/A         N/A          0.16         N/A          86.45  73.554   1.95     7.91        17.7        147      2.4      6.00          0.18    54.13     0.43    0.13    0.93    0.26    0.90     83.50   6.11    87.84   75.16   0.80    1150.60    5.08     N/A      0.00      0.00          N/A           1.31           90.85        
41   R0986s2TS270_1      270     70.32    100.00  41    0.38      N/A        0.47      N/A        50.32    N/A           26.93    38.73    3.507    4.255    155   1    0     0     69.03  87.74  0.13        N/A          0.20         N/A          87.74  80.733   1.72     8.33        17.6        144      2.1      1.46          0.58    70.32     0.59    0.63    0.92    0.29    0.90     83.50   6.23    86.68   72.26   0.77    1147.60    6.83     N/A      0.37      0.41          2.92          1.31           92.81        
42   R0986s2TS270_5      270     70.32    100.00  41    N/A       N/A        0.47      N/A        49.68    N/A           26.02    37.88    3.326    4.066    155   1    0     0     65.81  87.10  N/A         N/A          -0.02        N/A          87.10  79.107   1.82     7.91        17.2        146      2.2      1.37          0.58    70.00     0.60    0.63    0.93    0.29    0.90     78.10   6.11    87.53   72.80   0.78    1121.70    5.75     N/A      0.40      0.82          2.19          0.00           94.77        
43   R0986s2TS068_2      068     70.32    100.00  41    N/A       N/A        0.47      N/A        52.58    N/A           28.85    44.67    6.536    6.96     155   0    0     0     75.48  85.81  N/A         N/A          0.65         N/A          85.81  78.042   1.79     7.82        17.1        137      2.1      1.18          0.59    69.03     0.61    0.63    0.76    0.44    0.82     83.50   6.35    81.07   73.33   0.78    1116.30    11.95    83.33    0.40      0.82          0.73          0.00           93.46        
44   R0986s2TS190_3      190     70.32    100.00  41    N/A       N/A        0.47      N/A        49.19    N/A           28.51    43.24    3.208    3.949    155   0    0     0     69.03  86.45  N/A         N/A          0.20         N/A          86.45  73.757   1.97     7.91        17.8        147      2.4      1.58          0.61    74.52     0.61    0.66    0.93    0.26    0.91     86.10   6.23    88.20   75.37   0.80    1158.00    4.98     83.86    0.41      8.56          0.00          1.31           97.39        
45   R0986s2TS358_2      358     70.32    100.00  41    N/A       N/A        0.47      N/A        49.52    N/A           27.92    41.88    3.335    4.07     155   1    0     0     69.68  84.52  N/A         N/A          0.25         N/A          85.81  78.764   1.83     7.82        17.8        146      2.6      2.82          0.57    75.81     0.60    0.67    0.93    0.28    0.90     88.10   6.23    87.15   75.45   0.80    1159.50    5.19     83.74    0.37      59.54         2.19          0.00           95.42        
46   R0986s2TS217_2      217     70.16    100.00  46    N/A       N/A        0.45      N/A        49.03    N/A           27.42    42.04    3.252    4.021    155   0    0     0     75.48  87.10  N/A         N/A          0.65         N/A          87.10  77.872   1.90     8.25        17.7        147      2.4      3.46          0.49    74.52     0.59    0.67    0.93    0.27    0.90     71.00   6.23    88.29   74.32   0.80    1150.50    5.41     86.74    0.38      150.55        2.19          3.92           89.54        
47   R0986s2TS217_5      217     70.16    100.00  46    N/A       N/A        0.45      N/A        48.55    N/A           25.76    41.55    3.052    3.93     155   0    0     0     76.13  88.39  N/A         N/A          0.69         N/A          88.39  78.862   1.88     8.42        17.6        146      2.3      3.73          0.48    73.87     0.58    0.66    0.94    0.28    0.90     77.10   6.23    88.51   74.43   0.80    1142.70    4.87     87.22    0.36      160.28        3.65          6.54           86.27        
48   R0986s2TS196_5      196     70.16    100.00  46    N/A       N/A        0.45      N/A        49.03    N/A           28.63    40.42    3.284    4.033    155   3    0     0     69.68  83.87  N/A         N/A          0.25         N/A          83.87  71.807   2.01     7.91        16.9        147      2.4      1.46          0.58    70.32     0.58    0.63    0.93    0.29    0.91     50.30   6.11    87.00   72.19   0.80    1104.10    5.77     84.92    0.37      0.82          0.73          2.61           82.35        
49   R0986s2TS359_5      359s    70.16    100.00  46    N/A       N/A        0.45      0.47       49.03    N/A           28.63    40.42    3.284    4.033    155   3    0     0     69.68  83.87  N/A         N/A          0.25         -0.10        83.87  71.807   2.01     7.91        16.9        147      2.4      1.46          0.58    70.32     0.58    0.63    0.93    0.29    0.91     50.30   6.11    87.00   72.19   0.80    1104.10    5.77     84.92    0.37      0.82          0.73          2.61           82.35        
50   R0986s2TS433_5      433     70.16    100.00  46    N/A       N/A        0.45      N/A        48.87    N/A           0.00     26.77    3.21     3.175    155   1    0     0     73.55  86.45  N/A         N/A          0.52         N/A          86.45  72.395   1.97     7.91        17.8        147      2.4      6.00          0.18    53.92     0.44    0.14    0.93    0.26    0.90     84.40   6.23    88.04   75.61   0.80    1157.30    5.01     N/A      0.00      3.73          N/A           1.31           90.85        
51   R0986s2TS208_2      208     70.00    100.00  51    N/A       N/A        0.44      N/A        49.19    N/A           27.33    41.64    3.267    3.963    155   0    0     0     69.68  87.10  N/A         N/A          0.25         N/A          87.10  76.071   1.97     7.91        17.4        147      2.5      1.00          0.59    73.55     0.60    0.64    0.93    0.27    0.90     77.50   6.11    87.42   74.28   0.80    1133.70    5.45     81.71    0.39      0.00          0.73          3.27           91.50        
52   R0986s2TS270_3      270     70.00    100.00  51    N/A       N/A        0.44      N/A        49.36    N/A           27.98    42.94    3.241    4.016    155   1    0     0     76.13  86.45  N/A         N/A          0.69         N/A          86.45  75.443   1.91     8.08        17.8        147      2.4      1.76          0.61    72.26     0.61    0.65    0.93    0.27    0.90     93.00   6.23    87.94   75.44   0.80    1154.40    5.22     N/A      0.39      0.82          3.65          1.96           88.89        
53   R0986s2TS433_1      433     70.00    100.00  51    0.35      N/A        0.44      N/A        48.87    N/A           0.00     26.35    3.217    3.179    155   1    0     0     77.42  86.45  0.68        N/A          0.78         N/A          86.45  75.397   1.85     7.99        17.5        147      2.5      6.00          0.18    53.92     0.44    0.13    0.93    0.26    0.90     83.50   6.11    87.85   74.92   0.80    1137.90    5.18     N/A      0.00      0.00          N/A           1.31           91.50        
54   R0986s2TS433_4      433     70.00    100.00  51    N/A       N/A        0.44      N/A        48.55    N/A           0.00     26.62    3.214    3.18     155   1    0     0     78.71  85.81  N/A         N/A          0.87         N/A          85.81  76.948   1.85     7.91        17.8        147      2.4      6.00          0.18    53.92     0.44    0.14    0.93    0.26    0.90     84.40   6.23    88.01   75.59   0.80    1154.50    5.01     N/A      0.00      3.73          N/A           1.31           90.85        
55   R0986s2TS460_3      460     70.00    100.00  51    N/A       N/A        0.44      N/A        49.35    N/A           27.47    41.55    3.208    3.954    155   1    0     0     76.77  86.45  N/A         N/A          0.74         N/A          86.45  72.791   1.94     7.82        17.5        146      2.4      1.64          0.59    73.85     0.59    0.64    0.94    0.27    0.91     78.79   6.11    87.87   74.69   0.80    1136.30    5.28     67.56    0.38      0.41          3.65          1.96           89.54        
56   R0986s2TS102_5      102s    70.00    100.00  51    N/A       N/A        0.44      0.38       49.19    N/A           29.20    42.87    3.245    3.969    155   1    0     0     68.39  85.16  N/A         N/A          0.16         -0.36        85.16  76.092   1.97     7.82        17.6        147      2.4      1.37          0.61    73.55     0.61    0.66    0.93    0.26    0.90     92.40   6.23    87.81   74.86   0.80    1146.90    5.23     65.91    0.41      2.04          0.73          0.00           94.12        
57   R0986s2TS190_2      190     70.00    100.00  51    N/A       N/A        0.44      N/A        49.52    N/A           28.75    41.51    3.309    3.995    155   0    0     0     69.68  84.52  N/A         N/A          0.25         N/A          84.52  76.84    1.86     7.74        17.5        147      2.5      1.68          0.60    72.26     0.61    0.65    0.93    0.27    0.90     88.30   6.23    88.19   74.44   0.79    1137.50    5.29     39.79    0.40      11.01         1.46          0.65           98.04        
58   R0986s2TS390_3      390     70.00    100.00  51    N/A       N/A        0.44      N/A        49.19    N/A           28.76    42.55    3.246    3.992    155   1    0     0     66.45  84.52  N/A         N/A          0.02         N/A          84.52  75.623   1.89     7.74        17.7        147      2.4      1.34          0.60    72.26     0.60    0.66    0.93    0.26    0.90     92.40   6.23    87.76   74.84   0.80    1152.60    5.24     66.12    0.39      2.45          0.73          0.00           95.42        
59   R0986s2TS102_2      102s    69.68    100.00  59    N/A       N/A        0.40      0.21       48.06    N/A           29.01    42.17    3.205    3.975    155   1    0     0     67.10  85.16  N/A         N/A          0.07         -0.61        85.16  76.638   1.97     7.74        17.7        147      2.4      1.39          0.60    71.94     0.60    0.66    0.93    0.26    0.90     92.60   6.11    87.74   74.89   0.80    1148.50    5.25     67.47    0.39      2.45          0.73          0.00           94.77        
60   R0986s2TS117_2      117     69.52    100.00  60    N/A       N/A        0.39      N/A        47.74    N/A           21.10    39.09    3.137    3.908    155   0    0     0     76.13  88.39  N/A         N/A          0.69         N/A          88.39  76.827   1.96     7.82        17.3        147      2.2      4.09          0.58    74.52     0.56    0.66    0.94    0.25    0.91     60.40   6.11    87.96   74.70   0.80    1126.00    4.89     83.80    0.34      125.15        13.87         7.19           84.97        
61   R0986s2TS390_5      390     69.52    100.00  60    N/A       N/A        0.39      N/A        48.87    N/A           29.08    42.44    3.262    3.991    155   1    0     0     67.74  85.81  N/A         N/A          0.11         N/A          85.81  73.346   1.96     7.82        17.6        147      2.5      1.23          0.60    73.55     0.61    0.66    0.93    0.26    0.90     88.70   6.23    87.68   74.88   0.79    1143.30    5.22     66.06    0.40      1.63          0.73          0.00           95.42        
62   R0986s2TS217_3      217     69.52    100.00  60    N/A       N/A        0.39      N/A        48.06    N/A           26.37    41.66    3.132    4.04     155   0    0     0     75.48  87.74  N/A         N/A          0.65         N/A          87.74  75.722   1.96     8.08        17.4        147      2.5      3.49          0.51    72.90     0.59    0.66    0.93    0.27    0.90     71.60   6.23    88.13   74.14   0.80    1136.00    4.85     87.55    0.39      149.80        2.19          3.92           88.24        
63   R0986s2TS208_4      208     69.52    100.00  60    N/A       N/A        0.39      N/A        49.03    N/A           28.18    42.48    3.224    3.925    155   0    0     0     77.42  86.45  N/A         N/A          0.78         N/A          86.45  77.826   1.88     7.91        17.6        147      2.4      1.10          0.60    74.19     0.61    0.65    0.94    0.27    0.91     78.40   6.11    87.61   75.04   0.80    1147.10    5.13     81.82    0.40      0.00          1.46          0.65           92.16        
64   R0986s2TS112_1      112     69.36    100.00  64    0.30      N/A        0.37      N/A        48.39    N/A           28.76    42.13    3.244    3.986    155   1    0     0     76.13  87.74  0.59        N/A          0.69         N/A          87.74  76.643   1.88     7.82        17.6        147      2.5      1.65          0.58    72.90     0.60    0.66    0.93    0.27    0.90     84.90   6.23    87.79   74.97   0.80    1144.20    5.14     89.60    0.40      1.63          1.46          2.61           87.58        
65   R0986s2TS208_3      208     69.36    100.00  64    N/A       N/A        0.37      N/A        48.55    N/A           30.19    42.26    3.251    3.927    155   0    0     0     77.42  87.74  N/A         N/A          0.78         N/A          87.74  75.956   1.89     7.91        17.4        147      2.5      1.32          0.60    73.87     0.60    0.65    0.93    0.28    0.90     77.10   6.11    87.57   74.50   0.80    1134.20    5.57     81.47    0.41      0.00          2.19          2.61           89.54        
66   R0986s2TS460_5      460     69.36    100.00  64    N/A       N/A        0.37      N/A        47.90    N/A           27.33    41.38    3.278    3.996    155   1    0     0     71.61  85.16  N/A         N/A          0.38         N/A          85.16  72.004   1.89     7.82        16.9        146      2.5      1.31          0.59    73.52     0.60    0.64    0.93    0.28    0.91     88.82   6.11    87.52   74.08   0.80    1103.10    5.37     68.36    0.39      0.82          1.46          1.31           93.46        
67   R0986s2TS356_4      356     69.36    100.00  64    N/A       N/A        0.37      N/A        49.19    N/A           28.91    41.39    3.155    4.015    155   0    0     0     68.39  87.74  N/A         N/A          0.16         N/A          87.74  76.134   1.90     8.25        18          146      2.2      0.86          0.60    72.26     0.61    0.64    0.94    0.26    0.91     77.70   6.11    88.80   75.99   0.80    1166.00    4.78     87.73    0.39      0.00          0.00          1.31           94.77        
68   R0986s2TS344_3      344     69.19    100.00  68    N/A       N/A        0.35      N/A        47.91    N/A           29.97    42.75    3.231    3.957    155   1    0     0     69.68  85.16  N/A         N/A          0.25         N/A          85.16  75.665   1.95     7.82        17.2        146      2.4      1.19          0.58    75.78     0.59    0.65    0.94    0.28    0.90     73.32   6.11    88.08   75.12   0.80    1120.20    5.00     84.52    0.39      0.00          0.73          1.31           83.01        
69   R0986s2TS086_4      086     69.19    100.00  68    N/A       N/A        0.35      N/A        48.39    N/A           29.49    43.62    3.968    4.526    155   0    0     0     78.06  86.45  N/A         N/A          0.83         N/A          87.10  78.874   1.76     7.91        17.2        146      2.7      0.50          0.60    70.32     0.60    0.65    0.89    0.31    0.88     89.70   6.23    86.12   74.18   0.79    1119.60    8.59     N/A      0.38      0.00          0.00          0.00           98.69        
70   R0986s2TS102_1      102s    69.19    100.00  68    0.28      -0.12      0.35      -0.07      48.23    -0.42         25.23    39.26    3.335    4.069    155   1    0     0     66.45  85.81  -0.04       -0.51        0.02         -0.74        85.81  75.549   1.94     7.65        17.3        147      2.5      1.29          0.59    70.97     0.59    0.64    0.93    0.27    0.90     88.60   6.11    87.61   73.79   0.78    1127.20    5.28     68.71    0.38      2.45          0.73          0.00           96.08        
71   R0986s2TS208_5      208     69.19    100.00  68    N/A       N/A        0.35      N/A        47.91    N/A           27.82    41.27    3.266    3.975    155   0    0     0     78.71  87.10  N/A         N/A          0.87         N/A          87.10  76.01    1.92     7.82        17.4        147      2.5      1.15          0.59    71.29     0.59    0.64    0.93    0.27    0.91     70.80   6.11    87.52   74.74   0.80    1131.80    5.34     81.47    0.38      0.00          1.46          1.96           90.85        
72   R0986s2TS390_1      390     69.03    100.00  72    0.27      N/A        0.33      N/A        47.90    N/A           26.78    39.92    3.358    4.084    155   1    0     0     66.45  84.52  -0.04       N/A          0.02         N/A          84.52  76.058   1.81     7.48        17          148      2.5      1.18          0.59    69.36     0.58    0.64    0.92    0.28    0.90     80.40   6.11    86.92   73.45   0.78    1112.10    5.88     66.30    0.37      1.63          0.00          0.00           96.08        
73   R0986s2TS102_3      102s    69.03    100.00  72    N/A       N/A        0.33      -0.15      48.06    N/A           27.67    41.98    3.259    4.003    155   1    0     0     65.81  84.52  N/A         N/A          -0.02        -0.87        84.52  73.951   2.00     7.74        17.6        147      2.5      1.51          0.60    72.26     0.60    0.66    0.93    0.26    0.90     88.70   6.23    87.64   74.84   0.79    1143.50    5.20     66.96    0.39      2.45          1.46          0.00           94.77        
74   R0986s2TS359_4      359s    69.03    100.00  72    N/A       N/A        0.33      -0.15      47.58    N/A           28.07    39.58    3.31     4.062    155   5    0     0     67.10  85.81  N/A         N/A          0.07         -0.61        85.81  76.173   1.97     7.82        16.6        147      2.4      1.47          0.57    69.68     0.57    0.63    0.93    0.29    0.90     55.50   6.11    86.96   71.46   0.79    1087.00    5.88     84.69    0.36      0.82          0.73          3.92           81.70        
75   R0986s2TS425_3      425     69.03    100.00  72    N/A       N/A        0.33      N/A        47.26    N/A           27.82    40.95    3.043    3.922    155   1    0     0     74.84  87.10  N/A         N/A          0.60         N/A          87.10  73.076   2.01     7.99        17.6        151      2.8      0.65          0.60    70.97     0.60    0.65    0.94    0.22    0.90     78.10   6.47    87.58   76.83   0.80    1142.90    4.72     N/A      0.39      0.41          0.00          0.00           98.69        
76   R0986s2TS196_4      196     69.03    100.00  72    N/A       N/A        0.33      N/A        47.58    N/A           28.07    39.58    3.31     4.062    155   5    0     0     67.10  85.81  N/A         N/A          0.07         N/A          85.81  76.173   1.97     7.82        16.6        147      2.4      1.47          0.57    69.68     0.57    0.63    0.93    0.29    0.90     55.50   6.11    86.96   71.46   0.79    1087.00    5.88     84.69    0.36      0.82          0.73          3.92           81.70        
77   R0986s2TS344_2      344     68.87    100.00  77    N/A       N/A        0.32      N/A        47.42    N/A           27.07    41.81    3.174    3.939    155   1    0     0     75.48  88.39  N/A         N/A          0.65         N/A          88.39  77.563   1.91     8.25        17.6        147      2.3      1.57          0.59    75.46     0.60    0.66    0.94    0.28    0.91     85.35   6.23    87.78   74.99   0.80    1142.00    4.98     85.62    0.39      0.00          2.92          1.31           81.70        
78   R0986s2TS460_2      460     68.71    100.00  78    N/A       N/A        0.30      N/A        47.74    N/A           28.25    40.78    3.285    4.025    155   1    0     0     77.42  86.45  N/A         N/A          0.78         N/A          86.45  72.34    1.94     7.82        17.2        146      2.5      1.26          0.59    73.52     0.60    0.64    0.93    0.28    0.91     89.12   6.11    87.54   74.20   0.79    1120.00    5.34     69.01    0.39      0.82          0.73          1.31           91.50        
79   R0986s2TS460_1      460     68.71    100.00  78    0.24      N/A        0.30      N/A        47.74    N/A           28.25    40.78    3.285    4.025    155   1    0     0     77.42  86.45  0.68        N/A          0.78         N/A          86.45  72.34    1.94     7.82        17.2        146      2.5      1.26          0.59    73.52     0.60    0.64    0.93    0.28    0.91     89.12   6.11    87.54   74.20   0.79    1120.00    5.34     69.01    0.39      0.82          0.73          1.31           91.50        
80   R0986s2TS425_5      425     68.39    100.00  80    N/A       N/A        0.27      N/A        48.71    N/A           27.03    42.18    3.983    4.661    155   1    0     0     74.19  83.23  N/A         N/A          0.56         N/A          84.52  76.95    1.79     7.31        17.4        145      2.4      0.84          0.59    70.00     0.59    0.65    0.91    0.28    0.89     83.00   6.23    86.82   74.11   0.78    1132.50    5.60     N/A      0.39      1.22          0.00          0.00           98.69        
81   R0986s2TS156_3      156s    68.39    100.00  80    N/A       N/A        0.27      -0.51      50.16    N/A           27.96    42.85    7.226    7.553    155   0    0     0     66.45  81.94  N/A         N/A          0.02         -0.74        81.94  75.73    1.83     7.48        16.2        134      2.3      1.27          0.58    67.10     0.59    0.61    0.74    0.46    0.80     83.90   6.35    80.64   71.83   0.76    1063.60    15.65    83.01    0.35      1.22          0.00          1.31           93.46        
82   R0986s2TS359_3      359s    68.06    100.00  82    N/A       N/A        0.23      -0.69      46.62    N/A           28.06    38.31    3.395    4.123    155   7    0     0     66.45  84.52  N/A         N/A          0.02         -0.74        84.52  75.564   1.98     7.91        16.2        147      2.5      1.32          0.56    70.00     0.56    0.63    0.92    0.30    0.90     55.20   6.11    86.43   70.65   0.78    1062.90    6.02     83.74    0.36      0.41          0.73          2.61           84.31        
83   R0986s2TS460_4      460     68.06    100.00  82    N/A       N/A        0.23      N/A        47.10    N/A           28.21    41.02    3.274    4        155   1    0     0     67.74  85.81  N/A         N/A          0.11         N/A          85.81  73.424   1.98     7.99        17.2        146      2.4      1.38          0.59    73.20     0.59    0.63    0.94    0.28    0.90     88.82   6.11    87.63   74.26   0.79    1116.90    4.99     68.82    0.38      0.00          2.19          0.00           86.93        
84   R0986s2TS068_1      068     68.06    100.00  82    0.18      N/A        0.23      N/A        49.68    N/A           27.92    42.87    6.144    6.497    155   0    0     0     75.48  85.81  0.55        N/A          0.65         N/A          85.81  76.726   1.86     7.74        16.8        136      2.2      1.04          0.59    69.68     0.60    0.64    0.82    0.44    0.83     86.60   6.23    81.95   72.84   0.77    1096.50    9.51     84.05    0.40      0.41          0.00          1.96           94.12        
85   R0986s2TS196_3      196     68.06    100.00  82    N/A       N/A        0.23      N/A        46.62    N/A           28.06    38.31    3.395    4.123    155   7    0     0     66.45  84.52  N/A         N/A          0.02         N/A          84.52  75.564   1.98     7.91        16.2        147      2.5      1.32          0.56    70.00     0.56    0.63    0.92    0.30    0.90     55.20   6.11    86.43   70.65   0.78    1062.90    6.02     83.74    0.36      0.41          0.73          2.61           84.31        
86   R0986s2TS086_5      086     68.06    100.00  82    N/A       N/A        0.23      N/A        46.94    N/A           25.55    38.57    3.53     4.33     155   0    0     0     67.10  85.16  N/A         N/A          0.07         N/A          85.16  70.882   2.05     8.25        17.4        147      2.6      1.09          0.60    74.19     0.60    0.66    0.93    0.26    0.89     91.80   6.23    89.20   76.05   0.78    1130.80    4.40     N/A      0.39      2.04          0.00          1.96           97.39        
87   R0986s2TS358_4      358     67.90    100.00  87    N/A       N/A        0.22      N/A        48.06    N/A           27.47    40.75    4.506    5.082    155   1    0     0     65.16  78.71  N/A         N/A          -0.07        N/A          80.65  71.349   1.88     7.40        15.5        137      2.5      2.82          0.56    71.61     0.59    0.65    0.89    0.31    0.88     88.80   6.11    83.91   73.54   0.75    1024.30    6.19     79.69    0.37      49.35         2.19          0.00           94.12        
88   R0986s2TS112_4      112     67.74    100.00  88    N/A       N/A        0.20      N/A        47.90    N/A           25.77    37.58    3.489    4.337    155   1    0     0     63.87  83.87  N/A         N/A          -0.15        N/A          85.81  75.318   1.94     7.82        16.6        145      2.5      1.76          0.57    68.06     0.60    0.63    0.92    0.29    0.90     80.00   6.11    87.75   73.54   0.77    1084.60    6.61     88.02    0.38      0.41          5.11          4.58           88.89        
89   R0986s2TS359_1      359s    67.58    100.00  89    0.14      -0.85      0.18      -0.96      46.45    -1.22         25.34    34.79    3.715    4.426    155   13   0     0     64.52  85.16  -0.17       -0.88        -0.11        -1.13        85.16  72.758   2.01     7.57        15.7        143      2.3      1.77          0.54    64.52     0.55    0.60    0.91    0.32    0.89     48.70   6.11    84.50   68.47   0.75    1035.70    7.15     81.38    0.32      2.45          0.73          3.92           79.08        
90   R0986s2TS196_1      196     67.58    100.00  89    0.14      N/A        0.18      N/A        46.45    N/A           25.34    34.79    3.715    4.426    155   13   0     0     64.52  85.16  -0.17       N/A          -0.11        N/A          85.16  72.758   2.01     7.57        15.7        143      2.3      1.77          0.54    64.52     0.55    0.60    0.91    0.32    0.89     48.70   6.11    84.50   68.47   0.75    1035.70    7.15     81.38    0.32      2.45          0.73          3.92           79.08        
91   R0986s2TS112_5      112     67.42    100.00  91    N/A       N/A        0.17      N/A        47.26    N/A           26.44    38.16    3.464    4.205    155   1    0     0     61.94  81.29  N/A         N/A          -0.29        N/A          83.23  68.769   2.00     7.91        15.8        145      2.6      1.63          0.57    70.97     0.61    0.63    0.92    0.29    0.90     79.60   6.11    86.09   73.16   0.77    1042.00    6.66     88.10    0.41      2.45          1.46          0.00           92.16        
92   R0986s2TS156_5      156s    67.42    100.00  91    N/A       N/A        0.17      -1.05      48.87    N/A           28.19    42.38    7.147    7.571    155   0    0     0     73.55  83.87  N/A         N/A          0.52         0.68         83.87  75.444   1.87     7.57        16.1        135      2.2      1.21          0.57    65.48     0.58    0.60    0.72    0.52    0.80     85.00   6.23    78.85   70.72   0.76    1059.90    18.57    83.76    0.36      0.82          0.00          1.31           92.81        
93   R0986s2TS156_4      156s    67.26    100.00  93    N/A       N/A        0.15      -1.14      48.39    N/A           28.10    42.08    6.621    7.163    155   0    0     0     67.74  83.87  N/A         N/A          0.11         -0.49        83.87  73.875   1.93     7.48        16.3        135      2.3      1.39          0.58    67.10     0.59    0.61    0.80    0.48    0.81     73.40   6.23    80.51   72.08   0.77    1068.30    13.22    83.45    0.37      1.63          0.00          1.96           92.16        
94   R0986s2TS390_2      390     67.26    100.00  93    N/A       N/A        0.15      N/A        45.00    N/A           27.25    39.67    3.186    3.93     155   1    0     0     74.19  87.10  N/A         N/A          0.56         N/A          87.10  72.353   2.09     7.91        16.9        147      2.4      1.04          0.59    71.94     0.59    0.65    0.93    0.28    0.90     80.40   6.11    87.43   73.06   0.79    1102.60    5.54     66.97    0.38      1.22          0.00          0.00           96.73        
95   R0986s2TS156_2      156s    66.77    100.00  95    N/A       N/A        0.10      -1.41      47.91    N/A           28.23    41.70    6.345    6.747    155   0    0     0     72.90  83.23  N/A         N/A          0.47         0.55         83.23  74.992   1.86     7.40        16.1        135      2.3      1.18          0.58    64.19     0.59    0.62    0.76    0.47    0.82     74.40   6.23    80.16   72.46   0.76    1057.30    11.67    82.77    0.35      0.82          0.00          1.31           93.46        
96   R0986s2TS359_2      359s    66.61    100.00  96    N/A       N/A        0.08      -1.50      45.48    N/A           26.48    35.98    3.588    4.298    155   11   0     0     63.87  84.52  N/A         N/A          -0.15        -1.26        84.52  71.614   1.98     7.40        15.6        144      2.5      1.81          0.55    65.48     0.55    0.61    0.91    0.31    0.90     58.70   6.11    85.47   69.28   0.76    1028.30    6.57     82.29    0.34      2.85          0.73          5.23           79.74        
97   R0986s2TS196_2      196     66.61    100.00  96    N/A       N/A        0.08      N/A        45.48    N/A           26.48    35.98    3.588    4.298    155   11   0     0     63.87  84.52  N/A         N/A          -0.15        N/A          84.52  71.614   1.98     7.40        15.6        144      2.5      1.81          0.55    65.48     0.55    0.61    0.91    0.31    0.90     58.70   6.11    85.47   69.28   0.76    1028.30    6.57     82.29    0.34      2.85          0.73          5.23           79.74        
98   R0986s2TS156_1      156s    66.61    100.00  96    0.05      -1.29      0.08      -1.50      47.74    -0.64         27.03    41.45    6.622    7.034    155   0    0     0     65.16  82.58  -0.13       -0.76        -0.07        -1.00        82.58  74.367   1.84     7.40        16.3        135      2.2      1.27          0.58    66.77     0.59    0.61    0.76    0.47    0.81     63.10   6.23    79.72   72.17   0.76    1069.40    12.62    82.53    0.36      1.22          0.00          0.65           93.46        
99   R0986s2TS195_1      195     65.97    100.00  99    -0.00     N/A        0.01      N/A        48.06    N/A           28.40    36.75    4.283    4.791    155   1    0     0     67.74  78.71  0.04        N/A          0.11         N/A          78.71  65.755   2.03     7.40        16.4        144      2.9      1.93          0.61    72.90     0.62    0.66    0.87    0.30    0.88     89.20   6.11    84.01   73.90   0.73    1076.20    12.25    N/A      0.43      2.85          3.65          0.65           93.46        
100  R0986s2TS112_3      112     65.81    100.00  100   N/A       N/A        -0.00     N/A        44.52    N/A           23.62    34.19    3.688    4.437    155   1    0     0     63.23  81.94  N/A         N/A          -0.20        N/A          81.94  67.804   1.93     7.74        15.5        143      2.6      1.17          0.57    67.42     0.60    0.62    0.91    0.32    0.90     85.00   6.11    85.29   72.45   0.75    1024.90    8.23     87.12    0.39      0.00          2.92          1.31           95.42        
101  R0986s2TS068_3      068     64.68    100.00  101   N/A       N/A        -0.12     N/A        46.94    N/A           25.00    40.51    7.463    7.813    155   0    0     0     69.03  78.71  N/A         N/A          0.20         N/A          81.29  73.809   1.78     7.31        15          128      1.9      1.37          0.55    61.61     0.57    0.58    0.70    0.56    0.79     66.30   6.11    72.64   67.43   0.74    991.00     19.21    79.55    0.36      2.04          0.00          0.65           94.12        
102  R0986s2TS112_2      112     63.71    100.00  102   N/A       N/A        -0.22     N/A        42.91    N/A           22.60    35.23    3.672    4.462    155   1    0     0     69.68  81.29  N/A         N/A          0.25         N/A          83.23  66.149   2.11     7.82        15.6        145      2.8      1.72          0.55    69.36     0.60    0.62    0.91    0.31    0.89     79.10   6.11    85.19   73.40   0.75    1026.20    7.71     87.47    0.39      1.22          2.92          2.61           90.85        
103  R0986s2TS431_1      431     63.39    100.00  103   -0.23     N/A        -0.26     N/A        41.94    N/A           22.03    34.88    4.253    5.082    155   1    0     0     66.45  82.58  -0.04       N/A          0.02         N/A          82.58  60.936   2.18     7.48        14.8        143      2.7      1.61          0.56    70.64     0.59    0.61    0.88    0.40    0.87     79.70   6.23    81.18   72.02   0.74    983.40     9.05     81.55    0.35      0.82          5.11          0.00           95.42        
104  R0986s2TS358_5      358     62.74    100.00  104   N/A       N/A        -0.32     N/A        45.32    N/A           23.34    33.52    6.041    6.493    155   0    0     0     61.29  72.90  N/A         N/A          -0.33        N/A          74.19  66.856   1.78     6.21        14.1        131      2.8      2.77          0.53    66.13     0.58    0.62    0.81    0.35    0.84     88.80   5.73    79.13   71.74   0.69    938.80     10.01    73.64    0.37      52.20         2.19          0.00           95.42        
105  R0986s2TS328_4      328     61.45    100.00  105   N/A       N/A        -0.46     N/A        38.39    N/A           17.05    29.47    3.431    4.42     155   2    0     0     67.10  86.45  N/A         N/A          0.07         N/A          86.45  56.146   2.31     8.33        14.1        144      2.6      4.08          0.50    57.42     0.50    0.61    0.91    0.36    0.88     58.70   6.23    82.77   66.03   0.75    939.30     7.11     N/A      0.25      59.14         18.98         13.73          67.32        
106  R0986s2TS328_2      328     61.13    100.00  106   N/A       N/A        -0.49     N/A        38.39    N/A           19.43    30.26    3.435    4.53     155   0    0     0     63.87  81.94  N/A         N/A          -0.15        N/A          81.94  56.168   2.16     7.65        13.9        148      2.9      3.34          0.52    56.45     0.50    0.59    0.91    0.37    0.88     59.20   6.23    84.32   68.35   0.75    929.10     7.18     N/A      0.25      14.68         15.33         9.80           77.78        
107  R0986s2TS358_3      358     61.13    100.00  106   N/A       N/A        -0.49     N/A        43.06    N/A           24.87    33.72    5.975    6.414    155   1    0     0     62.58  72.90  N/A         N/A          -0.24        N/A          74.84  66.611   1.81     6.30        14.5        133      2.8      2.62          0.53    63.87     0.59    0.62    0.82    0.38    0.83     83.80   5.99    78.29   72.13   0.69    964.80     10.16    73.34    0.36      52.61         0.73          0.00           93.46        
108  R0986s2TS328_1      328     60.81    100.00  108   -0.46     N/A        -0.53     N/A        38.39    N/A           16.51    29.31    3.491    4.381    155   0    0     0     66.45  86.45  -0.04       N/A          0.02         N/A          86.45  59.689   2.27     7.31        13.5        147      2.8      3.45          0.51    54.84     0.50    0.58    0.90    0.41    0.88     63.90   6.11    81.92   64.30   0.74    908.50     8.95     N/A      0.25      18.76         12.41         15.03          68.63        
109  R0986s2TS492_2      492     59.52    100.00  109   N/A       N/A        -0.66     N/A        37.58    N/A           18.35    30.80    4.359    4.961    155   0    0     0     61.94  82.58  N/A         N/A          -0.29        N/A          83.23  58.04    2.20     7.31        13.9        142      2.7      1.79          0.51    60.65     0.54    0.56    0.88    0.39    0.86     61.10   5.99    81.85   66.64   0.72    928.00     9.53     84.80    0.31      0.82          3.65          1.96           87.58        
110  R0986s2TS431_4      431     58.55    100.00  110   N/A       N/A        -0.76     N/A        40.00    N/A           16.51    27.74    8.336    8.891    155   1    0     0     54.19  71.61  N/A         N/A          -0.82        N/A          71.61  56.922   2.35     6.38        13.4        131      3        1.30          0.52    62.90     0.57    0.56    0.68    0.57    0.76     83.50   6.11    75.45   71.14   0.66    901.60     18.28    73.25    0.33      0.41          2.19          0.00           94.12        
111  R0986s2TS068_5      068     57.90    100.00  111   N/A       N/A        -0.83     N/A        38.71    N/A           20.62    29.12    7.813    8.299    155   0    0     0     57.42  70.32  N/A         N/A          -0.60        N/A          70.32  57.882   2.14     6.04        12.2        124      2.7      1.52          0.50    50.65     0.54    0.50    0.67    0.62    0.76     61.30   6.11    63.06   62.68   0.65    828.80     35.02    73.90    0.30      2.04          0.00          1.31           90.20        
112  R0986s2TS068_4      068     57.74    100.00  112   N/A       N/A        -0.85     N/A        38.39    N/A           19.44    29.60    7.501    8.021    155   0    0     0     56.13  72.90  N/A         N/A          -0.69        N/A          72.90  58.038   2.09     6.38        12.4        125      2.7      1.38          0.50    51.61     0.54    0.50    0.67    0.61    0.76     62.80   6.11    64.30   63.05   0.66    843.90     31.01    75.33    0.30      1.22          0.00          0.65           90.20        
113  R0986s2TS328_3      328     56.94    100.00  113   N/A       N/A        -0.93     N/A        34.84    N/A           15.61    26.04    4.3      4.99     155   0    0     0     50.97  78.71  N/A         N/A          -1.05        N/A          78.71  52.865   2.34     6.72        12.8        142      3        3.48          0.50    55.16     0.52    0.58    0.87    0.41    0.86     55.70   6.11    82.03   67.35   0.69    866.10     9.60     N/A      0.27      24.06         12.41         7.19           76.47        
114  R0986s2TS328_5      328     56.45    100.00  114   N/A       N/A        -0.98     N/A        34.19    N/A           15.28    23.04    4.161    5.02     155   0    0     0     50.97  75.48  N/A         N/A          -1.05        N/A          75.48  50.364   2.54     6.72        11          139      3        3.56          0.49    49.68     0.49    0.55    0.85    0.45    0.86     54.30   5.99    77.27   62.22   0.68    766.50     11.91    N/A      0.23      17.54         16.79         17.65          64.05        
115  R0986s2TS492_1      492     56.29    100.00  115   -0.86     N/A        -1.00     N/A        33.55    N/A           13.84    24.28    4.259    5.01     155   0    0     0     48.39  81.94  -1.23       N/A          -1.23        N/A          81.94  55.654   2.21     7.57        13.3        144      3.3      1.47          0.49    54.84     0.52    0.53    0.88    0.45    0.86     63.90   5.86    81.70   66.76   0.69    892.40     9.35     87.04    0.28      0.00          4.38          1.31           92.16        
116  R0986s2TS431_2      431     56.29    100.00  115   N/A       N/A        -1.00     N/A        35.48    N/A           17.94    28.38    4.386    5.368    155   1    0     0     58.06  81.29  N/A         N/A          -0.56        N/A          81.94  56.504   2.23     6.97        12.9        142      3.3      1.33          0.50    55.81     0.54    0.53    0.86    0.50    0.85     82.20   6.11    79.24   67.57   0.69    871.90     9.90     76.84    0.28      0.00          2.92          0.00           92.16        
117  R0986s2TS288_4      288     55.81    100.00  117   N/A       N/A        -1.05     N/A        33.55    N/A           15.39    26.84    4.625    5.358    155   0    0     0     47.74  78.06  N/A         N/A          -1.27        N/A          78.06  52.429   2.32     6.81        13.7        144      3.6      1.60          0.51    58.06     0.53    0.55    0.89    0.40    0.85     63.10   5.86    83.87   68.81   0.68    917.60     8.66     85.24    0.29      0.00          6.57          1.31           92.16        
118  R0986s2TS288_2      288     55.32    100.00  118   N/A       N/A        -1.10     N/A        35.16    N/A           14.85    26.49    6.555    7.261    155   0    0     0     56.77  72.90  N/A         N/A          -0.65        N/A          75.48  51.087   2.29     6.64        12.1        135      3.1      1.77          0.47    52.58     0.49    0.49    0.79    0.54    0.80     66.90   6.23    75.94   63.29   0.66    823.50     15.98    86.22    0.25      0.41          5.84          2.61           90.20        
119  R0986s2TS492_3      492     50.00    100.00  119   N/A       N/A        -1.66     N/A        29.84    N/A           11.81    19.56    6.936    7.655    155   0    0     0     45.16  69.68  N/A         N/A          -1.45        N/A          74.19  49.116   2.29     6.21        10.5        130      3.2      1.49          0.46    52.26     0.49    0.48    0.69    0.55    0.78     74.40   5.33    77.62   64.00   0.59    732.70     12.99    77.14    0.22      0.00          3.65          1.31           89.54        
120  R0986s2TS457_4      457     49.84    100.00  120   N/A       N/A        -1.68     N/A        29.20    N/A           12.41    18.77    5.216    5.973    155   1    0     0     32.90  67.74  N/A         N/A          -2.30        N/A          69.03  48.367   2.36     6.38        9.6         132      3.1      1.04          0.47    48.06     0.51    0.52    0.83    0.42    0.84     72.00   5.86    79.06   61.08   0.61    679.60     12.62    71.88    0.25      1.22          0.00          0.00           96.73        
121  R0986s2TS288_1      288     48.39    100.00  121   -1.55     N/A        -1.83     N/A        28.23    N/A           13.03    19.91    6.955    7.683    155   0    0     0     43.87  66.45  -1.53       N/A          -1.54        N/A          69.03  45.662   2.47     4.77        9.3         134      3.7      2.00          0.44    51.94     0.49    0.48    0.74    0.57    0.78     61.70   5.73    73.67   61.44   0.60    660.80     14.95    78.64    0.25      0.82          8.76          0.00           90.85        
122  R0986s2TS457_2      457     46.29    100.00  122   N/A       N/A        -2.05     N/A        27.09    N/A           9.94     16.15    6.312    6.873    155   1    0     0     38.71  70.32  N/A         N/A          -1.90        N/A          70.32  43.775   2.50     5.53        8.6         128      3.7      1.16          0.45    51.61     0.51    0.50    0.79    0.46    0.82     73.40   5.73    74.90   60.25   0.56    617.80     14.69    68.24    0.24      1.22          0.00          0.65           95.42        
123  R0986s2TS457_3      457     45.97    100.00  123   N/A       N/A        -2.08     N/A        25.00    N/A           8.10     14.65    5.27     5.923    155   1    0     0     32.26  67.10  N/A         N/A          -2.34        N/A          68.39  44.423   2.45     5.36        8.2         125      3.4      0.96          0.45    50.32     0.51    0.51    0.83    0.43    0.83     85.40   5.60    78.52   61.12   0.57    598.20     12.29    68.27    0.24      0.82          0.00          0.00           96.73        
124  R0986s2TS288_5      288     45.65    100.00  124   N/A       N/A        -2.11     N/A        26.29    N/A           9.61     15.30    8.916    9.623    155   0    0     0     32.26  67.10  N/A         N/A          -2.34        N/A          68.39  44.119   2.56     5.28        8.3         123      3.6      1.79          0.42    46.13     0.49    0.44    0.55    0.84    0.72     67.50   5.73    70.95   59.82   0.55    600.70     43.86    64.02    0.24      0.00          7.30          2.61           86.27        
125  R0986s2TS431_3      431     45.32    100.00  125   N/A       N/A        -2.15     N/A        27.42    N/A           10.78    17.08    8.031    8.568    155   1    0     0     15.48  60.65  N/A         N/A          -3.50        N/A          63.87  40.395   2.51     5.36        7.4         118      3.3      1.12          0.41    36.77     0.49    0.40    0.65    0.79    0.72     81.00   5.33    60.31   56.03   0.54    547.60     31.22    62.88    0.23      0.00          2.19          0.00           94.77        
126  R0986s2TS492_5      492     45.16    100.00  126   N/A       N/A        -2.17     N/A        25.64    N/A           10.01    15.47    7.628    8.241    155   0    0     0     36.13  63.87  N/A         N/A          -2.07        N/A          67.10  44.67    2.43     5.36        8.5         131      3.8      1.72          0.43    47.42     0.49    0.45    0.66    0.59    0.77     80.20   5.73    73.56   59.43   0.53    610.90     17.52    73.22    0.22      1.63          2.92          3.27           92.81        
127  R0986s2TS288_3      288     41.29    100.00  127   N/A       N/A        -2.57     N/A        21.93    N/A           7.59     13.84    7.876    8.591    155   0    0     0     32.26  57.42  N/A         N/A          -2.34        N/A          59.35  37.662   2.65     3.67        7.6         126      4.4      1.79          0.42    44.19     0.48    0.44    0.65    0.70    0.74     70.60   5.73    71.83   58.73   0.51    571.80     16.70    78.26    0.24      1.63          2.92          3.92           90.85        
128  R0986s2TS457_1      457     40.81    100.00  128   -2.22     N/A        -2.62     N/A        21.29    N/A           8.51     13.28    6.433    7.115    155   1    0     0     28.39  62.58  -2.54       N/A          -2.61        N/A          63.23  41.029   2.67     4.77        7.5         124      4.2      1.40          0.42    42.90     0.48    0.47    0.78    0.51    0.79     78.20   5.33    73.78   56.96   0.51    554.30     17.04    62.91    0.24      4.08          0.73          0.00           96.73        
129  R0986s2TS492_4      492     39.84    100.00  129   N/A       N/A        -2.72     N/A        20.16    N/A           7.95     10.88    8.423    9.094    155   0    0     0     15.48  63.23  N/A         N/A          -3.50        N/A          63.23  38.732   2.68     4.09        6.3         113      3.2      1.86          0.38    43.55     0.45    0.39    0.62    0.80    0.74     72.00   5.60    65.11   55.46   0.48    487.40     30.71    76.06    0.18      1.22          3.65          1.96           88.24        
130  R0986s2TS281_2      281     21.13    100.00  130   N/A       N/A        -4.68     N/A        12.10    N/A           2.59     6.38     15.129   15.646   155   0    0     0     12.90  23.87  N/A         N/A          -3.68        N/A          39.35  26.074   2.64     1.29        1.6         67       3.1      2.70          0.24    6.45      0.38    0.15    0.17    1.59    0.54     45.10   3.29    34.48   34.77   0.27    215.40     183.29   31.66    0.07      35.89         1.46          0.65           90.20        
131  R0986s2TS281_1      281     21.13    100.00  130   -3.96     N/A        -4.68     N/A        12.10    N/A           2.32     6.36     15.209   15.719   155   0    0     0     14.19  23.23  -3.47       N/A          -3.59        N/A          40.65  26.04    2.60     1.55        1.3         66       3        2.47          0.24    6.45      0.38    0.15    0.16    1.59    0.54     45.10   3.50    34.51   34.54   0.27    206.10     184.14   31.53    0.06      30.59         0.73          0.65           91.50        

