#    Model               GR#     GDT_TS   NP_P    RANK  Z-M1-GDT  Z-M1s-GDT  Z-MA-GDT  Z-MAs-GDT  GDT_HA   Z-M1s-GDT-HA  GDC_SC   GDC_ALL  RMS_CA   RMS_ALL  NP    err  PC01  PC05  AL0_P  AL4_P  Z-M1-AL0_p  Z-M1s-AL0_p  Z-MA-AL0_p   Z-MAs-AL0_p  ALI_P  LGA_S    RMSD[L]  Z-score[M]  Z-Score[D]  Al.Res.  RMSD[D]  MolPrb_Score  LDDT    SphGr     CAD_AA  RPF     CODM    DFM     Handed.  SOV     CE      QCS     CONTS   TMscore  Dali(raw)  FlexE    QSE      CAD_SS    MolPrb_clash  MolPrb_rotout  MolPrb_ramout  MolPrb_ramfv 

-    Starting model      -       71.94    -       -     -         -          -         -          50.77    -             26.90    -        3.06     3.91     -     -    -     -     -      -      -           -            -            -            -      -        -        7.14        13.10       95       2.10     3.00          0.53    81.12     0.62    0.69    0.92    0.25    0.90     68.10   5.33    83.91   77.49   0.72     592.50     3.81     -        -         -             -              -              -            

1    R0993s2TS356_1      356     76.53    100.00  1     1.96      N/A        2.30      N/A        56.89    N/A           27.10    40.65    3.008    4.059    98    0    0     0     77.55  91.84  1.02        N/A          1.15         N/A          91.84  86.354   1.93     7.02        13.1        95       2.1      0.55          0.60    75.51     0.61    0.66    0.92    0.22    0.90     68.90   5.33    83.74   79.35   0.74    588.00     4.04     88.48    0.34      0.00          1.18          0.00           98.96        
2    R0993s2TS068_1      068     76.02    100.00  2     1.82      N/A        2.14      N/A        57.91    N/A           26.42    44.93    3.639    4.454    98    0    0     0     73.47  91.84  0.36        N/A          0.43         N/A          91.84  86.283   1.73     7.14        13.9        93       1.8      0.90          0.62    81.63     0.64    0.68    0.90    0.34    0.89     82.50   5.33    88.67   79.68   0.76    620.20     2.73     86.60    0.38      0.65          0.00          0.00           96.88        
3    R0993s2TS068_4      068     75.77    100.00  3     N/A       N/A        2.07      N/A        54.85    N/A           34.30    47.11    2.8      3.53     98    0    0     0     85.71  94.90  N/A         N/A          2.58         N/A          94.90  85.835   1.77     7.26        13.7        94       1.9      1.00          0.66    91.33     0.67    0.75    0.93    0.19    0.91     65.10   5.46    90.18   83.80   0.79    612.10     2.43     89.63    0.40      0.65          0.00          0.00           95.83        
4    R0993s2TS356_3      356     74.49    100.00  4     N/A       N/A        1.67      N/A        56.63    N/A           30.78    45.21    3.165    4.256    98    0    0     0     77.55  90.82  N/A         N/A          1.15         N/A          90.82  85.761   1.79     7.02        13.2        95       2.2      0.50          0.61    76.53     0.64    0.66    0.92    0.26    0.90     66.30   5.33    82.67   78.72   0.75    593.90     4.00     87.25    0.39      0.00          0.00          0.00           98.96        
5    R0993s2TS117_1      117     74.23    100.00  5     1.31      N/A        1.59      N/A        53.83    N/A           23.75    39.80    2.642    3.634    98    0    0     0     76.53  93.88  0.86        N/A          0.97         N/A          93.88  85.383   1.84     7.26        12.3        95       2        4.20          0.59    81.12     0.59    0.69    0.93    0.24    0.91     73.80   5.33    83.16   76.54   0.76    558.10     3.39     84.73    0.31      121.82        23.53         6.25           87.50        
6    R0993s2TS356_4      356     73.98    100.00  6     N/A       N/A        1.51      N/A        54.59    N/A           23.61    38.38    3.239    3.861    98    0    0     0     68.37  86.73  N/A         N/A          -0.46        N/A          86.73  81.825   1.72     6.55        12.6        96       2.5      0.69          0.62    78.06     0.63    0.68    0.92    0.23    0.90     87.70   5.46    81.89   77.86   0.73    570.70     3.66     85.92    0.37      0.00          0.00          0.00           96.88        
7    R0993s2TS102_1      102s    72.96    100.00  7     0.95      1.10       1.19      1.19       51.53    1.01          28.54    39.16    2.864    3.843    98    0    0     0     78.57  93.88  1.19        1.59         1.33         2.54         93.88  84.703   1.86     7.26        13.2        95       2.1      1.21          0.60    78.57     0.62    0.69    0.92    0.25    0.90     66.70   5.60    84.38   78.89   0.74    594.70     3.65     92.36    0.35      1.30          0.00          0.00           94.79        
8    R0993s2TS390_4      390     72.70    100.00  8     N/A       N/A        1.11      N/A        51.28    N/A           27.05    37.43    2.951    3.947    98    0    0     0     72.45  93.88  N/A         N/A          0.26         N/A          93.88  84.936   1.90     6.31        13.3        95       2.1      1.07          0.60    79.08     0.62    0.68    0.92    0.22    0.90     76.50   5.33    84.01   78.27   0.73    599.10     3.72     92.65    0.36      0.65          0.00          1.04           94.79        
9    R0993s2TS312_5      312s    72.45    100.00  9     N/A       N/A        1.03      0.97       51.28    N/A           25.70    42.87    3.9      4.769    98    0    0     0     75.51  92.86  N/A         N/A          0.79         0.96         92.86  84.416   1.88     6.55        12.8        93       1.9      2.39          0.59    69.39     0.62    0.65    0.84    0.29    0.87     60.80   5.33    76.07   76.48   0.73    578.90     10.18    30.28    0.32      70.92         1.18          0.00           97.92        
10   R0993s2TS112_1      112     72.45    100.00  9     0.81      N/A        1.03      N/A        51.53    N/A           27.14    37.71    3.012    3.905    98    0    0     0     73.47  92.86  0.36        N/A          0.43         N/A          92.86  85.119   1.87     7.14        13.7        95       2.1      2.24          0.59    80.61     0.62    0.68    0.93    0.23    0.90     68.10   5.33    84.12   77.93   0.73    611.50     3.58     92.41    0.34      2.60          8.24          1.04           91.67        
11   R0993s2TS102_5      102s    72.45    100.00  9     N/A       N/A        1.03      0.97       51.02    N/A           29.44    37.34    3.048    3.929    98    0    0     0     72.45  92.86  N/A         N/A          0.26         -0.63        92.86  84.255   1.88     7.38        13.2        95       2.1      1.40          0.60    80.61     0.62    0.69    0.92    0.23    0.90     78.40   5.33    83.85   78.02   0.72    593.40     3.70     92.15    0.39      3.25          0.00          0.00           95.83        
12   R0993s2TS102_3      102s    72.19    100.00  12    N/A       N/A        0.95      0.85       51.02    N/A           25.30    36.92    3.026    3.879    98    0    0     0     70.41  93.88  N/A         N/A          -0.10        -1.69        93.88  84.734   1.92     7.38        13.4        95       2.1      1.38          0.60    80.10     0.62    0.69    0.92    0.23    0.90     81.10   5.33    84.31   78.38   0.72    602.80     3.76     91.92    0.36      1.95          0.00          1.04           93.75        
13   R0993s2TS356_2      356     72.19    100.00  12    N/A       N/A        0.95      N/A        53.32    N/A           27.03    36.21    3.054    3.965    98    0    0     0     70.41  93.88  N/A         N/A          -0.10        N/A          93.88  84.506   1.94     7.26        13.1        95       2.1      0.50          0.59    80.61     0.61    0.67    0.92    0.24    0.90     70.70   5.33    83.22   77.60   0.72    589.90     3.68     89.08    0.35      0.00          0.00          0.00           98.96        
14   R0993s2TS312_4      312s    72.19    100.00  12    N/A       N/A        0.95      0.85       51.02    N/A           28.00    44.16    3.858    4.753    98    0    0     0     74.49  92.86  N/A         N/A          0.61         0.43         92.86  85.2     1.85     7.14        13          93       1.9      2.56          0.60    69.39     0.62    0.65    0.84    0.29    0.88     60.80   5.33    76.27   76.81   0.74    583.90     10.22    29.90    0.31      60.51         2.35          0.00           97.92        
15   R0993s2TS492_4      492     71.94    100.00  15    N/A       N/A        0.87      N/A        50.51    N/A           28.39    42.59    2.777    3.872    98    0    0     0     77.55  93.88  N/A         N/A          1.15         N/A          93.88  85.777   1.84     6.31        13.8        95       2.1      0.79          0.60    79.08     0.63    0.66    0.93    0.23    0.90     70.40   5.46    84.49   78.19   0.74    616.00     3.77     84.55    0.34      0.00          0.00          1.04           95.83        
16   R0993s2TS117_2      117     71.94    100.00  15    N/A       N/A        0.87      N/A        51.53    N/A           24.62    38.48    2.703    3.648    98    0    0     0     75.51  93.88  N/A         N/A          0.79         N/A          93.88  83.92    1.92     7.50        11.8        95       2        4.17          0.59    79.59     0.59    0.69    0.93    0.27    0.91     55.60   5.60    83.21   76.75   0.74    537.40     3.69     83.88    0.30      111.40        25.88         4.17           88.54        
17   R0993s2TS156_5      156s    71.94    100.00  15    N/A       N/A        0.87      0.74       51.79    N/A           28.13    39.12    3.164    3.862    98    0    0     0     74.49  93.88  N/A         N/A          0.61         0.43         93.88  83.87    1.86     6.43        13.3        94       2        1.14          0.61    81.63     0.64    0.70    0.91    0.24    0.90     59.70   5.60    83.86   78.58   0.73    598.10     3.61     87.72    0.37      1.30          0.00          0.00           95.83        
18   R0993s2TS312_2      312s    71.94    100.00  15    N/A       N/A        0.87      0.74       50.77    N/A           28.76    44.12    3.889    4.776    98    0    0     0     76.53  92.86  N/A         N/A          0.97         1.48         92.86  84.211   1.88     7.14        12.9        93       1.9      2.68          0.59    68.88     0.62    0.65    0.84    0.29    0.88     60.80   5.33    76.27   76.69   0.73    580.50     10.09    30.20    0.31      74.17         1.18          0.00           95.83        
19   R0993s2TS433_1      433     71.94    100.00  15    0.67      N/A        0.87      N/A        50.77    N/A           0.00     23.66    3.044    3.035    98    0    0     0     73.47  92.86  0.36        N/A          0.43         N/A          92.86  84.233   1.83     7.14        13.1        95       2.1      6.00          0.20    57.53     0.49    0.16    0.92    0.25    0.90     68.10   5.33    83.78   77.50   0.73    589.50     3.78     N/A      0.00      4.00          N/A           1.04           92.71        
20   R0993s2TS312_3      312s    71.94    100.00  15    N/A       N/A        0.87      0.74       50.77    N/A           26.73    43.16    3.897    4.812    98    0    0     0     74.49  92.86  N/A         N/A          0.61         0.43         92.86  84.3     1.89     7.14        12.8        93       1.9      2.65          0.59    69.39     0.61    0.65    0.84    0.29    0.87     60.80   5.33    76.18   76.62   0.73    578.40     10.22    30.25    0.33      75.47         2.35          0.00           97.92        
21   R0993s2TS102_4      102s    71.94    100.00  15    N/A       N/A        0.87      0.74       51.28    N/A           29.14    37.55    3.055    3.932    98    0    0     0     73.47  93.88  N/A         N/A          0.43         -0.10        93.88  84.663   1.90     7.26        13.4        95       2.1      0.98          0.60    82.65     0.63    0.69    0.92    0.24    0.90     72.60   5.33    83.82   77.93   0.72    600.60     3.71     92.46    0.40      1.95          0.00          0.00           97.92        
22   R0993s2TS208_1      208     71.94    100.00  15    0.67      N/A        0.87      N/A        50.00    N/A           24.71    38.32    2.938    3.76     98    0    0     0     74.49  93.88  0.53        N/A          0.61         N/A          93.88  84.528   1.89     7.26        13.4        95       2.1      1.37          0.59    84.18     0.62    0.67    0.93    0.21    0.90     60.10   5.60    83.21   76.22   0.74    600.90     3.30     83.55    0.35      0.00          2.35          5.21           88.54        
23   R0993s2TS068_5      068     71.94    100.00  15    N/A       N/A        0.87      N/A        51.28    N/A           33.08    40.50    3.057    3.776    98    0    0     0     73.47  93.88  N/A         N/A          0.43         N/A          93.88  84.394   1.91     6.43        13.2        94       2        0.69          0.62    83.67     0.64    0.70    0.91    0.22    0.90     63.80   5.33    83.89   78.61   0.73    592.50     3.56     87.30    0.38      0.00          0.00          0.00           96.88        
24   R0993s2TS433_3      433     71.94    100.00  15    N/A       N/A        0.87      N/A        51.53    N/A           0.00     23.71    3.06     3.049    98    0    0     0     72.45  92.86  N/A         N/A          0.26         N/A          92.86  84.578   1.88     7.14        12.9        95       2.1      6.00          0.20    57.53     0.49    0.16    0.92    0.26    0.90     68.10   5.33    83.94   77.52   0.73    582.70     3.77     N/A      0.00      4.00          N/A           1.04           92.71        
25   R0993s2TS356_5      356     71.68    100.00  25    N/A       N/A        0.79      N/A        52.30    N/A           23.90    35.22    3.184    4.154    98    0    0     0     66.33  86.73  N/A         N/A          -0.82        N/A          86.73  80.467   1.93     7.14        11.8        95       2.4      0.52          0.58    77.04     0.61    0.65    0.91    0.21    0.90     63.40   5.33    82.10   77.83   0.71    537.70     3.80     84.48    0.35      0.00          0.00          0.00           97.92        
26   R0993s2TS156_1      156s    71.68    100.00  25    0.59      0.62       0.79      0.62       50.51    0.70          28.96    37.98    3.058    3.851    98    0    0     0     71.43  93.88  0.03        -1.06        0.08         -1.16        93.88  83.544   1.87     6.43        13.3        94       2        0.79          0.61    83.67     0.65    0.69    0.92    0.24    0.90     61.40   5.33    83.66   78.84   0.73    596.80     3.61     86.68    0.39      0.00          0.00          1.04           95.83        
27   R0993s2TS312_1      312s    71.68    100.00  25    0.59      0.62       0.79      0.62       50.51    0.70          26.75    43.64    3.901    4.792    98    0    0     0     75.51  92.86  0.69        0.45         0.79         0.96         92.86  84.358   1.83     7.14        12.9        93       1.9      2.39          0.59    69.39     0.62    0.65    0.84    0.29    0.88     60.80   5.33    76.20   76.77   0.73    581.60     10.34    30.16    0.31      70.92         1.18          0.00           97.92        
28   R0993s2TS390_3      390     71.68    100.00  25    N/A       N/A        0.79      N/A        50.00    N/A           25.78    36.63    3.005    3.889    98    0    0     0     71.43  92.86  N/A         N/A          0.08         N/A          92.86  84.17    1.88     7.38        13          95       2.1      1.36          0.59    80.61     0.62    0.68    0.92    0.22    0.90     78.30   5.33    83.46   77.72   0.72    585.30     3.66     92.24    0.35      3.90          0.00          0.00           96.88        
29   R0993s2TS190_5      190     71.68    100.00  25    N/A       N/A        0.79      N/A        51.02    N/A           25.02    36.44    2.846    3.852    98    0    0     0     73.47  93.88  N/A         N/A          0.43         N/A          93.88  82.368   2.01     7.26        13.1        95       2.2      6.00          0.59    79.59     0.62    0.66    0.93    0.21    0.90     61.40   5.33    82.97   76.55   0.72    588.00     3.64     32.52    0.34      0.00          N/A           N/A            N/A          
30   R0993s2TS190_3      190     71.68    100.00  25    N/A       N/A        0.79      N/A        51.02    N/A           25.39    36.90    3.029    3.912    98    0    0     0     72.45  93.88  N/A         N/A          0.26         N/A          93.88  84.828   1.87     7.38        13.4        95       2.1      2.58          0.60    81.12     0.62    0.68    0.93    0.23    0.90     68.10   5.33    84.20   78.07   0.73    601.20     3.32     91.59    0.33      27.99         2.35          2.08           94.79        
31   R0993s2TS460_2      460     71.43    100.00  31    N/A       N/A        0.71      N/A        51.02    N/A           25.87    37.45    3.026    3.931    98    0    0     0     75.51  93.88  N/A         N/A          0.79         N/A          93.88  84.672   1.87     7.26        13.5        95       2.1      2.78          0.60    79.59     0.62    0.69    0.92    0.23    0.90     62.70   5.60    83.44   77.43   0.73    606.00     3.85     90.40    0.35      22.12         5.88          1.04           94.79        
32   R0993s2TS217_2      217     71.43    100.00  31    N/A       N/A        0.71      N/A        51.28    N/A           22.67    36.73    3.255    4.093    98    0    0     0     73.47  90.82  N/A         N/A          0.43         N/A          90.82  83.351   1.92     7.02        12.3        93       2        3.92          0.51    81.63     0.61    0.69    0.90    0.27    0.90     73.60   5.33    82.31   76.88   0.73    558.20     3.91     88.37    0.35      189.45        4.71          5.21           84.38        
33   R0993s2TS433_2      433     71.43    100.00  31    N/A       N/A        0.71      N/A        51.02    N/A           0.00     23.06    3.089    3.081    98    0    0     0     72.45  91.84  N/A         N/A          0.26         N/A          91.84  84.166   1.93     7.02        13          95       2.2      6.00          0.20    57.53     0.49    0.16    0.92    0.24    0.90     68.10   5.60    83.35   76.96   0.72    584.80     3.86     N/A      0.00      4.00          N/A           1.04           92.71        
34   R0993s2TS390_1      390     71.17    100.00  34    0.45      N/A        0.63      N/A        49.74    N/A           26.81    35.84    2.999    3.93     98    0    0     0     72.45  92.86  0.20        N/A          0.26         N/A          92.86  84.027   1.92     7.26        12.9        95       2.2      0.86          0.59    80.10     0.62    0.68    0.92    0.23    0.90     75.60   5.33    83.91   78.31   0.72    583.00     3.77     92.29    0.35      0.00          0.00          0.00           94.79        
35   R0993s2TS068_3      068     71.17    100.00  34    N/A       N/A        0.63      N/A        51.28    N/A           23.83    35.68    3.328    4.216    98    0    0     0     65.31  91.84  N/A         N/A          -0.99        N/A          91.84  84.971   1.76     5.84        12.7        93       2        1.13          0.58    73.47     0.62    0.64    0.89    0.39    0.88     61.40   5.33    79.72   73.09   0.71    572.20     4.70     84.16    0.36      0.65          0.00          0.00           93.75        
36   R0993s2TS217_3      217     71.17    100.00  34    N/A       N/A        0.63      N/A        50.26    N/A           25.10    37.54    3.063    3.778    98    0    0     0     77.55  90.82  N/A         N/A          1.15         N/A          90.82  83.199   1.90     6.19        12.2        95       2.2      3.86          0.48    84.69     0.62    0.70    0.91    0.25    0.90     66.60   5.33    81.56   75.69   0.73    553.70     4.68     90.87    0.34      180.57        4.71          6.25           86.46        
37   R0993s2TS190_2      190     71.17    100.00  34    N/A       N/A        0.63      N/A        51.53    N/A           24.93    34.61    2.852    3.726    98    0    0     0     74.49  94.90  N/A         N/A          0.61         N/A          94.90  80.68    2.14     7.38        12.4        95       2.2      1.92          0.59    80.61     0.62    0.67    0.92    0.26    0.90     65.70   5.33    84.43   77.43   0.71    561.60     3.85     43.44    0.34      11.72         1.18          2.08           95.83        
38   R0993s2TS460_1      460     71.17    100.00  34    0.45      N/A        0.63      N/A        50.00    N/A           25.70    37.19    3.034    3.934    98    0    0     0     75.51  93.88  0.69        N/A          0.79         N/A          93.88  84.519   1.88     7.26        13.5        95       2.1      2.66          0.60    79.59     0.62    0.69    0.92    0.23    0.90     62.70   5.60    83.33   77.34   0.73    603.90     3.86     90.38    0.35      23.42         4.71          1.04           95.83        
39   R0993s2TS390_2      390     70.92    100.00  39    N/A       N/A        0.56      N/A        49.23    N/A           27.91    36.00    3.029    3.953    98    0    0     0     73.47  92.86  N/A         N/A          0.43         N/A          92.86  83.875   1.91     7.38        12.9        95       2.2      1.23          0.59    81.12     0.63    0.68    0.92    0.24    0.90     76.50   5.33    83.36   77.90   0.72    581.70     3.75     92.68    0.36      2.60          0.00          0.00           96.88        
40   R0993s2TS460_3      460     70.92    100.00  39    N/A       N/A        0.56      N/A        50.00    N/A           25.56    37.49    3.018    3.929    98    0    0     0     74.49  93.88  N/A         N/A          0.61         N/A          93.88  84.506   1.87     7.14        13.5        95       2        2.57          0.60    79.08     0.62    0.68    0.92    0.23    0.90     62.60   5.60    83.60   77.31   0.73    606.20     3.85     90.59    0.35      15.61         4.71          2.08           94.79        
41   R0993s2TS460_4      460     70.92    100.00  39    N/A       N/A        0.56      N/A        50.51    N/A           25.70    37.29    3.031    3.934    98    0    0     0     75.51  93.88  N/A         N/A          0.79         N/A          93.88  84.443   1.88     7.26        13.5        95       2.1      2.74          0.60    79.59     0.62    0.69    0.92    0.23    0.90     62.70   5.60    83.39   77.39   0.73    605.10     3.86     90.41    0.35      24.07         5.88          1.04           95.83        
42   R0993s2TS425_2      425     70.92    100.00  39    N/A       N/A        0.56      N/A        50.77    N/A           25.70    36.26    3.149    3.952    98    0    0     0     63.27  83.67  N/A         N/A          -1.35        N/A          83.67  77.582   1.91     7.14        11.6        95       2.5      1.06          0.59    77.55     0.62    0.69    0.92    0.26    0.90     73.60   5.46    84.58   79.64   0.71    531.00     3.74     83.32    0.33      2.60          0.00          0.00           97.92        
43   R0993s2TS460_5      460     70.92    100.00  39    N/A       N/A        0.56      N/A        50.51    N/A           26.05    37.55    3.018    3.927    98    0    0     0     75.51  93.88  N/A         N/A          0.79         N/A          93.88  84.519   1.87     7.14        13.5        95       2        2.60          0.60    79.08     0.62    0.68    0.92    0.23    0.90     62.70   5.60    83.66   77.43   0.73    605.60     3.83     90.64    0.35      16.92         4.71          2.08           94.79        
44   R0993s2TS156_3      156s    70.92    100.00  39    N/A       N/A        0.56      0.28       49.49    N/A           27.36    37.78    3.161    3.917    98    0    0     0     72.45  93.88  N/A         N/A          0.26         -0.63        93.88  83.432   1.87     7.38        13.3        94       2        0.79          0.60    81.12     0.64    0.69    0.91    0.24    0.90     59.70   5.60    83.45   78.94   0.73    595.60     3.74     86.13    0.36      0.00          0.00          0.00           95.83        
45   R0993s2TS390_5      390     70.92    100.00  39    N/A       N/A        0.56      N/A        49.75    N/A           25.52    37.57    3.028    3.89     98    0    0     0     70.41  93.88  N/A         N/A          -0.10        N/A          93.88  83.633   1.96     7.14        13.3        95       2.2      1.27          0.60    79.59     0.62    0.68    0.92    0.22    0.90     78.30   5.33    83.67   77.80   0.72    596.80     3.74     92.10    0.35      1.30          0.00          0.00           93.75        
46   R0993s2TS208_2      208     70.66    100.00  46    N/A       N/A        0.48      N/A        50.26    N/A           27.32    36.80    2.993    3.858    98    0    0     0     77.55  93.88  N/A         N/A          1.15         N/A          93.88  84.13    1.85     6.19        13.1        95       2.1      1.28          0.59    80.61     0.62    0.67    0.92    0.24    0.90     61.40   5.60    82.08   74.92   0.73    588.70     3.72     82.59    0.34      0.00          2.35          4.17           91.67        
47   R0993s2TS217_1      217     70.66    100.00  46    0.30      N/A        0.48      N/A        49.49    N/A           25.96    39.63    3.183    3.9      98    0    0     0     74.49  92.86  0.53        N/A          0.61         N/A          92.86  83.441   1.98     7.02        12.4        94       2.1      4.14          0.46    83.16     0.60    0.69    0.90    0.25    0.90     73.20   5.33    82.32   76.30   0.72    562.60     3.93     86.63    0.34      181.64        8.24          9.38           80.21        
48   R0993s2TS270_3      270     70.41    100.00  48    N/A       N/A        0.40      N/A        49.23    N/A           23.90    36.62    3.055    3.932    98    0    0     0     74.49  93.88  N/A         N/A          0.61         N/A          93.88  84.051   1.93     7.14        13.3        95       2.1      2.17          0.59    81.12     0.62    0.68    0.92    0.24    0.90     68.50   5.60    83.68   77.19   0.72    596.90     3.58     N/A      0.34      1.95          7.06          3.12           89.58        
49   R0993s2TS358_4      358     70.41    100.00  48    N/A       N/A        0.40      N/A        49.49    N/A           26.59    37.05    3.082    3.881    98    0    0     0     74.49  92.86  N/A         N/A          0.61         N/A          92.86  82.066   1.96     7.14        12.8        95       2.2      2.81          0.53    81.63     0.62    0.69    0.91    0.25    0.90     68.10   5.33    83.38   76.93   0.72    575.80     3.87     83.84    0.33      83.98         0.00          1.04           93.75        
50   R0993s2TS102_2      102s    70.15    100.00  50    N/A       N/A        0.32      -0.06      47.96    N/A           26.94    36.01    2.998    3.934    98    0    0     0     73.47  93.88  N/A         N/A          0.43         -0.10        93.88  83.545   1.94     7.26        12.8        95       2.2      1.15          0.58    81.63     0.62    0.67    0.92    0.25    0.90     77.50   5.33    83.58   77.96   0.72    577.80     3.79     92.52    0.35      1.95          0.00          0.00           96.88        
51   R0993s2TS068_2      068     70.15    100.00  50    N/A       N/A        0.32      N/A        50.77    N/A           23.37    35.64    3.269    4.14     98    0    0     0     65.31  91.84  N/A         N/A          -0.99        N/A          91.84  84.698   1.75     6.90        13.4        93       1.8      0.79          0.59    77.04     0.62    0.66    0.90    0.31    0.89     62.50   5.46    81.76   73.79   0.71    602.70     4.10     84.67    0.35      0.00          0.00          0.00           95.83        
52   R0993s2TS328_5      328     70.15    100.00  50    N/A       N/A        0.32      N/A        50.26    N/A           23.55    37.84    3.12     3.831    98    0    0     0     73.47  93.88  N/A         N/A          0.43         N/A          93.88  84.703   1.85     6.19        13.3        94       1.9      1.60          0.60    79.59     0.61    0.68    0.91    0.23    0.90     80.00   5.33    82.57   77.26   0.74    599.10     4.19     N/A      0.31      2.60          1.18          2.08           91.67        
53   R0993s2TS358_1      358     69.90    100.00  53    0.09      N/A        0.24      N/A        49.49    N/A           24.56    35.02    3.026    3.878    98    0    0     0     72.45  94.90  0.20        N/A          0.26         N/A          94.90  82.922   1.93     7.38        12.4        95       2.2      2.75          0.53    81.63     0.61    0.68    0.92    0.26    0.90     68.10   5.33    82.94   76.94   0.71    563.20     3.86     83.15    0.33      73.57         0.00          0.00           93.75        
54   R0993s2TS328_3      328     69.90    100.00  53    N/A       N/A        0.24      N/A        49.49    N/A           27.84    38.65    3.038    3.821    98    0    0     0     74.49  93.88  N/A         N/A          0.61         N/A          93.88  83.862   1.97     6.43        13.2        94       2        1.34          0.60    80.10     0.61    0.68    0.92    0.26    0.90     68.30   5.33    81.50   76.32   0.72    593.70     3.94     N/A      0.32      0.00          2.35          4.17           89.58        
55   R0993s2TS156_2      156s    69.90    100.00  53    N/A       N/A        0.24      -0.17      48.47    N/A           26.86    37.65    3.183    3.983    98    0    0     0     73.47  93.88  N/A         N/A          0.43         -0.10        93.88  82.895   1.99     6.43        13.1        94       2.1      0.86          0.60    81.12     0.64    0.68    0.91    0.24    0.90     59.70   5.33    83.35   78.57   0.72    588.10     3.73     86.27    0.35      0.00          0.00          0.00           94.79        
56   R0993s2TS358_3      358     69.64    100.00  56    N/A       N/A        0.16      N/A        48.47    N/A           25.43    35.12    3.15     4        98    0    0     0     72.45  90.82  N/A         N/A          0.26         N/A          90.82  82.935   2.01     7.02        12.6        95       2.2      2.84          0.52    79.59     0.61    0.68    0.92    0.26    0.90     68.10   5.33    83.05   76.95   0.71    571.80     3.87     82.67    0.34      80.08         1.18          1.04           93.75        
57   R0993s2TS425_4      425     69.64    100.00  56    N/A       N/A        0.16      N/A        49.23    N/A           22.10    34.24    3.325    4.229    98    0    0     0     67.35  90.82  N/A         N/A          -0.64        N/A          90.82  78.089   2.16     6.67        11.2        92       2.4      0.88          0.58    77.04     0.61    0.66    0.90    0.29    0.89     71.10   5.46    84.15   78.19   0.70    513.60     3.97     N/A      0.31      1.30          0.00          0.00           97.92        
58   R0993s2TS190_1      190     69.64    100.00  56    0.02      N/A        0.16      N/A        49.49    N/A           25.30    33.52    3.01     4.03     98    0    0     0     69.39  89.80  -0.30       N/A          -0.28        N/A          89.80  76.15    1.98     7.14        12.2        95       2.3      6.00          0.57    78.06     0.61    0.65    0.92    0.26    0.90     66.00   5.33    82.68   74.57   0.70    556.10     4.04     33.34    0.32      0.00          N/A           N/A            N/A          
59   R0993s2TS344_1      344     69.39    100.00  59    -0.06     N/A        0.08      N/A        47.70    N/A           20.88    34.11    2.98     3.976    98    1    0     0     67.35  94.90  -0.63       N/A          -0.64        N/A          94.90  83.302   1.94     7.26        12.4        95       2.1      1.62          0.56    76.53     0.60    0.65    0.92    0.23    0.90     77.40   5.33    82.00   74.90   0.72    564.00     3.66     83.23    0.31      0.00          3.53          2.08           82.29        
60   R0993s2TS344_4      344     69.39    100.00  59    N/A       N/A        0.08      N/A        47.96    N/A           19.85    33.52    2.862    3.939    98    0    0     0     69.39  94.90  N/A         N/A          -0.28        N/A          94.90  81.061   2.03     7.38        12.2        95       2.1      1.43          0.56    76.02     0.58    0.65    0.92    0.24    0.90     71.60   5.33    81.60   73.54   0.71    555.70     4.32     84.07    0.28      0.00          2.35          0.00           85.42        
61   R0993s2TS328_4      328     69.39    100.00  59    N/A       N/A        0.08      N/A        49.23    N/A           28.39    38.67    3.178    4.146    98    0    0     0     72.45  93.88  N/A         N/A          0.26         N/A          93.88  83.821   1.95     6.19        13.1        94       2        1.89          0.59    78.06     0.61    0.66    0.91    0.26    0.89     64.90   5.33    82.27   77.18   0.72    591.30     3.90     N/A      0.31      2.60          2.35          2.08           89.58        
62   R0993s2TS425_5      425     69.13    100.00  62    N/A       N/A        -0.00     N/A        47.70    N/A           24.82    35.99    3.267    4.147    98    0    0     0     66.33  89.80  N/A         N/A          -0.82        N/A          89.80  75.836   2.11     6.67        11.2        94       2.5      1.25          0.58    74.49     0.62    0.66    0.90    0.30    0.89     69.20   5.46    82.44   76.25   0.70    516.20     4.31     N/A      0.34      1.95          0.00          0.00           95.83        
63   R0993s2TS208_5      208     69.13    100.00  62    N/A       N/A        -0.00     N/A        47.20    N/A           24.93    36.19    3.106    3.967    98    0    0     0     75.51  93.88  N/A         N/A          0.79         N/A          93.88  83.861   1.84     6.19        13.1        95       2.1      1.28          0.57    76.53     0.60    0.65    0.91    0.23    0.90     56.00   5.60    81.52   74.36   0.72    588.20     4.02     82.18    0.31      0.00          2.35          5.21           91.67        
64   R0993s2TS208_3      208     69.13    100.00  62    N/A       N/A        -0.00     N/A        48.47    N/A           24.10    36.54    3.131    4.16     98    0    0     0     72.45  93.88  N/A         N/A          0.26         N/A          93.88  83.069   1.90     6.31        12.8        95       2.2      1.14          0.58    79.59     0.61    0.65    0.92    0.24    0.90     64.10   5.33    81.50   73.90   0.72    578.40     3.99     82.02    0.31      0.00          2.35          1.04           94.79        
65   R0993s2TS328_1      328     69.13    100.00  62    -0.13     N/A        -0.00     N/A        48.73    N/A           23.46    35.93    3.149    4.052    98    0    0     0     71.43  93.88  0.03        N/A          0.08         N/A          93.88  83.557   1.91     5.95        13          94       2        1.47          0.58    79.08     0.61    0.65    0.91    0.25    0.90     63.70   5.33    82.32   76.44   0.72    586.60     3.78     N/A      0.31      1.30          1.18          6.25           89.58        
66   R0993s2TS156_4      156s    69.13    100.00  62    N/A       N/A        -0.00     -0.52      47.70    N/A           26.81    37.62    3.129    3.801    98    0    0     0     70.41  93.88  N/A         N/A          -0.10        -1.69        93.88  81.454   2.00     6.43        12.6        94       2.1      1.37          0.60    83.16     0.64    0.69    0.91    0.25    0.90     59.70   5.33    83.39   78.52   0.72    571.40     3.77     86.11    0.38      1.95          1.18          0.00           94.79        
67   R0993s2TS492_3      492     68.88    100.00  67    N/A       N/A        -0.08     N/A        48.47    N/A           22.15    33.48    3.204    4.022    98    0    0     0     72.45  92.86  N/A         N/A          0.26         N/A          92.86  81.953   2.00     7.38        13.1        95       2.3      1.38          0.58    81.12     0.63    0.64    0.91    0.23    0.90     68.60   5.60    83.00   76.94   0.71    589.20     4.03     80.87    0.35      0.00          3.53          2.08           92.71        
68   R0993s2TS281_2      281     68.88    100.00  67    N/A       N/A        -0.08     N/A        48.22    N/A           26.35    39.12    3.538    4.319    98    0    0     0     71.43  90.82  N/A         N/A          0.08         N/A          90.82  82.345   1.94     7.02        12.5        94       2.1      2.20          0.56    78.06     0.61    0.64    0.89    0.29    0.88     69.10   5.33    80.04   74.76   0.71    567.80     4.22     80.81    0.31      19.53         1.18          0.00           94.79        
69   R0993s2TS433_5      433     68.88    100.00  67    N/A       N/A        -0.08     N/A        47.70    N/A           0.00     24.99    3.317    3.255    98    0    0     0     74.49  94.90  N/A         N/A          0.61         N/A          94.90  83.539   1.91     7.38        12.6        94       2        6.00          0.19    55.88     0.48    0.15    0.88    0.28    0.89     55.10   5.33    78.97   74.11   0.71    568.50     5.30     N/A      0.00      0.00          N/A           7.29           82.29        
70   R0993s2TS433_4      433     68.88    100.00  67    N/A       N/A        -0.08     N/A        47.70    N/A           0.00     25.46    3.237    3.181    98    0    0     0     74.49  94.90  N/A         N/A          0.61         N/A          94.90  84.193   1.87     7.38        12.8        94       2        6.00          0.19    55.88     0.48    0.15    0.88    0.28    0.89     55.00   5.33    78.84   73.75   0.71    578.30     5.23     N/A      0.00      2.00          N/A           7.29           82.29        
71   R0993s2TS425_1      425     68.88    100.00  67    -0.20     N/A        -0.08     N/A        49.23    N/A           24.21    34.16    3.268    4.093    98    0    0     0     64.29  86.73  -1.12       N/A          -1.17        N/A          86.73  76.933   1.98     6.90        11.7        95       2.5      1.24          0.58    78.06     0.62    0.66    0.91    0.23    0.90     71.80   5.46    83.86   78.33   0.69    536.60     3.88     N/A      0.33      2.61          0.00          0.00           96.88        
72   R0993s2TS328_2      328     68.37    100.00  72    N/A       N/A        -0.24     N/A        48.22    N/A           23.88    34.75    3.163    4.166    98    0    0     0     74.49  93.88  N/A         N/A          0.61         N/A          93.88  83.103   1.98     6.19        12.9        94       2        2.09          0.58    78.57     0.61    0.66    0.91    0.27    0.89     63.60   5.33    81.47   76.37   0.71    583.30     4.26     N/A      0.31      2.60          3.53          6.25           86.46        
73   R0993s2TS358_2      358     68.37    100.00  72    N/A       N/A        -0.24     N/A        46.69    N/A           24.49    34.78    3.032    3.864    98    0    0     0     71.43  91.84  N/A         N/A          0.08         N/A          91.84  77.719   2.01     7.02        12.1        95       2.3      2.75          0.52    82.65     0.60    0.69    0.92    0.29    0.90     68.10   5.33    82.49   75.76   0.70    549.90     4.06     82.82    0.33      88.54         1.18          0.00           95.83        
74   R0993s2TS196_5      196     68.11    100.00  74    N/A       N/A        -0.32     N/A        46.17    N/A           25.26    35.53    3.149    4.016    98    0    0     0     73.47  92.86  N/A         N/A          0.43         N/A          92.86  82.486   1.93     7.02        12.2        95       2.2      2.24          0.50    78.57     0.59    0.65    0.91    0.26    0.90     63.80   5.33    80.85   72.63   0.71    553.70     4.33     84.68    0.30      2.60          4.71          1.04           83.33        
75   R0993s2TS431_5      431     68.11    100.00  74    N/A       N/A        -0.32     N/A        46.69    N/A           22.83    37.85    3.057    4.001    98    0    0     0     75.51  93.88  N/A         N/A          0.79         N/A          93.88  83.141   1.94     7.38        12.7        95       2.1      1.68          0.55    79.08     0.62    0.64    0.92    0.26    0.90     66.10   5.60    81.50   74.63   0.72    575.40     4.47     81.68    0.34      0.00          7.06          1.04           90.62        
76   R0993s2TS281_1      281     68.11    100.00  74    -0.42     N/A        -0.32     N/A        47.96    N/A           25.96    37.64    4.178    5.076    98    0    0     0     71.43  90.82  0.03        N/A          0.08         N/A          90.82  81.91    1.91     6.19        12.8        93       2        2.27          0.54    67.86     0.60    0.60    0.80    0.35    0.86     62.20   5.19    72.32   73.17   0.69    579.00     10.28    78.47    0.30      23.44         1.18          0.00           94.79        
77   R0993s2TS344_2      344     68.11    100.00  74    N/A       N/A        -0.32     N/A        47.45    N/A           21.45    32.57    3.038    3.914    98    0    0     0     74.49  93.88  N/A         N/A          0.61         N/A          93.88  77.155   2.18     7.14        11.4        94       2.3      1.15          0.56    79.08     0.59    0.65    0.91    0.23    0.90     62.30   5.46    81.19   72.91   0.70    522.60     3.89     84.23    0.31      0.00          0.00          3.12           85.42        
78   R0993s2TS344_3      344     68.11    100.00  74    N/A       N/A        -0.32     N/A        45.66    N/A           19.34    33.09    2.987    4.002    98    0    0     0     69.39  94.90  N/A         N/A          -0.28        N/A          94.90  80.893   2.07     7.38        12.2        95       2.2      1.50          0.56    77.55     0.59    0.64    0.92    0.23    0.89     59.20   5.33    81.66   73.87   0.70    555.90     4.05     83.65    0.30      0.00          2.35          3.12           81.25        
79   R0993s2TS492_2      492     68.11    100.00  74    N/A       N/A        -0.32     N/A        46.43    N/A           22.30    34.84    2.948    3.968    98    0    0     0     72.45  94.90  N/A         N/A          0.26         N/A          94.90  80.633   2.02     7.50        12.5        94       2.1      1.31          0.56    80.10     0.60    0.64    0.91    0.25    0.90     63.60   5.33    81.67   74.49   0.70    566.20     4.13     81.09    0.30      0.00          2.35          0.00           90.62        
80   R0993s2TS359_5      359s    68.11    100.00  74    N/A       N/A        -0.32     -0.97      46.17    N/A           25.26    35.53    3.149    4.016    98    0    0     0     73.47  92.86  N/A         N/A          0.43         -0.10        92.86  82.486   1.93     7.02        12.2        95       2.2      2.24          0.50    78.57     0.59    0.65    0.91    0.26    0.90     63.80   5.33    80.85   72.63   0.71    553.70     4.33     84.68    0.30      2.60          4.71          1.04           83.33        
81   R0993s2TS196_1      196     67.86    100.00  81    -0.49     N/A        -0.40     N/A        44.90    N/A           23.70    36.96    3.506    4.291    98    5    0     0     74.49  92.86  0.53        N/A          0.61         N/A          92.86  82.584   1.91     6.78        11.6        95       2.3      1.94          0.49    75.00     0.58    0.63    0.89    0.27    0.89     56.60   5.19    77.86   70.22   0.71    531.20     5.10     83.38    0.27      1.30          2.35          2.08           73.96        
82   R0993s2TS208_4      208     67.86    100.00  81    N/A       N/A        -0.40     N/A        46.17    N/A           25.48    38.21    3.111    3.973    98    0    0     0     75.51  93.88  N/A         N/A          0.79         N/A          93.88  83.597   1.93     7.14        13          95       2.2      1.14          0.57    80.10     0.62    0.65    0.92    0.24    0.90     64.30   5.33    82.02   74.84   0.71    586.70     3.81     82.01    0.35      0.00          1.18          4.17           88.54        
83   R0993s2TS288_2      288     67.86    100.00  81    N/A       N/A        -0.40     N/A        45.66    N/A           20.24    35.49    2.684    3.838    98    0    0     0     73.47  95.92  N/A         N/A          0.43         N/A          95.92  80.898   2.07     7.50        11.9        96       2.1      1.41          0.56    76.53     0.58    0.64    0.92    0.26    0.90     52.60   5.60    80.75   71.11   0.72    540.70     4.16     89.59    0.28      0.65          2.35          1.04           93.75        
84   R0993s2TS425_3      425     67.86    100.00  81    N/A       N/A        -0.40     N/A        46.69    N/A           25.96    36.61    3.133    4.075    98    0    0     0     69.39  91.84  N/A         N/A          -0.28        N/A          91.84  80.214   2.12     7.26        11.8        95       2.3      0.98          0.58    74.49     0.61    0.66    0.91    0.28    0.90     69.20   5.46    82.33   76.56   0.70    538.50     4.34     N/A      0.35      1.95          0.00          0.00           97.92        
85   R0993s2TS359_1      359s    67.86    100.00  81    -0.49     -0.79      -0.40     -1.08      44.90    -0.98         23.70    36.96    3.506    4.291    98    5    0     0     74.49  92.86  0.53        0.08         0.61         0.43         92.86  82.584   1.91     6.78        11.6        95       2.3      1.94          0.49    75.00     0.58    0.63    0.89    0.27    0.89     56.60   5.19    77.86   70.22   0.71    531.20     5.10     83.38    0.27      1.30          2.35          2.08           73.96        
86   R0993s2TS431_1      431     67.60    100.00  86    -0.56     N/A        -0.48     N/A        46.94    N/A           25.50    35.88    4.015    4.426    98    0    0     0     69.39  86.73  -0.30       N/A          -0.28        N/A          86.73  73.895   2.03     6.43        11.1        92       2.4      2.12          0.59    78.57     0.63    0.68    0.90    0.26    0.88     69.00   5.04    79.73   77.70   0.69    511.20     6.61     89.46    0.37      2.60          4.71          1.04           89.58        
87   R0993s2TS190_4      190     67.60    100.00  86    N/A       N/A        -0.48     N/A        45.92    N/A           23.66    32.17    2.966    3.975    98    0    0     0     65.31  90.82  N/A         N/A          -0.99        N/A          90.82  73.019   2.14     7.26        12.4        95       2.3      2.46          0.57    78.57     0.60    0.65    0.92    0.24    0.89     61.30   5.60    81.46   73.73   0.68    562.80     4.03     45.43    0.31      18.23         2.35          0.00           93.75        
88   R0993s2TS112_3      112     67.35    100.00  88    N/A       N/A        -0.55     N/A        47.96    N/A           26.57    33.03    3.381    4.193    98    0    0     0     60.20  84.69  N/A         N/A          -1.89        N/A          84.69  68.383   2.14     6.90        11.2        96       2.8      1.60          0.58    79.08     0.63    0.65    0.90    0.27    0.88     69.50   5.19    81.25   76.28   0.67    514.60     4.18     89.18    0.36      0.00          7.06          2.08           92.71        
89   R0993s2TS358_5      358     67.35    100.00  88    N/A       N/A        -0.55     N/A        46.94    N/A           22.98    33.89    2.949    3.912    98    0    0     0     65.31  87.76  N/A         N/A          -0.99        N/A          87.76  72.095   2.16     6.43        10.2        95       2.6      2.69          0.48    77.55     0.58    0.64    0.90    0.28    0.90     68.10   5.19    77.67   71.03   0.69    476.20     4.87     82.19    0.29      63.80         0.00          1.04           93.75        
90   R0993s2TS344_5      344     67.35    100.00  88    N/A       N/A        -0.55     N/A        46.17    N/A           22.74    32.63    3.156    3.937    98    0    0     0     68.37  92.86  N/A         N/A          -0.46        N/A          92.86  79.88    2.06     7.14        11.7        94       2.2      1.24          0.56    76.53     0.60    0.64    0.89    0.27    0.89     65.20   5.19    79.63   72.93   0.70    534.90     4.66     84.33    0.33      0.00          1.18          1.04           83.33        
91   R0993s2TS196_2      196     67.09    100.00  91    N/A       N/A        -0.64     N/A        44.38    N/A           24.82    35.62    3.488    4.291    98    4    0     0     74.49  92.86  N/A         N/A          0.61         N/A          92.86  80.416   1.96     6.67        11.5        95       2.3      2.28          0.48    77.04     0.57    0.63    0.89    0.27    0.89     60.30   5.19    77.95   69.84   0.70    527.50     5.05     83.31    0.27      1.95          4.71          4.17           73.96        
92   R0993s2TS359_2      359s    67.09    100.00  91    N/A       N/A        -0.64     -1.43      44.38    N/A           24.82    35.62    3.488    4.291    98    4    0     0     74.49  92.86  N/A         N/A          0.61         0.43         92.86  80.416   1.96     6.67        11.5        95       2.3      2.28          0.48    77.04     0.57    0.63    0.89    0.27    0.89     60.30   5.19    77.95   69.84   0.70    527.50     5.05     83.31    0.27      1.95          4.71          4.17           73.96        
93   R0993s2TS196_4      196     67.09    100.00  91    N/A       N/A        -0.64     N/A        44.90    N/A           24.89    34.48    3.215    4.064    98    0    0     0     73.47  92.86  N/A         N/A          0.43         N/A          92.86  80.468   1.97     7.02        11.9        95       2.2      2.08          0.49    78.06     0.59    0.64    0.91    0.26    0.89     65.50   5.19    80.34   71.53   0.70    541.30     4.61     84.19    0.29      1.30          4.71          1.04           81.25        
94   R0993s2TS431_4      431     67.09    100.00  91    N/A       N/A        -0.64     N/A        46.68    N/A           26.53    38.48    3.547    4.358    98    1    0     0     72.45  89.80  N/A         N/A          0.26         N/A          89.80  77.777   2.13     6.90        11.5        91       2.2      1.44          0.58    77.04     0.64    0.65    0.91    0.26    0.88     67.20   5.19    82.48   76.19   0.71    525.20     4.77     87.69    0.34      0.00          5.88          1.04           94.79        
95   R0993s2TS112_5      112     67.09    100.00  91    N/A       N/A        -0.64     N/A        45.92    N/A           24.49    33.18    3.57     4.354    98    0    0     0     59.18  84.69  N/A         N/A          -2.07        N/A          84.69  73.094   2.06     6.07        11          96       3        1.14          0.58    78.06     0.62    0.64    0.90    0.26    0.88     62.00   5.19    81.02   75.35   0.65    508.80     4.57     87.25    0.36      0.00          2.35          1.04           94.79        
96   R0993s2TS270_4      270     67.09    100.00  91    N/A       N/A        -0.64     N/A        46.43    N/A           24.71    33.57    2.973    4.059    98    0    0     0     70.41  92.86  N/A         N/A          -0.10        N/A          92.86  75.937   2.15     7.14        12.4        95       2.3      1.54          0.56    79.08     0.62    0.66    0.92    0.27    0.90     63.00   5.60    81.22   75.23   0.69    561.40     4.27     N/A      0.33      0.65          3.53          0.00           93.75        
97   R0993s2TS359_4      359s    67.09    100.00  91    N/A       N/A        -0.64     -1.43      44.90    N/A           24.89    34.48    3.215    4.064    98    0    0     0     73.47  92.86  N/A         N/A          0.43         -0.10        92.86  80.468   1.97     7.02        11.9        95       2.2      2.08          0.49    78.06     0.59    0.64    0.91    0.26    0.89     65.50   5.19    80.34   71.53   0.70    541.30     4.61     84.19    0.29      1.30          4.71          1.04           81.25        
98   R0993s2TS359_3      359s    66.58    100.00  98    N/A       N/A        -0.79     -1.66      44.90    N/A           25.56    35.23    3.326    4.155    98    2    0     0     72.45  92.86  N/A         N/A          0.26         -0.63        92.86  80.103   1.98     6.90        11.6        95       2.3      2.21          0.49    78.06     0.58    0.64    0.90    0.27    0.89     59.20   5.19    78.98   70.71   0.70    531.50     4.88     83.68    0.29      2.60          3.53          2.08           79.17        
99   R0993s2TS196_3      196     66.58    100.00  98    N/A       N/A        -0.79     N/A        44.90    N/A           25.56    35.23    3.326    4.155    98    2    0     0     72.45  92.86  N/A         N/A          0.26         N/A          92.86  80.103   1.98     6.90        11.6        95       2.3      2.21          0.49    78.06     0.58    0.64    0.90    0.27    0.89     59.20   5.19    78.98   70.71   0.70    531.50     4.88     83.68    0.29      2.60          3.53          2.08           79.17        
100  R0993s2TS492_5      492     66.58    100.00  98    N/A       N/A        -0.79     N/A        45.41    N/A           23.18    34.64    3.265    4.186    98    0    0     0     72.45  92.86  N/A         N/A          0.26         N/A          92.86  79.883   2.04     5.95        12.3        94       2.2      1.33          0.56    77.55     0.62    0.64    0.90    0.25    0.89     59.10   5.33    80.40   74.04   0.69    557.40     4.50     80.32    0.32      0.00          3.53          2.08           93.75        
101  R0993s2TS288_1      288     66.58    100.00  98    -0.85     N/A        -0.79     N/A        44.13    N/A           21.12    36.30    2.968    3.945    98    0    0     0     71.43  90.82  0.03        N/A          0.08         N/A          90.82  78.858   1.99     7.02        11.5        94       2.2      1.06          0.55    76.02     0.58    0.62    0.90    0.27    0.89     72.40   5.46    78.91   71.78   0.71    526.00     4.92     86.80    0.28      0.00          0.00          1.04           89.58        
102  R0993s2TS431_2      431     66.33    100.00  102   N/A       N/A        -0.87     N/A        46.43    N/A           25.37    37.95    5.668    5.989    98    0    0     0     70.41  87.76  N/A         N/A          -0.10        N/A          87.76  74.838   2.00     6.19        10.8        88       2.4      1.20          0.59    76.02     0.63    0.64    0.77    0.46    0.84     60.70   5.19    82.84   78.39   0.68    503.20     4.51     82.77    0.35      0.00          4.71          1.04           96.88        
103  R0993s2TS086_2      086     66.07    100.00  103   N/A       N/A        -0.95     N/A        44.13    N/A           23.00    35.36    3.176    3.973    98    1    0     0     62.24  90.82  N/A         N/A          -1.53        N/A          90.82  71.938   2.15     6.67        10.6        93       2.5      0.71          0.57    76.02     0.61    0.67    0.90    0.29    0.88     73.00   5.60    79.81   75.29   0.68    492.40     4.60     N/A      0.33      0.65          0.00          1.04           98.96        
104  R0993s2TS086_1      086     65.82    100.00  104   -1.06     N/A        -1.03     N/A        45.66    N/A           21.86    33.15    3.187    3.89     98    3    0     0     71.43  91.84  0.03        N/A          0.08         N/A          91.84  72.565   2.24     7.26        11.8        95       2.5      1.14          0.58    77.04     0.63    0.65    0.90    0.28    0.88     78.70   5.33    82.26   76.31   0.67    540.30     4.57     N/A      0.34      1.30          0.00          0.00           95.83        
105  R0993s2TS004_1      004s    65.82    100.00  104   -1.06     -1.55      -1.03     -2.00      43.37    -1.43         24.60    33.77    2.992    3.89     98    0    0     0     71.43  94.90  0.03        -1.06        0.08         -1.16        94.90  79.752   2.09     7.38        12          95       2.2      0.57          0.58    81.63     0.62    0.67    0.91    0.26    0.90     71.20   5.60    81.73   76.32   0.70    547.70     3.75     85.07    0.35      0.00          1.18          1.04           97.92        
106  R0993s2TS492_1      492     65.31    100.00  106   -1.21     N/A        -1.19     N/A        43.37    N/A           22.15    34.78    3.072    4.023    98    0    0     0     72.45  93.88  0.20        N/A          0.26         N/A          93.88  80.289   2.07     7.38        12.5        95       2.1      1.72          0.55    79.08     0.60    0.63    0.91    0.27    0.90     64.20   5.33    80.33   74.48   0.69    564.50     4.35     80.27    0.29      1.30          2.35          3.12           88.54        
107  R0993s2TS112_4      112     64.80    100.00  107   N/A       N/A        -1.35     N/A        44.64    N/A           25.85    33.70    3.605    4.421    98    0    0     0     60.20  86.73  N/A         N/A          -1.89        N/A          86.73  65.574   2.11     6.31        10.9        93       2.6      1.18          0.57    76.53     0.63    0.64    0.90    0.28    0.87     73.10   5.19    80.09   74.66   0.65    502.90     4.37     87.69    0.35      0.65          1.18          0.00           93.75        
108  R0993s2TS086_3      086     64.29    100.00  108   N/A       N/A        -1.51     N/A        43.88    N/A           24.95    33.37    3.348    4.194    98    1    0     0     58.16  87.76  N/A         N/A          -2.25        N/A          87.76  66.821   2.32     6.67        10.1        94       2.7      1.15          0.58    76.53     0.62    0.66    0.89    0.31    0.87     76.40   5.33    79.65   74.57   0.66    474.00     5.25     79.98    0.34      1.95          0.00          0.00           96.88        
109  R0993s2TS270_5      270     64.29    100.00  108   N/A       N/A        -1.51     N/A        42.86    N/A           24.34    34.00    3.154    4.247    98    1    0     0     70.41  91.84  N/A         N/A          -0.10        N/A          91.84  73.008   2.21     6.90        11.4        95       2.4      1.77          0.55    76.02     0.60    0.64    0.90    0.27    0.89     63.10   5.46    80.23   73.80   0.68    524.30     4.65     N/A      0.29      1.30          3.53          1.04           91.67        
110  R0993s2TS112_2      112     64.03    100.00  110   N/A       N/A        -1.59     N/A        42.60    N/A           25.91    31.60    3.485    4.344    98    0    0     0     60.20  83.67  N/A         N/A          -1.89        N/A          83.67  65.974   2.24     6.67        10.6        93       2.5      1.53          0.56    77.04     0.63    0.65    0.90    0.27    0.88     66.90   5.19    80.11   74.50   0.65    490.60     4.36     88.42    0.34      1.95          2.35          2.08           95.83        
111  R0993s2TS195_1      195     63.78    100.00  111   -1.64     N/A        -1.67     N/A        43.62    N/A           25.54    34.09    3.763    4.429    98    0    0     0     57.14  79.59  -2.28       N/A          -2.42        N/A          79.59  63.922   2.09     5.36        9           84       2.4      1.42          0.55    70.92     0.59    0.62    0.87    0.33    0.88     72.30   5.04    75.02   71.40   0.65    431.20     7.87     N/A      0.30      0.65          3.53          1.04           95.83        
112  R0993s2TS086_4      086     63.52    100.00  112   N/A       N/A        -1.75     N/A        42.86    N/A           19.71    30.86    3.452    4.256    98    0    0     0     59.18  85.71  N/A         N/A          -2.07        N/A          85.71  64.578   2.33     6.55        9.6         94       2.8      0.79          0.57    74.49     0.61    0.66    0.89    0.32    0.87     74.50   5.33    78.73   75.23   0.65    454.20     5.26     80.17    0.33      0.65          1.18          0.00           97.92        
113  R0993s2TS288_4      288     63.27    100.00  113   N/A       N/A        -1.82     N/A        40.81    N/A           18.05    30.15    3.299    4.336    98    0    0     0     61.22  89.80  N/A         N/A          -1.71        N/A          89.80  67.627   2.29     6.67        10.5        96       2.8      1.18          0.54    77.04     0.60    0.63    0.91    0.30    0.89     62.70   5.19    79.12   71.31   0.66    487.30     4.21     85.35    0.32      0.65          1.18          3.12           93.75        
114  R0993s2TS270_2      270     63.27    100.00  113   N/A       N/A        -1.82     N/A        41.84    N/A           25.45    34.91    3.143    4.183    98    1    0     0     69.39  92.86  N/A         N/A          -0.28        N/A          92.86  72.874   2.26     6.90        11.4        95       2.4      1.86          0.55    79.08     0.60    0.64    0.90    0.27    0.89     63.10   5.46    80.38   73.83   0.68    522.40     4.47     N/A      0.29      1.30          4.71          3.12           91.67        
115  R0993s2TS288_3      288     63.01    100.00  115   N/A       N/A        -1.90     N/A        40.81    N/A           21.01    32.27    3.199    4.251    98    0    0     0     68.37  91.84  N/A         N/A          -0.46        N/A          91.84  73.506   2.23     6.90        11.2        95       2.4      1.38          0.54    73.98     0.60    0.61    0.90    0.29    0.89     62.10   5.46    78.31   69.73   0.67    516.80     4.90     85.11    0.28      0.00          3.53          3.12           92.71        
116  R0993s2TS086_5      086     62.76    100.00  116   N/A       N/A        -1.98     N/A        41.84    N/A           21.25    30.12    3.642    4.25     98    1    0     0     54.08  84.69  N/A         N/A          -2.96        N/A          84.69  61.702   2.40     6.07        9.2         92       2.9      0.88          0.56    75.00     0.60    0.65    0.88    0.30    0.88     62.70   5.04    79.42   73.96   0.64    435.50     4.83     N/A      0.31      1.30          0.00          0.00           97.92        
117  R0993s2TS270_1      270     60.71    100.00  117   -2.51     N/A        -2.62     N/A        38.52    N/A           22.37    29.99    3.357    4.313    98    1    0     0     47.96  79.59  -3.77       N/A          -4.03        N/A          79.59  55.074   2.32     6.43        10.2        95       2.7      1.38          0.51    76.02     0.59    0.62    0.89    0.30    0.88     63.20   5.19    78.58   72.66   0.64    476.40     4.84     N/A      0.28      0.00          3.53          2.08           92.71        
118  R0993s2TS288_5      288     59.95    100.00  118   N/A       N/A        -2.86     N/A        37.76    N/A           19.89    31.22    4.357    4.991    98    0    0     0     63.27  87.76  N/A         N/A          -1.35        N/A          87.76  67.814   2.19     6.55        9.3         92       2.4      1.00          0.50    72.96     0.57    0.57    0.79    0.54    0.87     57.50   5.04    74.69   66.66   0.65    441.20     5.57     82.57    0.27      0.00          0.00          2.08           91.67        
119  R0993s2TS431_3      431     57.65    100.00  119   N/A       N/A        -3.57     N/A        35.72    N/A           19.06    28.74    3.888    4.555    98    0    0     0     51.02  83.67  N/A         N/A          -3.49        N/A          84.69  60.158   2.28     5.01        9.4         89       2.6      0.95          0.54    66.84     0.60    0.60    0.82    0.40    0.86     64.30   5.04    70.41   70.42   0.59    444.80     6.77     72.97    0.34      0.65          1.18          0.00           96.88        

