#    Model               GR#     GDT_TS   NP_P    RANK  Z-M1-GDT  Z-M1s-GDT  Z-MA-GDT  Z-MAs-GDT  GDT_HA   Z-M1s-GDT-HA  GDC_SC   GDC_ALL  RMS_CA   RMS_ALL  NP    err  PC01  PC05  AL0_P  AL4_P  Z-M1-AL0_p  Z-M1s-AL0_p  Z-MA-AL0_p   Z-MAs-AL0_p  ALI_P  LGA_S    RMSD[L]  Z-score[M]  Z-Score[D]  Al.Res.  RMSD[D]  MolPrb_Score  LDDT    SphGr     CAD_AA  RPF     CODM    DFM     Handed.  SOV     CE      QCS     CONTS   TMscore  Dali(raw)  FlexE    QSE    

1    T0943TS382_1-D1     382s    67.34    100.00  1     2.06      2.06       2.30      2.30       52.02    2.40          41.88    41.08    6.617    6.421    62    0    0     0     70.97  79.03  2.55        2.55         2.67         2.67         79.03  72.707   1.67     7.67        5.6         50       2        1.40          0.59    72.58     0.64    0.67    0.64    0.55    0.78     79.40   3.89    73.43   72.13   0.64    214.00     30.00    N/A    
2    T0943TS382_2-D1     382s    65.73    100.00  2     N/A       N/A        2.19      2.19       50.00    N/A           37.68    39.89    6.825    6.671    62    0    0     0     72.58  77.42  N/A         N/A          2.75         2.75         77.42  72.992   1.64     6.57        5.4         50       2.2      0.76          0.58    71.77     0.61    0.66    0.65    0.56    0.78     81.10   3.89    74.26   71.24   0.63    209.20     34.69    N/A    
3    T0943TS183_2-D1     183s    63.31    100.00  3     N/A       N/A        2.02      2.02       43.95    N/A           19.81    29.50    5.537    5.912    62    0    0     0     48.39  69.35  N/A         N/A          1.57         1.57         93.55  78.963   2.12     8.34        7.6         60       2.4      3.07          0.54    68.55     0.59    0.64    0.73    0.47    0.80     95.20   4.25    81.97   71.13   0.67    270.20     15.63    73.85  
4    T0943TS479_3-D1     479s    63.31    100.00  3     N/A       N/A        2.02      2.02       45.56    N/A           21.13    31.56    5.58     5.853    62    0    0     0     61.29  70.97  N/A         N/A          2.20         2.20         90.32  80.305   2.03     6.79        7.6         60       2.1      2.34          0.56    75.00     0.61    0.65    0.74    0.42    0.79     87.60   4.25    81.24   71.40   0.70    269.30     13.06    66.66  
5    T0943TS479_2-D1     479s    62.90    100.00  5     N/A       N/A        1.99      1.99       44.35    N/A           18.06    27.21    5.501    5.868    62    0    0     0     56.45  69.35  N/A         N/A          1.96         1.96         87.10  70.153   2.28     7.67        7.1         60       2.4      2.62          0.53    68.55     0.56    0.62    0.73    0.48    0.80     95.20   4.25    81.76   70.38   0.66    255.20     14.01    74.09  
6    T0943TS382_5-D1     382s    60.89    100.00  6     N/A       N/A        1.85      1.85       43.15    N/A           19.12    30.95    7.666    7.439    62    0    0     0     64.52  69.35  N/A         N/A          2.36         2.36         87.10  68.838   2.05     6.79        5.4         56       2.3      0.91          0.49    64.52     0.55    0.60    0.61    0.88    0.70     69.70   4.25    65.92   64.62   0.63    207.60     30.12    N/A    
7    T0943TS479_5-D1     479s    60.08    100.00  7     N/A       N/A        1.79      1.79       40.32    N/A           19.69    25.55    4.334    5.113    62    0    0     0     25.81  74.19  N/A         N/A          0.47         0.47         75.81  61.395   2.10     9.22        5.6         60       3.4      2.28          0.55    78.23     0.59    0.66    0.88    0.33    0.81     92.70   4.07    82.38   74.83   0.55    216.10     5.26     74.68  
8    T0943TS183_3-D1     183s    59.68    100.00  8     N/A       N/A        1.76      1.76       41.53    N/A           22.95    26.88    5.522    5.928    62    0    0     0     50.00  66.13  N/A         N/A          1.65         1.65         88.71  82.955   1.82     9.44        7.6         59       2        2.50          0.52    70.16     0.55    0.63    0.75    0.42    0.80     92.90   4.42    78.59   68.76   0.69    270.00     22.21    69.42  
9    T0943TS479_1-D1     479s    59.68    100.00  8     1.54      1.54       1.76      1.76       40.32    1.36          18.31    25.90    5.201    5.701    62    0    0     0     37.10  61.29  0.88        0.88         1.02         1.02         77.42  59.684   2.07     8.56        4.6         55       2.8      2.88          0.50    63.71     0.50    0.60    0.74    0.56    0.77     75.10   4.07    71.28   66.49   0.56    171.70     13.19    71.46  
10   T0943TS451_4-D1     451s    59.27    100.00  10    N/A       N/A        1.74      1.74       41.94    N/A           14.17    27.41    6.943    7.162    62    1    0     0     62.90  70.97  N/A         N/A          2.28         2.28         75.81  67.738   1.98     7.23        3.3         48       2.4      4.24          0.41    60.48     0.48    0.55    0.71    0.97    0.69     47.00   4.07    66.39   61.76   0.56    153.20     37.29    41.53  
11   T0943TS183_1-D1     183s    58.87    100.00  11    1.49      1.49       1.71      1.71       39.92    1.33          21.44    26.91    5.169    5.576    62    0    0     0     37.10  59.68  0.88        0.88         1.02         1.02         75.81  58.488   2.07     8.56        4.7         55       2.8      2.75          0.51    64.52     0.51    0.60    0.74    0.58    0.77     77.60   4.07    71.87   67.23   0.57    187.40     12.73    69.14  
12   T0943TS183_4-D1     183s    58.47    100.00  12    N/A       N/A        1.68      1.68       40.32    N/A           22.57    23.66    5.62     5.905    62    0    0     0     43.55  69.35  N/A         N/A          1.33         1.33         91.94  81.165   2.06     8.56        7.1         60       2.3      2.67          0.49    64.52     0.54    0.60    0.72    0.50    0.80     85.40   4.42    74.89   65.11   0.67    255.50     20.69    77.58  
13   T0943TS479_4-D1     479s    57.66    100.00  13    N/A       N/A        1.62      1.62       41.13    N/A           17.87    25.57    5.81     6.296    62    0    0     0     50.00  70.97  N/A         N/A          1.65         1.65         90.32  71.317   2.03     8.34        6.7         59       2.5      3.26          0.49    64.52     0.54    0.60    0.69    0.51    0.78     77.50   4.07    72.58   64.61   0.64    245.30     22.41    76.78  
14   T0943TS220_1-D1     220s    57.66    100.00  13    1.41      1.41       1.62      1.62       43.55    1.65          22.01    27.49    6.724    6.929    62    0    0     0     51.61  72.58  1.60        1.60         1.73         1.73         91.94  74.725   2.02     9.22        7.6         61       2.5      1.68          0.52    63.71     0.58    0.62    0.73    0.58    0.74     84.10   4.42    73.36   67.24   0.67    270.40     21.54    48.09  
15   T0943TS382_3-D1     382s    57.26    100.00  15    N/A       N/A        1.60      1.60       43.15    N/A           21.32    30.19    7.791    7.993    62    0    0     0     51.61  66.13  N/A         N/A          1.73         1.73         80.65  75.658   1.88     8.12        6           60       3.1      0.50          0.48    55.65     0.56    0.59    0.55    0.70    0.73     80.30   4.25    68.95   64.92   0.65    225.10     31.03    N/A    
16   T0943TS220_3-D1     220s    56.85    100.00  16    N/A       N/A        1.57      1.57       43.95    N/A           21.25    28.54    6.677    6.932    62    0    0     0     50.00  70.97  N/A         N/A          1.65         1.65         91.94  77.028   2.05     9.44        7.7         61       2.5      1.96          0.52    63.71     0.62    0.62    0.73    0.57    0.74     84.10   4.42    73.27   67.93   0.68    273.40     21.84    47.54  
17   T0943TS451_1-D1     451s    56.85    100.00  16    1.35      1.35       1.57      1.57       37.10    1.08          10.35    22.76    6.109    6.712    62    2    0     0     56.45  67.74  1.83        1.83         1.96         1.96         88.71  66.14    2.39     9.66        4           57       2.6      4.34          0.38    50.81     0.44    0.52    0.73    0.72    0.76     55.30   3.89    67.89   58.26   0.59    169.90     25.99    45.59  
18   T0943TS382_4-D1     382s    56.05    100.00  18    N/A       N/A        1.51      1.51       42.34    N/A           17.05    24.14    6.912    7.1      62    0    0     0     50.00  70.97  N/A         N/A          1.65         1.65         88.71  78.721   1.95     8.78        7.3         60       2.6      0.50          0.49    62.10     0.54    0.58    0.64    0.61    0.73     77.00   4.07    69.32   63.84   0.68    260.00     24.84    N/A    
19   T0943TS220_2-D1     220s    56.05    100.00  18    N/A       N/A        1.51      1.51       41.94    N/A           23.45    27.60    6.768    7.055    62    0    0     0     50.00  70.97  N/A         N/A          1.65         1.65         91.94  75.389   2.18     9.44        7           61       2.6      1.55          0.51    63.71     0.57    0.61    0.72    0.62    0.74     79.30   4.42    71.45   66.67   0.67    253.70     21.25    49.41  
20   T0943TS220_4-D1     220s    54.84    100.00  20    N/A       N/A        1.43      1.43       41.53    N/A           15.80    25.67    7.122    7.497    62    0    0     0     48.39  70.97  N/A         N/A          1.57         1.57         93.55  73.089   2.25     9.22        6.8         60       2.5      1.61          0.49    60.48     0.57    0.59    0.73    0.65    0.71     81.70   4.42    69.81   66.09   0.65    247.40     23.18    49.23  
21   T0943TS220_5-D1     220s    54.03    100.00  21    N/A       N/A        1.37      1.37       40.32    N/A           21.69    25.23    6.811    7.031    62    0    0     0     46.77  72.58  N/A         N/A          1.49         1.49         95.16  73.667   2.30     9.22        7           61       2.7      1.79          0.51    63.71     0.60    0.61    0.71    0.63    0.73     80.80   4.42    70.60   67.12   0.65    253.30     20.82    50.25  
22   T0943TS092_1-D1     092s    53.63    100.00  22    1.13      1.13       1.34      1.34       37.90    1.15          20.75    21.50    6.381    6.715    62    0    0     0     43.55  69.35  1.20        1.20         1.33         1.33         91.94  75.529   2.09     7.01        6.3         59       2.7      3.56          0.51    66.13     0.58    0.62    0.69    0.43    0.76     95.60   4.07    75.67   68.66   0.63    234.50     23.83    49.45  
23   T0943TS048_1-D1     048s    53.63    100.00  22    1.13      1.13       1.34      1.34       37.90    1.15          20.75    21.50    6.381    6.715    62    0    0     0     43.55  69.35  1.20        1.20         1.33         1.33         91.94  75.529   2.09     7.01        6.3         59       2.7      3.56          0.51    66.13     0.58    0.62    0.69    0.43    0.76     95.60   4.07    75.67   68.66   0.63    234.50     23.83    49.45  
24   T0943TS451_2-D1     451s    53.63    100.00  22    N/A       N/A        1.34      1.34       33.87    N/A           11.47    18.81    6.623    7.201    62    1    0     0     48.39  62.90  N/A         N/A          1.57         1.57         80.65  57.666   2.51     9.22        3.7         61       3.2      4.33          0.33    52.42     0.41    0.51    0.70    0.71    0.72     37.10   3.89    66.28   55.38   0.52    162.20     24.46    48.34  
25   T0943TS451_3-D1     451s    53.23    100.00  25    N/A       N/A        1.31      1.31       35.48    N/A           13.67    20.88    6.921    7.187    62    0    0     0     51.61  61.29  N/A         N/A          1.73         1.73         67.74  50.566   2.47     6.79        2.9         50       3.4      4.52          0.37    64.52     0.48    0.55    0.74    0.81    0.69     49.80   3.50    65.30   59.96   0.47    137.70     44.29    48.19  
26   T0943TS250_4-D1     250s    51.21    100.00  26    N/A       N/A        1.17      1.17       35.89    N/A           20.12    23.23    6.827    7.368    62    0    0     0     35.48  58.06  N/A         N/A          0.94         0.94         80.65  62.196   2.27     8.12        5.6         58       3.1      1.91          0.46    53.23     0.53    0.55    0.62    0.72    0.73     81.60   4.07    73.07   60.98   0.58    214.60     15.58    79.17  
27   T0943TS183_5-D1     183s    51.21    100.00  26    N/A       N/A        1.17      1.17       37.50    N/A           17.74    22.78    6.869    7.134    62    0    0     0     48.39  66.13  N/A         N/A          1.57         1.57         88.71  74.791   2.14     8.56        6.5         59       2.4      2.80          0.46    59.68     0.53    0.60    0.62    0.68    0.74     71.70   4.25    73.95   64.13   0.66    239.90     21.28    78.86  
28   T0943TS250_5-D1     250s    50.81    100.00  28    N/A       N/A        1.14      1.14       35.89    N/A           19.94    22.55    7.009    7.507    62    0    0     0     37.10  58.06  N/A         N/A          1.02         1.02         80.65  62.252   2.44     8.78        5.4         58       3.2      1.91          0.46    55.65     0.53    0.55    0.62    0.74    0.72     81.60   4.07    71.65   60.65   0.56    207.00     17.46    78.84  
29   T0943TS250_2-D1     250s    50.81    100.00  28    N/A       N/A        1.14      1.14       36.29    N/A           18.93    21.71    6.879    7.376    62    0    0     0     37.10  67.74  N/A         N/A          1.02         1.02         87.10  60.512   2.45     8.12        5.4         58       3.2      1.98          0.46    54.03     0.52    0.55    0.62    0.74    0.73     81.60   4.07    72.33   61.19   0.55    208.00     16.43    79.06  
30   T0943TS236_1-D1     236s    50.40    100.00  30    0.92      0.92       1.12      1.12       36.29    1.01          13.79    21.43    9.559    10.048   62    0    0     0     35.48  64.52  0.80        0.80         0.94         0.94         83.87  59.838   2.43     8.56        4.9         54       2.7      3.08          0.41    47.58     0.46    0.50    0.54    0.83    0.74     86.80   4.07    61.32   55.98   0.55    193.20     38.66    53.00  
31   T0943TS287_1-D1     287s    50.40    100.00  30    0.92      0.92       1.12      1.12       36.29    1.01          16.49    21.82    9.559    9.985    62    0    0     0     35.48  64.52  0.80        0.80         0.94         0.94         83.87  59.838   2.43     8.56        4.9         54       2.7      3.78          0.42    49.19     0.47    0.53    0.54    0.83    0.74     86.80   4.07    61.32   55.98   0.55    193.20     38.66    51.38  
32   T0943TS250_3-D1     250s    50.40    100.00  30    N/A       N/A        1.12      1.12       36.29    N/A           23.07    22.50    6.982    7.536    62    0    0     0     38.71  66.13  N/A         N/A          1.10         1.10         85.48  61.108   2.34     8.34        5.4         58       3.2      2.02          0.46    55.65     0.53    0.55    0.64    0.77    0.72     81.60   4.07    71.16   61.40   0.56    207.20     16.74    79.06  
33   T0943TS407_1-D1     407s    50.00    100.00  33    0.89      0.89       1.09      1.09       35.08    0.90          10.47    18.65    7.811    8.16     62    7    0     0     37.10  46.77  0.88        0.88         1.02         1.02         62.90  55.015   2.44     8.56        1.6         42       3.3      3.95          0.17    38.71     0.43    0.37    0.37    1.15    0.63     59.20   3.89    46.13   45.31   0.51    104.30     34.83    56.30  
34   T0943TS236_5-D1     236s    50.00    100.00  33    N/A       N/A        1.09      1.09       34.27    N/A           14.04    20.03    6.768    7.27     62    1    0     0     30.65  58.06  N/A         N/A          0.70         0.70         77.42  61.884   1.86     8.56        4.9         54       2.5      3.44          0.46    58.06     0.46    0.51    0.54    1.05    0.70     86.40   3.89    61.84   59.36   0.52    193.70     11.43    51.61  
35   T0943TS287_4-D1     287s    50.00    100.00  33    N/A       N/A        1.09      1.09       33.87    N/A           20.06    20.78    6.751    7.17     62    1    0     0     30.65  58.06  N/A         N/A          0.70         0.70         77.42  61.998   1.84     9.00        5           54       2.5      3.33          0.45    59.68     0.47    0.51    0.54    1.04    0.70     86.40   3.89    61.84   59.53   0.52    195.40     11.39    50.72  
36   T0943TS250_1-D1     250s    50.00    100.00  33    0.89      0.89       1.09      1.09       35.08    0.90          19.37    22.24    6.986    7.444    62    0    0     0     37.10  56.45  0.88        0.88         1.02         1.02         79.03  62.025   2.08     9.22        5.2         58       3.2      2.00          0.46    55.65     0.53    0.54    0.58    0.68    0.73     81.60   4.07    71.34   60.27   0.54    203.00     15.87    78.54  
37   T0943TS407_2-D1     407s    48.79    100.00  37    N/A       N/A        1.00      1.00       36.29    N/A           10.35    19.72    9.794    10.438   62    0    0     0     40.32  50.00  N/A         N/A          1.17         1.17         69.35  55.756   2.23     6.13        2.9         53       3.4      3.33          0.30    26.61     0.42    0.29    0.33    1.42    0.67     64.00   3.89    39.27   42.15   0.50    141.50     79.96    54.77  
38   T0943TS405_2-D1     405s    48.79    100.00  37    N/A       N/A        1.00      1.00       33.47    N/A           13.86    20.19    10.246   10.639   62    1    0     0     43.55  62.90  N/A         N/A          1.33         1.33         70.97  56.263   2.17     7.45        3.8         50       2.7      3.59          0.43    48.39     0.47    0.54    0.67    1.45    0.61     83.30   4.07    61.32   62.41   0.57    162.70     36.50    62.47  
39   T0943TS345_3-D1     345s    48.39    100.00  39    N/A       N/A        0.97      0.97       33.06    N/A           16.99    17.95    11.481   12.182   62    0    0     0     41.94  54.84  N/A         N/A          1.25         1.25         64.52  44.373   2.45     6.13        3.1         51       3.7      3.04          0.41    46.77     0.47    0.52    0.60    1.02    0.73     71.50   3.50    55.38   54.35   0.44    143.50     21.60    54.38  
40   T0943TS451_5-D1     451s    47.98    100.00  40    N/A       N/A        0.95      0.95       31.45    N/A           8.84     19.41    7.668    8.407    62    1    0     0     48.39  61.29  N/A         N/A          1.57         1.57         67.74  48.063   2.64     5.91        2.1         51       3.4      4.31          0.31    52.42     0.41    0.48    0.73    0.77    0.70     62.00   3.29    64.70   55.29   0.48    98.40      38.83    50.38  
41   T0943TS405_1-D1     405s    47.18    100.00  41    0.70      0.70       0.89      0.89       31.05    0.55          12.91    19.16    8.163    8.075    62    0    0     0     35.48  62.90  0.80        0.80         0.94         0.94         79.03  57.303   2.19     7.45        4.5         54       2.8      3.68          0.43    49.19     0.44    0.52    0.65    0.83    0.67     68.40   3.89    63.37   56.57   0.55    182.40     16.89    60.70  
42   T0943TS275_1-D1     275s    45.97    100.00  42    0.62      0.62       0.81      0.81       34.67    0.87          17.81    21.16    24.563   24.079   62    0    0     0     45.16  56.45  1.28        1.28         1.41         1.41         56.45  50.664   2.12     4.58        1.7         39       2.7      2.68          0.33    33.06     0.44    0.42    0.45    1.82    0.73     42.70   3.70    42.61   47.85   0.40    103.60     383.20   N/A    
43   T0943TS016_1-D1     016s    45.97    100.00  42    0.62      0.62       0.81      0.81       31.86    0.62          9.47     15.24    7.839    8.395    62    1    0     0     35.48  58.06  0.80        0.80         0.94         0.94         79.03  57.007   2.22     7.23        4.9         55       2.9      3.48          0.36    45.16     0.41    0.48    0.61    0.94    0.72     72.10   4.07    60.53   48.72   0.54    194.80     46.73    55.03  
44   T0943TS005_4-D1     005s    45.56    100.00  44    N/A       N/A        0.78      0.78       33.06    N/A           9.34     17.68    11.328   11.684   62    0    0     0     30.65  58.06  N/A         N/A          0.70         0.70         58.06  49.805   2.04     3.92        1.6         36       2.7      0.79          0.38    37.10     0.52    0.46    0.53    1.04    0.68     75.50   3.50    48.28   55.52   0.40    101.60     28.64    N/A    
45   T0943TS275_4-D1     275s    45.56    100.00  44    N/A       N/A        0.78      0.78       34.27    N/A           17.37    21.32    12.339   12.946   62    0    0     0     46.77  58.06  N/A         N/A          1.49         1.49         58.06  52.292   2.00     3.92        1.8         43       5.4      2.27          0.37    38.71     0.44    0.44    0.63    1.89    0.39     59.00   3.70    43.22   49.59   0.41    107.80     77.47    N/A    
46   T0943TS407_5-D1     407s    44.76    100.00  46    N/A       N/A        0.72      0.72       29.84    N/A           9.84     16.94    9.91     10.53    62    6    0     0     29.03  46.77  N/A         N/A          0.62         0.62         69.35  53.278   2.52     7.01        1.2         42       3.4      4.03          0.29    28.23     0.39    0.28    0.27    1.45    0.58     44.00   3.70    36.59   40.51   0.47    89.40      110.14   56.34  
47   T0943TS321_1-D1     321s    43.95    100.00  47    0.48      0.48       0.66      0.66       30.24    0.47          9.28     11.41    10.335   10.873   62    3    0     0     22.58  58.06  0.17        0.17         0.31         0.31         58.06  46.27    2.09     5.46        2.5         43       3        2.84          0.35    35.48     0.46    0.43    0.61    1.42    0.46     87.20   3.29    51.82   50.72   0.42    129.00     62.44    52.74  
48   T0943TS321_2-D1     321s    43.95    100.00  47    N/A       N/A        0.66      0.66       30.24    N/A           8.65     10.49    10.986   11.379   62    2    0     0     22.58  58.06  N/A         N/A          0.31         0.31         58.06  46.348   2.08     5.46        2.5         43       3        2.87          0.32    35.48     0.46    0.43    0.61    1.55    0.43     87.20   3.29    51.40   50.77   0.42    126.70     63.42    52.17  
49   T0943TS321_5-D1     321s    43.95    100.00  47    N/A       N/A        0.66      0.66       30.24    N/A           10.22    11.32    10.343   10.887   62    2    0     0     24.19  59.68  N/A         N/A          0.39         0.39         59.68  43.734   2.46     5.46        2.4         43       3.3      2.85          0.35    37.10     0.47    0.43    0.64    1.43    0.45     87.20   3.29    51.78   50.67   0.41    123.30     55.12    52.80  
50   T0943TS321_4-D1     321s    43.95    100.00  47    N/A       N/A        0.66      0.66       30.24    N/A           6.33     10.59    13.447   14.194   62    1    0     0     20.97  58.06  N/A         N/A          0.23         0.23         58.06  45.704   2.12     5.24        2.4         43       3        2.75          0.33    33.87     0.45    0.42    0.59    1.52    0.63     87.20   3.70    48.32   49.48   0.41    124.20     81.79    52.50  
51   T0943TS005_5-D1     005s    43.55    100.00  51    N/A       N/A        0.64      0.64       31.85    N/A           13.86    15.74    10.21    10.247   62    1    0     0     35.48  53.23  N/A         N/A          0.94         0.94         53.23  48.557   1.85     3.92        1.1         37       3.3      1.55          0.38    37.90     0.50    0.45    0.47    1.29    0.59     58.50   3.50    49.08   52.31   0.40    88.80      32.35    N/A    
52   T0943TS464_1-D1     464s    43.55    100.00  51    0.46      0.46       0.64      0.64       28.63    0.33          14.17    14.40    9.88     10.383   62    1    0     0     29.03  48.39  0.49        0.49         0.62         0.62         51.61  42.186   2.43     5.69        2.2         44       3.8      4.13          0.43    45.97     0.43    0.49    0.59    1.15    0.48     54.80   3.70    51.26   53.14   0.38    116.60     15.64    58.88  
53   T0943TS464_3-D1     464s    43.55    100.00  51    N/A       N/A        0.64      0.64       29.84    N/A           24.83    17.89    9.819    10.324   62    2    0     0     37.10  46.77  N/A         N/A          1.02         1.02         50.00  42.14    2.47     5.91        2.1         46       4.1      3.97          0.43    45.16     0.43    0.50    0.58    1.18    0.49     54.80   3.70    51.22   52.61   0.40    115.40     15.56    56.78  
54   T0943TS467_3-D1     467s    43.15    100.00  54    N/A       N/A        0.61      0.61       29.44    N/A           6.21     13.49    7.895    8.57     62    0    0     0     29.03  33.87  N/A         N/A          0.62         0.62         41.94  36.728   2.18     3.48        0.2         32       4        1.75          0.32    32.26     0.43    0.31    0.56    1.26    0.67     52.80   1.99    37.34   41.51   0.37    62.40      32.93    67.82  
55   T0943TS005_1-D1     005s    43.15    100.00  54    0.43      0.43       0.61      0.61       29.84    0.44          10.47    18.98    9.616    10.084   62    0    0     0     35.48  56.45  0.80        0.80         0.94         0.94         59.68  48.672   2.18     4.14        1.2         35       2.2      1.36          0.36    37.90     0.49    0.40    0.51    1.07    0.54     58.50   2.30    49.02   50.09   0.43    90.20      41.07    N/A    
56   T0943TS464_4-D1     464s    43.15    100.00  54    N/A       N/A        0.61      0.61       28.63    N/A           12.10    13.55    9.898    10.432   62    1    0     0     29.03  45.16  N/A         N/A          0.62         0.62         50.00  38.947   2.40     5.69        2.1         44       4.3      4.31          0.43    45.97     0.41    0.50    0.59    1.15    0.48     54.80   3.50    50.87   52.94   0.38    115.50     15.82    59.21  
57   T0943TS321_3-D1     321s    41.53    100.00  57    N/A       N/A        0.49      0.49       28.23    N/A           2.38     8.07     11.454   11.984   62    0    0     0     12.90  48.39  N/A         N/A          -0.17        -0.17        61.29  44.848   2.45     4.36        2.6         54       4.2      2.96          0.32    30.65     0.46    0.38    0.51    1.41    0.66     73.50   3.50    47.94   48.94   0.41    130.10     84.72    46.08  
58   T0943TS180_5-D1     180s    41.53    100.00  57    N/A       N/A        0.49      0.49       27.42    N/A           9.09     15.46    11.867   12.447   62    1    0     0     32.26  41.94  N/A         N/A          0.78         0.78         46.77  40.748   2.04     3.48        0.1         32       3.5      3.37          0.24    28.23     0.42    0.38    0.42    1.54    0.58     63.30   3.07    46.42   47.02   0.38    59.20      34.28    50.50  
59   T0943TS349_1-D1     349s    41.13    100.00  59    0.29      0.29       0.47      0.47       25.40    0.05          5.64     10.75    8.393    8.475    62    0    0     0     1.61   41.94  -0.86       -0.86        -0.72        -0.72        46.77  33.615   2.66     3.03        0           0        N/A      3.45          0.29    40.32     0.39    0.35    0.45    1.45    0.57     52.40   3.07    44.94   41.75   0.32    N/A        46.41    71.78  
60   T0943TS119_1-D1     119s    41.13    100.00  59    0.29      0.29       0.47      0.47       25.40    0.05          7.52     10.96    8.393    8.434    62    0    0     0     1.61   41.94  -0.86       -0.86        -0.72        -0.72        46.77  33.615   2.66     3.03        0           0        N/A      4.42          0.33    39.52     0.40    0.36    0.45    1.45    0.57     52.40   3.07    44.94   41.75   0.32    N/A        46.41    71.78  
61   T0943TS432_1-D1     432s    39.92    100.00  61    0.21      0.21       0.38      0.38       27.82    0.26          6.71     13.98    12.914   13.054   62    0    0     0     27.42  45.16  0.41        0.41         0.54         0.54         46.77  42.817   1.84     4.14        1           34       3.1      2.30          0.32    30.65     0.44    0.35    0.54    2.04    0.58     40.70   3.50    42.53   45.73   0.39    84.20      101.63   N/A    
62   T0943TS432_5-D1     432s    39.92    100.00  61    N/A       N/A        0.38      0.38       27.82    N/A           2.82     11.13    14.68    14.468   62    0    0     0     30.65  40.32  N/A         N/A          0.70         0.70         40.32  31.761   2.36     2.37        0           0        N/A      2.54          0.28    29.03     0.44    0.39    0.55    1.32    0.72     42.90   2.30    43.44   49.35   0.28    N/A        93.01    N/A    
63   T0943TS313_4-D1     313s    39.11    100.00  63    N/A       N/A        0.33      0.33       25.00    N/A           5.33     10.44    8.51     8.684    62    0    0     0     1.61   40.32  N/A         N/A          -0.72        -0.72        45.16  31.906   2.55     2.81        0.2         32       3.5      3.56          0.32    39.52     0.36    0.33    0.47    1.47    0.56     59.00   3.07    45.29   41.88   0.31    63.50      53.79    66.91  
64   T0943TS313_1-D1     313s    39.11    100.00  63    0.16      0.16       0.33      0.33       25.00    0.01          5.20     10.06    8.501    8.587    62    0    0     0     17.74  37.10  -0.07       -0.07        0.07         0.07         41.94  32.587   2.72     2.81        0.2         32       3.5      3.54          0.32    40.32     0.37    0.33    0.47    1.48    0.57     59.00   3.07    45.05   42.14   0.31    63.50      53.11    66.89  
65   T0943TS313_3-D1     313s    39.11    100.00  63    N/A       N/A        0.33      0.33       24.19    N/A           5.58     10.45    8.489    8.535    62    0    0     0     17.74  37.10  N/A         N/A          0.07         0.07         41.94  32.065   2.58     2.81        0.2         33       3.5      3.50          0.33    41.94     0.37    0.34    0.47    1.48    0.57     51.40   3.07    44.99   41.77   0.31    62.70      52.36    66.58  
66   T0943TS313_2-D1     313s    38.71    100.00  66    N/A       N/A        0.30      0.30       24.59    N/A           5.08     10.74    8.48     8.561    62    0    0     0     17.74  38.71  N/A         N/A          0.07         0.07         43.55  33.021   2.51     2.81        0.2         33       3.5      3.36          0.32    41.94     0.38    0.33    0.47    1.47    0.57     51.40   3.07    45.45   42.19   0.31    62.80      52.81    66.52  
67   T0943TS313_5-D1     313s    38.31    100.00  67    N/A       N/A        0.27      0.27       24.19    N/A           4.89     10.13    8.513    8.559    62    0    0     0     16.13  40.32  N/A         N/A          -0.01        -0.01        45.16  32.76    2.63     2.81        0.1         33       3.6      3.63          0.32    41.13     0.38    0.34    0.47    1.47    0.57     59.00   3.07    45.02   41.74   0.30    61.80      53.16    67.62  
68   T0943TS467_1-D1     467s    37.90    100.00  68    0.08      0.08       0.24      0.24       24.60    -0.02         3.07     8.17     8.907    9.671    62    0    0     0     0.00   30.65  -0.94       -0.94        -0.80        -0.80        48.39  38.936   2.33     0.83        0.8         35       3.6      1.20          0.31    32.26     0.46    0.27    0.41    1.29    0.61     44.00   1.64    30.51   42.97   0.35    80.20      71.35    66.82  
69   T0943TS005_3-D1     005s    36.69    100.00  69    N/A       N/A        0.16      0.16       27.82    N/A           11.10    16.58    15.619   15.422   62    0    0     0     30.65  35.48  N/A         N/A          0.70         0.70         37.10  36.003   1.87     2.59        0           0        N/A      0.91          0.29    30.65     0.47    0.34    0.37    1.37    0.56     49.70   2.58    37.63   45.44   0.31    N/A        132.47   N/A    
70   T0943TS005_2-D1     005s    36.29    100.00  70    N/A       N/A        0.13      0.13       24.19    N/A           12.10    16.15    11.199   11.834   62    0    0     0     1.61   11.29  N/A         N/A          -0.72        -0.72        46.77  39.86    1.98     2.15        0.9         33       3.1      1.30          0.35    35.48     0.49    0.41    0.36    1.48    0.58     55.10   3.50    47.53   52.52   0.29    82.10      101.19   N/A    
71   T0943TS464_2-D1     464s    36.29    100.00  70    N/A       N/A        0.13      0.13       25.41    N/A           0.94     9.03     14.499   15.195   62    0    0     0     4.84   40.32  N/A         N/A          -0.56        -0.56        40.32  36.686   1.78     1.71        0.3         33       7.8      1.73          0.27    31.45     0.44    0.26    0.35    1.77    0.52     43.40   1.64    29.64   42.55   0.31    65.10      210.72   41.10  
72   T0943TS467_2-D1     467s    34.68    100.00  72    N/A       N/A        0.02      0.02       23.39    N/A           2.70     9.79     11.698   11.878   62    0    0     0     1.61   30.65  N/A         N/A          -0.72        -0.72        50.00  39.912   2.67     1.05        0.7         35       4.6      1.71          0.32    34.68     0.49    0.30    0.36    1.24    0.58     56.30   2.58    32.54   47.55   0.36    76.30      72.52    72.82  
73   T0943TS026_3-D1     026s    33.47    100.00  73    N/A       N/A        -0.07     -0.07      24.20    N/A           8.03     14.01    13.025   13.791   62    0    0     0     33.87  33.87  N/A         N/A          0.86         0.86         48.39  40.582   2.57     0.16        0.4         33       2.9      3.73          0.23    16.94     0.36    0.15    0.19    2.19    0.59     25.30   2.30    25.43   30.97   0.38    66.40      196.87   N/A    
74   T0943TS467_4-D1     467s    33.47    100.00  73    N/A       N/A        -0.07     -0.07      22.98    N/A           6.21     12.30    10.318   10.301   62    0    0     0     3.23   29.03  N/A         N/A          -0.64        -0.64        48.39  39.173   2.30     4.14        0.3         42       4.3      1.71          0.33    36.29     0.45    0.34    0.39    1.57    0.56     47.30   2.83    34.14   42.44   0.33    72.40      67.81    70.66  
75   T0943TS380_3-D1     380s    33.47    100.00  73    N/A       N/A        -0.07     -0.07      24.20    N/A           8.03     14.01    13.025   13.791   62    0    0     0     33.87  33.87  N/A         N/A          0.86         0.86         48.39  40.582   2.57     0.16        0.4         33       2.9      3.73          0.23    16.94     0.36    0.15    0.19    2.19    0.59     25.30   2.30    25.43   30.97   0.38    66.40      196.87   N/A    
76   T0943TS407_4-D1     407s    32.66    100.00  76    N/A       N/A        -0.13     -0.13      24.19    N/A           7.02     13.37    15.724   16.294   62    1    0     0     0.00   0.00   N/A         N/A          -0.80        -0.80        45.16  39.643   2.03     0.60        0           0        N/A      2.59          0.23    27.42     0.41    0.22    0.27    2.25    0.45     42.70   2.58    20.93   35.96   0.32    N/A        211.86   70.75  
77   T0943TS432_3-D1     432s    32.66    100.00  76    N/A       N/A        -0.13     -0.13      20.57    N/A           4.08     7.25     14.781   15.327   62    0    0     0     3.23   14.52  N/A         N/A          -0.64        -0.64        33.87  20.905   2.86     1.93        0.1         30       4        3.46          0.30    21.77     0.38    0.31    0.47    1.70    0.49     38.90   2.58    42.51   42.42   0.27    58.70      70.21    N/A    
78   T0943TS432_4-D1     432s    32.26    100.00  78    N/A       N/A        -0.15     -0.15      19.36    N/A           8.65     10.06    18.763   18.737   62    2    0     0     3.23   33.87  N/A         N/A          -0.64        -0.64        35.48  22.297   2.87     1.05        0.2         34       7.5      3.41          0.26    24.19     0.38    0.28    0.43    1.95    0.63     45.30   2.58    33.35   38.80   0.24    61.00      138.64   N/A    
79   T0943TS464_5-D1     464s    32.26    100.00  78    N/A       N/A        -0.15     -0.15      27.02    N/A           8.90     16.29    25.534   25.421   62    0    0     0     29.03  33.87  N/A         N/A          0.62         0.62         33.87  32.15    1.40     1.27        0           0        N/A      1.99          0.24    25.00     0.44    0.29    0.44    2.47    0.59     43.30   2.83    28.61   42.57   0.29    N/A        319.82   40.62  
80   T0943TS452_5-D1     452s    31.86    100.00  80    N/A       N/A        -0.18     -0.18      23.79    N/A           1.75     9.66     12.189   12.939   62    0    0     0     0.00   8.06   N/A         N/A          -0.80        -0.80        30.65  24.94    2.35     2.15        0.2         30       3.9      3.58          0.29    28.23     0.43    0.25    0.27    1.56    0.51     61.80   1.99    30.10   44.30   0.31    62.50      107.63   N/A    
81   T0943TS434_5-D1     434s    31.45    100.00  81    N/A       N/A        -0.21     -0.21      23.39    N/A           11.10    14.52    22.914   22.845   62    0    0     0     0.00   3.23   N/A         N/A          -0.80        -0.80        35.48  30.601   1.58     0.38        0           0        N/A      2.60          0.21    24.19     0.43    0.25    0.41    2.39    0.49     46.80   1.99    25.64   41.88   0.27    N/A        344.34   74.94  
82   T0943TS180_2-D1     180s    31.45    100.00  81    N/A       N/A        -0.21     -0.21      19.35    N/A           0.19     6.76     11.957   12.402   62    1    0     0     1.61   1.61   N/A         N/A          -0.72        -0.72        38.71  31.071   2.00     2.59        0           0        N/A      3.00          0.24    12.90     0.36    0.19    0.17    1.93    0.46     41.90   1.99    35.67   33.15   0.27    N/A        32.14    42.92  
83   T0943TS446_4-D1     446s    30.24    100.00  83    N/A       N/A        -0.30     -0.30      24.60    N/A           4.33     10.21    14.284   14.969   62    0    0     0     0.00   35.48  N/A         N/A          -0.80        -0.80        38.71  38.239   1.90     1.49        0           0        N/A      1.40          0.22    19.35     0.40    0.19    0.38    1.83    0.58     29.80   1.99    22.04   33.28   0.24    N/A        137.08   42.18  
84   T0943TS434_1-D1     434s    30.24    100.00  83    -0.44     -0.44      -0.30     -0.30      21.77    -0.27         2.95     11.83    16.37    17.012   62    0    0     0     12.90  16.13  -0.30       -0.30        -0.17        -0.17        35.48  31.445   1.82     1.05        0           0        N/A      2.50          0.21    26.61     0.45    0.27    0.33    2.18    0.55     44.50   2.58    24.62   42.34   0.29    N/A        310.05   75.01  
85   T0943TS258_4-D1     258s    30.24    100.00  83    N/A       N/A        -0.30     -0.30      21.77    N/A           4.58     12.95    15.101   15.691   62    2    0     0     0.00   32.26  N/A         N/A          -0.80        -0.80        33.87  32.016   2.20     1.05        0           0        N/A      3.70          0.24    23.39     0.39    0.21    0.20    1.80    0.51     49.70   1.64    23.77   38.23   0.28    N/A        163.07   75.61  
86   T0943TS258_3-D1     258s    30.24    100.00  83    N/A       N/A        -0.30     -0.30      21.77    N/A           4.33     13.17    15.099   15.742   62    1    0     0     0.00   32.26  N/A         N/A          -0.80        -0.80        35.48  32.238   2.44     0.60        0           0        N/A      4.08          0.23    21.77     0.39    0.19    0.21    1.78    0.51     48.20   1.64    23.57   38.17   0.28    N/A        163.73   75.65  
87   T0943TS180_3-D1     180s    29.84    100.00  87    N/A       N/A        -0.32     -0.32      21.77    N/A           8.78     10.38    12.812   13.199   62    1    0     0     1.61   33.87  N/A         N/A          -0.72        -0.72        33.87  27.68    2.23     1.49        0           0        N/A      3.07          0.22    23.39     0.38    0.29    0.32    1.91    0.52     30.00   2.30    32.27   39.12   0.23    N/A        145.86   39.01  
88   T0943TS258_5-D1     258s    29.84    100.00  87    N/A       N/A        -0.32     -0.32      20.97    N/A           8.21     13.66    15.338   15.971   62    1    0     0     0.00   33.87  N/A         N/A          -0.80        -0.80        38.71  32.4     2.18     1.93        0           0        N/A      3.65          0.24    22.58     0.41    0.21    0.20    1.83    0.52     45.20   2.30    23.22   37.97   0.27    N/A        168.32   75.79  
89   T0943TS434_3-D1     434s    29.84    100.00  87    N/A       N/A        -0.32     -0.32      24.19    N/A           7.65     11.96    19.558   19.788   62    0    0     0     0.00   0.00   N/A         N/A          -0.80        -0.80        30.65  29.145   1.50     1.05        0           0        N/A      1.80          0.21    27.42     0.45    0.28    0.46    2.28    0.58     49.20   2.58    24.96   41.89   0.25    N/A        319.22   73.58  
90   T0943TS434_2-D1     434s    29.84    100.00  87    N/A       N/A        -0.32     -0.32      22.98    N/A           6.83     11.97    19.898   20.206   62    0    0     0     0.00   0.00   N/A         N/A          -0.80        -0.80        35.48  31.551   2.19     0.83        0           0        N/A      2.26          0.23    25.00     0.45    0.30    0.39    2.03    0.50     46.70   2.58    31.09   43.59   0.25    N/A        332.07   75.15  
91   T0943TS446_5-D1     446s    29.84    100.00  87    N/A       N/A        -0.32     -0.32      22.58    N/A           5.46     10.84    13.68    13.946   62    0    0     0     0.00   3.23   N/A         N/A          -0.80        -0.80        41.94  34.566   2.28     1.71        0           0        N/A      1.15          0.24    20.16     0.44    0.20    0.25    2.13    0.48     41.50   1.64    19.64   35.43   0.31    N/A        89.54    38.49  
92   T0943TS452_3-D1     452s    29.84    100.00  87    N/A       N/A        -0.32     -0.32      18.14    N/A           1.25     4.45     11.831   12.786   62    0    0     0     4.84   3.23   N/A         N/A          -0.56        -0.56        35.48  33.155   2.04     2.81        0           0        N/A      3.20          0.23    18.55     0.36    0.16    0.30    2.05    0.57     48.50   2.58    25.80   33.45   0.28    N/A        92.49    N/A    
93   T0943TS258_2-D1     258s    29.84    100.00  87    N/A       N/A        -0.32     -0.32      21.37    N/A           3.95     8.51     15.066   15.541   62    1    0     0     0.00   30.65  N/A         N/A          -0.80        -0.80        37.10  28.32    2.58     1.71        0           0        N/A      3.84          0.24    22.58     0.39    0.21    0.21    1.81    0.52     45.30   2.30    23.15   38.46   0.28    N/A        162.84   77.82  
94   T0943TS467_5-D1     467s    29.43    100.00  94    N/A       N/A        -0.35     -0.35      22.58    N/A           1.13     9.50     16.306   16.789   62    0    0     0     0.00   0.00   N/A         N/A          -0.80        -0.80        41.94  36.528   2.15     0.60        0           0        N/A      1.75          0.24    22.58     0.44    0.23    0.16    1.86    0.50     46.50   1.64    21.88   40.70   0.29    N/A        302.27   70.63  
95   T0943TS258_1-D1     258s    29.43    100.00  94    -0.49     -0.49      -0.35     -0.35      20.96    -0.35         8.78     13.61    15.036   15.588   62    0    0     0     0.00   30.65  -0.94       -0.94        -0.80        -0.80        37.10  29.395   2.50     0.60        0           0        N/A      3.85          0.24    22.58     0.39    0.21    0.21    1.80    0.52     45.20   2.30    23.42   38.14   0.28    N/A        158.97   76.02  
96   T0943TS434_4-D1     434s    28.63    100.00  96    N/A       N/A        -0.41     -0.41      22.58    N/A           5.83     13.74    27.753   28.325   62    0    0     0     0.00   29.03  N/A         N/A          -0.80        -0.80        29.03  28.806   1.18     0.60        0           0        N/A      2.25          0.20    24.19     0.43    0.25    0.41    2.46    0.56     42.60   2.30    21.16   40.87   0.25    N/A        599.89   74.04  
97   T0943TS432_2-D1     432s    28.23    100.00  97    N/A       N/A        -0.44     -0.44      16.93    N/A           2.26     6.49     15.269   15.462   62    2    0     0     0.00   0.00   N/A         N/A          -0.80        -0.80        45.16  30.96    2.50     0.60        0           0        N/A      2.56          0.28    21.77     0.43    0.33    0.44    1.63    0.61     33.90   2.58    35.49   43.38   0.28    N/A        107.60   N/A    
98   T0943TS287_5-D1     287s    27.82    100.00  98    N/A       N/A        -0.46     -0.46      18.14    N/A           2.95     6.65     12.57    12.94    62    0    0     0     3.23   32.26  N/A         N/A          -0.64        -0.64        32.26  29.196   2.13     -0.28       0           0        N/A      2.49          0.25    24.19     0.38    0.21    0.26    2.12    0.52     28.10   2.30    26.40   34.61   0.28    N/A        164.29   75.16  
99   T0943TS236_4-D1     236s    27.82    100.00  98    N/A       N/A        -0.46     -0.46      18.14    N/A           1.88     7.33     12.601   12.865   62    0    0     0     3.23   30.65  N/A         N/A          -0.64        -0.64        33.87  29.583   2.20     -0.28       0           0        N/A      2.76          0.25    25.00     0.39    0.21    0.26    2.14    0.52     28.10   2.30    26.52   34.29   0.29    N/A        165.66   75.35  
100  T0943TS236_3-D1     236s    27.02    100.00  100   N/A       N/A        -0.52     -0.52      18.55    N/A           1.50     6.85     21.121   21.371   62    0    0     0     3.23   32.26  N/A         N/A          -0.64        -0.64        32.26  27.959   2.45     1.05        0           0        N/A      2.66          0.18    16.94     0.35    0.17    0.41    2.30    0.59     33.00   2.30    18.36   29.53   0.24    N/A        255.49   74.76  
101  T0943TS380_5-D1     380s    26.61    100.00  101   N/A       N/A        -0.55     -0.55      16.93    N/A           2.70     7.76     11.979   12.757   62    0    0     0     0.00   4.84   N/A         N/A          -0.80        -0.80        67.74  44.81    2.73     1.93        0.6         39       2.9      3.83          0.22    25.00     0.39    0.26    0.40    1.81    0.54     36.70   2.58    31.85   33.83   0.42    77.10      119.71   N/A    
102  T0943TS026_5-D1     026s    26.61    100.00  101   N/A       N/A        -0.55     -0.55      16.93    N/A           2.70     7.76     11.979   12.757   62    0    0     0     0.00   4.84   N/A         N/A          -0.80        -0.80        67.74  44.81    2.73     1.93        0.6         39       2.9      3.83          0.22    25.00     0.39    0.26    0.40    1.81    0.54     36.70   2.58    31.85   33.83   0.42    77.10      119.71   N/A    
103  T0943TS452_4-D1     452s    26.21    100.00  103   N/A       N/A        -0.58     -0.58      20.16    N/A           1.13     7.89     17.489   17.741   62    0    0     0     0.00   1.61   N/A         N/A          -0.80        -0.80        35.48  33.057   1.72     0.60        0           0        N/A      3.65          0.19    16.13     0.38    0.22    0.35    2.34    0.54     46.40   2.58    20.47   35.41   0.29    N/A        230.59   N/A    
104  T0943TS028_1-D1     028s    26.21    100.00  103   -0.71     -0.71      -0.58     -0.58      15.72    -0.81         1.94     6.47     12.326   13.029   62    0    0     0     0.00   0.00   -0.94       -0.94        -0.80        -0.80        45.16  38.588   1.89     0.38        0           0        N/A      4.09          0.30    21.77     0.35    0.20    0.12    1.65    0.52     18.60   1.64    26.48   35.06   0.33    N/A        48.56    75.46  
105  T0943TS407_3-D1     407s    25.81    100.00  105   N/A       N/A        -0.61     -0.61      18.14    N/A           0.06     4.24     14.881   15.524   62    0    0     0     0.00   0.00   N/A         N/A          -0.80        -0.80        40.32  36.847   2.17     0.83        0           0        N/A      3.04          0.21    24.19     0.41    0.25    0.31    2.21    0.48     36.10   1.99    26.09   37.19   0.30    N/A        247.67   80.54  
106  T0943TS455_4-D1     455s    25.81    100.00  105   N/A       N/A        -0.61     -0.61      14.92    N/A           1.75     4.60     14.478   14.933   62    0    0     0     1.61   8.06   N/A         N/A          -0.72        -0.72        41.94  29.887   2.67     1.05        0           0        N/A      3.69          0.22    16.94     0.30    0.17    0.29    2.30    0.44     2.60    2.58    24.66   27.39   0.25    N/A        97.13    78.72  
107  T0943TS455_2-D1     455s    25.40    100.00  107   N/A       N/A        -0.63     -0.63      13.31    N/A           1.63     4.21     11.508   12.353   62    0    0     0     0.00   12.90  N/A         N/A          -0.80        -0.80        33.87  27.031   2.63     -0.72       0           0        N/A      3.29          0.20    12.90     0.33    0.13    0.27    1.97    0.61     16.50   1.99    20.33   30.03   0.24    N/A        150.47   78.32  
108  T0943TS446_2-D1     446s    25.40    100.00  107   N/A       N/A        -0.63     -0.63      17.34    N/A           1.88     4.70     13.722   13.942   62    0    0     0     0.00   4.84   N/A         N/A          -0.80        -0.80        43.55  38.111   1.93     -0.06       0           0        N/A      1.14          0.24    20.97     0.43    0.22    0.34    2.04    0.49     32.40   2.30    21.99   38.30   0.34    N/A        70.76    37.29  
109  T0943TS446_1-D1     446s    25.40    100.00  107   -0.76     -0.76      -0.63     -0.63      16.13    -0.77         0.19     4.63     13.764   13.944   62    0    0     0     0.00   6.45   -0.94       -0.94        -0.80        -0.80        41.94  39.299   2.15     1.27        0           0        N/A      0.50          0.24    22.58     0.44    0.23    0.34    2.10    0.48     35.50   2.30    20.10   39.33   0.31    N/A        71.14    34.14  
110  T0943TS287_2-D1     287s    24.60    100.00  110   N/A       N/A        -0.69     -0.69      15.72    N/A           2.70     6.65     14.359   14.409   62    1    0     0     0.00   1.61   N/A         N/A          -0.80        -0.80        40.32  34.434   2.15     1.49        0           0        N/A      3.39          0.18    14.52     0.35    0.19    0.25    2.31    0.49     28.60   1.99    23.88   32.68   0.30    N/A        365.16   80.41  
111  T0943TS180_1-D1     180s    24.19    100.00  111   -0.84     -0.84      -0.72     -0.72      14.11    -0.95         2.13     5.27     12.602   13.035   62    1    0     0     0.00   1.61   -0.94       -0.94        -0.80        -0.80        38.71  32.235   2.48     -0.28       0           0        N/A      3.57          0.23    14.52     0.38    0.25    0.36    1.85    0.44     33.60   0.73    31.15   34.95   0.28    N/A        127.48   33.19  
112  T0943TS444_1-D1     444s    23.79    100.00  112   -0.87     -0.87      -0.75     -0.75      13.30    -1.02         2.70     4.29     13.295   14.483   62    0    0     0     1.61   6.45   -0.86       -0.86        -0.72        -0.72        35.48  22.864   2.71     1.27        0           0        N/A      1.95          0.20    17.74     0.36    0.19    0.29    2.28    0.45     3.20    1.24    19.48   29.33   0.25    N/A        157.30   N/A    
113  T0943TS444_4-D1     444s    23.79    100.00  112   N/A       N/A        -0.75     -0.75      13.30    N/A           3.39     4.61     13.206   14.364   62    0    0     0     0.00   19.35  N/A         N/A          -0.80        -0.80        35.48  23.591   2.86     1.05        0           0        N/A      1.80          0.20    17.74     0.36    0.19    0.29    2.32    0.44     13.00   1.99    19.72   29.30   0.25    N/A        155.17   N/A    
114  T0943TS444_5-D1     444s    23.79    100.00  112   N/A       N/A        -0.75     -0.75      13.30    N/A           2.82     4.54     13.286   14.471   62    0    0     0     3.23   6.45   N/A         N/A          -0.64        -0.64        32.26  22.439   2.44     0.60        0           0        N/A      1.76          0.20    16.94     0.35    0.18    0.29    2.32    0.43     15.40   1.64    19.66   29.85   0.23    N/A        151.94   N/A    
115  T0943TS444_3-D1     444s    23.39    100.00  115   N/A       N/A        -0.77     -0.77      13.30    N/A           3.39     4.43     13.291   14.465   62    0    0     0     1.61   22.58  N/A         N/A          -0.72        -0.72        33.87  22.128   2.51     1.05        0           0        N/A      1.65          0.20    16.13     0.36    0.19    0.28    2.25    0.44     13.00   1.24    19.80   29.46   0.25    N/A        157.54   N/A    
116  T0943TS444_2-D1     444s    23.39    100.00  115   N/A       N/A        -0.77     -0.77      12.90    N/A           1.75     5.09     13.28    14.39    62    0    0     0     1.61   24.19  N/A         N/A          -0.72        -0.72        38.71  29.595   2.37     0.83        0           0        N/A      1.74          0.20    19.35     0.35    0.18    0.29    2.31    0.44     23.20   1.64    19.63   29.16   0.26    N/A        149.67   N/A    
117  T0943TS455_3-D1     455s    22.58    100.00  117   N/A       N/A        -0.83     -0.83      16.53    N/A           0.63     4.03     14.867   15.297   62    0    0     0     0.00   0.00   N/A         N/A          -0.80        -0.80        32.26  31.076   1.63     -0.72       0           0        N/A      3.35          0.20    21.77     0.39    0.24    0.34    2.51    0.49     48.90   1.99    17.90   37.82   0.29    N/A        135.02   82.93  
118  T0943TS345_4-D1     345s    22.58    100.00  117   N/A       N/A        -0.83     -0.83      15.73    N/A           1.82     6.05     24.012   25.362   62    0    0     0     0.00   0.00   N/A         N/A          -0.80        -0.80        40.32  36.792   2.30     1.27        0.4         32       5.1      2.30          0.18    10.48     0.35    0.11    0.10    2.79    0.41     20.30   2.83    17.06   25.71   0.31    67.10      554.94   82.27  
119  T0943TS251_5-D1     251s    22.18    100.00  119   N/A       N/A        -0.86     -0.86      14.11    N/A           0.06     3.70     44.868   45.352   62    0    0     0     0.00   0.00   N/A         N/A          -0.80        -0.80        30.65  23.231   2.21     0.60        0           0        N/A      3.27          0.14    8.87      0.28    0.07    0.34    2.79    0.64     2.60    1.64    14.92   24.59   0.19    N/A        1136.54  81.32  
120  T0943TS446_3-D1     446s    21.77    100.00  120   N/A       N/A        -0.89     -0.89      14.92    N/A           0.44     6.71     16.134   16.681   62    0    0     0     0.00   0.00   N/A         N/A          -0.80        -0.80        43.55  34.273   2.20     2.15        0           0        N/A      1.01          0.19    14.52     0.39    0.17    0.38    2.20    0.49     36.20   2.83    16.71   33.80   0.31    N/A        191.72   34.26  
121  T0943TS455_1-D1     455s    21.77    100.00  120   -1.01     -1.01      -0.89     -0.89      10.88    -1.24         1.07     5.64     10.291   11.423   62    4    0     0     0.00   1.61   -0.94       -0.94        -0.80        -0.80        59.68  41.159   2.49     -0.06       0           0        N/A      3.73          0.22    9.68      0.34    0.14    0.18    1.92    0.61     3.30    2.30    23.55   28.02   0.37    N/A        78.95    79.49  
122  T0943TS236_2-D1     236s    21.37    100.00  122   N/A       N/A        -0.92     -0.92      15.32    N/A           3.45     8.44     25.556   26.704   62    0    0     0     0.00   0.00   N/A         N/A          -0.80        -0.80        32.26  25.239   2.59     0.60        0           0        N/A      2.78          0.21    19.35     0.37    0.22    0.29    2.00    0.54     45.30   2.58    16.52   33.91   0.20    N/A        610.09   81.07  
123  T0943TS380_1-D1     380s    21.37    100.00  122   -1.03     -1.03      -0.92     -0.92      12.10    -1.13         0.94     2.85     13.61    13.891   62    2    0     0     1.61   1.61   -0.86       -0.86        -0.72        -0.72        45.16  29.16    2.62     -0.50       0           0        N/A      4.82          0.22    12.90     0.34    0.12    -0.07   1.86    0.49     2.60    1.99    24.44   28.57   0.31    N/A        89.12    N/A    
124  T0943TS380_2-D1     380s    21.37    100.00  122   N/A       N/A        -0.92     -0.92      12.10    N/A           0.94     2.85     13.61    13.891   62    2    0     0     1.61   1.61   N/A         N/A          -0.72        -0.72        45.16  29.16    2.62     -0.50       0           0        N/A      4.82          0.22    12.90     0.34    0.12    -0.07   1.86    0.49     2.60    1.99    24.44   28.57   0.31    N/A        89.12    N/A    
125  T0943TS026_1-D1     026s    21.37    100.00  122   -1.03     -1.03      -0.92     -0.92      12.10    -1.13         0.94     2.85     13.61    13.891   62    2    0     0     1.61   1.61   -0.86       -0.86        -0.72        -0.72        45.16  29.16    2.62     -0.50       0           0        N/A      4.82          0.22    12.90     0.34    0.12    -0.07   1.86    0.49     2.60    1.99    24.44   28.57   0.31    N/A        89.12    N/A    
126  T0943TS455_5-D1     455s    21.37    100.00  122   N/A       N/A        -0.92     -0.92      12.50    N/A           2.70     3.73     14.341   15.454   62    0    0     0     1.61   14.52  N/A         N/A          -0.72        -0.72        46.77  34.839   2.65     0.60        0           0        N/A      3.97          0.19    13.71     0.35    0.15    0.12    2.03    0.58     14.40   2.58    21.31   28.50   0.32    N/A        203.07   82.61  
127  T0943TS026_2-D1     026s    21.37    100.00  122   N/A       N/A        -0.92     -0.92      12.10    N/A           0.94     2.85     13.61    13.891   62    2    0     0     1.61   1.61   N/A         N/A          -0.72        -0.72        45.16  29.16    2.62     -0.50       0           0        N/A      4.82          0.22    12.90     0.34    0.12    -0.07   1.86    0.49     2.60    1.99    24.44   28.57   0.31    N/A        89.12    N/A    
128  T0943TS421_1-D1     421s    20.97    100.00  128   -1.06     -1.06      -0.94     -0.94      11.29    -1.20         0.19     5.79     14.29    14.752   62    56   0     0     0.00   4.84   -0.94       -0.94        -0.80        -0.80        33.87  24.819   2.29     -0.28       0           0        N/A      5.41          0.01    15.32     0.28    0.12    0.06    2.00    0.54     2.60    0.73    17.48   19.44   0.24    N/A        269.10   N/A    
129  T0943TS380_4-D1     380s    20.57    100.00  129   N/A       N/A        -0.97     -0.97      13.30    N/A           2.26     4.74     18.539   18.754   62    1    0     0     1.61   6.45   N/A         N/A          -0.72        -0.72        33.87  20.987   2.60     -0.72       0           0        N/A      4.14          0.17    13.71     0.34    0.11    0.16    2.48    0.44     2.60    1.64    16.81   25.64   0.21    N/A        330.40   N/A    
130  T0943TS345_1-D1     345s    20.57    100.00  129   -1.09     -1.09      -0.97     -0.97      14.52    -0.91         0.06     4.83     19.173   19.977   62    0    0     0     0.00   0.00   -0.94       -0.94        -0.80        -0.80        37.10  36.082   1.79     -0.28       0.5         32       4.9      1.91          0.18    12.10     0.33    0.13    0.20    2.36    0.53     23.00   2.83    17.30   26.06   0.31    69.80      360.12   72.84  
131  T0943TS405_4-D1     405s    20.57    100.00  129   N/A       N/A        -0.97     -0.97      12.90    N/A           0.63     5.33     21.043   21.336   62    0    0     0     0.00   0.00   N/A         N/A          -0.80        -0.80        32.26  22.918   2.58     -0.94       0           0        N/A      3.28          0.15    8.87      0.27    0.10    0.25    2.29    0.55     2.60    0.73    16.99   20.57   0.22    N/A        414.52   81.42  
132  T0943TS405_5-D1     405s    20.57    100.00  129   N/A       N/A        -0.97     -0.97      12.90    N/A           0.63     5.33     21.043   21.336   62    0    0     0     0.00   0.00   N/A         N/A          -0.80        -0.80        32.26  22.918   2.58     -0.94       0           0        N/A      3.28          0.15    8.87      0.27    0.10    0.25    2.29    0.55     2.60    0.73    16.99   20.57   0.22    N/A        414.52   81.42  
133  T0943TS180_4-D1     180s    20.57    100.00  129   N/A       N/A        -0.97     -0.97      13.30    N/A           6.33     4.80     17.066   17.613   62    0    0     0     0.00   14.52  N/A         N/A          -0.80        -0.80        30.65  26.057   2.36     -0.72       0           0        N/A      2.74          0.16    16.13     0.34    0.18    0.26    2.28    0.46     43.80   0.00    23.20   28.40   0.25    N/A        90.19    30.61  
134  T0943TS405_3-D1     405s    20.57    100.00  129   N/A       N/A        -0.97     -0.97      12.90    N/A           0.63     5.33     21.043   21.336   62    0    0     0     0.00   0.00   N/A         N/A          -0.80        -0.80        32.26  22.918   2.58     -0.94       0           0        N/A      3.28          0.15    8.87      0.27    0.10    0.25    2.29    0.55     2.60    0.73    16.99   20.57   0.22    N/A        414.52   81.42  
135  T0943TS026_4-D1     026s    20.57    100.00  129   N/A       N/A        -0.97     -0.97      13.30    N/A           2.26     4.74     18.539   18.754   62    1    0     0     1.61   6.45   N/A         N/A          -0.72        -0.72        33.87  20.987   2.60     -0.72       0           0        N/A      4.14          0.17    13.71     0.34    0.11    0.16    2.48    0.44     2.60    1.64    16.81   25.64   0.21    N/A        330.40   N/A    
136  T0943TS275_5-D1     275s    20.16    100.00  136   N/A       N/A        -1.00     -1.00      12.50    N/A           2.88     4.35     25.555   24.871   62    0    0     0     0.00   17.74  N/A         N/A          -0.80        -0.80        30.65  21.323   2.55     0.16        0           0        N/A      2.12          0.15    8.06      0.29    0.11    0.38    2.78    0.53     2.60    1.64    18.65   20.46   0.22    N/A        564.49   N/A    
137  T0943TS359_5-D1     359s    20.16    50.00   136   N/A       N/A        -1.00     -1.00      12.90    N/A           2.34     5.29     9.238    10.273   31    1    0     0     1.61   12.90  N/A         N/A          -0.72        -0.72        24.19  20.649   1.83     0.55        0           0        N/A      3.89          0.08    8.06      0.13    0.05    0.08    2.46    0.54     2.20    0.00    13.41   13.63   0.21    N/A        91.63    59.77  
138  T0943TS251_1-D1     251s    20.16    100.00  136   -1.12     -1.12      -1.00     -1.00      11.69    -1.16         2.82     4.15     20.242   20.964   62    0    0     0     0.00   0.00   -0.94       -0.94        -0.80        -0.80        32.26  24.325   2.78     -0.94       0           0        N/A      3.65          0.15    8.87      0.26    0.09    0.42    2.52    0.48     2.60    1.64    17.01   21.83   0.18    N/A        183.62   82.59  
139  T0943TS345_5-D1     345s    19.76    100.00  139   N/A       N/A        -1.03     -1.03      14.12    N/A           1.82     6.07     31.049   32.577   62    0    0     0     0.00   0.00   N/A         N/A          -0.80        -0.80        37.10  36.033   2.07     -0.28       0.5         33       4.9      2.26          0.16    8.06      0.35    0.10    0.05    2.68    0.42     16.90   2.83    16.90   25.57   0.31    70.10      1322.46  82.09  
140  T0943TS251_4-D1     251s    19.76    100.00  139   N/A       N/A        -1.03     -1.03      11.70    N/A           0.12     5.12     19.507   19.993   62    0    0     0     0.00   0.00   N/A         N/A          -0.80        -0.80        35.48  26.466   2.19     -0.94       0           0        N/A      3.56          0.15    8.06      0.27    0.10    0.35    2.92    0.44     2.60    0.73    17.00   21.58   0.26    N/A        328.12   84.07  
141  T0943TS425_3-D1     425s    19.76    100.00  139   N/A       N/A        -1.03     -1.03      12.90    N/A           0.50     5.22     34.672   34.828   62    0    0     0     0.00   0.00   N/A         N/A          -0.80        -0.80        24.19  20.659   2.16     -0.50       0           0        N/A      2.50          0.14    6.45      0.26    0.06    0.40    1.95    0.53     2.60    1.24    15.58   20.47   0.20    N/A        899.38   82.37  
142  T0943TS077_5-D1     077s    19.76    100.00  139   N/A       N/A        -1.03     -1.03      12.90    N/A           0.50     5.22     34.672   34.828   62    0    0     0     0.00   0.00   N/A         N/A          -0.80        -0.80        24.19  20.659   2.16     -0.50       0           0        N/A      2.50          0.14    6.45      0.26    0.06    0.40    1.95    0.53     2.60    1.24    15.58   20.47   0.20    N/A        899.38   82.37  
143  T0943TS359_4-D1     359s    19.76    50.00   139   N/A       N/A        -1.03     -1.03      12.50    N/A           2.73     5.20     9.334    10.305   31    0    0     0     1.61   14.52  N/A         N/A          -0.72        -0.72        25.81  21.306   2.16     0.27        0           0        N/A      3.25          0.09    8.06      0.16    0.06    0.08    2.32    0.54     3.20    0.00    12.04   13.79   0.16    N/A        99.80    61.18  
144  T0943TS359_3-D1     359s    19.76    50.00   139   N/A       N/A        -1.03     -1.03      12.50    N/A           2.73     5.20     9.334    10.305   31    0    0     0     1.61   14.52  N/A         N/A          -0.72        -0.72        25.81  21.306   2.16     0.27        0           0        N/A      3.25          0.09    8.06      0.16    0.06    0.08    2.32    0.54     3.20    0.00    12.04   13.79   0.16    N/A        99.80    61.18  
145  T0943TS359_1-D1     359s    19.76    50.00   139   -1.14     -1.14      -1.03     -1.03      12.50    -1.09         2.08     4.43     9.211    10.249   31    0    0     0     9.68   16.13  -0.46       -0.46        -0.32        -0.32        32.26  20.728   2.65     0.27        0           0        N/A      1.83          0.09    8.06      0.14    0.07    0.08    2.58    0.55     10.65   0.00    12.40   13.76   0.16    N/A        95.69    60.87  
146  T0943TS345_2-D1     345s    19.36    100.00  146   N/A       N/A        -1.06     -1.06      13.71    N/A           1.32     5.71     18.831   19.363   62    0    0     0     0.00   0.00   N/A         N/A          -0.80        -0.80        41.94  36.411   2.41     -0.28       0.5         32       4.9      1.71          0.18    12.10     0.33    0.13    0.22    2.49    0.41     23.00   2.83    17.17   26.17   0.31    70.90      275.88   83.18  
147  T0943TS287_3-D1     287s    19.36    100.00  146   N/A       N/A        -1.06     -1.06      10.88    N/A           4.51     6.60     51.015   50.697   62    0    0     0     0.00   0.00   N/A         N/A          -0.80        -0.80        29.03  21.332   2.24     -1.16       0           0        N/A      2.30          0.14    8.06      0.31    0.06    0.33    2.03    0.66     3.70    1.99    18.41   21.06   0.19    N/A        1201.39  85.61  
148  T0943TS425_1-D1     425s    18.95    100.00  148   -1.20     -1.20      -1.09     -1.09      12.90    -1.06         0.63     5.33     36.455   36.629   62    0    0     0     0.00   4.84   -0.94       -0.94        -0.80        -0.80        27.42  21.238   2.28     -1.16       0           0        N/A      2.47          0.14    3.23      0.29    0.05    0.37    1.71    0.54     2.60    1.24    17.34   20.08   0.20    N/A        1035.43  85.17  
149  T0943TS077_3-D1     077s    18.95    100.00  148   N/A       N/A        -1.09     -1.09      12.90    N/A           0.63     5.33     36.455   36.629   62    0    0     0     0.00   4.84   N/A         N/A          -0.80        -0.80        27.42  21.238   2.28     -1.16       0           0        N/A      2.47          0.14    3.23      0.29    0.05    0.37    1.71    0.54     2.60    1.24    17.34   20.08   0.20    N/A        1035.43  85.17  
150  T0943TS275_2-D1     275s    18.95    100.00  148   N/A       N/A        -1.09     -1.09      13.31    N/A           0.00     4.67     19.064   18.682   62    0    0     0     0.00   0.00   N/A         N/A          -0.80        -0.80        30.65  22.119   2.64     0.16        0           0        N/A      2.46          0.15    5.65      0.28    0.05    0.33    2.61    0.48     2.60    1.64    15.18   20.91   0.21    N/A        357.64   N/A    
151  T0943TS425_2-D1     425s    18.55    100.00  151   N/A       N/A        -1.11     -1.11      12.50    N/A           0.81     5.58     37       37.108   62    0    0     0     0.00   0.00   N/A         N/A          -0.80        -0.80        20.97  15.913   2.15     -1.16       0           0        N/A      2.70          0.13    5.65      0.29    0.05    0.41    2.27    0.48     2.60    1.64    16.01   19.47   0.19    N/A        1015.72  85.03  
152  T0943TS077_2-D1     077s    18.55    100.00  151   N/A       N/A        -1.11     -1.11      13.71    N/A           0.06     4.65     37.793   37.691   62    0    0     0     1.61   8.06   N/A         N/A          -0.72        -0.72        29.03  22.068   2.39     -0.94       0           0        N/A      2.63          0.13    4.03      0.27    0.05    0.43    2.04    0.51     2.60    1.24    16.69   19.35   0.17    N/A        952.36   85.64  
153  T0943TS452_1-D1     452s    18.55    100.00  151   -1.22     -1.22      -1.11     -1.11      12.50    -1.09         3.89     5.44     36.85    37.265   62    0    0     0     0.00   17.74  -0.94       -0.94        -0.80        -0.80        20.97  18.426   2.03     -0.28       0           0        N/A      2.81          0.12    3.23      0.27    0.03    0.36    2.06    0.40     2.60    1.24    13.66   17.87   0.13    N/A        1611.70  N/A    
154  T0943TS421_4-D1     421s    18.55    100.00  151   N/A       N/A        -1.11     -1.11      10.89    N/A           1.00     3.31     31.387   33.47    62    45   0     0     0.00   0.00   N/A         N/A          -0.80        -0.80        29.03  26.175   2.12     -0.50       0           0        N/A      5.41          0.00    8.87      0.30    0.02    -0.06   2.25    0.48     2.60    0.73    12.36   14.51   0.23    N/A        1379.84  N/A    
155  T0943TS275_3-D1     275s    17.74    100.00  155   N/A       N/A        -1.17     -1.17      12.10    N/A           3.07     4.58     24.445   24.245   62    0    0     0     0.00   0.00   N/A         N/A          -0.80        -0.80        24.19  21.709   1.92     -0.50       0           0        N/A      1.94          0.13    6.45      0.29    0.06    0.43    2.97    0.42     2.60    1.64    11.19   20.78   0.17    N/A        407.74   N/A    
156  T0943TS357_2-D1     357s    17.74    100.00  155   N/A       N/A        -1.17     -1.17      12.90    N/A           1.82     5.84     26.062   26.342   62    0    0     0     0.00   1.61   N/A         N/A          -0.80        -0.80        27.42  20.465   2.70     0.38        0           0        N/A      4.38          0.14    4.03      0.19    0.05    0.30    2.60    0.51     2.60    1.99    15.59   16.75   0.21    N/A        723.37   78.80  
157  T0943TS421_2-D1     421s    17.74    100.00  155   N/A       N/A        -1.17     -1.17      9.68     N/A           2.76     3.25     30.315   32.514   62    47   0     0     0.00   0.00   N/A         N/A          -0.80        -0.80        38.71  21.749   2.79     -0.28       0           0        N/A      5.32          0.00    9.68      0.29    0.03    -0.05   2.46    0.50     6.70    1.24    12.21   16.75   0.23    N/A        1364.87  N/A    
158  T0943TS077_4-D1     077s    17.34    100.00  158   N/A       N/A        -1.20     -1.20      12.90    N/A           0.06     4.98     37.856   37.803   62    0    0     0     0.00   4.84   N/A         N/A          -0.80        -0.80        19.35  16.788   1.87     -0.94       0           0        N/A      2.98          0.13    3.23      0.28    0.04    0.43    2.08    0.49     2.60    1.64    17.12   19.69   0.15    N/A        935.61   85.47  
159  T0943TS452_2-D1     452s    17.34    100.00  158   N/A       N/A        -1.20     -1.20      12.10    N/A           2.57     4.65     38.503   38.886   62    0    0     0     1.61   12.90  N/A         N/A          -0.72        -0.72        19.35  18.297   2.28     -1.16       0           0        N/A      3.15          0.11    3.23      0.25    0.02    0.40    2.17    0.46     2.60    0.73    13.95   17.02   0.13    N/A        1431.93  N/A    
160  T0943TS425_5-D1     425s    16.93    100.00  160   N/A       N/A        -1.23     -1.23      12.50    N/A           1.38     5.76     37.568   37.475   62    0    0     0     0.00   3.23   N/A         N/A          -0.80        -0.80        24.19  20.24    2.21     -0.50       0           0        N/A      2.78          0.13    2.42      0.27    0.04    0.43    2.04    0.52     2.60    1.64    17.12   19.11   0.18    N/A        863.74   85.21  
161  T0943TS077_1-D1     077s    16.93    100.00  160   -1.33     -1.33      -1.23     -1.23      12.50    -1.09         1.38     5.76     37.568   37.475   62    0    0     0     0.00   3.23   -0.94       -0.94        -0.80        -0.80        24.19  20.24    2.21     -0.50       0           0        N/A      2.78          0.13    2.42      0.27    0.04    0.43    2.04    0.52     2.60    1.64    17.12   19.11   0.18    N/A        863.74   85.21  
162  T0943TS357_1-D1     357s    16.93    100.00  160   -1.33     -1.33      -1.23     -1.23      12.10    -1.13         0.94     4.91     27.247   27.365   62    0    0     0     0.00   3.23   -0.94       -0.94        -0.80        -0.80        24.19  20.143   2.32     -0.28       0           0        N/A      4.39          0.14    3.23      0.20    0.04    0.24    2.85    0.45     2.60    1.24    12.65   15.74   0.22    N/A        689.06   77.57  
163  T0943TS425_4-D1     425s    16.93    100.00  160   N/A       N/A        -1.23     -1.23      12.50    N/A           1.38     5.76     37.568   37.475   62    0    0     0     0.00   3.23   N/A         N/A          -0.80        -0.80        24.19  20.24    2.21     -0.50       0           0        N/A      2.78          0.13    2.42      0.27    0.04    0.43    2.04    0.52     2.60    1.64    17.12   19.11   0.18    N/A        863.74   85.21  
164  T0943TS357_5-D1     357s    16.93    100.00  160   N/A       N/A        -1.23     -1.23      12.10    N/A           3.45     5.24     40.797   40.494   62    0    0     0     1.61   8.06   N/A         N/A          -0.72        -0.72        29.03  25.446   2.07     -0.06       0           0        N/A      3.51          0.13    0.81      0.17    0.03    0.36    2.16    0.54     2.60    1.64    13.57   15.27   0.18    N/A        1056.66  82.08  
165  T0943TS357_3-D1     357s    16.93    100.00  160   N/A       N/A        -1.23     -1.23      12.10    N/A           3.51     5.18     20.134   21.653   62    0    0     0     0.00   14.52  N/A         N/A          -0.80        -0.80        27.42  22.51    2.22     -0.94       0           0        N/A      3.56          0.13    1.61      0.17    0.01    0.16    2.89    0.39     2.60    0.00    14.72   15.37   0.18    N/A        438.28   79.14  
166  T0943TS357_4-D1     357s    16.53    100.00  166   N/A       N/A        -1.25     -1.25      12.10    N/A           0.00     3.29     28.796   28.771   62    0    0     0     1.61   6.45   N/A         N/A          -0.72        -0.72        27.42  23.063   2.16     -0.28       0           0        N/A      3.31          0.13    1.61      0.18    0.00    0.21    2.38    0.42     2.60    1.24    15.26   14.86   0.19    N/A        684.99   81.38  
167  T0943TS251_2-D1     251s    16.53    100.00  166   N/A       N/A        -1.25     -1.25      12.09    N/A           1.57     4.58     34.621   34.721   62    0    0     0     0.00   0.00   N/A         N/A          -0.80        -0.80        24.19  22       2.13     -0.28       0           0        N/A      3.35          0.12    5.65      0.27    0.06    0.40    2.41    0.40     2.60    1.24    14.00   20.55   0.14    N/A        1229.24  85.51  
168  T0943TS166_1-D1     166s    16.13    100.00  168   -1.39     -1.39      -1.28     -1.28      11.69    -1.16         2.19     5.61     39.202   39.491   62    0    0     0     0.00   0.00   -0.94       -0.94        -0.80        -0.80        16.13  13.692   2.28     -0.50       0           0        N/A      2.26          0.12    3.23      0.26    0.03    0.42    2.35    0.50     2.60    1.24    15.41   17.75   0.13    N/A        1442.69  85.63  
169  T0943TS251_3-D1     251s    16.13    100.00  168   N/A       N/A        -1.28     -1.28      11.69    N/A           1.13     5.67     32.241   32.194   62    0    0     0     0.00   1.61   N/A         N/A          -0.80        -0.80        20.97  20.712   1.90     -0.50       0           0        N/A      3.14          0.13    4.84      0.29    0.06    0.35    2.26    0.43     2.60    1.24    13.59   20.18   0.15    N/A        1342.58  84.70  

