#    Model               GR#     GDT_TS   NP_P    RANK  Z-M1-GDT  Z-M1s-GDT  Z-MA-GDT  Z-MAs-GDT  GDT_HA   Z-M1s-GDT-HA  GDC_SC   GDC_ALL  RMS_CA   RMS_ALL  NP    err  PC01  PC05  AL0_P  AL4_P  Z-M1-AL0_p  Z-M1s-AL0_p  Z-MA-AL0_p   Z-MAs-AL0_p  ALI_P  LGA_S    RMSD[L]  Z-score[M]  Z-Score[D]  Al.Res.  RMSD[D]  MolPrb_Score  LDDT    SphGr     CAD_AA  RPF     CODM    DFM     Handed.  SOV     CE      QCS     CONTS   TMscore  Dali(raw)  FlexE    QSE    

-    Starting model      -       39.26    -       -     -         -          -         -          24.33    -             7.29     -        8.68     9.16     -     -    -     -     -      -      -           -            -            -            -      -        -        17.44       14.40       223      6.70     2.73          0.49    52.85     0.53    0.55    0.81    0.53    0.77     73.10   5.60    78.55   65.36   0.56     1453.70    35.12    -      

1    TR694TS118_3        118     53.42    100.00  1     N/A       N/A        1.74      N/A        32.70    N/A           18.25    23.10    4.939    5.68     263   0    0     0     42.59  71.48  N/A         N/A          1.73         N/A          71.48  48.437   2.34     29.26       17.4        232      3.5      1.71          0.50    53.99     0.55    0.54    0.87    0.49    0.86     63.31   6.35    84.20   63.73   0.74    1717.70    19.03    N/A    
2    TR694TS118_1        118     49.91    100.00  2     1.38      N/A        1.38      N/A        30.80    N/A           19.38    25.65    6.207    6.879    263   0    0     0     41.83  70.72  1.61        N/A          1.66         N/A          71.86  49.302   2.20     26.59       17.3        220      3.4      1.65          0.47    53.23     0.54    0.54    0.80    0.52    0.85     71.25   5.73    82.57   64.15   0.71    1706.10    30.25    N/A    
3    TR694TS247_1        247     48.86    100.00  3     1.26      N/A        1.28      N/A        29.84    N/A           20.09    26.10    6.997    7.322    263   0    0     0     46.01  60.46  2.05        N/A          2.08         N/A          63.12  47.199   2.21     26.45       17.5        224      4.3      0.87          0.53    64.83     0.61    0.60    0.80    0.45    0.82     78.80   5.60    83.45   73.50   0.67    1736.20    22.78    N/A    
4    TR694TS450_4        450     48.00    100.00  4     N/A       N/A        1.19      N/A        28.99    N/A           11.83    15.90    6.264    6.945    263   0    0     0     33.08  59.32  N/A         N/A          0.78         N/A          62.36  43.654   2.47     24.76       15.6        231      4.7      1.44          0.49    55.13     0.56    0.55    0.86    0.44    0.84     76.10   5.99    82.51   67.13   0.65    1558.70    36.52    59.18  
5    TR694TS450_1        450     48.00    100.00  4     1.17      N/A        1.19      N/A        28.61    N/A           11.73    16.76    6.343    6.986    263   1    0     0     33.46  58.56  0.72        N/A          0.82         N/A          62.74  45.179   2.40     24.20       15.8        230      5.1      1.67          0.49    56.46     0.55    0.56    0.86    0.43    0.84     74.50   5.99    82.86   67.58   0.66    1578.20    33.53    59.40  
6    TR694TS220_5        220s    48.00    100.00  4     N/A       N/A        1.19      3.04       28.61    N/A           11.73    16.76    6.343    6.986    263   1    0     0     33.46  58.56  N/A         N/A          0.82         1.51         62.74  45.179   2.40     24.20       15.8        230      5.1      1.67          0.49    56.46     0.55    0.56    0.86    0.43    0.84     74.50   5.99    82.86   67.58   0.66    1578.20    33.53    59.40  
7    TR694TS450_3        450     47.72    100.00  7     N/A       N/A        1.16      N/A        28.71    N/A           12.33    17.93    6.367    6.993    263   0    0     0     34.22  56.27  N/A         N/A          0.89         N/A          60.84  44.079   2.36     24.05       15.9        232      5.2      1.71          0.49    55.13     0.56    0.56    0.86    0.43    0.84     76.80   5.04    82.67   67.34   0.66    1591.70    32.77    59.11  
8    TR694TS450_5        450     47.62    100.00  8     N/A       N/A        1.15      N/A        28.61    N/A           11.10    16.17    6.38     6.939    263   0    0     0     28.14  65.40  N/A         N/A          0.28         N/A          67.68  39.975   2.56     23.49       15.7        234      5        2.16          0.50    57.60     0.56    0.57    0.86    0.43    0.84     77.60   5.60    82.71   67.11   0.65    1572.00    33.75    59.21  
9    TR694TS450_2        450     47.43    100.00  9     N/A       N/A        1.13      N/A        28.04    N/A           11.99    16.36    6.407    7.004    263   0    0     0     33.84  60.46  N/A         N/A          0.86         N/A          61.98  43.15    2.39     24.05       15.4        236      5.3      1.86          0.49    56.65     0.57    0.56    0.86    0.45    0.84     73.40   5.99    82.35   66.92   0.65    1540.50    35.11    59.46  
10   TR694TS247_4        247     46.67    100.00  10    N/A       N/A        1.05      N/A        29.09    N/A           19.08    25.17    7.313    7.684    263   1    0     0     41.83  55.89  N/A         N/A          1.66         N/A          60.08  45.354   2.07     23.21       16.8        224      5        0.97          0.52    61.22     0.60    0.58    0.79    0.46    0.80     73.10   5.99    80.74   72.76   0.65    1669.20    28.63    N/A    
11   TR694TS247_3        247     46.48    100.00  11    N/A       N/A        1.03      N/A        27.57    N/A           16.86    22.55    7.197    7.535    263   0    0     0     39.92  58.56  N/A         N/A          1.47         N/A          62.36  42.66    2.41     24.20       15.7        216      4.5      1.19          0.51    61.98     0.58    0.57    0.79    0.49    0.80     81.60   5.86    81.38   70.81   0.65    1570.80    20.35    N/A    
12   TR694TS247_5        247     45.06    100.00  12    N/A       N/A        0.89      N/A        27.19    N/A           15.04    20.76    7.217    7.595    263   0    0     0     41.06  52.47  N/A         N/A          1.58         N/A          58.17  43.273   2.26     23.63       16.4        226      5.2      0.84          0.52    61.22     0.60    0.57    0.78    0.45    0.81     78.60   6.47    80.97   72.71   0.63    1631.20    26.02    N/A    
13   TR694TS220_4        220s    44.77    100.00  13    N/A       N/A        0.86      1.69       28.33    N/A           11.18    15.00    7.738    8.329    263   0    0     0     35.36  46.77  N/A         N/A          1.01         2.15         50.57  39.805   2.07     20.39       15.3        219      6.2      2.03          0.50    54.37     0.56    0.56    0.84    0.48    0.80     69.10   5.46    80.73   67.77   0.59    1533.50    33.92    63.47  
14   TR694TS247_2        247     44.20    100.00  14    N/A       N/A        0.80      N/A        26.90    N/A           14.57    21.14    8.257    8.514    263   0    0     0     39.54  53.23  N/A         N/A          1.43         N/A          57.79  44.278   2.31     21.94       15.5        219      5.7      1.11          0.52    60.65     0.60    0.58    0.77    0.50    0.77     77.70   6.23    80.95   71.93   0.61    1554.80    26.09    N/A    
15   TR694TS118_2        118     43.92    100.00  15    N/A       N/A        0.77      N/A        28.90    N/A           11.47    14.34    8.07     8.611    263   0    0     0     34.98  52.47  N/A         N/A          0.97         N/A          56.27  44.44    2.06     20.68       15.1        211      5.1      1.71          0.47    48.29     0.54    0.52    0.77    0.60    0.78     67.19   5.46    78.02   63.09   0.61    1511.50    39.24    N/A    
16   TR694TS011_2        011     43.54    100.00  16    N/A       N/A        0.73      N/A        26.05    N/A           9.39     14.20    7.585    8.193    263   0    0     0     26.24  53.61  N/A         N/A          0.09         N/A          55.51  38.338   2.41     21.52       15.3        224      6.2      2.02          0.48    54.18     0.55    0.54    0.84    0.50    0.80     71.90   5.46    81.38   67.41   0.61    1536.00    31.51    63.06  
17   TR694TS118_4        118     43.54    100.00  16    N/A       N/A        0.73      N/A        27.19    N/A           10.61    14.32    7.5      8.121    263   0    0     0     34.60  52.09  N/A         N/A          0.93         N/A          54.37  41.377   2.33     21.10       14.2        209      5.1      1.62          0.46    48.29     0.55    0.51    0.81    0.56    0.80     66.19   5.99    78.18   62.63   0.62    1435.60    32.42    N/A    
18   TR694TS011_1        011     43.16    100.00  18    0.64      N/A        0.69      N/A        26.52    N/A           10.37    15.08    7.752    8.32     263   0    0     0     31.94  49.05  0.56        N/A          0.66         N/A          53.99  40.023   2.42     20.25       15.6        227      6.5      1.90          0.49    54.94     0.56    0.56    0.83    0.48    0.80     72.10   5.60    81.54   67.80   0.60    1564.70    32.10    63.88  
19   TR694TS220_1        220s    43.16    100.00  18    0.64      1.69       0.69      1.01       26.52    1.51          10.37    15.08    7.752    8.32     263   0    0     0     31.94  49.05  0.56        0.63         0.66         1.00         53.99  40.023   2.42     20.25       15.6        227      6.5      1.90          0.49    54.94     0.56    0.56    0.83    0.48    0.80     72.10   5.60    81.54   67.80   0.60    1564.70    32.10    63.88  
20   TR694TS480_2        480     42.02    100.00  20    N/A       N/A        0.58      N/A        25.48    N/A           8.97     14.34    7.641    8.058    263   2    0     0     29.28  50.95  N/A         N/A          0.40         N/A          52.85  39.779   2.44     19.97       15.3        223      5.7      3.29          0.49    54.75     0.52    0.55    0.82    0.49    0.80     73.60   6.23    79.58   65.93   0.61    1532.30    22.95    59.36  
21   TR694TS011_3        011     41.63    100.00  21    N/A       N/A        0.54      N/A        25.38    N/A           10.19    13.56    7.848    8.466    263   0    0     0     34.22  43.73  N/A         N/A          0.89         N/A          50.57  39.822   2.15     19.97       14.9        225      6.3      2.19          0.48    54.56     0.55    0.55    0.83    0.49    0.80     75.80   4.89    80.94   67.49   0.60    1498.60    33.46    65.37  
22   TR694TS011_5        011     41.63    100.00  21    N/A       N/A        0.54      N/A        25.10    N/A           10.52    13.58    7.704    8.314    263   0    0     0     25.86  53.23  N/A         N/A          0.05         N/A          55.89  37.895   2.40     20.39       14.6        223      6.1      1.50          0.48    54.75     0.55    0.55    0.83    0.50    0.80     75.60   5.46    80.74   66.74   0.60    1475.80    32.41    64.48  
23   TR694TS118_5        118     41.63    100.00  21    N/A       N/A        0.54      N/A        24.62    N/A           12.06    16.55    7.314    7.947    263   0    0     0     31.18  54.37  N/A         N/A          0.59         N/A          55.89  39.886   2.35     19.27       14.2        208      5.3      1.73          0.45    48.67     0.53    0.52    0.78    0.59    0.80     64.21   6.23    79.99   63.05   0.62    1431.50    30.09    N/A    
24   TR694TS412_5        412     41.35    100.00  24    N/A       N/A        0.51      N/A        25.19    N/A           9.62     13.88    7.819    8.333    263   2    0     0     30.80  48.67  N/A         N/A          0.55         N/A          51.71  39.59    2.33     20.11       14.8        221      5.8      2.50          0.48    53.04     0.54    0.55    0.81    0.49    0.80     72.03   5.46    78.70   65.56   0.60    1484.70    24.36    N/A    
25   TR694TS412_3        412     40.97    100.00  25    N/A       N/A        0.47      N/A        24.71    N/A           9.12     13.50    7.858    8.373    263   2    0     0     30.04  49.81  N/A         N/A          0.47         N/A          53.23  39.665   2.36     19.55       14.7        225      5.9      2.52          0.48    53.23     0.53    0.55    0.81    0.50    0.80     72.03   5.46    78.57   65.57   0.59    1475.50    24.51    N/A    
26   TR694TS011_4        011     40.88    100.00  26    N/A       N/A        0.46      N/A        24.05    N/A           11.25    14.60    7.813    8.325    263   1    0     0     27.38  47.53  N/A         N/A          0.21         N/A          50.95  35.797   2.38     20.54       14.6        224      6.4      2.06          0.47    53.80     0.54    0.54    0.83    0.49    0.80     66.00   5.86    81.38   66.67   0.59    1472.50    33.98    64.01  
27   TR694TS102_2        102     40.78    100.00  27    N/A       N/A        0.45      N/A        25.57    N/A           8.51     12.63    8.531    9.049    263   20   0     0     26.62  45.25  N/A         N/A          0.13         N/A          50.95  38.173   2.37     20.25       14.2        213      6.1      2.19          0.48    53.04     0.53    0.53    0.81    0.53    0.78     73.92   5.19    77.95   64.32   0.58    1433.90    34.81    N/A    
28   TR694TS412_2        412     40.68    100.00  28    N/A       N/A        0.44      N/A        24.81    N/A           8.54     13.38    7.836    8.348    263   2    0     0     31.94  46.01  N/A         N/A          0.66         N/A          51.33  39.639   2.32     19.83       14.7        221      5.8      2.73          0.47    53.61     0.53    0.55    0.81    0.49    0.80     72.03   6.11    78.55   65.53   0.60    1476.90    24.47    N/A    
29   TR694TS208_5        208     40.59    100.00  29    N/A       N/A        0.43      N/A        25.95    N/A           8.97     12.98    8.64     9.11     263   0    0     0     28.90  41.83  N/A         N/A          0.36         N/A          48.67  36.887   2.18     17.30       14.5        221      6.6      1.68          0.50    53.99     0.55    0.55    0.80    0.52    0.77     69.80   5.86    78.84   65.51   0.57    1462.70    35.26    67.93  
30   TR694TS208_3        208     40.49    100.00  30    N/A       N/A        0.42      N/A        25.76    N/A           8.82     13.04    8.634    9.108    263   0    0     0     20.91  42.21  N/A         N/A          -0.44        N/A          50.57  33.128   2.56     17.30       14.7        223      6.7      2.07          0.50    54.56     0.55    0.55    0.81    0.52    0.77     73.40   5.60    79.04   66.02   0.57    1482.70    34.81    68.01  
31   TR694TS412_1        412     40.49    100.00  30    0.35      N/A        0.42      N/A        24.72    N/A           8.71     13.40    7.839    8.355    263   2    0     0     32.32  46.77  0.60        N/A          0.70         N/A          49.81  38.609   2.14     19.83       14.6        221      5.9      2.45          0.49    53.42     0.53    0.55    0.81    0.50    0.80     72.03   5.86    78.47   65.51   0.59    1467.40    24.38    N/A    
32   TR694TS208_2        208     40.49    100.00  30    N/A       N/A        0.42      N/A        25.66    N/A           9.24     12.95    8.64     9.108    263   0    0     0     26.24  46.39  N/A         N/A          0.09         N/A          50.57  37.591   2.38     17.30       14.5        217      6.5      1.73          0.50    53.99     0.55    0.55    0.80    0.53    0.77     69.80   5.86    78.85   65.49   0.57    1463.10    35.26    67.93  
33   TR694TS208_4        208     40.40    100.00  33    N/A       N/A        0.41      N/A        25.48    N/A           8.98     12.93    8.631    9.096    263   0    0     0     21.29  42.59  N/A         N/A          -0.41        N/A          50.95  32.773   2.42     17.16       14.6        220      6.6      2.08          0.50    54.56     0.55    0.55    0.81    0.52    0.77     69.80   5.60    79.01   65.78   0.57    1472.30    34.96    67.97  
34   TR694TS017_5        017     40.40    100.00  33    N/A       N/A        0.41      N/A        24.81    N/A           8.06     11.81    8.452    8.905    263   0    0     0     34.22  42.59  N/A         N/A          0.89         N/A          50.95  39.938   2.09     18.28       13.8        215      6.2      2.65          0.48    50.19     0.53    0.54    0.81    0.55    0.78     72.70   5.46    74.98   63.43   0.58    1403.10    30.02    78.32  
35   TR694TS412_4        412     40.40    100.00  33    N/A       N/A        0.41      N/A        24.52    N/A           8.37     12.96    7.894    8.417    263   2    0     0     31.18  48.67  N/A         N/A          0.59         N/A          52.09  39.021   2.28     20.11       14.5        220      5.8      2.55          0.47    53.99     0.54    0.55    0.81    0.50    0.80     72.03   5.46    78.42   65.53   0.59    1465.00    24.46    N/A    
36   TR694TS208_1        208     40.40    100.00  33    0.34      N/A        0.41      N/A        25.76    N/A           9.27     13.11    8.635    9.106    263   0    0     0     23.57  47.53  -0.33       N/A          -0.18        N/A          50.95  37.093   2.50     17.30       14.6        223      6.7      2.26          0.50    53.99     0.55    0.55    0.81    0.52    0.77     72.70   5.86    78.99   65.84   0.57    1475.70    34.92    67.96  
37   TR694TS446_1        446s    40.30    100.00  37    0.33      -0.21      0.40      -0.19      25.00    -0.90         9.06     12.63    8.174    8.671    263   0    0     0     33.84  46.77  0.76        1.26         0.86         1.64         50.19  38.452   2.08     18.70       15.2        221      6.1      1.06          0.50    53.61     0.55    0.55    0.82    0.50    0.78     71.00   5.46    78.74   66.26   0.59    1528.70    30.33    56.06  
38   TR694TS017_2        017     40.30    100.00  37    N/A       N/A        0.40      N/A        24.81    N/A           9.02     12.85    8.672    9.103    263   0    0     0     33.46  46.01  N/A         N/A          0.82         N/A          51.71  40.617   2.23     19.13       13.7        212      6.2      1.82          0.46    49.24     0.53    0.52    0.80    0.57    0.78     71.63   5.60    73.64   62.53   0.58    1391.10    31.96    77.43  
39   TR694TS220_2        220s    40.21    100.00  39    N/A       N/A        0.39      -0.22      26.33    N/A           8.74     12.54    8.754    9.133    263   0    0     0     25.10  44.49  N/A         N/A          -0.02        -1.31        52.47  34.168   2.52     18.99       14.9        218      6.8      1.68          0.50    52.85     0.56    0.55    0.80    0.51    0.77     73.60   5.04    78.94   65.99   0.57    1499.40    39.07    67.52  
40   TR694TS017_4        017     40.21    100.00  39    N/A       N/A        0.39      N/A        24.62    N/A           8.05     10.79    8.478    8.932    263   0    0     0     32.70  42.59  N/A         N/A          0.74         N/A          50.57  40.104   2.17     18.42       13.6        214      6.3      2.31          0.47    49.24     0.53    0.53    0.80    0.55    0.78     74.50   5.46    74.70   63.03   0.58    1384.50    30.39    79.83  
41   TR694TS250_5        250s    40.21    100.00  39    N/A       N/A        0.39      -0.22      25.38    N/A           8.05     12.90    8.591    9.059    263   0    0     0     27.00  44.87  N/A         N/A          0.17         -0.66        49.43  37.465   2.36     17.44       15          218      6.6      1.32          0.50    53.42     0.56    0.56    0.81    0.51    0.77     74.50   5.60    79.21   66.47   0.57    1511.50    34.92    64.18  
42   TR694TS017_3        017     40.11    100.00  42    N/A       N/A        0.38      N/A        24.71    N/A           7.97     11.84    8.462    8.917    263   0    0     0     33.84  42.59  N/A         N/A          0.86         N/A          50.19  39.188   2.10     18.28       13.7        215      6.2      2.56          0.47    50.00     0.53    0.53    0.81    0.55    0.78     74.50   5.46    74.87   63.23   0.58    1394.30    30.16    78.39  
43   TR694TS023_2        023     40.02    100.00  43    N/A       N/A        0.37      N/A        25.09    N/A           7.80     12.64    8.55     9.046    263   0    0     0     26.24  43.35  N/A         N/A          0.09         N/A          47.91  36.272   2.36     17.02       14.3        217      6.5      1.35          0.50    51.90     0.56    0.55    0.81    0.49    0.77     73.80   5.99    78.98   65.51   0.57    1449.80    36.11    63.55  
44   TR694TS023_5        023     40.02    100.00  43    N/A       N/A        0.37      N/A        25.48    N/A           7.07     12.79    8.619    9.117    263   0    0     0     25.10  46.39  N/A         N/A          -0.02        N/A          53.23  33.087   2.50     17.44       14.9        223      6.7      1.89          0.50    52.66     0.55    0.56    0.81    0.52    0.77     78.30   5.73    79.07   66.37   0.57    1499.10    35.57    63.57  
45   TR694TS204_1        204     39.83    100.00  45    0.27      N/A        0.35      N/A        25.57    N/A           9.07     13.05    8.735    9.148    263   0    0     0     33.84  41.44  0.76        N/A          0.86         N/A          47.53  37.591   2.15     17.72       14.6        216      6.7      0.85          0.50    52.85     0.55    0.54    0.81    0.54    0.77     71.00   5.99    78.56   66.35   0.57    1469.40    35.92    N/A    
46   TR694TS204_3        204     39.83    100.00  45    N/A       N/A        0.35      N/A        25.57    N/A           9.07     13.05    8.735    9.148    263   0    0     0     33.84  41.44  N/A         N/A          0.86         N/A          47.53  37.591   2.15     17.72       14.6        216      6.7      0.85          0.50    52.85     0.55    0.54    0.81    0.54    0.77     71.00   5.99    78.56   66.35   0.57    1469.40    35.92    N/A    
47   TR694TS430_5        430s    39.83    100.00  45    N/A       N/A        0.35      -0.38      26.23    N/A           9.11     13.17    8.713    9.195    263   0    0     0     28.52  39.54  N/A         N/A          0.32         -0.15        48.29  37.566   2.10     16.87       14.4        219      6.7      1.74          0.49    51.14     0.55    0.54    0.80    0.54    0.77     70.50   5.73    78.53   65.06   0.57    1455.50    37.06    68.27  
48   TR694TS430_2        430s    39.83    100.00  45    N/A       N/A        0.35      -0.38      25.95    N/A           8.87     12.95    8.709    9.186    263   0    0     0     28.14  43.73  N/A         N/A          0.28         -0.28        49.43  37.695   2.19     17.16       14.4        219      6.7      1.83          0.49    51.14     0.55    0.54    0.80    0.54    0.77     74.60   5.73    78.34   64.87   0.57    1451.60    37.37    68.41  
49   TR694TS017_1        017     39.73    100.00  49    0.26      N/A        0.34      N/A        23.86    N/A           8.01     10.75    8.501    8.96     263   0    0     0     33.84  42.97  0.76        N/A          0.86         N/A          49.81  39.405   2.17     18.85       13.3        210      6.1      1.66          0.46    48.86     0.53    0.52    0.80    0.56    0.78     74.32   5.46    74.51   62.64   0.58    1354.10    30.93    79.50  
50   TR694TS324_1        324     39.73    100.00  49    0.26      N/A        0.34      N/A        25.38    N/A           8.17     12.12    8.68     9.16     263   0    0     0     29.28  39.92  0.28        N/A          0.40         N/A          48.29  36.816   2.13     17.86       14.4        223      6.7      3.32          0.49    53.04     0.53    0.55    0.81    0.52    0.77     81.70   5.46    78.45   65.86   0.56    1457.90    33.67    63.64  
51   TR694TS430_4        430s    39.73    100.00  49    N/A       N/A        0.34      -0.42      25.95    N/A           8.54     12.93    8.74     9.214    263   0    0     0     25.86  43.35  N/A         N/A          0.05         -1.05        49.81  37.203   2.36     17.16       14.2        217      6.6      1.69          0.49    51.71     0.55    0.54    0.80    0.54    0.77     71.80   5.73    78.39   64.73   0.57    1435.90    36.45    68.41  
52   TR694TS295_4        295     39.73    100.00  49    N/A       N/A        0.34      N/A        24.14    N/A           7.41     13.15    8.41     8.721    263   0    0     0     28.14  41.83  N/A         N/A          0.28         N/A          47.53  35.852   2.21     18.42       14.5        216      6.2      3.34          0.44    52.85     0.53    0.55    0.81    0.52    0.77     67.60   5.86    79.13   65.45   0.57    1467.40    25.67    N/A    
53   TR694TS220_3        220s    39.73    100.00  49    N/A       N/A        0.34      -0.42      25.86    N/A           9.72     13.37    8.749    9.14     263   0    0     0     26.24  47.91  N/A         N/A          0.09         -0.92        53.23  34.373   2.42     17.86       14.5        218      6.7      2.38          0.49    52.47     0.56    0.55    0.81    0.50    0.77     74.70   5.04    78.49   65.53   0.57    1461.20    35.65    67.86  
54   TR694TS023_1        023     39.64    100.00  54    0.25      N/A        0.33      N/A        25.38    N/A           7.52     12.79    8.639    9.085    263   0    0     0     25.10  45.63  -0.17       N/A          -0.02        N/A          52.47  33.067   2.51     17.72       14.6        219      6.6      1.29          0.50    52.28     0.56    0.55    0.81    0.52    0.77     74.50   5.19    78.90   65.62   0.57    1476.40    34.50    63.71  
55   TR694TS102_3        102     39.64    100.00  54    N/A       N/A        0.33      N/A        24.43    N/A           8.13     12.49    8.654    9.106    263   0    0     0     32.32  41.44  N/A         N/A          0.70         N/A          47.91  38.923   2.27     18.56       14          221      6.6      2.59          0.48    50.38     0.53    0.53    0.80    0.56    0.78     75.81   5.73    78.09   64.35   0.57    1415.20    37.44    60.72  
56   TR694TS250_1        250s    39.54    100.00  56    0.24      -0.71      0.32      -0.50      25.00    -0.90         8.68     13.22    8.745    9.249    263   0    0     0     26.24  46.01  -0.05       -1.26        0.09         -0.92        50.19  37.47    2.33     17.30       14.7        217      6.6      1.34          0.49    50.95     0.55    0.54    0.80    0.54    0.77     78.20   5.19    78.31   65.54   0.56    1478.50    36.77    64.70  
57   TR694TS430_3        430s    39.45    100.00  57    N/A       N/A        0.31      -0.54      25.48    N/A           8.86     12.74    8.714    9.19     263   0    0     0     28.90  39.16  N/A         N/A          0.36         -0.02        47.53  37.048   2.08     17.16       14.3        219      6.7      2.11          0.49    52.85     0.55    0.54    0.81    0.53    0.77     72.20   5.04    78.42   64.92   0.57    1441.20    35.43    68.39  
58   TR694TS250_3        250s    39.45    100.00  57    N/A       N/A        0.31      -0.54      24.81    N/A           7.80     12.66    8.643    9.107    263   0    0     0     28.14  44.87  N/A         N/A          0.28         -0.28        49.81  37.674   2.43     17.86       15.2        224      6.7      1.38          0.50    53.42     0.56    0.56    0.81    0.51    0.77     76.80   5.60    79.25   66.72   0.56    1521.00    34.76    64.44  
59   TR694TS430_1        430s    39.45    100.00  57    0.23      -0.77      0.31      -0.54      25.76    0.30          9.27     12.70    8.712    9.187    263   0    0     0     28.14  42.21  0.15        -0.63        0.28         -0.28        49.05  37.149   2.17     17.16       14.3        217      6.6      2.27          0.49    51.90     0.55    0.54    0.81    0.53    0.77     76.90   5.73    78.47   65.03   0.57    1444.90    36.33    68.31  
60   TR694TS393_1        393     39.45    100.00  57    0.23      N/A        0.31      N/A        24.81    N/A           6.72     12.39    8.639    9.119    263   0    0     0     29.66  40.68  0.32        N/A          0.44         N/A          48.29  36.997   2.12     17.58       14.6        219      6.6      3.31          0.50    53.99     0.54    0.56    0.81    0.51    0.78     76.20   5.86    78.94   65.93   0.57    1476.20    34.84    63.13  
61   TR694TS295_2        295     39.35    100.00  61    N/A       N/A        0.30      N/A        23.77    N/A           7.63     13.62    7.934    8.295    263   0    0     0     29.28  44.87  N/A         N/A          0.40         N/A          50.57  36.773   2.21     19.41       14.4        216      5.9      3.26          0.43    53.42     0.53    0.56    0.81    0.53    0.78     80.10   4.58    79.35   65.79   0.58    1451.80    26.77    N/A    
62   TR694TS081_4        081     39.26    100.00  62    N/A       N/A        0.29      N/A        24.43    N/A           6.97     11.53    8.672    9.188    263   1    0     0     22.81  46.77  N/A         N/A          -0.25        N/A          53.61  32.56    2.64     17.44       14.1        217      6.6      2.44          0.47    52.66     0.54    0.54    0.81    0.54    0.77     74.00   5.04    77.87   63.98   0.57    1425.20    34.54    48.35  
63   TR694TS081_1        081     39.26    100.00  62    0.21      N/A        0.29      N/A        24.33    N/A           7.20     12.10    8.68     9.214    263   0    0     0     27.76  42.59  0.11        N/A          0.24         N/A          48.67  36.711   2.20     17.44       14.4        223      6.7      2.25          0.49    53.23     0.54    0.55    0.81    0.53    0.77     73.10   5.60    78.55   65.36   0.56    1453.70    35.12    N/A    
64   TR694TS081_5        081     39.26    100.00  62    N/A       N/A        0.29      N/A        24.33    N/A           6.91     12.25    8.7      9.231    263   0    0     0     25.48  45.63  N/A         N/A          0.02         N/A          51.71  31.86    2.59     17.30       14.3        218      6.7      2.35          0.49    53.99     0.54    0.55    0.81    0.54    0.77     70.90   5.19    78.51   65.03   0.57    1448.10    35.42    46.83  
65   TR694TS396_1        396     39.26    100.00  62    0.21      N/A        0.29      N/A        24.34    N/A           6.89     11.01    8.686    9.175    263   0    0     0     27.00  43.73  0.03        N/A          0.17         N/A          47.91  36.433   2.27     17.44       14.3        224      6.8      2.38          0.49    52.47     0.53    0.55    0.81    0.53    0.77     73.10   5.86    78.54   65.30   0.56    1444.10    35.19    N/A    
66   TR694TS250_4        250s    39.26    100.00  62    N/A       N/A        0.29      -0.62      24.62    N/A           8.08     13.18    8.634    9.087    263   0    0     0     27.76  44.87  N/A         N/A          0.24         -0.41        49.81  37.121   2.32     17.30       15.2        223      6.7      1.38          0.50    53.61     0.56    0.56    0.81    0.51    0.77     76.80   5.04    79.23   66.78   0.56    1525.80    35.12    64.70  
67   TR694TS188_1        188     39.26    100.00  62    0.21      N/A        0.29      N/A        24.52    N/A           6.80     10.93    8.681    9.17     263   0    0     0     25.86  44.11  -0.09       N/A          0.05         N/A          48.29  37.047   2.48     17.44       14.3        220      6.8      2.96          0.49    53.23     0.53    0.55    0.81    0.53    0.77     74.90   5.04    78.54   65.31   0.56    1442.20    35.13    N/A    
68   TR694TS023_4        023     39.16    100.00  68    N/A       N/A        0.28      N/A        25.19    N/A           7.66     12.43    8.875    9.313    263   0    0     0     28.90  41.06  N/A         N/A          0.36         N/A          49.05  36.996   2.14     17.58       14.7        214      6.6      1.36          0.49    51.52     0.56    0.54    0.79    0.56    0.76     76.40   5.73    77.68   65.31   0.56    1478.70    35.87    64.13  
69   TR694TS294_1        294     39.16    100.00  68    0.20      N/A        0.28      N/A        24.05    N/A           7.77     11.04    8.687    9.142    263   0    0     0     22.81  43.35  -0.41       N/A          -0.25        N/A          50.19  31.656   2.40     17.30       14.4        223      6.7      2.37          0.49    53.42     0.52    0.55    0.81    0.53    0.77     71.10   5.86    78.55   65.49   0.56    1451.90    35.05    64.02  
70   TR694TS480_1        480     39.16    100.00  68    0.20      N/A        0.28      N/A        24.14    N/A           6.53     11.37    8.498    8.886    263   0    0     0     25.86  43.35  -0.09       N/A          0.05         N/A          47.53  37.357   2.31     17.58       14.5        226      6.6      3.46          0.49    54.56     0.52    0.56    0.82    0.51    0.77     73.50   5.60    78.69   65.50   0.57    1466.70    33.91    63.89  
71   TR694TS081_3        081     39.16    100.00  68    N/A       N/A        0.28      N/A        24.24    N/A           7.02     12.14    8.696    9.23     263   0    0     0     23.57  47.91  N/A         N/A          -0.18        N/A          53.61  33.367   2.64     17.44       14.4        219      6.7      2.37          0.49    53.80     0.54    0.55    0.81    0.54    0.77     70.90   5.19    78.45   64.95   0.57    1452.00    35.32    46.96  
72   TR694TS081_2        081     39.16    100.00  68    N/A       N/A        0.28      N/A        24.24    N/A           6.88     11.92    8.672    9.186    263   1    0     0     19.77  45.25  N/A         N/A          -0.56        N/A          51.71  31.43    2.52     17.44       14          217      6.5      2.41          0.46    52.66     0.53    0.54    0.80    0.54    0.77     74.00   5.04    77.81   63.86   0.56    1423.00    34.27    48.49  
73   TR694TS480_5        480     39.16    100.00  68    N/A       N/A        0.28      N/A        23.39    N/A           7.76     12.91    8.412    8.932    263   0    0     0     29.66  41.44  N/A         N/A          0.44         N/A          47.15  35.453   2.24     18.85       13.2        216      6.4      3.10          0.46    50.00     0.50    0.51    0.81    0.52    0.78     72.70   5.99    76.77   61.21   0.57    1344.80    30.59    62.06  
74   TR694TS204_5        204     39.16    100.00  68    N/A       N/A        0.28      N/A        23.95    N/A           7.43     11.80    8.688    9.179    263   0    0     0     25.10  44.87  N/A         N/A          -0.02        N/A          49.43  34.451   2.46     17.58       14.4        224      6.8      1.28          0.49    53.23     0.53    0.55    0.81    0.53    0.77     80.20   5.86    78.61   65.66   0.56    1458.00    35.25    N/A    
75   TR694TS102_1        102     39.07    100.00  75    0.19      N/A        0.27      N/A        24.05    N/A           8.21     12.68    8.702    9.174    263   5    0     0     22.05  44.49  -0.49       N/A          -0.33        N/A          52.09  32.855   2.50     17.72       14.2        217      6.7      1.63          0.48    52.85     0.54    0.54    0.81    0.54    0.77     75.81   5.86    78.49   65.57   0.57    1431.80    35.52    N/A    
76   TR694TS023_3        023     38.97    100.00  76    N/A       N/A        0.26      N/A        24.34    N/A           7.97     12.62    8.702    9.147    263   0    0     0     28.52  42.59  N/A         N/A          0.32         N/A          49.05  36.362   2.23     18.00       14.8        217      6.7      1.32          0.50    52.28     0.56    0.55    0.81    0.53    0.77     74.60   5.19    78.65   65.84   0.56    1490.00    34.97    64.12  
77   TR694TS250_2        250s    38.97    100.00  76    N/A       N/A        0.26      -0.74      24.34    N/A           6.88     11.38    8.698    9.162    263   0    0     0     28.90  41.44  N/A         N/A          0.36         -0.02        48.67  36.961   2.17     17.16       14.9        220      6.8      1.21          0.50    52.85     0.55    0.56    0.81    0.51    0.77     76.60   5.33    78.79   66.38   0.56    1499.80    35.53    65.12  
78   TR694TS324_4        324     38.88    100.00  78    N/A       N/A        0.25      N/A        23.29    N/A           6.61     10.70    8.695    9.201    263   3    0     0     30.42  39.54  N/A         N/A          0.51         N/A          47.91  33.274   2.10     17.72       13.7        224      6.9      3.45          0.47    51.33     0.51    0.54    0.80    0.53    0.77     76.30   5.46    77.69   65.04   0.56    1389.60    33.74    64.53  
79   TR694TS295_1        295     38.88    100.00  78    0.17      N/A        0.25      N/A        23.67    N/A           7.38     13.10    8.421    8.742    263   0    0     0     23.19  47.15  -0.37       N/A          -0.21        N/A          52.85  34.55    2.68     19.27       13.8        209      6        3.05          0.44    51.71     0.51    0.54    0.79    0.54    0.77     80.80   5.99    78.81   64.91   0.57    1403.10    26.18    N/A    
80   TR694TS187_1        187     38.88    100.00  78    0.17      N/A        0.25      N/A        23.67    N/A           7.38     13.10    8.421    8.742    263   0    0     0     23.19  47.15  -0.37       N/A          -0.21        N/A          52.85  34.55    2.68     19.27       13.8        209      6        3.05          0.44    51.71     0.51    0.54    0.79    0.54    0.77     80.80   5.99    78.81   64.91   0.57    1403.10    26.18    N/A    
81   TR694TS324_3        324     38.69    100.00  81    N/A       N/A        0.23      N/A        23.00    N/A           6.53     11.58    8.491    8.999    263   3    0     0     31.18  42.21  N/A         N/A          0.59         N/A          48.29  38.169   2.18     18.85       13.8        223      6.6      3.64          0.47    52.09     0.52    0.54    0.81    0.52    0.77     72.80   5.46    78.01   65.19   0.56    1401.70    32.60    63.76  
82   TR694TS257_1        257     38.59    100.00  82    0.14      N/A        0.22      N/A        24.71    N/A           6.62     11.70    9.046    9.558    263   29   0     0     33.46  41.06  0.72        N/A          0.82         N/A          45.25  37.666   1.91     18.00       9           105      2.9      3.84          0.30    52.28     0.49    0.51    0.63    0.69    0.76     71.40   5.19    73.16   65.47   0.53    695.80     34.82    N/A    
83   TR694TS102_4        102     38.31    100.00  83    N/A       N/A        0.20      N/A        23.29    N/A           13.53    19.29    8.718    9.201    263   0    0     0     30.04  41.06  N/A         N/A          0.47         N/A          47.53  35.019   2.12     17.44       13.3        214      6.8      2.00          0.46    50.00     0.52    0.52    0.81    0.55    0.77     77.60   5.73    76.78   63.01   0.56    1351.10    39.50    55.60  
84   TR694TS324_2        324     38.31    100.00  83    N/A       N/A        0.20      N/A        22.62    N/A           5.94     10.37    8.648    9.161    263   3    0     0     32.32  41.06  N/A         N/A          0.70         N/A          47.91  37.615   2.04     18.42       13.7        218      6.7      3.34          0.47    51.71     0.52    0.55    0.80    0.53    0.77     79.10   5.46    77.78   64.95   0.56    1388.90    34.78    64.08  
85   TR694TS257_2        257     38.21    100.00  85    N/A       N/A        0.18      N/A        23.95    N/A           5.94     10.43    8.656    9.257    263   5    0     0     19.01  43.35  N/A         N/A          -0.63        N/A          49.81  31.667   2.61     17.02       11.9        211      7.2      3.42          0.43    52.28     0.53    0.54    0.77    0.57    0.76     72.70   5.60    75.21   64.80   0.56    1231.70    46.68    N/A    
86   TR694TS480_3        480     38.21    100.00  85    N/A       N/A        0.18      N/A        22.43    N/A           6.92     12.62    8.705    9.092    263   1    0     0     27.00  49.43  N/A         N/A          0.17         N/A          55.51  33.875   2.64     17.30       12.5        218      6.6      3.26          0.45    50.19     0.51    0.51    0.80    0.56    0.77     62.70   5.19    76.13   60.58   0.58    1287.50    39.01    62.68  
87   TR694TS324_5        324     38.12    100.00  87    N/A       N/A        0.18      N/A        22.53    N/A           12.81    19.21    8.717    9.205    263   3    0     0     32.70  41.83  N/A         N/A          0.74         N/A          47.91  37.542   2.06     17.02       13.7        223      6.8      3.46          0.47    52.28     0.51    0.55    0.80    0.53    0.77     76.60   5.46    77.65   64.93   0.55    1390.50    34.37    64.88  
88   TR694TS187_5        187     37.83    100.00  88    N/A       N/A        0.15      N/A        22.81    N/A           6.75     11.59    8.354    8.762    263   0    0     0     20.91  41.06  N/A         N/A          -0.44        N/A          51.33  31.95    2.55     18.70       14.1        220      6.6      3.28          0.43    51.71     0.51    0.54    0.81    0.53    0.77     73.70   5.99    78.69   64.81   0.56    1423.70    25.86    N/A    
89   TR694TS295_5        295     37.83    100.00  88    N/A       N/A        0.15      N/A        22.81    N/A           6.75     11.59    8.354    8.762    263   0    0     0     20.91  41.06  N/A         N/A          -0.44        N/A          51.33  31.95    2.55     18.70       14.1        220      6.6      3.28          0.43    51.71     0.51    0.54    0.81    0.53    0.77     73.70   5.99    78.69   64.81   0.56    1423.70    25.86    N/A    
90   TR694TS102_5        102     37.64    100.00  90    N/A       N/A        0.13      N/A        22.62    N/A           7.55     12.41    8.774    9.204    263   0    0     0     21.29  43.73  N/A         N/A          -0.41        N/A          50.95  30.938   2.54     16.17       13.7        217      6.7      2.60          0.45    52.28     0.53    0.53    0.80    0.57    0.77     74.32   5.04    78.10   63.51   0.56    1392.30    34.53    59.97  
91   TR694TS187_4        187     37.64    100.00  90    N/A       N/A        0.13      N/A        22.43    N/A           7.06     10.89    8.491    8.946    263   0    0     0     29.28  41.44  N/A         N/A          0.40         N/A          48.29  35.754   2.01     17.58       14.2        217      6.4      3.03          0.44    52.47     0.52    0.55    0.80    0.53    0.77     77.00   5.73    75.74   65.09   0.57    1435.80    28.80    N/A    
92   TR694TS187_3        187     37.26    100.00  92    N/A       N/A        0.09      N/A        21.58    N/A           6.85     10.41    8.633    9.055    263   0    0     0     22.43  46.01  N/A         N/A          -0.29        N/A          52.47  31.157   2.46     17.86       13.8        213      7.2      3.48          0.42    51.71     0.52    0.55    0.79    0.55    0.77     80.00   5.73    78.75   65.29   0.55    1399.00    26.08    N/A    
93   TR694TS295_3        295     37.26    100.00  92    N/A       N/A        0.09      N/A        21.58    N/A           6.85     10.41    8.633    9.055    263   0    0     0     22.43  46.01  N/A         N/A          -0.29        N/A          52.47  31.157   2.46     17.86       13.8        213      7.2      3.48          0.42    51.71     0.52    0.55    0.79    0.55    0.77     80.00   5.73    78.75   65.29   0.55    1399.00    26.08    N/A    
94   TR694TS187_2        187     37.17    100.00  94    N/A       N/A        0.08      N/A        22.05    N/A           12.20    18.11    8.915    9.37     263   0    0     0     28.52  39.92  N/A         N/A          0.32         N/A          47.53  35.451   2.23     16.73       13.3        212      6.9      3.08          0.42    49.05     0.51    0.53    0.79    0.56    0.76     75.40   5.46    77.57   65.34   0.55    1352.90    28.30    N/A    
95   TR694TS257_3        257     35.65    100.00  95    N/A       N/A        -0.08     N/A        23.76    N/A           6.20     10.73    10.247   10.675   263   2    0     0     19.77  39.92  N/A         N/A          -0.56        N/A          43.35  28.341   2.49     16.03       12.8        142      4.9      3.16          0.45    50.95     0.52    0.54    0.62    0.61    0.76     73.50   5.60    74.46   64.40   0.48    817.70     57.63    N/A    
96   TR694TS480_4        480     34.03    100.00  96    N/A       N/A        -0.24     N/A        18.91    N/A           6.57     12.01    9        9.366    263   2    0     0     21.67  44.87  N/A         N/A          -0.37        N/A          51.71  33.031   2.61     16.87       11.8        224      6.9      3.32          0.45    49.43     0.50    0.50    0.80    0.56    0.77     77.00   4.58    75.58   60.94   0.58    1226.90    39.67    65.16  
97   TR694TS001_1        001     27.85    54.37   97    -1.04     N/A        -0.88     N/A        16.06    N/A           12.37    10.85    4.457    5.166    143   0    0     0     22.43  39.16  -0.45       N/A          -0.29        N/A          39.16  26.645   2.37     19.50       6.2         125      3.5      2.26          0.20    29.85     0.27    0.23    0.25    1.40    0.74     31.48   5.60    36.98   32.22   0.40    587.60     11.23    N/A    
98   TR694TS073_3        073     27.28    54.37   98    N/A       N/A        -0.94     N/A        15.49    N/A           13.76    10.17    4.88     5.473    143   0    0     0     20.53  37.64  N/A         N/A          -0.48        N/A          37.64  26.969   2.32     18.82       5.8         121      3.3      1.82          0.20    30.99     0.26    0.24    0.24    1.43    0.53     33.38   5.60    36.67   31.94   0.39    554.80     10.01    N/A    
99   TR694TS418_5        418     26.90    71.10   99    N/A       N/A        -0.97     N/A        15.88    N/A           9.15     8.89     11.712   11.397   187   1    0     0     17.87  32.70  N/A         N/A          -0.75        N/A          37.64  24.486   2.49     15.41       7.2         167      8.2      4.19          0.20    28.90     0.32    0.25    0.32    1.23    0.72     32.99   5.73    36.45   38.10   0.42    720.60     48.59    N/A    
100  TR694TS418_3        418     26.81    71.10   100   N/A       N/A        -0.98     N/A        15.78    N/A           11.09    9.65     11.786   11.486   187   2    0     0     19.39  32.70  N/A         N/A          -0.60        N/A          39.54  24.71    2.55     15.41       6.6         160      7.1      4.15          0.20    28.52     0.32    0.24    0.33    1.21    0.72     41.52   5.86    38.32   37.82   0.42    673.10     40.04    N/A    
101  TR694TS073_4        073     26.81    54.37   100   N/A       N/A        -0.98     N/A        15.21    N/A           12.89    10.05    5.054    5.654    143   0    0     0     19.39  36.88  N/A         N/A          -0.60        N/A          36.88  24.871   2.53     18.65       5.5         119      3.4      1.75          0.20    31.18     0.26    0.24    0.24    1.42    0.53     33.87   5.60    36.19   32.17   0.39    528.60     9.51     N/A    
102  TR694TS073_5        073     26.33    54.37   102   N/A       N/A        -1.03     N/A        14.54    N/A           11.34    9.76     4.642    5.53     143   0    0     0     20.91  39.16  N/A         N/A          -0.44        N/A          39.16  25.789   2.55     18.65       6.6         123      3.4      3.56          0.21    31.37     0.26    0.25    0.26    1.39    0.73     30.94   5.73    37.47   34.01   0.39    613.50     9.31     84.22  
103  TR694TS001_5        001     26.05    54.37   103   N/A       N/A        -1.06     N/A        15.40    N/A           15.90    10.32    5.757    6.295    143   0    0     0     19.39  35.36  N/A         N/A          -0.60        N/A          35.36  24.622   2.30     16.78       5.5         121      4.5      2.67          0.20    30.23     0.28    0.24    0.24    1.43    0.71     34.07   5.60    35.62   34.33   0.36    554.50     8.27     N/A    
104  TR694TS073_1        073     25.86    54.37   104   -1.26     N/A        -1.08     N/A        13.97    N/A           11.28    8.92     5.275    5.903    143   0    0     0     18.25  35.74  -0.89       N/A          -0.71        N/A          35.74  24.289   2.49     18.14       5           121      3.5      1.84          0.20    31.75     0.26    0.24    0.24    1.40    0.53     34.47   5.33    36.24   32.40   0.37    490.50     10.22    N/A    
105  TR694TS418_1        418     25.57    71.10   105   -1.29     N/A        -1.11     N/A        14.83    N/A           8.65     9.57     12.325   12.099   187   1    0     0     20.91  36.88  -0.61       N/A          -0.44        N/A          39.92  25.903   2.52     15.25       6.4         157      8        4.07          0.19    26.05     0.31    0.22    0.31    1.31    0.72     42.09   5.73    34.74   36.67   0.41    661.50     54.81    N/A    
106  TR694TS001_4        001     24.52    54.37   106   N/A       N/A        -1.22     N/A        14.83    N/A           11.33    7.92     6.655    7.245    143   0    0     0     1.52   24.71  N/A         N/A          -2.39        N/A          28.14  17.452   2.56     12.86       6.2         53       2.5      2.54          0.20    28.52     0.27    0.24    0.24    1.51    0.68     33.04   3.89    34.72   34.39   0.32    189.80     7.91     N/A    
107  TR694TS001_2        001     24.43    54.37   107   N/A       N/A        -1.23     N/A        13.21    N/A           8.41     8.08     5.384    6.183    143   0    0     0     17.11  34.60  N/A         N/A          -0.83        N/A          34.60  23.079   2.57     17.12       5.5         120      4        1.99          0.19    26.81     0.26    0.22    0.24    1.50    0.72     37.09   5.60    35.66   31.62   0.37    515.00     11.47    N/A    
108  TR694TS418_4        418     24.43    71.10   107   N/A       N/A        -1.23     N/A        13.97    N/A           10.56    8.84     12.117   11.954   187   3    0     0     15.59  31.94  N/A         N/A          -0.98        N/A          36.88  24.863   2.53     14.94       6.2         156      7.2      4.01          0.19    27.38     0.31    0.22    0.30    1.30    0.71     38.11   5.04    33.81   35.91   0.41    642.70     55.78    N/A    
109  TR694TS001_3        001     24.43    54.37   107   N/A       N/A        -1.23     N/A        12.93    N/A           9.35     8.23     5.276    6.097    143   0    0     0     16.35  34.60  N/A         N/A          -0.90        N/A          34.60  24.987   2.64     17.12       5.3         125      4.1      1.67          0.19    26.05     0.27    0.22    0.24    1.49    0.72     38.06   5.46    35.60   31.71   0.37    514.70     11.41    N/A    
110  TR694TS073_2        073     23.86    54.37   110   N/A       N/A        -1.29     N/A        12.07    N/A           7.63     6.99     5.36     6.068    143   0    0     0     13.31  33.84  N/A         N/A          -1.21        N/A          33.84  22.077   2.51     15.25       4.9         115      4        1.73          0.19    30.80     0.27    0.23    0.24    1.45    0.53     35.12   5.73    35.56   31.41   0.36    499.20     12.28    N/A    
111  TR694TS418_2        418     23.67    71.10   111   N/A       N/A        -1.30     N/A        13.12    N/A           7.20     7.04     12.437   12.205   187   1    0     0     15.59  34.98  N/A         N/A          -0.98        N/A          40.30  23.267   2.60     13.84       6.3         160      7.7      4.00          0.19    27.38     0.32    0.23    0.28    1.32    0.70     39.60   5.19    34.47   36.98   0.40    647.60     89.30    N/A    
112  TR694TS330_5        330     12.64    100.00  112   N/A       N/A        -2.44     N/A        9.12     N/A           4.75     6.78     18.897   19.331   263   0    0     0     0.00   0.38   N/A         N/A          -2.54        N/A          20.91  11.329   2.56     1.67        0.8         45       6.8      1.42          0.24    12.74     0.42    0.24    0.30    1.94    0.48     53.20   1.64    40.39   42.61   0.29    73.80      141.83   25.59  
113  TR694TS330_4        330     11.69    100.00  113   N/A       N/A        -2.53     N/A        7.70     N/A           2.74     3.49     20.501   21.013   263   0    0     0     0.00   0.76   N/A         N/A          -2.54        N/A          21.67  12.784   2.69     2.09        0           0        N/A      1.56          0.22    15.78     0.41    0.21    0.17    1.79    0.52     59.20   1.64    40.94   42.34   0.28    N/A        132.71   25.85  
114  TR694TS330_2        330     11.50    100.00  114   N/A       N/A        -2.55     N/A        6.94     N/A           2.65     4.74     17.075   17.425   263   0    0     0     0.00   2.28   N/A         N/A          -2.54        N/A          20.91  12.707   2.72     2.23        0.4         57       4        1.38          0.23    15.97     0.41    0.22    0.25    1.86    0.54     74.70   2.30    41.78   43.69   0.27    133.10     100.96   27.77  
115  TR694TS330_1        330     10.84    100.00  115   -2.90     N/A        -2.62     N/A        7.03     N/A           1.50     2.78     19.587   20.028   263   0    0     0     0.00   0.00   -2.83       N/A          -2.54        N/A          20.91  11.702   2.49     2.09        0.7         97       9.3      1.37          0.21    11.22     0.39    0.15    0.13    2.14    0.49     55.40   1.99    35.45   35.42   0.23    241.10     175.40   27.95  
116  TR694TS399_3        399     9.98     100.00  116   N/A       N/A        -2.71     N/A        6.37     N/A           0.85     3.27     21.663   21.881   263   56   0     0     0.76   1.52   N/A         N/A          -2.47        N/A          19.01  11.207   2.75     1.25        0.6         36       3.4      4.08          0.06    11.60     0.34    0.14    -0.02   2.18    0.49     35.30   2.58    30.79   35.52   0.26    84.20      197.14   55.67  
117  TR694TS330_3        330     9.79     100.00  117   N/A       N/A        -2.73     N/A        5.70     N/A           2.57     3.59     19.854   20.429   263   0    0     0     0.76   9.89   N/A         N/A          -2.47        N/A          20.91  10.927   2.50     1.11        0.1         56       4.2      1.45          0.20    9.32      0.36    0.13    0.10    2.12    0.50     68.40   1.64    34.68   32.68   0.25    158.40     222.11   22.94  
118  TR694TS399_1        399     9.22     100.00  118   -3.08     N/A        -2.79     N/A        6.37     N/A           0.85     3.27     23.41    23.637   263   54   0     0     0.00   0.38   -2.83       N/A          -2.54        N/A          18.63  12.312   2.45     0.40        0.6         36       3.4      4.07          0.06    11.60     0.34    0.15    -0.02   2.18    0.47     35.30   2.58    28.99   35.52   0.23    84.40      234.42   45.72  
119  TR694TS399_2        399     9.12     100.00  119   N/A       N/A        -2.80     N/A        6.37     N/A           0.85     3.27     28.24    28.368   263   41   0     0     0.00   0.00   N/A         N/A          -2.54        N/A          15.21  10.218   2.73     0.40        0.7         68       24.8     3.71          0.08    11.41     0.34    0.15    0.00    2.37    0.50     33.00   2.58    27.69   35.09   0.19    128.80     399.75   27.24  
120  TR694TS399_4        399     8.94     100.00  120   N/A       N/A        -2.81     N/A        6.18     N/A           0.71     3.31     24.061   24.188   263   39   0     0     0.00   0.00   N/A         N/A          -2.54        N/A          19.39  12.331   2.81     0.26        0.7         36       4.2      3.94          0.07    11.98     0.34    0.16    -0.01   2.21    0.50     32.80   2.58    29.86   35.34   0.20    82.00      269.63   37.09  
121  TR694TS399_5        399     8.46     100.00  121   N/A       N/A        -2.86     N/A        5.70     N/A           0.89     2.23     29.764   29.844   263   49   0     0     0.00   0.76   N/A         N/A          -2.54        N/A          19.01  11.838   2.53     0.96        0.6         36       3.4      3.98          0.07    10.65     0.34    0.16    0.01    2.19    0.52     36.20   2.58    27.12   35.86   0.17    87.50      442.45   31.09  

