#    Model               GR#     GDT_TS   NP_P    RANK  Z-M1-GDT  Z-M1s-GDT  Z-MA-GDT  Z-MAs-GDT  GDT_HA   Z-M1s-GDT-HA  GDC_SC   GDC_ALL  RMS_CA   RMS_ALL  NP    err  PC01  PC05  AL0_P  AL4_P  Z-M1-AL0_p  Z-M1s-AL0_p  Z-MA-AL0_p   Z-MAs-AL0_p  ALI_P  LGA_S    RMSD[L]  Z-score[M]  Z-Score[D]  Al.Res.  RMSD[D]  MolPrb_Score  LDDT    SphGr     CAD_AA  RPF     CODM    DFM     Handed.  SOV     CE      QCS     CONTS   TMscore  Dali(raw)  FlexE    QSE    

-    Starting model      -       76.51    -       -     -         -          -         -          57.54    -             37.98    -        3.01     3.54     -     -    -     -     -      -      -           -            -            -            -      -        -        16.43       16.00       109      1.90     0.81          0.69    86.64     0.69    0.77    0.93    0.19    0.90     77.70   6.11    90.60   84.96   0.81     813.80     1.95     -      

1    TR868TS118_4        118     85.13    100.00  1     N/A       N/A        1.08      N/A        68.75    N/A           47.39    63.24    2.264    2.774    116   0    0     0     91.38  93.97  N/A         N/A          1.14         N/A          93.97  90.086   1.31     16.79       16.9        111      1.7      1.59          0.73    91.81     0.73    0.79    0.95    0.15    0.93     81.69   5.99    92.84   86.52   0.88    854.40     1.94     N/A    
2    TR868TS118_2        118     82.76    100.00  2     N/A       N/A        0.89      N/A        65.73    N/A           46.30    58.50    2.593    3.092    116   0    0     0     86.21  93.10  N/A         N/A          0.83         N/A          93.10  88.026   1.47     17.15       17.1        113      2.1      1.84          0.74    93.97     0.73    0.80    0.96    0.13    0.92     84.76   6.23    92.93   87.76   0.85    862.20     1.67     N/A    
3    TR868TS118_3        118     82.11    100.00  3     N/A       N/A        0.84      N/A        62.07    N/A           43.10    55.32    2.45     2.828    116   0    0     0     89.66  93.97  N/A         N/A          1.04         N/A          93.97  88.937   1.52     17.15       16.7        113      2        1.17          0.74    93.10     0.74    0.79    0.96    0.12    0.93     81.89   6.23    92.28   85.75   0.85    841.90     1.49     N/A    
4    TR868TS247_4        247     81.90    100.00  4     N/A       N/A        0.83      N/A        64.65    N/A           43.66    57.37    2.778    3.229    116   0    0     0     85.34  92.24  N/A         N/A          0.78         N/A          92.24  88.09    1.57     16.43       17.4        110      1.6      0.69          0.74    88.36     0.73    0.79    0.95    0.18    0.91     90.40   6.23    92.77   88.40   0.85    881.20     1.71     N/A    
5    TR868TS324_4        324     81.90    100.00  4     N/A       N/A        0.83      N/A        63.58    N/A           37.33    55.23    2.418    3.095    116   0    0     0     85.34  92.24  N/A         N/A          0.78         N/A          92.24  89.194   1.60     16.97       16.5        113      1.9      2.56          0.70    87.50     0.69    0.78    0.96    0.15    0.93     79.20   6.23    91.30   86.94   0.85    836.40     1.92     21.27  
6    TR868TS324_1        324     81.47    100.00  6     0.74      N/A        0.79      N/A        63.36    N/A           34.31    54.09    2.41     3.106    116   0    0     0     85.34  92.24  0.72        N/A          0.78         N/A          92.24  89.05    1.64     16.97       16.4        113      1.9      2.54          0.69    87.07     0.69    0.78    0.96    0.16    0.93     78.50   5.86    91.12   86.80   0.85    832.00     1.98     21.55  
7    TR868TS324_5        324     81.25    100.00  7     N/A       N/A        0.78      N/A        63.36    N/A           37.09    54.80    2.375    3.058    116   0    0     0     85.34  93.10  N/A         N/A          0.78         N/A          93.10  88.933   1.61     16.97       16.4        113      1.9      2.47          0.69    87.07     0.69    0.78    0.96    0.17    0.93     75.30   5.99    91.26   86.67   0.85    834.50     1.98     21.37  
8    TR868TS247_2        247     80.39    100.00  8     N/A       N/A        0.71      N/A        62.07    N/A           40.63    54.16    2.916    3.469    116   0    0     0     82.76  91.38  N/A         N/A          0.63         N/A          91.38  87.201   1.50     16.43       16.8        109      1.7      0.82          0.72    86.21     0.71    0.77    0.94    0.18    0.91     74.60   6.23    91.82   85.69   0.83    851.00     2.45     N/A    
9    TR868TS017_5        017     79.74    100.00  9     N/A       N/A        0.66      N/A        61.64    N/A           37.81    52.25    3.057    3.512    116   0    0     0     80.17  89.66  N/A         N/A          0.48         N/A          89.66  86.672   1.60     16.43       15.4        109      1.9      0.99          0.69    87.07     0.70    0.75    0.93    0.20    0.91     82.19   5.99    90.35   83.26   0.82    787.00     2.53     81.25  
10   TR868TS247_3        247     79.74    100.00  9     N/A       N/A        0.66      N/A        62.28    N/A           42.31    54.84    3.023    3.363    116   0    0     0     83.62  92.24  N/A         N/A          0.68         N/A          92.24  86.664   1.56     16.43       17.7        110      1.8      0.82          0.75    89.22     0.72    0.80    0.94    0.16    0.91     88.00   6.23    93.18   88.59   0.83    890.50     1.67     N/A    
11   TR868TS480_2        480     79.74    100.00  9     N/A       N/A        0.66      N/A        59.70    N/A           30.04    50.64    2.755    3.549    116   0    0     0     83.62  91.38  N/A         N/A          0.68         N/A          91.38  86.404   1.75     16.61       16          110      1.8      2.93          0.66    84.91     0.65    0.73    0.94    0.20    0.91     74.40   6.11    90.59   83.05   0.83    814.00     2.32     22.79  
12   TR868TS023_1        023     79.53    100.00  12    0.60      N/A        0.64      N/A        61.21    N/A           45.02    54.68    2.887    3.323    116   0    0     0     83.62  91.38  0.63        N/A          0.68         N/A          91.38  86.63    1.77     16.61       17.2        110      1.8      0.50          0.74    88.79     0.74    0.80    0.94    0.15    0.91     81.40   6.11    92.34   88.28   0.83    869.00     1.56     32.11  
13   TR868TS023_4        023     79.53    100.00  12    N/A       N/A        0.64      N/A        62.72    N/A           45.38    55.86    2.897    3.347    116   0    0     0     81.03  91.38  N/A         N/A          0.53         N/A          91.38  86.513   1.60     16.61       17.1        109      1.7      0.69          0.73    87.50     0.72    0.78    0.94    0.18    0.91     78.10   6.23    91.94   86.99   0.83    864.60     1.86     32.25  
14   TR868TS250_2        250s    79.31    100.00  14    N/A       N/A        0.63      0.67       60.78    N/A           43.93    54.13    2.906    3.271    116   0    0     0     84.48  92.24  N/A         N/A          0.73         0.79         92.24  86.275   1.77     16.61       17.1        110      1.8      0.82          0.73    90.95     0.72    0.80    0.94    0.17    0.91     78.80   6.11    92.31   88.39   0.82    864.30     1.44     27.55  
15   TR868TS102_2        102     79.31    100.00  14    N/A       N/A        0.63      N/A        61.85    N/A           39.13    54.66    3.007    3.605    116   1    0     0     81.03  91.38  N/A         N/A          0.53         N/A          91.38  86.267   1.52     16.43       15.8        107      1.6      1.92          0.70    85.34     0.68    0.75    0.93    0.20    0.91     82.28   6.11    90.04   83.76   0.83    804.10     2.99     N/A    
16   TR868TS324_3        324     79.09    100.00  16    N/A       N/A        0.61      N/A        60.77    N/A           34.21    52.76    2.573    3.386    116   0    0     0     82.76  90.52  N/A         N/A          0.63         N/A          90.52  87.239   1.69     16.97       15.7        112      1.9      2.70          0.67    81.47     0.67    0.75    0.95    0.22    0.91     74.30   5.86    90.11   84.22   0.84    803.60     3.32     22.99  
17   TR868TS001_4        001     78.88    100.00  17    N/A       N/A        0.59      N/A        59.70    N/A           37.05    50.89    2.243    3.04     116   0    0     0     81.03  93.10  N/A         N/A          0.53         N/A          93.10  87.387   1.79     17.34       16.2        114      2.2      2.97          0.67    88.36     0.70    0.77    0.97    0.17    0.91     81.00   6.23    89.50   83.09   0.83    826.30     2.05     N/A    
18   TR868TS250_1        250s    78.88    100.00  17    0.55      1.07       0.59      0.62       60.34    0.75          42.88    54.34    2.922    3.307    116   0    0     0     84.48  92.24  0.67        1.72         0.73         0.79         92.24  86.351   1.74     16.61       17.1        110      1.8      0.76          0.73    90.95     0.72    0.80    0.94    0.18    0.91     76.40   6.11    92.60   88.35   0.82    865.70     1.44     27.30  
19   TR868TS250_3        250s    78.88    100.00  17    N/A       N/A        0.59      0.62       60.34    N/A           42.13    53.36    2.983    3.461    116   0    0     0     79.31  90.52  N/A         N/A          0.43         0.37         90.52  86.313   1.71     16.61       16.6        109      1.8      0.50          0.71    86.64     0.71    0.77    0.93    0.19    0.91     79.70   6.11    91.37   86.28   0.82    841.00     1.98     28.14  
20   TR868TS250_4        250s    78.88    100.00  17    N/A       N/A        0.59      0.62       60.99    N/A           45.04    55.33    2.913    3.291    116   0    0     0     84.48  92.24  N/A         N/A          0.73         0.79         92.24  86.502   1.73     16.61       17          110      1.8      0.81          0.73    91.38     0.72    0.80    0.94    0.18    0.91     78.80   6.11    92.36   88.28   0.83    861.10     1.44     27.20  
21   TR868TS250_5        250s    78.88    100.00  17    N/A       N/A        0.59      0.62       60.99    N/A           42.63    54.79    2.915    3.336    116   0    0     0     83.62  91.38  N/A         N/A          0.68         0.72         91.38  86.211   1.70     16.61       16.9        110      1.8      0.62          0.73    90.95     0.72    0.80    0.94    0.18    0.91     78.80   6.11    92.17   88.00   0.82    854.80     1.46     27.36  
22   TR868TS081_3        081     78.88    100.00  17    N/A       N/A        0.59      N/A        58.40    N/A           35.91    51.41    2.69     3.466    116   0    0     0     83.62  91.38  N/A         N/A          0.68         N/A          91.38  87.678   1.54     16.79       16.1        112      2        1.19          0.66    86.64     0.69    0.75    0.95    0.21    0.91     76.20   6.11    90.47   82.43   0.84    819.40     3.00     81.69  
23   TR868TS023_2        023     78.66    100.00  23    N/A       N/A        0.57      N/A        60.99    N/A           42.83    53.98    2.911    3.419    116   0    0     0     80.17  90.52  N/A         N/A          0.48         N/A          90.52  86.093   1.68     16.61       16.9        109      1.7      0.84          0.72    86.64     0.71    0.77    0.94    0.18    0.91     79.00   6.11    91.66   86.58   0.83    856.40     1.95     32.69  
24   TR868TS220_1        220s    78.66    100.00  23    0.54      0.89       0.57      0.59       60.99    1.20          36.46    52.09    2.988    3.367    116   0    0     0     79.31  91.38  0.40        -0.34        0.43         0.37         91.38  86.252   1.75     16.61       16.7        109      1.8      1.53          0.72    87.93     0.72    0.77    0.93    0.18    0.91     80.30   6.11    91.28   85.81   0.82    849.00     2.14     31.37  
25   TR868TS023_5        023     78.66    100.00  23    N/A       N/A        0.57      N/A        60.99    N/A           40.91    53.42    2.933    3.412    116   0    0     0     80.17  90.52  N/A         N/A          0.48         N/A          90.52  85.526   1.70     16.61       17          109      1.7      0.69          0.72    86.64     0.72    0.78    0.94    0.17    0.91     78.10   6.11    91.97   86.87   0.82    859.10     1.89     32.86  
26   TR868TS208_5        208     78.23    100.00  26    N/A       N/A        0.54      N/A        59.48    N/A           41.27    52.82    3.035    3.562    116   0    0     0     81.03  90.52  N/A         N/A          0.53         N/A          90.52  84.857   1.72     16.43       16.5        109      1.8      0.86          0.71    87.50     0.72    0.77    0.92    0.20    0.90     85.60   6.11    91.04   86.02   0.81    836.80     2.10     31.11  
27   TR868TS208_4        208     78.23    100.00  26    N/A       N/A        0.54      N/A        59.05    N/A           42.19    52.90    3.042    3.535    116   0    0     0     81.03  90.52  N/A         N/A          0.53         N/A          90.52  85.016   1.72     16.43       16.5        109      1.8      0.73          0.71    87.50     0.72    0.77    0.92    0.20    0.90     77.10   6.11    91.21   85.96   0.81    837.20     2.14     31.37  
28   TR868TS324_2        324     78.23    100.00  26    N/A       N/A        0.54      N/A        59.05    N/A           37.35    49.51    2.5      3.191    116   0    0     0     81.03  93.10  N/A         N/A          0.53         N/A          93.10  86.744   1.76     17.34       16.8        112      2.1      2.66          0.70    86.21     0.68    0.78    0.97    0.16    0.91     85.40   6.23    91.30   85.20   0.82    853.00     2.14     23.81  
29   TR868TS011_3        011     78.02    100.00  29    N/A       N/A        0.52      N/A        59.48    N/A           37.08    49.67    3.429    3.75     116   0    0     0     78.45  89.66  N/A         N/A          0.38         N/A          89.66  82.005   1.71     16.61       15.2        110      2.1      1.60          0.69    85.34     0.69    0.75    0.93    0.19    0.91     83.90   5.86    88.42   82.50   0.80    778.20     2.93     32.28  
30   TR868TS393_3        393     78.02    100.00  29    N/A       N/A        0.52      N/A        58.41    N/A           37.45    51.76    2.3      3.065    116   0    0     0     81.03  93.10  N/A         N/A          0.53         N/A          93.10  86.426   1.80     17.15       16.8        115      2.2      2.51          0.70    87.07     0.70    0.78    0.97    0.17    0.91     95.50   6.23    90.99   84.98   0.83    850.50     2.06     23.51  
31   TR868TS118_1        118     77.80    100.00  31    0.47      N/A        0.51      N/A        56.90    N/A           39.07    53.35    2.495    3.106    116   0    0     0     86.21  91.38  0.76        N/A          0.83         N/A          91.38  86.472   1.67     16.97       15.5        112      2.2      1.56          0.70    89.22     0.70    0.77    0.94    0.20    0.92     78.52   6.23    90.43   82.02   0.83    795.70     3.18     N/A    
32   TR868TS162_2        162     77.80    100.00  31    N/A       N/A        0.51      N/A        57.98    N/A           39.59    51.95    2.983    3.531    116   0    0     0     80.17  91.38  N/A         N/A          0.48         N/A          91.38  84.876   1.69     16.61       16          109      1.9      0.65          0.69    86.64     0.70    0.75    0.93    0.19    0.90     76.40   6.11    90.59   84.67   0.81    813.80     2.28     N/A    
33   TR868TS102_1        102     77.59    100.00  33    0.46      N/A        0.49      N/A        59.27    N/A           36.50    51.75    2.915    3.546    116   2    0     0     80.17  89.66  0.45        N/A          0.48         N/A          89.66  84.906   1.58     16.61       16          108      1.8      0.83          0.69    86.64     0.69    0.76    0.94    0.17    0.90     81.29   6.11    90.54   84.72   0.82    814.80     2.23     N/A    
34   TR868TS208_2        208     77.59    100.00  33    N/A       N/A        0.49      N/A        58.41    N/A           41.21    52.47    3.036    3.534    116   0    0     0     79.31  90.52  N/A         N/A          0.43         N/A          90.52  84.925   1.71     16.43       16.4        109      1.8      0.95          0.71    87.50     0.72    0.77    0.92    0.19    0.90     84.80   6.11    90.90   85.92   0.81    832.00     2.13     31.39  
35   TR868TS023_3        023     77.59    100.00  33    N/A       N/A        0.49      N/A        59.48    N/A           43.24    53.10    2.961    3.472    116   0    0     0     79.31  90.52  N/A         N/A          0.43         N/A          90.52  85.523   1.71     16.61       16.6        109      1.8      0.53          0.71    86.21     0.71    0.77    0.93    0.19    0.90     79.00   6.11    91.20   86.36   0.82    841.20     1.96     33.29  
36   TR868TS011_4        011     77.37    100.00  36    N/A       N/A        0.47      N/A        57.33    N/A           35.44    49.44    3.499    3.801    116   0    0     0     77.59  87.93  N/A         N/A          0.32         N/A          87.93  82.502   1.59     16.25       14.8        109      2.2      1.54          0.68    81.03     0.68    0.73    0.91    0.22    0.90     85.10   5.86    87.60   81.46   0.80    762.20     3.00     33.38  
37   TR868TS011_1        011     77.37    100.00  36    0.44      N/A        0.47      N/A        59.27    N/A           36.88    50.07    3.465    3.827    116   0    0     0     76.72  88.79  0.26        N/A          0.27         N/A          88.79  82.624   1.64     16.61       15          110      2.1      1.40          0.68    83.62     0.69    0.74    0.91    0.19    0.90     86.00   5.86    87.93   81.88   0.80    771.60     3.01     32.43  
38   TR868TS001_5        001     77.37    100.00  36    N/A       N/A        0.47      N/A        57.97    N/A           36.76    50.81    2.87     3.44     116   0    0     0     81.03  90.52  N/A         N/A          0.53         N/A          90.52  83.613   1.70     16.61       15.9        108      1.8      2.17          0.69    85.78     0.69    0.75    0.94    0.19    0.90     88.23   6.11    90.92   85.03   0.82    805.90     2.04     N/A    
39   TR868TS017_3        017     77.37    100.00  36    N/A       N/A        0.47      N/A        58.62    N/A           40.57    50.86    2.786    3.406    116   0    0     0     78.45  90.52  N/A         N/A          0.38         N/A          90.52  85.632   1.71     17.15       16.1        111      2.3      1.39          0.70    87.50     0.70    0.76    0.96    0.17    0.90     74.45   6.11    90.46   84.57   0.82    821.80     2.15     82.73  
40   TR868TS412_4        412     77.37    100.00  36    N/A       N/A        0.47      N/A        59.27    N/A           36.58    50.28    3.02     3.529    116   0    0     0     79.31  91.38  N/A         N/A          0.43         N/A          91.38  85.057   1.75     16.43       15.8        108      1.8      0.95          0.68    86.21     0.69    0.76    0.93    0.20    0.90     78.22   6.11    90.54   84.99   0.81    804.60     2.04     85.27  
41   TR868TS220_2        220s    77.37    100.00  36    N/A       N/A        0.47      0.44       58.84    N/A           35.49    50.05    3.023    3.489    116   0    0     0     78.45  90.52  N/A         N/A          0.38         0.29         90.52  85.454   1.68     16.25       16.1        109      1.9      1.77          0.69    87.93     0.69    0.76    0.93    0.18    0.90     77.10   6.11    90.62   84.43   0.81    825.10     2.38     32.81  
42   TR868TS208_3        208     77.37    100.00  36    N/A       N/A        0.47      N/A        58.19    N/A           41.86    51.87    3.061    3.589    116   0    0     0     80.17  90.52  N/A         N/A          0.48         N/A          90.52  85.084   1.68     16.43       16.4        109      1.9      0.92          0.71    87.50     0.71    0.77    0.93    0.20    0.90     83.20   6.11    90.84   85.72   0.81    833.30     2.17     31.73  
43   TR868TS208_1        208     77.37    100.00  36    0.44      N/A        0.47      N/A        58.41    N/A           41.48    52.21    3.051    3.548    116   0    0     0     80.17  90.52  0.45        N/A          0.48         N/A          90.52  85.231   1.73     16.43       16.4        109      1.9      0.73          0.71    87.50     0.72    0.77    0.92    0.20    0.90     86.40   6.11    90.90   85.99   0.81    833.90     2.12     31.59  
44   TR868TS474_1        474     77.37    100.00  36    0.44      N/A        0.47      N/A        57.97    N/A           33.28    50.01    2.919    3.439    116   0    0     0     78.45  90.52  0.36        N/A          0.38         N/A          90.52  85.042   1.72     16.43       16          109      1.8      2.13          0.67    86.64     0.67    0.75    0.94    0.19    0.90     85.60   6.11    90.81   83.93   0.82    816.80     1.98     86.49  
45   TR868TS118_5        118     77.16    100.00  45    N/A       N/A        0.46      N/A        55.82    N/A           36.46    51.18    2.775    3.285    116   0    0     0     87.07  93.10  N/A         N/A          0.88         N/A          93.10  85.7     1.67     16.61       16.2        111      2        1.86          0.70    90.95     0.71    0.77    0.95    0.14    0.91     82.48   6.23    91.12   84.30   0.82    821.60     1.70     N/A    
46   TR868TS011_5        011     76.94    100.00  46    N/A       N/A        0.44      N/A        58.19    N/A           34.49    49.35    3.513    3.845    116   0    0     0     79.31  89.66  N/A         N/A          0.43         N/A          89.66  82.902   1.62     16.43       15          109      2        1.48          0.68    82.33     0.69    0.74    0.90    0.21    0.90     81.20   5.86    88.07   81.97   0.80    768.90     3.01     32.48  
47   TR868TS001_1        001     76.94    100.00  46    0.41      N/A        0.44      N/A        57.54    N/A           35.22    49.78    3.145    3.556    116   0    0     0     77.59  90.52  0.31        N/A          0.32         N/A          90.52  84.66    1.66     16.43       15.8        108      2        2.42          0.67    88.36     0.70    0.77    0.93    0.19    0.90     80.60   6.11    90.90   85.22   0.81    804.90     2.09     N/A    
48   TR868TS412_5        412     76.94    100.00  46    N/A       N/A        0.44      N/A        58.41    N/A           36.60    50.54    2.978    3.49     116   0    0     0     79.31  91.38  N/A         N/A          0.43         N/A          91.38  85.152   1.73     16.43       15.8        108      1.8      1.26          0.68    85.78     0.69    0.76    0.93    0.20    0.90     76.93   6.11    90.72   85.05   0.81    805.30     1.99     85.48  
49   TR868TS412_1        412     76.94    100.00  46    0.41      N/A        0.44      N/A        58.84    N/A           37.81    50.29    2.995    3.514    116   0    0     0     79.31  91.38  0.40        N/A          0.43         N/A          91.38  84.205   1.80     16.43       15.9        108      1.8      0.53          0.69    85.78     0.69    0.76    0.93    0.20    0.90     86.35   6.11    90.68   85.19   0.81    807.80     1.96     85.44  
50   TR868TS204_5        204     76.94    100.00  46    N/A       N/A        0.44      N/A        57.97    N/A           37.37    49.88    3.016    3.569    116   0    0     0     79.31  91.38  N/A         N/A          0.43         N/A          91.38  84.959   1.76     16.43       16          109      1.9      0.50          0.69    85.34     0.70    0.76    0.93    0.19    0.90     68.00   6.11    90.59   85.25   0.81    815.10     1.97     N/A    
51   TR868TS257_4        257     76.72    100.00  51    N/A       N/A        0.42      N/A        57.98    N/A           37.71    50.14    3.034    3.473    116   0    0     0     79.31  91.38  N/A         N/A          0.43         N/A          91.38  84.551   1.77     16.43       15.8        109      1.9      2.09          0.69    85.78     0.70    0.77    0.93    0.20    0.90     77.70   6.11    90.46   84.80   0.80    805.40     1.98     N/A    
52   TR868TS430_3        430s    76.72    100.00  51    N/A       N/A        0.42      0.36       57.54    N/A           41.44    51.13    3.038    3.566    116   0    0     0     78.45  90.52  N/A         N/A          0.38         0.29         90.52  84.732   1.74     16.43       16.1        109      1.9      1.56          0.70    87.07     0.71    0.76    0.93    0.20    0.90     77.70   6.11    90.47   85.03   0.81    823.40     2.26     32.81  
53   TR868TS430_4        430s    76.72    100.00  51    N/A       N/A        0.42      0.36       57.98    N/A           39.94    50.86    3.054    3.577    116   0    0     0     78.45  90.52  N/A         N/A          0.38         0.29         90.52  84.263   1.75     16.43       16.1        109      1.9      1.54          0.70    86.64     0.71    0.76    0.93    0.21    0.90     77.70   6.11    90.47   85.10   0.81    824.60     2.28     32.83  
54   TR868TS061_1        061     76.72    100.00  51    0.39      N/A        0.42      N/A        57.11    N/A           39.51    51.69    3.067    3.577    116   0    0     0     84.48  90.52  0.67        N/A          0.73         N/A          90.52  84.989   1.74     16.61       15.6        110      1.9      1.78          0.69    87.07     0.69    0.77    0.91    0.24    0.90     87.20   6.11    90.63   84.73   0.82    795.80     2.12     N/A    
55   TR868TS001_3        001     76.72    100.00  51    N/A       N/A        0.42      N/A        57.55    N/A           38.26    48.34    3.139    3.539    116   0    0     0     78.45  89.66  N/A         N/A          0.38         N/A          89.66  83.885   1.75     16.43       15.6        108      2        2.81          0.67    86.64     0.70    0.77    0.93    0.19    0.90     81.39   5.99    90.60   85.42   0.80    794.70     2.12     N/A    
56   TR868TS393_1        393     76.72    100.00  51    0.39      N/A        0.42      N/A        57.11    N/A           37.65    49.89    3.044    3.5      116   0    0     0     80.17  90.52  0.45        N/A          0.48         N/A          90.52  84.335   1.79     16.43       15.8        109      1.9      2.94          0.69    85.78     0.70    0.78    0.93    0.21    0.90     85.60   5.99    90.47   84.77   0.80    808.30     2.08     25.29  
57   TR868TS102_4        102     76.72    100.00  51    N/A       N/A        0.42      N/A        57.33    N/A           38.36    51.88    2.994    3.586    116   0    0     0     80.17  90.52  N/A         N/A          0.48         N/A          90.52  85.352   1.69     16.43       15.8        107      1.7      1.74          0.69    84.91     0.68    0.75    0.93    0.22    0.90     75.74   6.11    89.42   83.29   0.82    801.60     2.58     84.90  
58   TR868TS102_5        102     76.72    100.00  51    N/A       N/A        0.42      N/A        57.54    N/A           37.37    50.87    2.944    3.517    116   0    0     0     79.31  90.52  N/A         N/A          0.43         N/A          90.52  84.948   1.58     16.43       15.8        108      1.8      2.02          0.68    85.78     0.68    0.75    0.93    0.18    0.90     78.91   6.11    90.34   83.65   0.82    802.80     2.32     85.08  
59   TR868TS294_1        294     76.72    100.00  51    0.39      N/A        0.42      N/A        57.54    N/A           36.05    49.63    2.997    3.598    116   0    0     0     79.31  91.38  0.40        N/A          0.43         N/A          91.38  85.035   1.75     16.43       15.9        109      1.9      1.99          0.68    85.34     0.69    0.76    0.93    0.20    0.90     81.60   6.11    90.62   84.91   0.81    809.40     2.00     25.06  
60   TR868TS430_1        430s    76.72    100.00  51    0.39      -0.72      0.42      0.36       58.19    -0.75         40.26    51.32    3.042    3.57     116   0    0     0     78.45  90.52  0.36        -0.69        0.38         0.29         90.52  84.785   1.73     16.43       16.1        109      1.9      1.43          0.70    86.64     0.71    0.76    0.93    0.20    0.90     75.20   6.11    90.54   85.01   0.81    820.60     2.25     32.73  
61   TR868TS017_2        017     76.51    100.00  61    N/A       N/A        0.41      N/A        58.62    N/A           37.79    50.90    3.203    3.681    116   0    0     0     77.59  89.66  N/A         N/A          0.32         N/A          89.66  83.904   1.58     16.43       15.5        110      2.3      1.12          0.69    87.50     0.71    0.75    0.92    0.19    0.90     81.09   5.99    89.75   83.90   0.81    790.00     2.41     81.82  
62   TR868TS412_2        412     76.51    100.00  61    N/A       N/A        0.41      N/A        57.98    N/A           34.43    49.43    3.034    3.544    116   0    0     0     79.31  90.52  N/A         N/A          0.43         N/A          90.52  82.82    1.85     16.43       15.8        108      1.9      1.20          0.68    86.21     0.70    0.76    0.93    0.21    0.90     86.35   6.11    90.59   84.91   0.81    803.10     2.07     85.04  
63   TR868TS396_1        396     76.51    100.00  61    0.38      N/A        0.41      N/A        57.54    N/A           38.18    50.27    3.01     3.552    116   0    0     0     79.31  91.38  0.40        N/A          0.43         N/A          91.38  84.918   1.75     16.43       15.9        109      1.9      0.69          0.69    85.78     0.69    0.76    0.93    0.20    0.90     77.70   6.11    90.53   84.85   0.81    811.50     1.96     N/A    
64   TR868TS257_3        257     76.51    100.00  61    N/A       N/A        0.41      N/A        57.54    N/A           36.90    49.67    3.065    3.497    116   0    0     0     79.31  91.38  N/A         N/A          0.43         N/A          91.38  84.604   1.77     16.43       15.8        109      1.9      2.14          0.69    85.78     0.70    0.77    0.92    0.21    0.90     77.70   5.99    90.52   84.70   0.80    806.10     1.97     N/A    
65   TR868TS412_3        412     76.51    100.00  61    N/A       N/A        0.41      N/A        58.62    N/A           36.07    50.55    2.993    3.474    116   0    0     0     79.31  91.38  N/A         N/A          0.43         N/A          91.38  85.171   1.71     16.43       15.8        108      1.8      1.10          0.68    86.21     0.69    0.76    0.93    0.20    0.90     78.22   6.11    90.63   84.96   0.81    803.10     1.99     85.50  
66   TR868TS396_2        396     76.51    100.00  61    N/A       N/A        0.41      N/A        57.33    N/A           37.98    50.25    3.011    3.554    116   0    0     0     80.17  91.38  N/A         N/A          0.48         N/A          91.38  85.178   1.76     16.43       15.4        109      1.9      0.65          0.69    85.78     0.69    0.76    0.93    0.20    0.90     75.80   6.11    90.51   84.82   0.81    810.40     1.98     N/A    
67   TR868TS247_5        247     76.51    100.00  61    N/A       N/A        0.41      N/A        57.54    N/A           35.32    46.89    3.052    3.522    116   0    0     0     77.59  89.66  N/A         N/A          0.32         N/A          89.66  83.742   1.79     16.43       16.2        110      2.1      0.82          0.71    87.07     0.71    0.77    0.94    0.15    0.90     75.10   5.99    91.25   86.92   0.79    823.30     2.16     N/A    
68   TR868TS430_5        430s    76.51    100.00  61    N/A       N/A        0.41      0.33       57.76    N/A           39.49    50.99    3.062    3.629    116   0    0     0     79.31  90.52  N/A         N/A          0.43         0.37         90.52  84.233   1.74     16.43       16.1        109      1.9      1.40          0.70    86.64     0.70    0.76    0.93    0.20    0.90     74.60   6.11    90.43   84.83   0.81    821.50     2.28     32.84  
69   TR868TS073_5        073     76.51    100.00  61    N/A       N/A        0.41      N/A        57.98    N/A           37.55    50.22    3.009    3.543    116   0    0     0     79.31  91.38  N/A         N/A          0.43         N/A          91.38  84.895   1.75     16.43       16          109      1.9      1.43          0.69    86.21     0.69    0.77    0.93    0.21    0.90     82.30   6.11    90.65   84.74   0.81    813.60     1.95     83.38  
70   TR868TS247_1        247     76.29    100.00  70    0.36      N/A        0.39      N/A        57.33    N/A           36.21    48.68    3.22     3.766    116   0    0     0     77.59  89.66  0.31        N/A          0.32         N/A          89.66  84.256   1.79     16.43       16.4        109      2        0.50          0.71    85.78     0.70    0.77    0.93    0.20    0.90     74.50   6.11    90.89   85.64   0.80    832.50     2.45     N/A    
71   TR868TS188_1        188     76.29    100.00  70    0.36      N/A        0.39      N/A        57.55    N/A           34.96    49.79    3.03     3.605    116   0    0     0     81.03  90.52  0.49        N/A          0.53         N/A          90.52  84.698   1.79     16.43       15.7        109      1.9      2.38          0.67    85.78     0.68    0.76    0.93    0.21    0.90     75.80   6.11    90.39   84.31   0.81    803.50     2.14     N/A    
72   TR868TS081_5        081     76.29    100.00  70    N/A       N/A        0.39      N/A        58.19    N/A           38.58    50.05    3.027    3.574    116   1    0     0     77.59  90.52  N/A         N/A          0.32         N/A          90.52  84.734   1.78     16.43       15.9        109      1.9      1.23          0.69    86.64     0.69    0.76    0.93    0.21    0.90     85.10   6.11    90.31   84.20   0.81    812.70     2.37     72.18  
73   TR868TS081_1        081     76.29    100.00  70    0.36      N/A        0.39      N/A        58.19    N/A           38.08    49.64    3.05     3.583    116   1    0     0     78.45  89.66  0.36        N/A          0.38         N/A          89.66  82.839   1.81     16.43       15.9        109      1.9      0.86          0.69    86.64     0.69    0.76    0.93    0.20    0.90     85.10   6.11    90.20   84.14   0.80    811.80     2.40     81.84  
74   TR868TS204_1        204     76.29    100.00  70    0.36      N/A        0.39      N/A        56.68    N/A           35.85    50.44    2.956    3.595    116   2    0     0     80.17  91.38  0.45        N/A          0.48         N/A          91.38  78.505   1.71     16.61       15.5        111      2.2      0.99          0.69    85.78     0.67    0.75    0.94    0.18    0.90     71.50   6.11    89.58   82.35   0.81    793.20     2.40     N/A    
75   TR868TS162_4        162     76.29    100.00  70    N/A       N/A        0.39      N/A        57.11    N/A           36.52    49.99    3.024    3.525    116   0    0     0     79.31  90.52  N/A         N/A          0.43         N/A          90.52  84.638   1.76     16.61       15.9        109      1.9      0.50          0.69    86.21     0.70    0.75    0.93    0.19    0.90     73.20   6.11    90.43   84.28   0.81    812.30     2.26     N/A    
76   TR868TS162_3        162     76.29    100.00  70    N/A       N/A        0.39      N/A        57.55    N/A           39.43    50.42    3.021    3.522    116   0    0     0     78.45  90.52  N/A         N/A          0.38         N/A          90.52  84.087   1.71     16.43       15.6        109      1.9      0.76          0.69    86.21     0.69    0.75    0.93    0.18    0.90     73.20   5.99    89.88   83.67   0.81    799.50     2.28     N/A    
77   TR868TS273_1        273     76.29    100.00  70    0.36      N/A        0.39      N/A        56.90    N/A           35.44    50.10    2.946    3.388    116   0    0     0     79.31  91.38  0.40        N/A          0.43         N/A          91.38  85.171   1.77     16.61       16.1        109      1.8      1.87          0.69    86.21     0.70    0.78    0.94    0.18    0.90     75.80   6.11    90.46   85.76   0.81    822.30     1.75     N/A    
78   TR868TS430_2        430s    76.29    100.00  70    N/A       N/A        0.39      0.30       57.76    N/A           40.57    50.70    3.047    3.586    116   0    0     0     79.31  90.52  N/A         N/A          0.43         0.37         90.52  84.683   1.73     16.43       16.1        109      1.9      1.41          0.70    86.64     0.71    0.76    0.93    0.20    0.90     75.90   6.11    90.48   84.88   0.81    822.70     2.25     32.74  
79   TR868TS446_1        446s    76.08    100.00  79    0.35      -1.24      0.37      0.28       57.55    -1.20         38.87    50.23    3.146    3.576    116   0    0     0     78.45  90.52  0.36        -0.69        0.38         0.29         90.52  84.222   1.79     16.43       16.1        109      2        0.76          0.70    86.21     0.71    0.76    0.92    0.20    0.90     76.90   6.11    90.52   85.49   0.80    821.30     2.33     86.52  
80   TR868TS162_5        162     76.08    100.00  79    N/A       N/A        0.37      N/A        57.11    N/A           36.28    49.94    3.039    3.5      116   0    0     0     79.31  92.24  N/A         N/A          0.43         N/A          92.24  85.031   1.70     16.43       15.8        109      1.8      0.73          0.68    85.78     0.69    0.74    0.92    0.22    0.90     75.60   6.11    89.86   83.47   0.81    804.50     2.33     N/A    
81   TR868TS073_4        073     76.08    100.00  79    N/A       N/A        0.37      N/A        56.68    N/A           39.43    52.10    3.145    3.634    116   0    0     0     80.17  89.66  N/A         N/A          0.48         N/A          89.66  84.643   1.77     16.61       15.8        109      1.9      1.05          0.69    85.78     0.69    0.76    0.93    0.21    0.90     83.70   5.99    90.04   84.69   0.81    808.80     2.14     88.78  
82   TR868TS017_1        017     76.08    100.00  79    0.35      N/A        0.37      N/A        57.33    N/A           36.80    48.39    3.167    3.634    116   0    0     0     76.72  88.79  0.26        N/A          0.27         N/A          88.79  77.219   1.79     16.43       15.5        109      2.1      1.56          0.69    86.64     0.70    0.75    0.93    0.21    0.90     90.22   5.99    90.82   84.03   0.80    793.60     2.27     82.65  
83   TR868TS011_2        011     75.86    100.00  83    N/A       N/A        0.36      N/A        56.47    N/A           35.20    50.08    3.553    3.801    116   0    0     0     81.03  89.66  N/A         N/A          0.53         N/A          89.66  82.585   1.63     16.61       14.6        110      2.3      1.11          0.68    82.76     0.69    0.73    0.90    0.21    0.90     82.60   5.86    87.60   81.31   0.80    751.80     3.06     32.57  
84   TR868TS257_2        257     75.86    100.00  83    N/A       N/A        0.36      N/A        56.47    N/A           35.93    48.66    3.168    3.595    116   0    0     0     77.59  90.52  N/A         N/A          0.32         N/A          90.52  83.039   1.81     16.43       15.7        109      2        1.97          0.69    86.21     0.70    0.77    0.91    0.20    0.90     77.70   5.99    90.15   84.50   0.80    801.00     2.06     N/A    
85   TR868TS204_2        204     75.86    100.00  83    N/A       N/A        0.36      N/A        56.25    N/A           37.59    50.52    2.949    3.612    116   2    0     0     81.03  91.38  N/A         N/A          0.53         N/A          91.38  77.801   1.66     16.61       15.4        109      1.9      0.88          0.68    85.78     0.68    0.75    0.93    0.19    0.90     62.60   6.11    89.32   81.80   0.81    788.50     2.55     N/A    
86   TR868TS204_3        204     75.86    100.00  83    N/A       N/A        0.36      N/A        56.47    N/A           34.27    49.00    2.985    3.598    116   2    0     0     81.03  91.38  N/A         N/A          0.53         N/A          91.38  83.811   1.73     16.61       15.3        109      2        0.89          0.67    85.34     0.67    0.74    0.93    0.20    0.90     70.40   6.11    89.13   81.55   0.80    784.20     2.62     N/A    
87   TR868TS073_1        073     75.65    100.00  87    0.32      N/A        0.34      N/A        56.90    N/A           39.11    51.43    3.063    3.528    116   0    0     0     79.31  89.66  0.40        N/A          0.43         N/A          89.66  83.851   1.75     16.61       15.7        109      1.9      1.05          0.69    86.64     0.69    0.76    0.93    0.21    0.90     83.70   5.99    89.73   84.32   0.81    803.20     2.17     88.53  
88   TR868TS162_1        162     75.65    100.00  87    0.32      N/A        0.34      N/A        55.82    N/A           38.50    49.38    3.093    3.587    116   0    0     0     77.59  90.52  0.31        N/A          0.32         N/A          90.52  83.109   1.83     16.61       15.4        109      2        0.50          0.68    86.21     0.69    0.74    0.93    0.21    0.90     76.40   5.99    89.50   83.07   0.80    788.00     2.39     N/A    
89   TR868TS017_4        017     75.65    100.00  87    N/A       N/A        0.34      N/A        57.33    N/A           38.18    48.67    3.16     3.618    116   0    0     0     73.28  87.93  N/A         N/A          0.07         N/A          87.93  77.353   1.77     16.43       15.9        110      2.1      1.97          0.70    86.64     0.70    0.76    0.93    0.19    0.90     79.70   5.99    90.85   84.59   0.80    813.60     2.29     82.31  
90   TR868TS102_3        102     75.65    100.00  87    N/A       N/A        0.34      N/A        55.60    N/A           34.37    49.80    2.929    3.563    116   0    0     0     80.17  90.52  N/A         N/A          0.48         N/A          90.52  85.262   1.73     16.79       15.7        110      2.1      2.07          0.67    86.21     0.68    0.75    0.93    0.18    0.90     76.14   6.11    90.16   83.86   0.82    797.90     2.26     85.19  
91   TR868TS081_2        081     75.65    100.00  87    N/A       N/A        0.34      N/A        57.11    N/A           38.38    49.75    3.087    3.622    116   1    0     0     77.59  89.66  N/A         N/A          0.32         N/A          89.66  83.802   1.80     16.43       15.9        109      1.9      0.86          0.69    86.64     0.69    0.76    0.93    0.20    0.90     95.30   6.11    90.19   84.04   0.80    811.10     2.43     81.85  
92   TR868TS073_3        073     75.00    100.00  92    N/A       N/A        0.29      N/A        55.17    N/A           39.92    50.34    3.181    3.641    116   0    0     0     79.31  89.66  N/A         N/A          0.43         N/A          89.66  84.097   1.71     16.61       15.8        109      2        1.05          0.70    86.21     0.69    0.77    0.93    0.20    0.90     93.50   5.99    89.88   84.75   0.80    808.90     2.15     88.36  
93   TR868TS480_3        480     75.00    100.00  92    N/A       N/A        0.29      N/A        55.17    N/A           28.58    46.74    3.244    3.877    116   0    0     0     80.17  88.79  N/A         N/A          0.48         N/A          88.79  82.214   1.59     16.79       15.4        110      2.3      3.06          0.66    85.78     0.66    0.75    0.94    0.23    0.89     76.60   6.11    89.03   83.62   0.79    786.50     2.48     26.17  
94   TR868TS073_2        073     74.78    100.00  94    N/A       N/A        0.27      N/A        55.17    N/A           38.02    49.59    3.186    3.657    116   0    0     0     79.31  89.66  N/A         N/A          0.43         N/A          89.66  83.987   1.72     16.61       15.7        109      2        1.29          0.69    85.78     0.69    0.76    0.93    0.21    0.90     93.50   5.99    89.83   84.43   0.80    801.60     2.19     88.20  
95   TR868TS393_4        393     74.57    100.00  95    N/A       N/A        0.26      N/A        54.53    N/A           34.76    47.31    2.712    3.408    116   0    0     0     77.59  89.66  N/A         N/A          0.32         N/A          89.66  75.09    1.84     17.34       15.4        111      2.3      3.15          0.66    81.90     0.67    0.75    0.95    0.18    0.90     92.20   6.11    89.00   79.36   0.79    789.10     4.54     26.24  
96   TR868TS474_3        474     74.57    100.00  95    N/A       N/A        0.26      N/A        54.96    N/A           30.45    46.34    3.191    3.655    116   0    0     0     76.72  87.93  N/A         N/A          0.27         N/A          87.93  81.635   1.77     16.61       15.8        111      2.4      2.58          0.67    86.21     0.65    0.75    0.94    0.17    0.89     98.30   6.11    89.30   82.40   0.79    806.90     2.81     84.20  
97   TR868TS480_1        480     73.92    100.00  97    0.19      N/A        0.20      N/A        53.66    N/A           28.24    45.22    3.075    3.659    116   0    0     0     76.72  90.52  0.26        N/A          0.27         N/A          90.52  82.661   1.89     16.43       15.7        111      2.4      2.41          0.67    85.78     0.67    0.75    0.93    0.21    0.90     83.30   5.86    90.25   84.35   0.79    802.90     2.30     26.59  
98   TR868TS204_4        204     73.49    100.00  98    N/A       N/A        0.17      N/A        54.10    N/A           34.70    49.01    3.194    3.973    116   2    0     0     75.00  86.21  N/A         N/A          0.17         N/A          86.21  73.744   1.73     16.25       13.9        110      2.5      0.89          0.63    75.00     0.61    0.69    0.93    0.30    0.89     74.00   5.86    84.00   74.06   0.79    720.90     4.10     N/A    
99   TR868TS001_2        001     73.28    100.00  99    N/A       N/A        0.15      N/A        53.66    N/A           30.20    43.30    3.234    3.679    116   0    0     0     73.28  87.93  N/A         N/A          0.07         N/A          87.93  82.237   1.72     16.79       13.8        110      2.5      2.02          0.65    84.05     0.68    0.73    0.93    0.19    0.90     78.91   5.73    88.90   82.49   0.79    713.80     2.75     N/A    
100  TR868TS393_2        393     73.06    100.00  100   N/A       N/A        0.14      N/A        52.37    N/A           33.83    46.07    3.377    3.82     116   0    0     0     75.00  87.07  N/A         N/A          0.17         N/A          87.07  75.522   1.84     16.61       14.4        105      2        3.05          0.65    80.17     0.66    0.74    0.91    0.21    0.89     83.30   5.99    88.44   79.21   0.77    744.00     4.49     28.06  
101  TR868TS265_5        265     73.06    100.00  100   N/A       N/A        0.14      N/A        53.45    N/A           36.78    45.51    3.231    3.734    116   0    0     0     74.14  90.52  N/A         N/A          0.12         N/A          90.52  82.407   1.90     16.61       15.6        111      2.4      0.82          0.69    85.34     0.70    0.75    0.93    0.19    0.89     74.10   5.86    89.58   83.79   0.78    799.40     2.89     83.86  
102  TR868TS295_2        295     72.84    100.00  102   N/A       N/A        0.12      N/A        52.16    N/A           28.64    43.93    3.057    3.544    116   0    0     0     75.00  87.07  N/A         N/A          0.17         N/A          87.07  74.412   1.99     16.61       13.7        110      2.3      2.90          0.59    79.31     0.63    0.72    0.92    0.23    0.90     66.80   5.86    88.12   78.78   0.78    709.30     4.67     N/A    
103  TR868TS450_5        450     72.84    100.00  102   N/A       N/A        0.12      N/A        54.74    N/A           33.20    46.74    4.272    4.586    116   0    0     0     70.69  82.76  N/A         N/A          -0.08        N/A          82.76  78.278   1.69     14.43       12.8        103      2.2      1.99          0.64    78.45     0.66    0.71    0.87    0.25    0.88     75.60   5.04    83.23   77.56   0.76    670.30     5.64     38.26  
104  TR868TS393_5        393     72.41    100.00  104   N/A       N/A        0.09      N/A        53.02    N/A           32.95    46.53    3.549    4.056    116   1    0     0     74.14  85.34  N/A         N/A          0.12         N/A          85.34  79.13    1.87     16.43       13.9        104      2        3.42          0.64    79.74     0.66    0.72    0.91    0.21    0.89     87.80   5.73    87.83   78.83   0.77    721.30     4.40     28.43  
105  TR868TS265_1        265     72.41    100.00  104   0.08      N/A        0.09      N/A        54.09    N/A           34.68    43.01    3.369    3.86     116   0    0     0     72.41  87.93  0.04        N/A          0.02         N/A          87.93  80.932   1.89     16.43       15.9        109      2.3      1.07          0.70    87.07     0.71    0.76    0.93    0.17    0.89     75.60   5.86    90.53   85.51   0.77    810.50     2.72     82.78  
106  TR868TS480_4        480     72.41    100.00  104   N/A       N/A        0.09      N/A        51.51    N/A           24.64    43.15    3.105    3.67     116   0    0     0     73.28  87.93  N/A         N/A          0.07         N/A          87.93  81.069   1.87     16.79       15.3        111      2.6      3.00          0.64    84.05     0.64    0.73    0.94    0.18    0.89     88.80   5.99    87.95   82.42   0.78    784.20     3.47     28.08  
107  TR868TS450_3        450     72.41    100.00  104   N/A       N/A        0.09      N/A        54.74    N/A           32.25    44.69    3.965    4.273    116   0    0     0     70.69  81.03  N/A         N/A          -0.08        N/A          81.03  78.04    1.64     15.34       13          103      2.2      1.53          0.66    81.47     0.67    0.72    0.89    0.22    0.88     82.00   5.33    83.07   76.44   0.76    681.90     5.15     39.07  
108  TR868TS474_2        474     71.98    100.00  108   N/A       N/A        0.05      N/A        51.51    N/A           30.14    42.29    3.334    3.902    116   0    0     0     75.00  85.34  N/A         N/A          0.17         N/A          85.34  73.988   1.83     16.97       13.9        112      2.9      2.75          0.65    84.91     0.65    0.72    0.93    0.21    0.88     93.50   5.99    87.88   81.87   0.76    718.60     2.66     82.11  
109  TR868TS265_3        265     71.98    100.00  108   N/A       N/A        0.05      N/A        52.80    N/A           34.78    41.74    3.421    3.896    116   0    0     0     70.69  85.34  N/A         N/A          -0.08        N/A          85.34  77.524   1.83     16.43       15.4        109      2.4      0.69          0.69    85.78     0.71    0.76    0.93    0.19    0.88     75.00   5.86    89.78   84.69   0.76    789.80     2.97     81.58  
110  TR868TS396_3        396     71.77    100.00  110   N/A       N/A        0.04      N/A        50.86    N/A           33.54    44.16    3.043    3.467    116   1    0     0     79.31  92.24  N/A         N/A          0.43         N/A          92.24  74.773   2.03     16.61       13          113      2.6      0.50          0.68    87.50     0.71    0.78    0.95    0.15    0.90     83.10   6.11    87.92   84.07   0.77    783.40     2.58     N/A    
111  TR868TS295_4        295     70.04    100.00  111   N/A       N/A        -0.10     N/A        48.70    N/A           26.03    39.74    3.449    3.935    116   0    0     0     70.69  84.48  N/A         N/A          -0.08        N/A          84.48  72.068   1.95     16.43       13.2        107      2.5      2.92          0.55    78.02     0.62    0.70    0.91    0.24    0.88     72.20   5.46    85.12   77.15   0.75    689.50     4.53     N/A    
112  TR868TS295_5        295     69.83    100.00  112   N/A       N/A        -0.11     N/A        48.71    N/A           27.61    38.36    3.6      4.039    116   0    0     0     67.24  81.90  N/A         N/A          -0.29        N/A          81.90  67.792   1.85     16.06       12.6        109      2.9      2.68          0.57    78.45     0.62    0.69    0.91    0.26    0.88     82.20   5.73    84.94   77.07   0.73    660.70     4.79     N/A    
113  TR868TS450_1        450     69.83    100.00  112   -0.11     N/A        -0.11     N/A        51.51    N/A           31.72    43.80    4.257    4.607    116   0    0     0     67.24  81.03  -0.23       N/A          -0.29        N/A          81.03  75.698   1.79     14.43       12.3        102      2.2      1.67          0.63    76.72     0.65    0.70    0.88    0.24    0.87     76.20   5.33    82.48   76.14   0.74    649.20     5.81     39.91  
114  TR868TS265_2        265     69.61    100.00  114   N/A       N/A        -0.13     N/A        50.86    N/A           32.83    40.50    3.809    4.253    116   0    0     0     68.10  83.62  N/A         N/A          -0.24        N/A          83.62  72.408   1.98     16.06       15.2        109      2.7      1.18          0.69    84.91     0.70    0.76    0.91    0.21    0.87     75.40   5.99    89.01   84.54   0.74    781.60     2.97     80.12  
115  TR868TS450_2        450     69.40    100.00  115   N/A       N/A        -0.15     N/A        51.30    N/A           27.39    39.41    4.066    4.392    116   0    0     0     68.97  81.90  N/A         N/A          -0.18        N/A          81.90  74.403   1.75     15.70       12          103      2.3      2.19          0.63    80.60     0.64    0.70    0.89    0.23    0.88     78.20   5.33    82.38   75.17   0.74    638.50     5.85     40.29  
116  TR868TS480_5        480     69.40    100.00  115   N/A       N/A        -0.15     N/A        49.78    N/A           24.70    39.47    3.378    4.023    116   0    0     0     70.69  88.79  N/A         N/A          -0.08        N/A          88.79  73.428   1.92     16.61       14.6        110      2.5      3.22          0.64    81.03     0.62    0.73    0.92    0.28    0.88     64.90   6.11    87.47   79.69   0.76    750.70     3.90     30.06  
117  TR868TS265_4        265     68.32    100.00  117   N/A       N/A        -0.23     N/A        48.92    N/A           31.29    37.63    3.632    4.151    116   0    0     0     66.38  82.76  N/A         N/A          -0.34        N/A          82.76  70.728   2.10     16.06       14.9        111      2.9      0.92          0.68    84.05     0.70    0.75    0.92    0.20    0.88     71.90   6.11    88.53   83.85   0.74    765.80     3.05     79.12  
118  TR868TS295_3        295     68.32    100.00  117   N/A       N/A        -0.23     N/A        47.63    N/A           26.68    38.77    3.568    4.025    116   0    0     0     68.10  83.62  N/A         N/A          -0.24        N/A          83.62  72.375   1.93     15.88       12.5        108      2.8      3.10          0.53    77.16     0.60    0.70    0.90    0.30    0.88     78.90   5.73    83.19   75.79   0.73    657.40     5.64     N/A    
119  TR868TS295_1        295     67.46    100.00  119   -0.29     N/A        -0.30     N/A        45.69    N/A           25.81    38.08    3.551    3.934    116   0    0     0     65.52  84.48  -0.32       N/A          -0.39        N/A          84.48  71.679   1.82     16.25       12.3        107      2.6      3.37          0.57    79.31     0.61    0.70    0.90    0.32    0.88     72.80   5.86    83.02   75.68   0.74    650.60     5.20     N/A    
120  TR868TS060_4        060     67.46    100.00  119   N/A       N/A        -0.30     N/A        45.91    N/A           21.84    37.19    3.633    4.185    116   0    0     0     71.55  86.21  N/A         N/A          -0.03        N/A          86.21  71.861   1.95     16.06       13.2        105      2.2      1.53          0.60    78.45     0.62    0.68    0.91    0.24    0.89     79.20   5.99    88.79   77.78   0.73    692.50     4.02     86.67  
121  TR868TS418_4        418     66.81    100.00  121   N/A       N/A        -0.35     N/A        46.12    N/A           22.93    36.67    3.881    4.665    116   0    0     0     65.52  81.03  N/A         N/A          -0.39        N/A          81.03  68.519   1.85     15.88       11.5        105      2.6      3.98          0.56    69.83     0.57    0.65    0.88    0.34    0.86     66.00   5.73    78.49   73.54   0.72    620.00     6.64     N/A    
122  TR868TS060_2        060     66.38    100.00  122   N/A       N/A        -0.38     N/A        44.83    N/A           22.61    36.36    3.875    4.378    116   0    0     0     68.97  84.48  N/A         N/A          -0.18        N/A          84.48  67.938   2.16     15.88       13.9        106      2.3      0.91          0.62    76.29     0.63    0.68    0.91    0.25    0.87     74.50   5.73    88.51   78.63   0.73    718.80     3.95     83.29  
123  TR868TS418_2        418     65.95    100.00  123   N/A       N/A        -0.42     N/A        44.40    N/A           24.59    35.78    3.289    3.854    116   1    0     0     61.21  87.07  N/A         N/A          -0.64        N/A          87.07  69.178   2.10     16.61       10.7        113      2.8      3.87          0.55    70.26     0.54    0.63    0.90    0.38    0.88     58.10   5.60    80.69   66.41   0.74    572.60     6.03     N/A    
124  TR868TS450_4        450     65.52    100.00  124   N/A       N/A        -0.45     N/A        46.55    N/A           30.89    36.54    4.703    4.891    116   0    0     0     61.21  81.03  N/A         N/A          -0.64        N/A          81.03  67.944   2.02     13.88       11.3        100      2.4      1.20          0.63    78.88     0.67    0.69    0.86    0.25    0.85     77.70   5.33    81.44   75.70   0.71    607.60     6.59     43.16  
125  TR868TS396_4        396     62.93    100.00  125   N/A       N/A        -0.65     N/A        40.95    N/A           19.66    33.52    3.569    4.461    116   1    0     0     59.48  84.48  N/A         N/A          -0.74        N/A          84.48  61.459   2.24     15.34       8.7         106      2.6      2.79          0.54    60.34     0.56    0.59    0.88    0.39    0.85     63.20   5.60    78.54   67.24   0.72    559.00     7.77     N/A    
126  TR868TS060_3        060     62.93    100.00  125   N/A       N/A        -0.65     N/A        42.24    N/A           24.31    36.88    4.582    5        116   0    0     0     63.79  69.83  N/A         N/A          -0.49        N/A          75.00  61.545   1.94     15.52       11.8        103      2.7      1.04          0.58    71.98     0.62    0.65    0.89    0.28    0.85     80.00   5.73    84.77   77.34   0.68    627.20     5.25     75.15  
127  TR868TS081_4        081     62.28    100.00  127   N/A       N/A        -0.70     N/A        40.09    N/A           25.08    32.44    3.428    4.219    116   0    0     0     62.07  85.34  N/A         N/A          -0.59        N/A          85.34  61.015   2.38     16.79       12.3        108      2.8      1.53          0.60    78.45     0.62    0.68    0.90    0.32    0.87     72.40   5.60    83.73   75.08   0.69    647.50     4.56     89.03  
128  TR868TS418_5        418     61.85    100.00  128   N/A       N/A        -0.74     N/A        40.30    N/A           15.67    28.70    4.018    4.796    116   1    0     0     51.72  78.45  N/A         N/A          -1.20        N/A          78.45  62.067   2.35     14.06       8.8         109      3.4      3.92          0.51    61.21     0.52    0.57    0.87    0.50    0.84     59.30   5.73    74.68   64.55   0.66    488.00     7.16     N/A    
129  TR868TS418_3        418     60.13    100.00  129   N/A       N/A        -0.87     N/A        38.79    N/A           20.22    31.03    4.029    4.667    116   0    0     0     58.62  84.48  N/A         N/A          -0.79        N/A          84.48  63.229   2.30     15.88       10.4        99       2.5      3.90          0.55    70.26     0.58    0.62    0.86    0.47    0.86     63.70   5.60    77.96   70.37   0.69    563.30     6.44     N/A    
130  TR868TS418_1        418     59.70    100.00  130   -0.86     N/A        -0.90     N/A        39.44    N/A           18.58    29.65    4.211    4.923    116   0    0     0     55.17  76.72  -0.86       N/A          -1.00        N/A          77.59  59.404   2.17     15.70       9.3         103      3        3.96          0.52    67.67     0.54    0.61    0.87    0.42    0.84     73.50   5.33    80.00   69.88   0.66    526.00     4.81     N/A    
131  TR868TS060_5        060     59.05    100.00  131   N/A       N/A        -0.95     N/A        37.93    N/A           18.95    30.22    4.87     5.273    116   0    0     0     60.34  68.97  N/A         N/A          -0.69        N/A          79.31  57.528   2.05     15.70       9.9         95       2.5      1.11          0.55    71.12     0.60    0.62    0.88    0.31    0.85     73.10   5.04    82.52   74.57   0.67    537.30     5.52     75.08  
132  TR868TS220_3        220s    58.84    100.00  132   N/A       N/A        -0.97     -1.81      37.72    N/A           15.18    25.63    3.67     4.101    116   0    0     0     50.86  76.72  N/A         N/A          -1.25        -1.99        77.59  58.06    2.49     16.61       9.7         104      2.9      1.67          0.58    77.16     0.63    0.65    0.90    0.23    0.89     80.00   5.33    81.78   73.94   0.65    519.30     4.78     45.28  
133  TR868TS396_5        396     58.84    100.00  132   N/A       N/A        -0.97     N/A        37.72    N/A           20.00    27.52    4.296    4.742    116   0    0     0     55.17  76.72  N/A         N/A          -1.00        N/A          76.72  56.327   2.34     15.88       7           107      3.3      3.05          0.53    67.67     0.58    0.63    0.87    0.28    0.86     74.40   4.58    76.25   69.39   0.65    470.70     7.92     N/A    
134  TR868TS220_4        220s    57.33    100.00  134   N/A       N/A        -1.09     -1.99      35.77    N/A           13.79    21.86    3.699    4.223    116   0    0     0     44.83  75.86  N/A         N/A          -1.61        -2.49        75.86  56.771   2.28     16.79       10.1        106      3        1.67          0.55    69.40     0.60    0.60    0.90    0.33    0.87     70.80   5.19    79.52   70.67   0.66    557.90     5.03     47.10  
135  TR868TS060_1        060     55.60    100.00  135   -1.16     N/A        -1.22     N/A        36.64    N/A           17.67    25.43    5.82     6.235    116   0    0     0     43.97  62.07  -1.45       N/A          -1.66        N/A          67.24  50.581   2.22     11.88       9.9         100      3.7      1.17          0.56    67.67     0.61    0.63    0.85    0.34    0.80     74.00   5.19    80.64   74.41   0.58    558.90     7.99     68.16  
136  TR868TS220_5        220s    54.31    100.00  136   N/A       N/A        -1.32     -2.36      37.93    N/A           21.03    30.71    10.166   10.147   116   0    0     0     56.03  66.38  N/A         N/A          -0.95        -1.56        70.69  59.477   1.92     9.16        8.8         88       2.7      1.82          0.51    55.60     0.58    0.55    0.62    0.70    0.61     72.30   4.42    60.80   67.24   0.62    453.90     40.91    50.22  
137  TR868TS257_1        257     52.59    100.00  137   -1.38     N/A        -1.46     N/A        31.46    N/A           17.17    24.02    5.613    6.029    116   0    0     0     37.07  56.03  -1.81       N/A          -2.07        N/A          62.07  50.89    2.18     10.43       6.6         103      5.7      2.06          0.53    68.97     0.61    0.63    0.84    0.32    0.79     75.00   4.58    73.27   72.29   0.53    388.90     9.73     N/A    
138  TR868TS330_3        330     44.18    100.00  138   N/A       N/A        -2.11     N/A        32.97    N/A           17.77    26.33    11.996   12.178   116   0    0     0     41.38  46.55  N/A         N/A          -1.81        N/A          50.86  46.462   1.70     6.61        4.3         64       2.8      1.12          0.40    39.66     0.51    0.35    0.24    1.14    0.61     68.30   4.07    44.98   52.96   0.48    287.00     60.05    53.88  
139  TR868TS330_5        330     43.97    100.00  139   N/A       N/A        -2.13     N/A        28.66    N/A           16.72    24.10    8.872    9.099    116   5    0     0     40.52  46.55  N/A         N/A          -1.86        N/A          57.76  49.808   1.95     9.52        4.5         69       2.4      3.74          0.43    46.12     0.50    0.43    0.48    1.06    0.67     64.70   3.70    49.31   56.23   0.51    300.90     29.20    75.48  
140  TR868TS330_4        330     39.22    100.00  140   N/A       N/A        -2.50     N/A        26.73    N/A           14.17    21.69    11.936   12.126   116   1    0     0     30.17  49.14  N/A         N/A          -2.47        N/A          52.59  41.66    2.06     7.89        3.4         67       2.9      1.34          0.41    40.95     0.53    0.37    0.28    1.20    0.59     63.70   2.83    44.29   56.08   0.48    237.70     60.98    55.95  
141  TR868TS330_2        330     30.82    100.00  141   N/A       N/A        -3.16     N/A        17.89    N/A           4.90     9.26     9.266    9.753    116   0    0     0     3.45   34.48  N/A         N/A          -4.05        N/A          40.52  30.606   2.67     3.52        1.6         69       4.3      0.91          0.37    37.50     0.49    0.33    0.45    1.13    0.66     73.00   3.89    49.40   51.69   0.41    174.60     40.07    46.22  
142  TR868TS399_5        399     25.00    100.00  142   N/A       N/A        -3.61     N/A        15.52    N/A           3.22     9.25     15.683   15.601   116   3    0     0     17.24  22.41  N/A         N/A          -3.24        N/A          32.76  25.943   2.57     2.80        0           0        N/A      3.12          0.20    32.33     0.45    0.32    0.35    1.45    0.59     43.40   2.30    36.86   50.27   0.32    N/A        139.60   42.67  
143  TR868TS399_1        399     24.35    100.00  143   -3.45     N/A        -3.66     N/A        15.30    N/A           3.22     9.25     15.697   15.62    116   2    0     0     16.38  22.41  -2.89       N/A          -3.29        N/A          34.48  27.679   2.39     2.80        0.2         43       9        3.08          0.22    31.47     0.45    0.31    0.37    1.45    0.60     43.40   2.58    36.74   50.10   0.32    86.30      138.36   44.36  
144  TR868TS399_4        399     23.92    100.00  144   N/A       N/A        -3.69     N/A        15.09    N/A           3.12     9.09     15.727   15.647   116   3    0     0     16.38  21.55  N/A         N/A          -3.29        N/A          34.48  27.335   2.39     2.80        0           0        N/A      3.07          0.22    31.47     0.45    0.31    0.36    1.46    0.60     43.40   2.58    36.72   50.09   0.32    N/A        139.44   39.51  
145  TR868TS399_2        399     23.28    100.00  145   N/A       N/A        -3.74     N/A        15.30    N/A           3.12     9.09     16.408   16.303   116   3    0     0     16.38  21.55  N/A         N/A          -3.29        N/A          33.62  27.115   2.48     2.62        0           0        N/A      3.08          0.22    31.47     0.45    0.31    0.32    1.50    0.59     43.40   2.58    36.66   50.09   0.32    N/A        137.89   43.14  
146  TR868TS399_3        399     23.28    100.00  145   N/A       N/A        -3.74     N/A        15.30    N/A           3.22     9.25     16.398   16.292   116   3    0     0     16.38  22.41  N/A         N/A          -3.29        N/A          34.48  27.261   2.48     2.62        0           0        N/A      3.07          0.22    31.47     0.45    0.31    0.32    1.49    0.59     43.40   2.83    36.65   50.09   0.32    N/A        136.90   41.73  
147  TR868TS330_1        330     21.77    100.00  147   -3.64     N/A        -3.86     N/A        14.87    N/A           5.89     9.34     14.733   15.39    116   0    0     0     0.00   4.31   -3.74       N/A          -4.25        N/A          30.17  20.117   2.74     0.98        0           0        N/A      1.16          0.29    28.88     0.45    0.23    0.17    1.82    0.51     58.40   1.99    33.92   45.69   0.31    N/A        95.49    36.62  

