#    Model               GR#     GDT_TS   NP_P    RANK  Z-M1-GDT  Z-M1s-GDT  Z-MA-GDT  Z-MAs-GDT  GDT_HA   Z-M1s-GDT-HA  GDC_SC   GDC_ALL  RMS_CA   RMS_ALL  NP    err  PC01  PC05  AL0_P  AL4_P  Z-M1-AL0_p  Z-M1s-AL0_p  Z-MA-AL0_p   Z-MAs-AL0_p  ALI_P  LGA_S    RMSD[L]  Z-score[M]  Z-Score[D]  Al.Res.  RMSD[D]  MolPrb_Score  LDDT    SphGr     CAD_AA  RPF     CODM    DFM     Handed.  SOV     CE      QCS     CONTS   TMscore  Dali(raw)  FlexE    QSE    

-    Starting model      -       43.10    -       -     -         -          -         -          30.17    -             12.80    -        9.07     9.87     -     -    -     -     -      -      -           -            -            -            -      -        -        7.34        4.10        72       3.50     1.15          0.44    40.09     0.52    0.47    0.63    0.95    0.64     87.70   3.89    61.02   62.13   0.48     290.60     14.68    -      

1    TR875TS204_4        204     44.83    100.00  1     N/A       N/A        0.95      N/A        32.54    N/A           14.14    22.24    9.021    9.804    116   1    0     0     38.79  43.10  N/A         N/A          0.55         N/A          50.00  47.031   2.01     7.52        4.4         73       3.6      0.50          0.44    40.52     0.54    0.47    0.64    0.96    0.64     84.70   3.89    62.31   62.96   0.49    309.80     15.03    N/A    
2    TR875TS324_5        324     44.61    100.00  2     N/A       N/A        0.90      N/A        29.31    N/A           10.42    20.92    8.67     9.468    116   1    0     0     36.21  44.83  N/A         N/A          0.27         N/A          49.14  40.414   2.09     6.80        3.3         67       3.6      3.03          0.42    34.05     0.49    0.43    0.63    1.11    0.65     85.40   3.70    60.76   61.71   0.48    256.00     13.64    58.37  
3    TR875TS273_1        273     44.61    100.00  2     0.84      N/A        0.90      N/A        31.89    N/A           14.33    21.53    8.914    9.668    116   5    0     0     38.79  47.41  0.50        N/A          0.55         N/A          53.45  45.058   2.20     6.61        4.5         72       3.2      2.35          0.44    43.10     0.53    0.48    0.64    0.94    0.64     87.40   3.89    61.82   63.31   0.50    295.90     14.04    N/A    
4    TR875TS204_3        204     44.61    100.00  2     N/A       N/A        0.90      N/A        32.54    N/A           14.54    21.23    9.045    9.844    116   0    0     0     40.52  44.83  N/A         N/A          0.74         N/A          51.72  44.739   2.08     7.16        4.6         73       3.4      0.50          0.44    40.52     0.54    0.48    0.64    0.94    0.64     84.70   3.89    62.24   63.66   0.49    301.70     14.46    N/A    
5    TR875TS060_4        060     44.61    100.00  2     N/A       N/A        0.90      N/A        29.52    N/A           11.20    19.10    10.457   11.039   116   0    0     0     0.00   0.00   N/A         N/A          -3.64        N/A          0.00   41.405   2.19     10.07       4.6         82       4.1      1.51          0.40    31.03     0.48    0.42    0.68    1.21    0.58     79.60   3.50    60.76   59.90   0.50    307.90     19.46    70.09  
6    TR875TS474_3        474     44.40    100.00  6     N/A       N/A        0.85      N/A        29.09    N/A           12.65    19.21    8.306    9.094    116   0    0     0     39.66  47.41  N/A         N/A          0.64         N/A          53.45  41.917   2.26     8.07        4.5         63       3.4      3.29          0.39    43.10     0.51    0.46    0.67    0.98    0.67     85.20   3.89    61.57   61.45   0.48    240.70     12.74    54.02  
7    TR875TS204_1        204     44.40    100.00  6     0.79      N/A        0.85      N/A        31.89    N/A           14.46    21.53    9.085    9.879    116   1    0     0     40.52  44.83  0.72        N/A          0.74         N/A          50.86  45.889   2.05     6.98        4.3         72       3.4      0.60          0.44    40.52     0.54    0.47    0.64    0.94    0.64     86.20   3.89    62.03   62.71   0.49    313.00     15.13    N/A    
8    TR875TS265_1        265     44.18    100.00  8     0.74      N/A        0.80      N/A        31.25    N/A           12.42    21.62    9.076    9.899    116   1    0     0     37.07  45.69  0.29        N/A          0.36         N/A          51.72  43.753   2.04     6.80        4.4         74       3.5      1.08          0.43    39.22     0.51    0.46    0.66    0.97    0.64     80.50   3.89    62.67   62.35   0.49    290.90     14.55    55.06  
9    TR875TS324_2        324     44.18    100.00  8     N/A       N/A        0.80      N/A        28.45    N/A           10.13    20.99    8.675    9.428    116   1    0     0     36.21  45.69  N/A         N/A          0.27         N/A          50.86  42.232   2.18     6.25        3.4         68       3.1      3.30          0.41    35.34     0.49    0.43    0.63    1.11    0.65     85.30   3.70    60.48   61.36   0.48    248.90     13.60    58.55  
10   TR875TS001_3        001     43.97    100.00  10    N/A       N/A        0.75      N/A        32.11    N/A           14.33    23.70    8.974    9.756    116   3    0     0     39.66  45.69  N/A         N/A          0.64         N/A          52.59  43.095   2.14     7.34        4.3         72       3.5      3.00          0.42    42.67     0.54    0.49    0.65    0.93    0.64     85.66   3.89    62.08   62.78   0.49    314.90     13.96    N/A    
11   TR875TS001_2        001     43.75    100.00  11    N/A       N/A        0.70      N/A        31.25    N/A           14.36    23.17    9.346    10.083   116   1    0     0     41.38  43.97  N/A         N/A          0.83         N/A          50.00  45.424   2.05     7.52        4.6         71       3.8      2.38          0.43    43.10     0.54    0.47    0.67    0.95    0.64     73.46   3.70    63.11   60.36   0.48    284.70     14.29    N/A    
12   TR875TS480_1        480     43.53    100.00  12    0.58      N/A        0.65      N/A        30.82    N/A           13.47    21.82    9.057    9.804    116   0    0     0     37.07  45.69  0.29        N/A          0.36         N/A          52.59  43.336   2.03     6.98        4.3         74       3.6      2.98          0.44    41.38     0.52    0.48    0.63    0.95    0.64     86.60   3.89    61.42   62.68   0.48    313.20     14.48    59.28  
13   TR875TS204_2        204     43.53    100.00  12    N/A       N/A        0.65      N/A        31.25    N/A           14.24    22.12    9.101    9.878    116   1    0     0     40.52  44.83  N/A         N/A          0.74         N/A          51.72  45.534   2.08     7.34        3.4         65       3.5      0.50          0.44    40.52     0.54    0.48    0.63    0.95    0.64     80.50   3.89    62.56   63.69   0.49    265.10     15.43    N/A    
14   TR875TS412_1        412     43.32    100.00  14    0.53      N/A        0.60      N/A        30.61    N/A           10.91    20.84    9.068    9.934    116   1    0     0     37.07  43.97  0.29        N/A          0.36         N/A          50.86  42.729   2.10     7.34        4.1         73       3.8      1.00          0.43    39.22     0.52    0.46    0.63    0.95    0.64     86.84   3.89    61.05   61.85   0.48    290.70     14.79    N/A    
15   TR875TS061_1        061     43.32    100.00  14    0.53      N/A        0.60      N/A        29.74    N/A           12.53    20.12    8.745    9.566    116   1    0     0     37.93  46.55  0.39        N/A          0.46         N/A          51.72  41.925   1.96     7.52        3.6         78       5.3      1.46          0.44    39.22     0.51    0.48    0.60    0.93    0.64     85.00   3.89    61.14   61.44   0.48    258.20     14.03    N/A    
16   TR875TS208_5        208     43.32    100.00  14    N/A       N/A        0.60      N/A        31.90    N/A           13.56    21.60    8.997    9.828    116   1    0     0     37.93  44.83  N/A         N/A          0.46         N/A          52.59  43.614   1.98     7.16        4.3         71       3.5      1.24          0.44    40.09     0.54    0.47    0.62    0.94    0.64     83.90   3.89    61.53   61.75   0.49    302.20     14.49    62.62  
17   TR875TS073_5        073     43.32    100.00  14    N/A       N/A        0.60      N/A        30.39    N/A           12.69    21.27    9.079    9.878    116   1    0     0     37.93  44.83  N/A         N/A          0.46         N/A          51.72  43.431   1.99     7.52        4.1         74       3.8      1.81          0.44    39.22     0.52    0.47    0.63    0.96    0.64     87.70   3.89    61.00   61.99   0.48    304.90     14.73    65.77  
18   TR875TS208_2        208     43.10    100.00  18    N/A       N/A        0.55      N/A        31.47    N/A           13.09    21.49    8.992    9.814    116   1    0     0     37.07  45.69  N/A         N/A          0.36         N/A          51.72  42.606   2.03     7.52        3.8         67       4.2      1.47          0.44    40.52     0.54    0.47    0.62    0.94    0.64     85.40   3.89    61.47   61.62   0.49    268.90     14.54    62.68  
19   TR875TS396_1        396     43.10    100.00  18    0.48      N/A        0.55      N/A        30.17    N/A           12.86    21.62    9.082    9.893    116   1    0     0     37.93  44.83  0.39        N/A          0.46         N/A          51.72  43.458   1.96     7.34        4.1         72       3.5      1.20          0.44    39.22     0.52    0.47    0.63    0.96    0.64     87.70   3.89    60.95   61.97   0.48    304.40     14.72    N/A    
20   TR875TS412_4        412     43.10    100.00  18    N/A       N/A        0.55      N/A        30.39    N/A           11.54    21.48    9.083    9.918    116   1    0     0     36.21  43.97  N/A         N/A          0.27         N/A          50.86  42.424   2.14     7.34        4.1         73       3.7      1.34          0.43    39.66     0.52    0.46    0.63    0.96    0.64     85.66   3.89    61.17   62.06   0.48    303.80     14.98    N/A    
21   TR875TS412_3        412     43.10    100.00  18    N/A       N/A        0.55      N/A        30.61    N/A           11.58    21.26    9.095    9.959    116   1    0     0     37.07  43.97  N/A         N/A          0.36         N/A          50.86  42.577   1.96     7.52        4.1         74       3.8      0.98          0.43    39.66     0.52    0.46    0.63    0.96    0.64     86.15   3.29    61.10   62.03   0.48    306.00     14.78    N/A    
22   TR875TS412_2        412     43.10    100.00  18    N/A       N/A        0.55      N/A        30.39    N/A           11.62    21.11    9.08     9.916    116   1    0     0     37.93  42.24  N/A         N/A          0.46         N/A          49.14  42.376   2.11     7.52        4.1         73       3.6      1.34          0.43    39.22     0.52    0.46    0.63    0.96    0.64     85.66   3.89    60.96   61.84   0.48    291.70     14.96    N/A    
23   TR875TS102_2        102     43.10    100.00  18    N/A       N/A        0.55      N/A        30.61    N/A           12.18    22.38    9.111    9.916    116   3    0     0     40.52  44.83  N/A         N/A          0.74         N/A          51.72  46.631   1.98     6.80        3.7         65       3.6      1.49          0.44    41.81     0.54    0.47    0.65    0.95    0.64     87.24   3.89    62.33   64.39   0.49    265.30     14.60    N/A    
24   TR875TS294_1        294     43.10    100.00  18    0.48      N/A        0.55      N/A        30.39    N/A           12.76    21.78    9.07     9.875    116   0    0     0     38.79  44.83  0.50        N/A          0.55         N/A          51.72  43.354   1.94     7.16        4.1         72       3.5      1.88          0.44    39.66     0.53    0.47    0.63    0.95    0.64     84.80   3.89    61.13   62.26   0.48    303.00     14.60    59.52  
25   TR875TS017_5        017     43.10    100.00  18    N/A       N/A        0.55      N/A        30.17    N/A           12.64    21.34    9.067    9.859    116   0    0     0     35.34  42.24  N/A         N/A          0.18         N/A          49.14  42.124   2.20     6.80        4.1         72       3.5      1.72          0.44    40.09     0.52    0.47    0.63    0.94    0.64     86.60   3.89    61.11   62.21   0.48    300.60     14.69    75.05  
26   TR875TS257_4        257     43.10    100.00  18    N/A       N/A        0.55      N/A        29.74    N/A           12.91    21.08    9        9.801    116   1    0     0     37.93  44.83  N/A         N/A          0.46         N/A          51.72  43.194   2.25     7.34        4           71       3.5      2.37          0.44    40.52     0.52    0.47    0.62    0.95    0.64     87.70   3.89    60.82   62.35   0.48    267.70     14.01    N/A    
27   TR875TS250_4        250s    43.10    100.00  18    N/A       N/A        0.55      0.99       31.04    N/A           14.51    20.83    9.18     9.963    116   0    0     0     36.21  42.24  N/A         N/A          0.27         0.33         49.14  42.02    1.94     7.34        4.2         73       3.7      1.15          0.44    40.52     0.55    0.48    0.63    0.96    0.64     87.10   3.89    61.36   63.82   0.48    311.60     14.99    63.13  
28   TR875TS396_2        396     43.10    100.00  18    N/A       N/A        0.55      N/A        30.17    N/A           12.86    21.62    9.082    9.893    116   1    0     0     37.93  44.83  N/A         N/A          0.46         N/A          51.72  43.458   1.96     7.34        4.1         72       3.5      1.20          0.44    39.22     0.52    0.47    0.63    0.96    0.64     87.70   3.89    60.95   61.97   0.48    304.40     14.72    N/A    
29   TR875TS102_1        102     42.89    100.00  29    0.43      N/A        0.50      N/A        30.82    N/A           12.09    21.16    9.12     9.922    116   2    0     0     39.66  46.55  0.61        N/A          0.64         N/A          53.45  45.555   2.07     8.07        4.4         73       3.5      1.48          0.43    40.52     0.52    0.46    0.64    0.94    0.64     83.67   3.89    62.08   63.16   0.49    317.30     14.96    N/A    
30   TR875TS412_5        412     42.89    100.00  29    N/A       N/A        0.50      N/A        30.18    N/A           12.18    21.71    9.099    9.947    116   1    0     0     37.07  43.97  N/A         N/A          0.36         N/A          50.86  43.888   2.04     7.52        4.1         74       3.7      1.48          0.43    38.79     0.52    0.46    0.63    0.96    0.64     85.26   3.89    61.05   61.94   0.48    294.50     14.85    N/A    
31   TR875TS188_1        188     42.89    100.00  29    0.43      N/A        0.50      N/A        29.74    N/A           11.58    21.50    9.087    9.891    116   0    0     0     37.07  44.83  0.29        N/A          0.36         N/A          51.72  43.231   2.10     7.16        4.1         73       3.6      2.30          0.43    39.66     0.52    0.46    0.62    0.97    0.64     85.40   3.89    61.13   61.73   0.48    293.60     14.74    N/A    
32   TR875TS265_5        265     42.89    100.00  29    N/A       N/A        0.50      N/A        30.17    N/A           14.11    21.73    9.081    9.862    116   1    0     0     37.07  44.83  N/A         N/A          0.36         N/A          51.72  43.805   2.20     7.16        4.3         71       3.3      1.19          0.43    36.21     0.51    0.46    0.65    0.98    0.64     80.10   3.89    62.03   60.93   0.48    290.10     15.18    53.45  
33   TR875TS023_1        023     42.89    100.00  29    0.43      N/A        0.50      N/A        31.46    N/A           14.54    20.78    9.508    10.18    116   0    0     0     38.79  40.52  0.50        N/A          0.55         N/A          47.41  42.233   2.19     5.89        4.2         73       3.9      0.90          0.44    41.81     0.55    0.48    0.63    0.93    0.63     83.00   3.89    62.03   63.89   0.47    290.90     15.49    61.08  
34   TR875TS208_1        208     42.89    100.00  29    0.43      N/A        0.50      N/A        31.47    N/A           13.36    22.77    9.003    9.826    116   1    0     0     37.07  44.83  0.29        N/A          0.36         N/A          51.72  43.14    2.02     6.98        3.7         67       4.2      1.81          0.44    40.52     0.54    0.47    0.62    0.94    0.64     85.40   3.89    61.48   61.63   0.49    261.20     14.56    62.63  
35   TR875TS208_4        208     42.89    100.00  29    N/A       N/A        0.50      N/A        31.47    N/A           14.02    22.75    9.028    9.844    116   1    0     0     38.79  45.69  N/A         N/A          0.55         N/A          52.59  42.954   2.01     7.52        3.7         67       4.3      1.15          0.44    40.09     0.54    0.47    0.62    0.94    0.64     85.70   3.89    61.47   61.53   0.48    263.50     14.72    62.70  
36   TR875TS295_3        295     42.89    100.00  29    N/A       N/A        0.50      N/A        29.10    N/A           10.54    19.56    8.97     9.86     116   0    0     0     37.07  45.69  N/A         N/A          0.36         N/A          52.59  42.714   2.16     5.89        4           74       4.1      3.09          0.39    37.50     0.50    0.44    0.63    1.00    0.64     79.10   3.89    60.63   62.02   0.49    295.00     15.18    N/A    
37   TR875TS204_5        204     42.89    100.00  29    N/A       N/A        0.50      N/A        29.96    N/A           13.05    21.94    9.086    9.882    116   1    0     0     39.66  44.83  N/A         N/A          0.64         N/A          51.72  43.35    2.04     7.34        4.2         72       3.5      0.71          0.44    39.22     0.52    0.47    0.63    0.95    0.64     80.50   3.89    61.04   61.88   0.48    305.90     14.77    N/A    
38   TR875TS250_5        250s    42.89    100.00  29    N/A       N/A        0.50      0.87       30.82    N/A           15.02    21.91    9.136    9.905    116   0    0     0     37.07  43.10  N/A         N/A          0.36         0.80         50.86  42.034   2.04     7.34        4.2         73       3.7      1.11          0.44    40.52     0.55    0.47    0.63    0.96    0.64     87.90   3.89    61.34   63.80   0.48    307.20     14.68    62.75  
39   TR875TS265_2        265     42.67    100.00  39    N/A       N/A        0.45      N/A        29.74    N/A           13.82    21.96    9.299    10.072   116   1    0     0     37.07  44.83  N/A         N/A          0.36         N/A          50.86  43.319   2.11     7.16        4.3         73       3.5      1.05          0.43    40.52     0.50    0.46    0.63    0.95    0.63     60.90   3.89    61.74   60.83   0.48    315.50     14.80    54.04  
40   TR875TS017_2        017     42.67    100.00  39    N/A       N/A        0.45      N/A        29.74    N/A           12.95    21.31    9.036    9.826    116   1    0     0     37.93  43.97  N/A         N/A          0.46         N/A          50.86  42.543   2.09     7.52        4.2         69       3.2      2.00          0.44    40.52     0.52    0.48    0.63    0.93    0.64     87.10   3.89    61.02   62.58   0.48    303.40     14.36    75.05  
41   TR875TS017_3        017     42.67    100.00  39    N/A       N/A        0.45      N/A        29.74    N/A           12.89    21.26    9.035    9.826    116   1    0     0     37.93  44.83  N/A         N/A          0.46         N/A          51.72  42.901   2.15     7.52        4.2         70       3.3      1.99          0.44    40.52     0.52    0.48    0.63    0.93    0.64     87.10   3.89    61.01   62.56   0.48    303.30     14.33    75.04  
42   TR875TS081_2        081     42.67    100.00  39    N/A       N/A        0.45      N/A        28.88    N/A           14.14    21.09    9.159    9.932    116   3    0     0     38.79  47.41  N/A         N/A          0.55         N/A          53.45  44.662   2.05     8.07        4.1         67       3.4      2.16          0.41    39.66     0.53    0.45    0.63    1.01    0.64     83.10   3.89    61.27   60.32   0.48    254.70     16.28    55.42  
43   TR875TS430_1        430s    42.67    100.00  39    0.38      0.80       0.45      0.74       30.39    1.03          11.71    20.34    9.209    9.988    116   1    0     0     35.34  43.10  0.07        -1.73        0.18         -0.15        50.00  43.182   2.05     6.98        4.3         68       3.5      1.86          0.43    38.79     0.52    0.45    0.63    0.97    0.64     86.60   3.89    60.86   61.20   0.48    272.90     15.50    62.77  
44   TR875TS250_2        250s    42.67    100.00  39    N/A       N/A        0.45      0.74       30.39    N/A           12.93    19.93    9.14     9.901    116   0    0     0     36.21  43.10  N/A         N/A          0.27         0.33         50.86  43.483   1.99     7.52        4.3         72       3.6      0.78          0.44    40.09     0.54    0.47    0.63    0.96    0.64     87.90   3.89    61.67   63.88   0.47    312.80     14.81    63.00  
45   TR875TS208_3        208     42.67    100.00  39    N/A       N/A        0.45      N/A        31.04    N/A           13.33    22.46    9.015    9.83     116   1    0     0     37.93  44.83  N/A         N/A          0.46         N/A          51.72  43.758   2.09     7.89        4.2         71       3.5      1.92          0.44    40.52     0.54    0.47    0.62    0.94    0.64     85.40   3.89    61.49   61.64   0.48    303.10     14.60    62.74  
46   TR875TS265_4        265     42.67    100.00  39    N/A       N/A        0.45      N/A        29.74    N/A           13.69    20.89    8.89     9.638    116   1    0     0     35.34  44.83  N/A         N/A          0.18         N/A          50.86  43.88    2.09     7.34        4.1         73       3.5      1.53          0.43    38.36     0.50    0.46    0.64    0.96    0.64     84.70   3.89    62.55   60.45   0.48    281.10     14.65    53.34  
47   TR875TS480_4        480     42.67    100.00  39    N/A       N/A        0.45      N/A        28.02    N/A           10.20    18.55    9.237    9.966    116   0    0     0     36.21  48.28  N/A         N/A          0.27         N/A          54.31  43.365   2.09     7.16        3.8         68       3.3      3.55          0.41    35.78     0.50    0.45    0.64    0.99    0.63     81.20   3.89    61.59   60.90   0.49    269.90     14.07    58.83  
48   TR875TS247_4        247     42.67    100.00  39    N/A       N/A        0.45      N/A        28.45    N/A           9.31     15.21    10.098   10.958   116   0    0     0     34.48  46.55  N/A         N/A          0.08         N/A          52.59  42.483   2.24     8.07        4.2         79       3.7      0.78          0.41    36.64     0.51    0.43    0.62    1.15    0.56     86.80   3.89    59.23   58.97   0.48    278.30     20.76    N/A    
49   TR875TS001_1        001     42.67    100.00  39    0.38      N/A        0.45      N/A        30.18    N/A           15.84    23.56    8.995    9.786    116   1    0     0     37.93  43.97  0.39        N/A          0.46         N/A          50.00  44.044   2.16     7.34        4           71       3.7      2.83          0.44    40.52     0.54    0.47    0.65    0.94    0.64     85.66   3.89    61.51   61.54   0.48    291.70     13.41    N/A    
50   TR875TS257_5        257     42.46    100.00  50    N/A       N/A        0.40      N/A        29.74    N/A           13.74    21.73    9.265    10.046   116   1    0     0     37.07  43.97  N/A         N/A          0.36         N/A          49.14  43.638   2.14     7.16        4.9         75       3.8      2.00          0.42    39.66     0.51    0.46    0.66    1.01    0.64     86.60   3.89    60.16   60.81   0.48    287.60     17.17    N/A    
51   TR875TS250_3        250s    42.46    100.00  50    N/A       N/A        0.40      0.61       30.39    N/A           13.24    20.65    9.155    9.927    116   0    0     0     37.07  43.10  N/A         N/A          0.36         0.80         50.86  43.019   2.09     7.52        3.5         80       5.3      0.97          0.44    39.66     0.54    0.47    0.63    0.96    0.64     87.90   3.89    61.81   63.64   0.47    254.90     14.80    63.30  
52   TR875TS265_3        265     42.46    100.00  50    N/A       N/A        0.40      N/A        29.96    N/A           14.04    20.54    9.359    10.109   116   1    0     0     37.07  43.10  N/A         N/A          0.36         N/A          49.14  42.81    2.06     6.98        4           67       3.1      1.34          0.43    38.79     0.51    0.46    0.63    0.96    0.63     86.20   3.89    62.00   60.69   0.47    306.20     15.38    53.82  
53   TR875TS446_1        446s    42.46    100.00  50    0.32      0.63       0.40      0.61       29.10    -0.09         13.14    19.26    8.911    9.783    116   0    0     0     37.07  47.41  0.29        0.58         0.36         0.80         52.59  42.106   2.20     6.80        4.2         72       3.4      0.81          0.44    40.09     0.53    0.47    0.64    0.94    0.64     84.70   3.89    62.19   62.45   0.48    294.00     14.62    55.53  
54   TR875TS418_4        418     42.46    100.00  50    N/A       N/A        0.40      N/A        29.53    N/A           8.73     19.87    9.081    9.846    116   1    0     0     37.93  47.41  N/A         N/A          0.46         N/A          52.59  45.672   2.05     7.70        4.3         73       3.6      4.02          0.42    39.66     0.49    0.45    0.63    0.98    0.64     74.70   3.89    61.51   60.89   0.48    298.70     14.75    N/A    
55   TR875TS257_2        257     42.46    100.00  50    N/A       N/A        0.40      N/A        29.74    N/A           13.31    21.73    9.267    10.044   116   1    0     0     34.48  43.97  N/A         N/A          0.08         N/A          50.00  43.326   2.18     7.16        4.7         72       3.8      1.99          0.42    39.66     0.52    0.46    0.67    1.01    0.64     86.60   3.89    60.14   60.79   0.49    277.80     17.24    N/A    
56   TR875TS017_4        017     42.46    100.00  50    N/A       N/A        0.40      N/A        29.52    N/A           12.93    20.71    9.029    9.887    116   1    0     0     39.66  46.55  N/A         N/A          0.64         N/A          52.59  45.676   1.89     7.52        4.2         72       3.4      1.59          0.42    40.09     0.52    0.45    0.63    0.94    0.64     84.96   3.89    62.21   60.93   0.49    303.60     15.21    74.98  
57   TR875TS023_2        023     42.46    100.00  50    N/A       N/A        0.40      N/A        31.25    N/A           14.80    21.99    9.878    10.501   116   0    0     0     37.93  43.10  N/A         N/A          0.46         N/A          48.28  43.793   1.93     5.52        4.2         69       3.4      1.30          0.44    40.52     0.55    0.48    0.62    1.01    0.62     87.10   4.25    62.01   65.26   0.48    299.80     16.44    60.31  
58   TR875TS257_3        257     42.24    100.00  58    N/A       N/A        0.35      N/A        29.52    N/A           12.16    21.17    9.223    10.002   116   1    0     0     34.48  43.10  N/A         N/A          0.08         N/A          50.00  42.672   2.05     7.52        4.4         68       3.8      1.95          0.43    39.66     0.52    0.46    0.64    0.99    0.64     86.20   3.89    60.75   61.41   0.48    285.30     15.93    N/A    
59   TR875TS430_3        430s    42.24    100.00  58    N/A       N/A        0.35      0.49       29.53    N/A           11.96    20.70    9.185    9.98     116   1    0     0     36.21  43.97  N/A         N/A          0.27         0.33         50.86  44.539   2.14     6.98        4.4         69       3.4      1.70          0.42    39.22     0.52    0.45    0.63    0.97    0.64     85.70   3.89    60.79   61.11   0.48    266.50     15.38    62.64  
60   TR875TS017_1        017     42.24    100.00  58    0.27      N/A        0.35      N/A        30.39    N/A           16.71    21.98    8.959    9.842    116   1    0     0     38.79  45.69  0.50        N/A          0.55         N/A          50.86  43.714   1.94     7.16        4.2         73       3.8      1.13          0.43    39.66     0.52    0.46    0.65    0.94    0.64     84.96   3.89    62.63   61.49   0.48    290.80     14.17    74.50  
61   TR875TS162_4        162     42.24    100.00  58    N/A       N/A        0.35      N/A        29.74    N/A           10.91    19.94    9.258    10.064   116   0    0     0     36.21  43.10  N/A         N/A          0.27         N/A          50.00  42.929   2.14     7.34        3.4         64       3.5      1.18          0.42    38.79     0.52    0.45    0.62    0.94    0.64     83.30   3.89    61.08   60.46   0.47    249.30     15.73    N/A    
62   TR875TS073_1        073     42.03    100.00  62    0.22      N/A        0.30      N/A        29.09    N/A           13.82    20.98    8.866    9.636    116   1    0     0     37.93  44.83  0.39        N/A          0.46         N/A          50.86  41.005   1.97     7.52        4           70       3.6      1.45          0.43    39.66     0.51    0.45    0.62    0.96    0.65     86.20   3.89    61.50   60.38   0.47    285.70     14.56    62.48  
63   TR875TS295_5        295     42.03    100.00  62    N/A       N/A        0.30      N/A        28.23    N/A           10.42    19.34    9.069    9.875    116   0    0     0     34.48  48.28  N/A         N/A          0.08         N/A          53.45  39.776   2.26     7.34        3.4         71       4.6      2.76          0.39    40.09     0.50    0.46    0.65    0.98    0.64     85.70   3.89    61.30   61.84   0.49    251.10     15.08    N/A    
64   TR875TS081_1        081     42.03    100.00  62    0.22      N/A        0.30      N/A        29.96    N/A           12.60    21.69    9.196    9.947    116   4    0     0     37.07  43.10  0.29        N/A          0.36         N/A          50.00  41.954   2.03     7.16        4.1         71       3.6      1.25          0.43    39.66     0.52    0.46    0.63    0.95    0.64     86.20   3.89    61.21   60.74   0.48    264.20     15.91    52.14  
65   TR875TS023_3        023     42.03    100.00  62    N/A       N/A        0.30      N/A        29.96    N/A           14.71    21.74    9.198    9.913    116   0    0     0     0.00   0.00   N/A         N/A          -3.64        N/A          0.00   44.07    2.22     7.16        4.7         75       3.9      0.81          0.46    43.97     0.56    0.49    0.64    0.90    0.64     86.90   4.07    61.86   64.94   0.48    321.80     14.24    60.27  
66   TR875TS023_5        023     42.03    100.00  62    N/A       N/A        0.30      N/A        29.74    N/A           15.40    20.76    9.143    9.94     116   0    0     0     0.00   0.00   N/A         N/A          -3.64        N/A          0.00   43.257   2.04     7.16        4.2         74       3.6      0.78          0.44    40.09     0.55    0.47    0.63    0.96    0.64     84.50   3.89    61.28   62.65   0.48    308.90     15.14    60.00  
67   TR875TS418_3        418     42.03    100.00  62    N/A       N/A        0.30      N/A        29.09    N/A           12.02    20.88    9.651    10.406   116   0    0     0     39.66  48.28  N/A         N/A          0.64         N/A          52.59  43.133   2.04     7.34        4.3         73       3.3      3.94          0.41    38.79     0.50    0.46    0.65    1.01    0.64     78.10   3.89    60.42   59.25   0.48    298.70     17.07    N/A    
68   TR875TS430_5        430s    42.03    100.00  62    N/A       N/A        0.30      0.36       29.53    N/A           10.74    20.29    9.244    10.008   116   1    0     0     35.34  43.10  N/A         N/A          0.18         -0.15        50.00  41.909   2.09     6.98        4.1         73       3.6      1.86          0.43    38.79     0.52    0.45    0.63    0.97    0.64     86.90   3.89    60.87   60.92   0.48    292.80     15.83    62.88  
69   TR875TS430_4        430s    42.03    100.00  62    N/A       N/A        0.30      0.36       29.53    N/A           11.71    20.58    9.209    10.022   116   1    0     0     35.34  43.10  N/A         N/A          0.18         -0.15        50.00  42.586   2.10     6.98        4.3         68       3.5      1.75          0.42    38.36     0.52    0.45    0.63    0.98    0.64     86.90   3.89    60.69   61.09   0.48    272.90     15.66    62.72  
70   TR875TS474_1        474     42.03    100.00  62    0.22      N/A        0.30      N/A        28.02    N/A           9.95     16.96    9.092    9.949    116   1    0     0     37.07  43.97  0.29        N/A          0.36         N/A          50.00  40.6     2.00     6.80        4.3         71       3.2      2.58          0.40    39.22     0.51    0.46    0.65    0.98    0.64     87.10   3.89    61.60   61.16   0.48    304.80     14.72    51.21  
71   TR875TS162_2        162     42.03    100.00  62    N/A       N/A        0.30      N/A        28.45    N/A           11.33    20.89    9.167    9.952    116   0    0     0     36.21  43.10  N/A         N/A          0.27         N/A          50.00  43.057   2.05     7.16        4.3         73       3.6      1.15          0.43    39.66     0.52    0.45    0.63    0.98    0.64     87.40   3.89    60.87   60.04   0.48    299.70     15.74    N/A    
72   TR875TS250_1        250s    42.03    100.00  62    0.22      0.27       0.30      0.36       29.95    0.65          14.20    22.05    9.154    9.934    116   0    0     0     37.07  43.97  0.29        0.58         0.36         0.80         50.86  44.756   2.06     6.43        3.4         62       3.5      0.71          0.44    39.66     0.55    0.47    0.62    0.98    0.64     87.70   3.89    61.60   63.11   0.48    248.80     15.06    63.22  
73   TR875TS295_1        295     41.81    100.00  73    0.17      N/A        0.25      N/A        28.45    N/A           11.87    20.39    9.306    9.995    116   0    0     0     36.21  49.14  0.18        N/A          0.27         N/A          54.31  39.408   2.24     8.98        3.7         74       3.7      2.55          0.38    34.48     0.50    0.44    0.65    0.96    0.64     79.60   3.89    59.97   58.77   0.48    252.00     14.98    N/A    
74   TR875TS393_1        393     41.81    100.00  73    0.17      N/A        0.25      N/A        28.66    N/A           13.05    21.06    9.099    9.852    116   1    0     0     35.34  43.97  0.07        N/A          0.18         N/A          50.86  40.575   2.14     7.34        4.1         71       3.4      3.09          0.44    40.09     0.53    0.48    0.64    0.95    0.64     79.70   3.89    60.23   60.96   0.48    299.20     14.56    59.82  
75   TR875TS474_4        474     41.81    100.00  73    N/A       N/A        0.25      N/A        28.66    N/A           12.33    20.32    9.177    9.886    116   0    0     0     38.79  45.69  N/A         N/A          0.55         N/A          51.72  40.564   2.14     7.16        4           70       3.4      2.75          0.38    33.19     0.49    0.42    0.59    1.21    0.62     87.30   3.89    59.70   59.71   0.47    313.80     15.72    52.21  
76   TR875TS060_2        060     41.81    100.00  73    N/A       N/A        0.25      N/A        26.94    N/A           10.31    17.33    11.023   11.535   116   0    0     0     35.34  43.10  N/A         N/A          0.18         N/A          49.14  37.414   2.26     9.52        3.8         82       4.5      1.41          0.40    30.17     0.48    0.41    0.64    1.24    0.56     82.30   3.29    58.30   58.53   0.47    294.90     19.08    66.11  
77   TR875TS060_1        060     41.81    100.00  73    0.17      N/A        0.25      N/A        27.59    N/A           7.78     16.10    11.144   11.635   116   0    0     0     0.00   0.00   -4.39       N/A          -3.64        N/A          0.00   41.796   2.21     9.16        3.7         84       4.9      1.36          0.39    31.03     0.49    0.40    0.62    1.21    0.56     79.20   3.50    58.64   60.25   0.48    265.00     20.86    64.83  
78   TR875TS418_5        418     41.81    100.00  73    N/A       N/A        0.25      N/A        29.96    N/A           10.67    20.46    9.382    10.175   116   0    0     0     38.79  42.24  N/A         N/A          0.55         N/A          47.41  41.652   2.13     6.61        3.9         68       3.5      4.05          0.40    31.47     0.47    0.42    0.61    1.17    0.63     76.80   3.89    60.08   58.38   0.46    276.40     19.73    N/A    
79   TR875TS330_2        330     41.81    100.00  73    N/A       N/A        0.25      N/A        28.23    N/A           11.42    20.91    10.464   11.086   116   1    0     0     37.93  43.10  N/A         N/A          0.46         N/A          50.00  41.152   2.04     6.80        3.2         69       4.2      1.29          0.40    37.50     0.51    0.42    0.52    1.19    0.58     70.30   3.70    59.00   61.29   0.47    240.00     20.92    52.85  
80   TR875TS430_2        430s    41.81    100.00  73    N/A       N/A        0.25      0.24       29.53    N/A           12.31    21.15    9.25     10.001   116   1    0     0     35.34  43.10  N/A         N/A          0.18         -0.15        50.00  43.172   2.25     6.98        4.2         69       3.7      1.47          0.43    38.79     0.52    0.45    0.63    0.97    0.64     86.90   3.89    60.86   61.22   0.48    276.50     15.66    62.65  
81   TR875TS247_1        247     41.59    100.00  81    0.11      N/A        0.19      N/A        26.72    N/A           11.51    16.59    10.31    11.142   116   0    0     0     35.34  41.38  0.07        N/A          0.18         N/A          48.28  38.297   2.05     8.07        3.9         80       3.9      0.89          0.42    39.22     0.51    0.44    0.63    1.10    0.55     86.90   3.29    59.62   59.73   0.47    258.70     21.10    N/A    
82   TR875TS073_2        073     41.59    100.00  81    N/A       N/A        0.19      N/A        28.45    N/A           12.86    20.31    8.801    9.599    116   1    0     0     37.07  43.97  N/A         N/A          0.36         N/A          50.00  41.719   2.12     7.16        3.6         78       4.6      1.55          0.43    40.52     0.50    0.46    0.63    0.96    0.65     86.20   3.50    61.60   60.54   0.48    259.20     14.36    63.74  
83   TR875TS418_2        418     41.59    100.00  81    N/A       N/A        0.19      N/A        29.74    N/A           10.44    19.95    9.034    9.816    116   0    0     0     38.79  45.69  N/A         N/A          0.55         N/A          51.72  43.664   2.07     7.34        4.6         73       3.6      3.85          0.40    36.21     0.48    0.43    0.65    1.01    0.65     76.00   3.89    61.17   59.45   0.47    284.20     16.06    N/A    
84   TR875TS073_3        073     41.59    100.00  81    N/A       N/A        0.19      N/A        28.45    N/A           11.76    20.14    9.139    9.915    116   1    0     0     36.21  45.69  N/A         N/A          0.27         N/A          52.59  42.294   2.17     7.16        4.1         71       3.6      1.27          0.42    37.93     0.51    0.45    0.62    0.96    0.64     87.10   3.89    60.73   60.53   0.48    299.20     15.01    63.70  
85   TR875TS396_3        396     41.59    100.00  81    N/A       N/A        0.19      N/A        28.45    N/A           9.40     20.35    10.347   10.791   116   0    0     0     38.79  42.24  N/A         N/A          0.55         N/A          47.41  40.868   1.80     6.98        3.7         64       3.5      2.72          0.38    29.74     0.49    0.42    0.55    1.20    0.62     76.30   3.89    56.48   59.21   0.44    246.20     26.93    N/A    
86   TR875TS324_1        324     41.59    100.00  81    0.11      N/A        0.19      N/A        27.80    N/A           9.49     20.36    8.966    9.645    116   0    0     0     33.62  42.24  -0.15       N/A          -0.01        N/A          48.28  38.9     2.20     5.16        3.5         71       3.6      3.38          0.40    33.19     0.48    0.42    0.64    1.12    0.64     86.10   3.89    60.79   61.18   0.47    261.20     14.22    61.16  
87   TR875TS324_3        324     41.59    100.00  81    N/A       N/A        0.19      N/A        27.59    N/A           11.49    20.20    9.017    9.752    116   0    0     0     34.48  41.38  N/A         N/A          0.08         N/A          47.41  38.33    2.12     5.16        3.3         66       3.4      2.72          0.39    32.76     0.48    0.42    0.64    1.10    0.64     86.10   3.89    60.66   60.87   0.45    267.60     14.62    61.53  
88   TR875TS220_5        220s    41.59    100.00  81    N/A       N/A        0.19      0.11       29.09    N/A           13.02    21.63    9.231    10.007   116   0    0     0     37.07  42.24  N/A         N/A          0.36         0.80         49.14  42.082   2.15     6.07        4.4         73       3.9      2.28          0.43    40.52     0.53    0.45    0.63    0.95    0.63     84.90   3.89    61.83   62.46   0.48    285.30     15.03    62.72  
89   TR875TS474_2        474     41.59    100.00  81    N/A       N/A        0.19      N/A        28.23    N/A           12.04    19.57    8.997    9.869    116   1    0     0     36.21  45.69  N/A         N/A          0.27         N/A          51.72  41.845   2.16     7.89        4.1         73       3.4      2.56          0.40    37.93     0.50    0.45    0.66    0.97    0.64     88.30   3.89    61.84   61.71   0.48    284.00     15.25    51.52  
90   TR875TS001_4        001     41.59    100.00  81    N/A       N/A        0.19      N/A        28.02    N/A           13.74    21.83    8.97     9.855    116   1    0     0     37.07  43.10  N/A         N/A          0.36         N/A          50.00  42.135   2.07     5.71        3.6         72       4        2.13          0.43    40.52     0.54    0.46    0.65    0.97    0.63     72.67   3.70    62.74   59.59   0.47    278.30     13.11    N/A    
91   TR875TS480_3        480     41.38    100.00  91    N/A       N/A        0.15      N/A        27.80    N/A           13.76    21.13    9.001    9.732    116   1    0     0     36.21  45.69  N/A         N/A          0.27         N/A          51.72  41.518   2.05     7.16        4.3         69       4.1      2.99          0.42    39.22     0.50    0.46    0.66    0.97    0.63     80.40   3.70    62.56   60.65   0.47    263.80     15.29    60.83  
92   TR875TS102_3        102     41.38    100.00  91    N/A       N/A        0.15      N/A        28.23    N/A           12.54    20.61    9.172    9.968    116   1    0     0     37.93  44.83  N/A         N/A          0.46         N/A          51.72  43.574   2.17     6.98        4.8         71       3.7      1.62          0.41    40.95     0.52    0.45    0.62    0.97    0.64     86.55   3.89    60.88   61.51   0.48    286.80     14.83    60.28  
93   TR875TS480_5        480     41.38    100.00  91    N/A       N/A        0.15      N/A        27.16    N/A           11.20    19.49    8.993    9.744    116   1    0     0     34.48  44.83  N/A         N/A          0.08         N/A          50.86  41.781   2.13     7.34        4           71       3.5      2.65          0.42    38.36     0.48    0.46    0.64    1.00    0.64     82.50   3.50    61.90   60.47   0.47    287.10     14.75    61.09  
94   TR875TS295_4        295     41.38    100.00  91    N/A       N/A        0.15      N/A        28.02    N/A           12.31    18.08    9.298    10.012   116   0    0     0     37.07  46.55  N/A         N/A          0.36         N/A          52.59  42.992   2.14     4.98        4.4         69       3.3      2.91          0.38    36.21     0.51    0.46    0.65    1.02    0.63     88.90   3.89    61.29   61.62   0.48    263.30     15.80    N/A    
95   TR875TS073_4        073     41.38    100.00  91    N/A       N/A        0.15      N/A        28.23    N/A           13.87    21.13    8.832    9.603    116   1    0     0     37.07  42.24  N/A         N/A          0.36         N/A          48.28  41.521   1.98     6.98        3.8         69       3.6      1.33          0.43    39.66     0.50    0.46    0.62    0.96    0.64     85.50   3.89    61.68   60.17   0.47    294.80     14.68    62.88  
96   TR875TS023_4        023     41.38    100.00  91    N/A       N/A        0.15      N/A        29.52    N/A           12.89    19.66    9.741    10.372   116   0    0     0     25.86  30.17  N/A         N/A          -0.85        N/A          35.34  42.815   2.00     6.07        4.3         72       4.2      0.60          0.44    40.09     0.55    0.49    0.65    1.00    0.62     89.30   3.89    62.64   63.94   0.47    310.40     15.93    62.22  
97   TR875TS247_2        247     41.16    100.00  97    N/A       N/A        0.09      N/A        27.15    N/A           9.67     13.92    10.344   11.16    116   0    0     0     31.90  37.93  N/A         N/A          -0.19        N/A          45.69  37.644   2.10     6.98        4.3         76       3.6      0.68          0.41    38.79     0.51    0.43    0.63    1.15    0.56     81.70   3.70    60.27   58.99   0.47    301.00     19.66    N/A    
98   TR875TS102_4        102     41.16    100.00  97    N/A       N/A        0.09      N/A        27.16    N/A           12.82    20.00    8.913    9.746    116   1    0     0     37.93  49.14  N/A         N/A          0.46         N/A          54.31  42.463   2.12     7.70        4.3         71       3.5      1.57          0.43    41.38     0.53    0.46    0.67    0.97    0.64     77.53   3.89    62.11   62.07   0.48    292.80     14.16    61.54  
99   TR875TS162_1        162     41.16    100.00  97    0.01      N/A        0.09      N/A        28.23    N/A           10.93    21.03    9.184    9.986    116   0    0     0     34.48  43.10  -0.04       N/A          0.08         N/A          50.00  42.445   2.32     6.80        4           73       3.7      1.06          0.42    39.22     0.52    0.45    0.64    0.97    0.64     86.90   3.89    61.39   60.46   0.47    276.50     15.48    N/A    
100  TR875TS418_1        418     40.95    100.00  100   -0.04     N/A        0.05      N/A        27.80    N/A           13.74    20.06    9.204    9.932    116   0    0     0     37.07  42.24  0.29        N/A          0.36         N/A          47.41  41.694   2.09     6.80        3.6         68       3.6      3.89          0.41    36.21     0.49    0.44    0.64    1.02    0.65     78.50   3.89    60.28   58.18   0.46    261.70     17.14    N/A    
101  TR875TS295_2        295     40.95    100.00  100   N/A       N/A        0.05      N/A        27.80    N/A           11.49    19.08    9.275    10.12    116   0    0     0     34.48  46.55  N/A         N/A          0.08         N/A          53.45  40.878   2.20     7.70        2.6         74       5.5      3.27          0.38    35.34     0.49    0.42    0.62    1.01    0.63     80.40   3.89    60.44   58.66   0.46    211.10     15.94    N/A    
102  TR875TS450_1        450     40.95    100.00  100   -0.04     N/A        0.05      N/A        29.31    N/A           11.47    17.26    11.55    12.028   116   0    0     0     35.34  45.69  0.07        N/A          0.18         N/A          52.59  42.228   2.15     8.07        4.7         77       3.9      2.04          0.42    38.36     0.53    0.46    0.62    0.99    0.58     78.40   4.07    59.62   63.27   0.47    280.80     21.06    64.14  
103  TR875TS324_4        324     40.95    100.00  100   N/A       N/A        0.05      N/A        26.29    N/A           10.60    19.90    8.976    9.665    116   0    0     0     33.62  39.66  N/A         N/A          -0.01        N/A          46.55  37.309   2.10     4.80        2.9         62       3.4      2.91          0.39    34.05     0.48    0.42    0.64    1.06    0.64     85.10   3.70    60.84   60.81   0.45    227.80     14.52    61.81  
104  TR875TS060_5        060     40.95    100.00  100   N/A       N/A        0.05      N/A        27.59    N/A           10.71    19.81    9.695    10.354   116   0    0     0     37.07  44.83  N/A         N/A          0.36         N/A          50.00  44.383   2.12     8.25        4           77       4.1      1.11          0.41    38.79     0.51    0.42    0.61    1.12    0.60     75.90   4.25    61.43   61.13   0.47    280.30     15.93    59.61  
105  TR875TS102_5        102     40.95    100.00  100   N/A       N/A        0.05      N/A        28.02    N/A           11.53    19.50    9.225    10.014   116   1    0     0     37.07  43.10  N/A         N/A          0.36         N/A          50.00  42.715   2.01     6.98        4.2         72       3.7      1.59          0.41    38.36     0.51    0.44    0.64    0.97    0.64     79.81   3.89    61.17   59.55   0.47    287.90     16.08    59.31  
106  TR875TS330_1        330     40.95    100.00  100   -0.04     N/A        0.05      N/A        26.08    N/A           9.51     18.85    14.962   15.038   116   1    0     0     37.07  52.59  0.29        N/A          0.36         N/A          56.03  40.076   2.43     8.79        3.5         70       2.9      1.37          0.39    36.64     0.50    0.40    0.44    1.37    0.46     84.40   3.50    55.30   58.05   0.47    262.80     27.08    61.45  
107  TR875TS162_5        162     40.52    100.00  107   N/A       N/A        -0.06     N/A        28.45    N/A           10.56    19.56    9.24     10.01    116   0    0     0     32.76  43.10  N/A         N/A          -0.10        N/A          49.14  41.895   2.32     6.98        3.8         66       3.7      1.47          0.41    38.79     0.51    0.44    0.62    0.96    0.64     81.80   3.89    60.88   58.87   0.47    240.50     15.92    N/A    
108  TR875TS450_4        450     40.52    100.00  107   N/A       N/A        -0.06     N/A        28.88    N/A           11.89    18.79    11.447   12.007   116   0    0     0     36.21  44.83  N/A         N/A          0.27         N/A          52.59  41.125   2.27     8.25        4.8         76       3.9      2.13          0.42    37.93     0.52    0.47    0.62    1.00    0.58     78.40   4.07    59.22   62.64   0.47    289.90     20.86    63.40  
109  TR875TS011_2        011     40.52    100.00  107   N/A       N/A        -0.06     N/A        28.88    N/A           13.98    19.74    11.093   11.77    116   0    0     0     37.93  43.97  N/A         N/A          0.46         N/A          51.72  42.89    2.12     7.52        5.2         73       3.4      1.62          0.43    37.50     0.55    0.47    0.63    1.02    0.58     84.30   4.07    59.87   65.19   0.47    300.30     18.28    63.27  
110  TR875TS450_2        450     40.52    100.00  107   N/A       N/A        -0.06     N/A        28.66    N/A           10.82    16.93    11.711   12.165   116   0    0     0     36.21  43.97  N/A         N/A          0.27         N/A          51.72  36.738   2.25     7.89        4.8         77       3.8      2.34          0.42    38.36     0.54    0.46    0.61    0.98    0.57     77.40   4.07    59.47   62.99   0.47    288.50     21.01    64.47  
111  TR875TS450_5        450     40.52    100.00  107   N/A       N/A        -0.06     N/A        28.02    N/A           8.87     16.75    11.958   12.443   116   0    0     0     35.34  44.83  N/A         N/A          0.18         N/A          51.72  40.259   2.22     8.07        4.6         77       3.8      2.17          0.41    37.07     0.52    0.45    0.59    0.98    0.57     70.70   4.07    58.46   62.15   0.47    272.30     20.95    63.82  
112  TR875TS247_5        247     40.30    100.00  112   N/A       N/A        -0.11     N/A        25.64    N/A           9.62     15.59    10.776   11.709   116   1    0     0     30.17  48.28  N/A         N/A          -0.38        N/A          55.17  38.261   2.38     7.52        3.7         81       5        0.91          0.40    37.93     0.51    0.44    0.60    1.12    0.55     79.50   3.70    58.56   61.26   0.46    262.50     23.95    N/A    
113  TR875TS450_3        450     40.30    100.00  112   N/A       N/A        -0.11     N/A        28.88    N/A           11.22    18.43    11.72    12.211   116   0    0     0     35.34  42.24  N/A         N/A          0.18         N/A          50.00  39.335   2.13     7.89        4.9         77       3.6      2.22          0.42    37.50     0.53    0.46    0.61    0.99    0.58     73.80   4.07    59.15   63.03   0.48    313.50     21.49    63.33  
114  TR875TS001_5        001     40.09    100.00  114   N/A       N/A        -0.16     N/A        26.73    N/A           13.31    20.14    9.176    9.978    116   1    0     0     37.07  41.38  N/A         N/A          0.36         N/A          48.28  40.358   2.12     5.52        4           64       3.2      2.37          0.42    37.50     0.54    0.45    0.62    1.03    0.63     86.15   3.70    60.69   59.11   0.45    256.80     15.45    N/A    
115  TR875TS060_3        060     40.09    100.00  114   N/A       N/A        -0.16     N/A        27.37    N/A           10.36    18.27    9.957    10.514   116   0    0     0     36.21  43.97  N/A         N/A          0.27         N/A          48.28  37.974   2.15     8.25        4.3         70       3.2      1.34          0.40    37.50     0.50    0.42    0.61    1.12    0.60     84.10   3.70    60.72   61.62   0.47    279.10     19.54    59.16  
116  TR875TS162_3        162     39.87    100.00  116   N/A       N/A        -0.21     N/A        28.02    N/A           10.51    19.63    9.236    10.01    116   0    0     0     33.62  43.97  N/A         N/A          -0.01        N/A          50.86  42.403   2.21     6.80        3.7         73       3.7      1.26          0.42    39.22     0.51    0.45    0.63    0.95    0.64     84.80   3.89    60.97   59.51   0.47    273.40     16.23    N/A    
117  TR875TS480_2        480     39.66    100.00  117   N/A       N/A        -0.26     N/A        25.86    N/A           11.26    20.05    8.896    9.651    116   0    0     0     33.62  46.55  N/A         N/A          -0.01        N/A          53.45  40.729   2.18     7.16        3.4         83       5.2      2.96          0.42    40.09     0.50    0.45    0.65    0.92    0.65     80.40   3.70    60.83   59.33   0.47    252.30     15.92    60.17  
118  TR875TS220_1        220s    39.66    100.00  117   -0.35     -1.70      -0.26     -1.02      27.37    -1.59         10.84    18.27    10.728   11.334   116   0    0     0     37.07  42.24  0.29        0.58         0.36         0.80         48.28  40.55    2.05     7.89        4.4         70       3.4      2.08          0.42    34.48     0.54    0.45    0.62    1.11    0.57     79.50   4.07    58.21   62.25   0.46    269.70     20.04    63.38  
119  TR875TS396_5        396     39.66    100.00  117   N/A       N/A        -0.26     N/A        27.37    N/A           10.93    20.39    9.991    10.7     116   0    0     0     37.93  43.10  N/A         N/A          0.46         N/A          48.28  39.037   2.05     6.43        3.3         64       3.5      1.18          0.40    34.05     0.51    0.42    0.60    1.24    0.59     84.20   3.50    57.78   59.70   0.45    255.30     18.75    N/A    
120  TR875TS011_3        011     39.44    100.00  120   N/A       N/A        -0.31     N/A        27.15    N/A           12.35    19.07    10.994   11.592   116   0    0     0     37.07  43.97  N/A         N/A          0.36         N/A          51.72  41.38    2.20     7.89        4.8         77       3.9      2.14          0.42    34.05     0.53    0.46    0.63    1.06    0.58     80.30   4.07    59.59   62.23   0.47    279.50     19.37    63.09  
121  TR875TS011_5        011     39.44    100.00  120   N/A       N/A        -0.31     N/A        27.80    N/A           12.24    17.47    11.009   11.591   116   0    0     0     36.21  43.97  N/A         N/A          0.27         N/A          51.72  43.304   2.05     7.70        4.7         75       3.7      1.98          0.42    36.64     0.53    0.46    0.62    1.06    0.58     76.90   4.07    59.17   62.55   0.47    268.40     19.24    64.14  
122  TR875TS396_4        396     39.44    100.00  120   N/A       N/A        -0.31     N/A        26.51    N/A           11.82    18.64    10.201   10.859   116   0    0     0     37.07  37.93  N/A         N/A          0.36         N/A          43.97  35.697   2.03     6.43        2.6         63       3.8      1.27          0.39    28.45     0.50    0.41    0.58    1.16    0.59     80.50   3.07    56.49   57.76   0.42    214.50     20.07    N/A    
123  TR875TS279_1        279     39.44    100.00  120   -0.41     N/A        -0.31     N/A        26.08    N/A           9.53     19.21    9.49     10.385   116   1    0     0     36.21  43.10  0.18        N/A          0.27         N/A          49.14  39.281   2.16     7.70        2.9         72       3.9      1.54          0.39    30.17     0.50    0.40    0.61    1.08    0.62     59.58   3.70    57.83   56.32   0.47    257.60     19.93    48.93  
124  TR875TS011_1        011     39.22    100.00  124   -0.46     N/A        -0.36     N/A        26.94    N/A           12.78    19.23    11.035   11.73    116   0    0     0     37.07  45.69  0.29        N/A          0.36         N/A          53.45  41.848   2.19     7.70        4.8         73       3.5      1.83          0.42    37.93     0.53    0.47    0.64    1.01    0.58     78.00   4.07    59.24   61.99   0.47    284.70     18.77    63.23  
125  TR875TS011_4        011     39.22    100.00  124   N/A       N/A        -0.36     N/A        26.51    N/A           12.24    18.57    11.216   11.853   116   0    0     0     35.34  44.83  N/A         N/A          0.18         N/A          52.59  40.708   2.23     8.07        4.5         73       3.5      1.67          0.41    34.91     0.53    0.45    0.62    1.04    0.58     84.30   4.07    59.32   61.91   0.47    301.20     19.84    62.97  
126  TR875TS081_4        081     39.01    100.00  126   N/A       N/A        -0.41     N/A        25.43    N/A           9.44     14.49    9.403    10.214   116   1    0     0     33.62  42.24  N/A         N/A          -0.01        N/A          48.28  35.633   2.22     5.16        2.6         64       4.4      1.83          0.42    38.36     0.52    0.45    0.60    1.04    0.63     89.90   3.50    59.56   60.73   0.46    211.20     18.80    59.21  
127  TR875TS220_4        220s    39.01    100.00  126   N/A       N/A        -0.41     -1.40      25.00    N/A           7.11     15.48    9.413    10.148   116   0    0     0     32.76  43.10  N/A         N/A          -0.10        -1.57        50.00  36.746   2.29     7.89        3.9         67       3.4      2.18          0.38    25.86     0.48    0.38    0.64    1.15    0.64     70.80   3.70    57.59   55.76   0.46    230.80     17.68    63.45  
128  TR875TS220_3        220s    38.79    100.00  128   N/A       N/A        -0.46     -1.53      26.29    N/A           10.56    15.91    10.71    11.155   116   0    0     0     30.17  42.24  N/A         N/A          -0.38        -2.99        50.86  36.922   2.37     7.16        3.9         68       3.3      2.07          0.41    36.21     0.53    0.45    0.60    1.00    0.62     82.40   3.89    57.35   59.35   0.48    254.40     21.94    65.10  
129  TR875TS393_4        393     38.79    100.00  128   N/A       N/A        -0.46     N/A        26.08    N/A           10.82    20.23    12.39    12.575   116   0    0     0     35.34  42.24  N/A         N/A          0.18         N/A          52.59  38.013   2.03     6.98        3.3         66       3.3      3.97          0.39    32.76     0.47    0.43    0.53    1.22    0.50     82.50   3.07    55.51   58.73   0.46    246.80     28.70    61.50  
130  TR875TS081_3        081     38.36    100.00  130   N/A       N/A        -0.56     N/A        24.35    N/A           9.65     16.70    9.23     10.007   116   1    0     0     31.90  41.38  N/A         N/A          -0.19        N/A          48.28  36.881   2.36     5.89        2.9         75       4.8      1.58          0.37    36.21     0.50    0.41    0.57    1.02    0.64     92.30   3.50    60.39   58.56   0.45    224.80     21.28    66.63  
131  TR875TS393_2        393     38.15    100.00  131   N/A       N/A        -0.61     N/A        24.79    N/A           9.82     16.93    9.744    10.445   116   0    0     0     30.17  38.79  N/A         N/A          -0.38        N/A          43.10  34.522   2.13     4.07        2.3         62       4        3.21          0.39    28.45     0.49    0.40    0.61    1.23    0.57     71.90   3.50    56.65   57.81   0.42    208.70     19.12    62.36  
132  TR875TS081_5        081     38.15    100.00  131   N/A       N/A        -0.61     N/A        24.35    N/A           12.11    18.67    9.434    10.222   116   1    0     0     32.76  43.10  N/A         N/A          -0.10        N/A          49.14  40.637   2.28     5.34        2.4         62       4.5      1.75          0.40    37.07     0.52    0.44    0.59    1.04    0.62     89.90   3.70    58.90   59.61   0.46    205.10     18.33    61.33  
133  TR875TS330_3        330     37.93    100.00  133   N/A       N/A        -0.66     N/A        21.77    N/A           8.58     14.82    8.658    9.113    116   1    0     0     31.90  47.41  N/A         N/A          -0.19        N/A          49.14  34.285   2.48     6.98        2.5         75       4.9      1.84          0.37    32.33     0.48    0.37    0.57    0.93    0.68     67.50   2.83    55.96   56.20   0.45    209.00     37.38    58.13  
134  TR875TS393_5        393     37.93    100.00  133   N/A       N/A        -0.66     N/A        25.21    N/A           11.04    20.01    12.625   12.746   116   0    0     0     33.62  43.10  N/A         N/A          -0.01        N/A          50.86  34.923   2.00     6.80        3.2         64       3.7      3.79          0.39    32.76     0.49    0.43    0.54    1.22    0.49     83.60   4.07    54.93   56.95   0.45    241.80     28.49    61.98  
135  TR875TS247_3        247     37.50    100.00  135   N/A       N/A        -0.76     N/A        21.98    N/A           10.27    13.09    10.715   11.667   116   0    0     0     24.14  43.10  N/A         N/A          -1.03        N/A          49.14  34.803   2.31     7.16        3.6         80       4.7      0.68          0.39    35.34     0.51    0.41    0.62    1.16    0.54     86.00   3.29    57.89   57.91   0.45    255.00     20.88    N/A    
136  TR875TS257_1        257     37.28    100.00  136   -0.93     N/A        -0.81     N/A        25.64    N/A           9.73     18.07    10.486   11.135   116   0    0     0     34.48  42.24  -0.04       N/A          0.08         N/A          47.41  37.982   2.11     6.43        2.6         60       3.4      2.20          0.39    29.74     0.48    0.40    0.57    1.22    0.56     76.70   2.83    56.27   57.92   0.44    234.80     21.90    N/A    
137  TR875TS220_2        220s    37.07    100.00  137   N/A       N/A        -0.86     -2.53      24.57    N/A           7.11     15.82    10.736   11.157   116   0    0     0     34.48  40.52  N/A         N/A          0.08         -0.62        50.00  37.392   2.21     7.70        3.3         66       3.5      2.04          0.39    34.05     0.51    0.41    0.58    1.07    0.62     78.90   3.70    56.89   58.55   0.46    234.50     23.46    65.19  
138  TR875TS393_3        393     34.91    100.00  138   N/A       N/A        -1.37     N/A        21.98    N/A           6.34     11.76    11.967   12.645   116   0    0     0     19.83  37.93  N/A         N/A          -1.50        N/A          45.69  34.135   2.21     7.52        2.4         70       3.8      3.38          0.37    28.45     0.48    0.38    0.56    1.11    0.56     72.10   3.70    56.86   55.69   0.44    203.10     23.38    66.20  
139  TR875TS330_5        330     30.17    100.00  139   N/A       N/A        -2.47     N/A        16.59    N/A           5.25     9.61     11.394   11.81    116   0    0     0     16.38  45.69  N/A         N/A          -1.87        N/A          50.86  34.665   2.46     6.25        3.5         78       3.9      2.04          0.33    29.74     0.45    0.33    0.40    1.16    0.56     77.90   1.64    46.34   50.51   0.46    245.70     50.67    52.41  
140  TR875TS381_1        381     29.53    75.86   140   -2.81     N/A        -2.62     N/A        19.61    N/A           11.92    11.18    9.425    10.177   88    0    0     0     22.41  31.90  -1.56       N/A          -1.22        N/A          37.93  28.507   2.39     3.94        0           0        N/A      2.41          0.24    22.84     0.42    0.24    0.34    0.00    0.54     24.66   2.30    35.46   32.72   0.35    N/A        N/A      N/A    
141  TR875TS330_4        330     28.45    100.00  141   N/A       N/A        -2.87     N/A        17.24    N/A           3.71     8.75     14.881   15.457   116   0    0     0     4.31   18.10  N/A         N/A          -3.17        N/A          35.34  24.432   2.50     6.43        0.6         52       3.7      1.33          0.31    19.83     0.46    0.28    0.25    1.56    0.50     72.20   1.64    40.78   47.04   0.34    120.80     78.99    46.35  
142  TR875TS399_3        399     22.84    100.00  142   N/A       N/A        -4.18     N/A        15.09    N/A           2.20     6.48     15.034   15.492   116   8    0     0     0.00   7.76   N/A         N/A          -3.64        N/A          35.34  25.902   2.31     2.62        1.1         51       3.1      3.36          0.14    15.95     0.39    0.20    0.18    1.79    0.48     55.10   2.30    33.82   41.93   0.35    142.60     113.13   38.80  
143  TR875TS399_2        399     22.84    100.00  142   N/A       N/A        -4.18     N/A        14.65    N/A           6.31     12.34    15.151   15.64    116   18   0     0     6.90   12.07  N/A         N/A          -2.89        N/A          39.66  24.937   2.53     2.25        0.9         51       3.3      3.45          0.11    18.10     0.37    0.21    0.15    1.79    0.49     52.30   2.30    31.79   43.42   0.34    137.00     107.66   26.20  
144  TR875TS399_1        399     22.20    100.00  144   -4.58     N/A        -4.33     N/A        14.65    N/A           5.69     11.16    16.202   16.562   116   10   0     0     10.34  17.24  -3.09       N/A          -2.52        N/A          40.52  27.625   2.33     2.43        1.5         60       3.5      3.28          0.14    17.24     0.39    0.21    0.19    1.68    0.50     55.10   1.99    31.42   42.34   0.36    163.00     112.78   27.16  
145  TR875TS399_5        399     21.34    100.00  145   N/A       N/A        -4.53     N/A        14.65    N/A           6.42     11.96    15.192   15.683   116   20   0     0     0.00   1.72   N/A         N/A          -3.64        N/A          37.07  26.404   2.36     1.53        1.1         53       3.9      3.33          0.13    17.67     0.38    0.21    0.17    1.66    0.49     54.60   2.58    32.65   42.07   0.37    134.90     122.31   26.15  
146  TR875TS399_4        399     21.12    100.00  146   N/A       N/A        -4.59     N/A        13.57    N/A           2.78     6.12     16.259   16.713   116   14   0     0     0.00   1.72   N/A         N/A          -3.64        N/A          28.45  16.448   2.39     1.34        0           0        N/A      3.35          0.10    18.53     0.39    0.18    -0.09   1.97    0.51     45.10   1.99    30.03   41.92   0.29    N/A        106.47   42.52  

