#    Model               GR#     GDT_TS   NP_P    RANK  Z-M1-GDT  Z-M1s-GDT  Z-MA-GDT  Z-MAs-GDT  GDT_HA   Z-M1s-GDT-HA  GDC_SC   GDC_ALL  RMS_CA   RMS_ALL  NP    err  PC01  PC05  AL0_P  AL4_P  Z-M1-AL0_p  Z-M1s-AL0_p  Z-MA-AL0_p   Z-MAs-AL0_p  ALI_P  LGA_S    RMSD[L]  Z-score[M]  Z-Score[D]  Al.Res.  RMSD[D]  MolPrb_Score  LDDT    SphGr     CAD_AA  RPF     CODM    DFM     Handed.  SOV     CE      QCS     CONTS   TMscore  Dali(raw)  FlexE    QSE    

-    Starting model      -       62.08    -       -     -         -          -         -          48.33    -             31.70    -        9.71     9.38     -     -    -     -     -      -      -           -            -            -            -      -        -        12.63       11.20       100      2.50     0.50          0.55    61.25     0.63    0.58    0.54    0.71    0.70     65.70   5.46    88.75   70.40   0.68     615.40     27.12    -      

1    TR876TS083_5        083     65.21    100.00  1     N/A       N/A        0.88      N/A        52.91    N/A           37.80    47.94    11.464   11.121   120   1    0     0     69.17  70.83  N/A         N/A          0.88         N/A          75.00  72.314   1.34     12.27       12.3        95       2.2      1.79          0.58    56.67     0.63    0.61    0.49    0.92    0.64     80.00   5.73    91.23   73.11   0.71    666.40     40.04    80.49  
2    TR876TS001_2        001     64.17    100.00  2     N/A       N/A        0.78      N/A        47.92    N/A           29.05    39.97    10.55    10.002   120   0    0     0     65.83  70.00  N/A         N/A          0.68         N/A          73.33  72.017   1.81     12.63       12.2        95       2.1      1.84          0.54    60.00     0.61    0.59    0.57    0.72    0.68     73.38   5.60    89.95   70.51   0.69    622.50     31.90    N/A    
3    TR876TS017_2        017     63.75    100.00  3     N/A       N/A        0.74      N/A        49.17    N/A           34.38    41.66    9.888    9.532    120   0    0     0     66.67  73.33  N/A         N/A          0.73         N/A          80.00  72.241   1.86     12.81       12.2        101      2.5      1.50          0.55    62.50     0.62    0.58    0.55    0.70    0.70     79.23   5.60    90.27   72.11   0.71    642.00     28.83    81.24  
4    TR876TS017_4        017     63.54    100.00  4     N/A       N/A        0.72      N/A        48.54    N/A           33.03    41.26    9.932    9.555    120   0    0     0     67.50  73.33  N/A         N/A          0.78         N/A          78.33  72.65    1.76     12.81       11.9        97       2.2      1.69          0.52    62.08     0.61    0.57    0.55    0.70    0.71     83.70   5.60    90.35   71.80   0.70    621.10     29.99    81.08  
5    TR876TS204_4        204     63.54    100.00  4     N/A       N/A        0.72      N/A        49.16    N/A           29.75    39.23    9.651    9.35     120   0    0     0     65.00  72.50  N/A         N/A          0.63         N/A          79.17  72.233   1.97     12.63       11.7        102      2.6      0.51          0.54    60.00     0.61    0.57    0.55    0.70    0.71     74.80   5.33    89.05   69.98   0.69    622.30     27.64    N/A    
6    TR876TS265_1        265     63.33    100.00  6     0.63      N/A        0.71      N/A        49.79    N/A           37.73    42.58    9.797    9.431    120   0    0     0     64.17  70.00  0.51        N/A          0.58         N/A          75.83  67.367   1.84     12.63       11.4        99       2.4      1.07          0.56    61.67     0.64    0.59    0.57    0.71    0.70     72.50   5.33    89.56   72.14   0.69    623.60     27.79    72.43  
7    TR876TS102_2        102     63.33    100.00  6     N/A       N/A        0.71      N/A        49.59    N/A           31.82    39.28    9.784    9.44     120   4    0     0     64.17  72.50  N/A         N/A          0.58         N/A          79.17  68.503   1.90     12.99       11.8        103      2.9      2.10          0.54    63.33     0.61    0.59    0.56    0.66    0.71     83.20   5.60    89.41   71.52   0.69    621.90     29.45    N/A    
8    TR876TS017_5        017     63.12    100.00  8     N/A       N/A        0.69      N/A        48.54    N/A           32.33    41.89    9.674    9.288    120   0    0     0     66.67  73.33  N/A         N/A          0.73         N/A          79.17  72.555   1.88     12.63       12          101      2.5      1.15          0.54    61.67     0.62    0.58    0.56    0.67    0.71     70.11   5.60    89.98   71.92   0.70    626.30     28.49    80.88  
9    TR876TS118_4        118     63.12    100.00  8     N/A       N/A        0.69      N/A        50.21    N/A           33.37    40.03    9.146    8.871    120   0    0     0     62.50  70.00  N/A         N/A          0.48         N/A          76.67  71.942   1.74     12.99       11.5        103      2.7      1.84          0.51    59.17     0.62    0.58    0.58    0.62    0.72     74.87   5.60    89.38   71.02   0.71    628.10     24.73    N/A    
10   TR876TS204_1        204     63.12    100.00  8     0.61      N/A        0.69      N/A        49.17    N/A           31.44    37.35    9.713    9.407    120   0    0     0     65.83  71.67  0.64        N/A          0.68         N/A          78.33  70.163   2.03     12.63       11.4        100      2.5      0.51          0.55    60.83     0.62    0.58    0.54    0.72    0.70     75.30   5.46    89.16   71.62   0.68    626.40     26.77    N/A    
11   TR876TS247_3        247     63.12    100.00  8     N/A       N/A        0.69      N/A        49.38    N/A           37.71    44.70    9.699    9.453    120   0    0     0     66.67  70.00  N/A         N/A          0.73         N/A          75.00  72.588   1.84     12.99       12.4        101      3        1.14          0.60    62.92     0.66    0.63    0.57    0.69    0.71     84.60   5.60    90.79   73.96   0.71    674.50     28.98    N/A    
12   TR876TS247_2        247     63.12    100.00  8     N/A       N/A        0.69      N/A        49.58    N/A           37.44    43.06    9.82     9.456    120   0    0     0     67.50  72.50  N/A         N/A          0.78         N/A          77.50  72.701   1.66     12.45       12.5        103      2.6      0.69          0.60    62.50     0.67    0.64    0.54    0.70    0.70     80.40   5.60    90.35   73.43   0.71    677.00     30.21    N/A    
13   TR876TS204_2        204     62.92    100.00  13    N/A       N/A        0.67      N/A        48.96    N/A           30.51    36.74    9.691    9.395    120   0    0     0     65.00  72.50  N/A         N/A          0.63         N/A          79.17  69.907   2.01     12.81       11.3        100      2.5      0.51          0.55    60.42     0.62    0.57    0.54    0.74    0.70     76.30   5.46    88.85   70.96   0.68    621.90     26.69    N/A    
14   TR876TS001_3        001     62.92    100.00  13    N/A       N/A        0.67      N/A        47.71    N/A           32.46    38.78    9.776    9.393    120   0    0     0     65.83  70.83  N/A         N/A          0.68         N/A          74.17  68.991   1.94     12.81       10.9        101      2.6      1.66          0.53    61.25     0.61    0.57    0.56    0.71    0.70     70.61   5.46    88.62   70.22   0.69    602.40     28.00    N/A    
15   TR876TS204_3        204     62.71    100.00  15    N/A       N/A        0.65      N/A        48.75    N/A           32.14    37.17    9.717    9.419    120   0    0     0     65.83  71.67  N/A         N/A          0.68         N/A          78.33  66.098   2.02     12.63       11.5        100      2.5      0.50          0.55    60.42     0.62    0.58    0.54    0.73    0.70     74.80   5.46    89.10   71.42   0.68    628.50     27.02    N/A    
16   TR876TS162_5        162     62.71    100.00  15    N/A       N/A        0.65      N/A        48.54    N/A           30.57    37.38    9.654    9.375    120   0    0     0     65.00  70.83  N/A         N/A          0.63         N/A          76.67  68.081   1.99     12.81       11.3        100      2.5      0.72          0.53    60.83     0.61    0.56    0.53    0.73    0.70     64.70   5.19    88.59   69.93   0.68    604.90     27.68    N/A    
17   TR876TS102_1        102     62.71    100.00  15    0.56      N/A        0.65      N/A        48.96    N/A           31.46    38.52    9.833    9.505    120   0    0     0     65.83  71.67  0.64        N/A          0.68         N/A          78.33  70.393   2.02     12.63       11.5        101      2.7      1.71          0.53    61.25     0.61    0.57    0.56    0.72    0.70     63.70   5.46    89.25   71.08   0.69    609.30     28.02    N/A    
18   TR876TS247_4        247     62.71    100.00  15    N/A       N/A        0.65      N/A        49.17    N/A           34.85    40.37    9.947    9.625    120   0    0     0     64.17  70.83  N/A         N/A          0.58         N/A          77.50  68.068   1.93     12.81       11.2        98       2.3      0.82          0.56    62.08     0.64    0.58    0.50    0.71    0.69     78.10   5.19    88.54   70.57   0.70    615.00     28.77    N/A    
19   TR876TS480_5        480     62.50    100.00  19    N/A       N/A        0.63      N/A        48.75    N/A           27.37    37.56    9.476    9.253    120   2    0     0     63.33  73.33  N/A         N/A          0.53         N/A          80.00  71.584   2.02     13.17       11.4        100      2.3      2.49          0.54    62.50     0.61    0.58    0.55    0.66    0.71     70.40   5.73    88.77   70.26   0.70    625.80     25.83    39.60  
20   TR876TS412_4        412     62.50    100.00  19    N/A       N/A        0.63      N/A        48.75    N/A           29.36    36.70    9.724    9.372    120   0    0     0     63.33  70.83  N/A         N/A          0.53         N/A          77.50  69.659   2.01     12.63       11.3        100      2.5      0.92          0.53    61.25     0.62    0.57    0.54    0.72    0.70     65.65   5.46    88.73   70.46   0.68    616.80     27.20    69.83  
21   TR876TS412_3        412     62.50    100.00  19    N/A       N/A        0.63      N/A        49.17    N/A           30.00    37.52    9.713    9.354    120   0    0     0     62.50  71.67  N/A         N/A          0.48         N/A          78.33  69.925   2.04     12.63       11.2        100      2.5      1.42          0.54    60.42     0.61    0.58    0.54    0.72    0.70     65.65   5.46    88.80   70.34   0.68    615.70     27.27    70.01  
22   TR876TS073_1        073     62.50    100.00  19    0.54      N/A        0.63      N/A        48.34    N/A           32.12    38.25    9.652    9.332    120   0    0     0     64.17  72.50  0.51        N/A          0.58         N/A          77.50  70.891   1.98     12.99       11.2        100      2.4      1.21          0.55    62.08     0.62    0.59    0.55    0.72    0.70     73.70   5.46    89.09   70.55   0.68    616.70     27.57    77.76  
23   TR876TS474_1        474     62.50    100.00  19    0.54      N/A        0.63      N/A        48.75    N/A           23.75    34.47    9.474    9.269    120   0    0     0     62.50  70.83  0.38        N/A          0.48         N/A          77.50  66.354   2.07     12.99       10.8        99       2.4      2.48          0.52    60.00     0.60    0.56    0.55    0.67    0.71     65.00   5.46    87.85   69.12   0.68    598.40     26.71    70.38  
24   TR876TS204_5        204     62.29    100.00  24    N/A       N/A        0.61      N/A        48.34    N/A           30.98    37.28    9.724    9.406    120   0    0     0     63.33  70.83  N/A         N/A          0.53         N/A          77.50  68.915   2.00     12.81       11.3        100      2.5      0.62          0.55    61.25     0.63    0.59    0.54    0.70    0.70     67.90   5.46    89.00   71.19   0.68    621.80     27.19    N/A    
25   TR876TS265_3        265     62.29    100.00  24    N/A       N/A        0.61      N/A        49.16    N/A           35.57    41.83    9.953    9.587    120   0    0     0     64.17  70.00  N/A         N/A          0.58         N/A          76.67  70.644   1.94     12.45       11.7        98       2.4      1.07          0.55    60.42     0.63    0.58    0.57    0.73    0.70     71.70   5.46    89.66   71.91   0.69    617.20     28.77    72.00  
26   TR876TS430_1        430s    62.29    100.00  24    0.52      1.43       0.61      0.73       49.59    1.65          27.48    37.48    9.773    9.51     120   0    0     0     61.67  71.67  0.31        -0.39        0.44         0.51         78.33  69.634   2.04     12.63       11.4        100      2.6      1.39          0.54    59.58     0.62    0.57    0.54    0.71    0.70     65.70   5.46    88.93   70.07   0.68    613.90     27.91    44.83  
27   TR876TS430_3        430s    62.29    100.00  24    N/A       N/A        0.61      0.73       49.79    N/A           28.62    37.76    9.778    9.525    120   0    0     0     62.50  71.67  N/A         N/A          0.48         0.65         78.33  66.23    1.98     12.63       11.1        100      2.6      1.10          0.54    59.58     0.61    0.57    0.54    0.71    0.70     64.40   5.46    88.79   70.03   0.68    610.70     28.08    44.83  
28   TR876TS430_4        430s    62.29    100.00  24    N/A       N/A        0.61      0.73       49.79    N/A           29.07    37.31    9.785    9.569    120   0    0     0     61.67  70.83  N/A         N/A          0.44         0.51         77.50  68.962   1.98     12.81       11.4        100      2.6      1.49          0.54    59.17     0.61    0.57    0.54    0.70    0.70     64.40   5.46    88.87   70.07   0.68    611.90     28.19    44.95  
29   TR876TS073_2        073     62.29    100.00  24    N/A       N/A        0.61      N/A        47.50    N/A           32.05    38.98    9.666    9.355    120   0    0     0     65.83  73.33  N/A         N/A          0.68         N/A          79.17  70.749   1.92     12.99       11.4        100      2.4      1.27          0.55    62.50     0.62    0.59    0.54    0.73    0.70     74.40   5.46    89.30   70.86   0.69    626.30     27.73    78.26  
30   TR876TS393_1        393     62.29    100.00  24    0.52      N/A        0.61      N/A        47.71    N/A           30.74    37.43    9.699    9.352    120   0    0     0     63.33  72.50  0.44        N/A          0.53         N/A          80.83  71.336   2.00     12.63       11          105      2.8      2.79          0.54    62.08     0.62    0.59    0.55    0.73    0.70     63.00   5.46    88.72   69.76   0.69    640.50     26.59    40.63  
31   TR876TS412_1        412     62.29    100.00  24    0.52      N/A        0.61      N/A        48.54    N/A           28.84    36.88    9.711    9.34     120   0    0     0     63.33  71.67  0.44        N/A          0.53         N/A          78.33  69.874   2.04     12.63       11.2        100      2.5      1.41          0.54    60.83     0.62    0.58    0.54    0.71    0.70     65.65   5.46    88.74   70.26   0.68    615.90     27.28    69.90  
32   TR876TS412_5        412     62.29    100.00  24    N/A       N/A        0.61      N/A        48.34    N/A           28.60    36.54    9.706    9.333    120   0    0     0     63.33  71.67  N/A         N/A          0.53         N/A          78.33  69.089   2.04     12.63       11.2        100      2.5      1.17          0.54    60.83     0.61    0.57    0.54    0.71    0.70     65.65   5.46    88.64   70.32   0.68    614.80     27.15    69.75  
33   TR876TS162_1        162     62.29    100.00  24    0.52      N/A        0.61      N/A        48.13    N/A           30.70    38.55    9.842    9.532    120   0    0     0     65.00  70.00  0.57        N/A          0.63         N/A          76.67  69.975   1.93     12.63       11.4        100      2.5      0.61          0.54    60.83     0.62    0.57    0.54    0.71    0.70     63.70   5.19    88.82   70.42   0.69    607.30     28.54    N/A    
34   TR876TS208_2        208     62.29    100.00  24    N/A       N/A        0.61      N/A        48.13    N/A           31.78    37.52    9.657    9.318    120   0    0     0     64.17  70.00  N/A         N/A          0.58         N/A          75.83  69.296   1.95     12.63       11          100      2.6      1.15          0.55    61.67     0.63    0.59    0.53    0.75    0.70     65.10   5.46    88.20   70.23   0.68    605.80     26.74    45.31  
35   TR876TS396_1        396     62.08    100.00  35    0.49      N/A        0.59      N/A        48.33    N/A           31.57    37.37    9.722    9.386    120   0    0     0     62.50  71.67  0.38        N/A          0.48         N/A          78.33  69.204   2.05     12.63       11.2        100      2.5      0.69          0.55    61.25     0.62    0.58    0.54    0.71    0.70     65.70   5.46    88.75   70.46   0.68    614.40     27.16    N/A    
36   TR876TS208_4        208     62.08    100.00  35    N/A       N/A        0.59      N/A        48.12    N/A           31.23    37.75    9.679    9.339    120   0    0     0     64.17  70.00  N/A         N/A          0.58         N/A          75.83  69.091   1.92     12.63       10.9        100      2.7      1.32          0.55    61.25     0.63    0.58    0.53    0.75    0.70     64.70   5.19    88.19   69.89   0.68    602.40     27.09    45.37  
37   TR876TS257_3        257     62.08    100.00  35    N/A       N/A        0.59      N/A        48.33    N/A           30.97    37.58    9.686    9.396    120   5    0     0     62.50  71.67  N/A         N/A          0.48         N/A          77.50  68.331   2.03     12.63       11.1        100      2.6      2.33          0.54    60.83     0.62    0.58    0.54    0.70    0.70     68.60   5.46    88.81   70.64   0.68    610.60     27.25    N/A    
38   TR876TS208_3        208     62.08    100.00  35    N/A       N/A        0.59      N/A        48.34    N/A           31.50    37.35    9.696    9.354    120   0    0     0     63.33  70.83  N/A         N/A          0.53         N/A          76.67  67.407   2.02     12.81       10.9        100      2.7      1.42          0.55    61.25     0.63    0.58    0.54    0.76    0.70     64.70   5.19    88.27   69.91   0.68    601.10     27.07    45.49  
39   TR876TS430_2        430s    62.08    100.00  35    N/A       N/A        0.59      0.69       49.59    N/A           27.63    36.84    9.78     9.496    120   0    0     0     60.83  71.67  N/A         N/A          0.39         0.36         78.33  70.065   1.98     12.63       11.4        100      2.6      1.73          0.54    59.58     0.61    0.56    0.54    0.74    0.70     64.40   5.46    88.92   69.87   0.68    611.60     27.78    44.93  
40   TR876TS474_2        474     62.08    100.00  35    N/A       N/A        0.59      N/A        48.13    N/A           21.78    33.33    9.483    9.275    120   0    0     0     62.50  70.83  N/A         N/A          0.48         N/A          77.50  66.224   2.02     12.99       10.8        100      2.4      2.97          0.50    59.58     0.59    0.55    0.53    0.71    0.71     65.00   5.60    87.57   68.97   0.68    599.40     26.88    69.83  
41   TR876TS073_5        073     62.08    100.00  35    N/A       N/A        0.59      N/A        48.54    N/A           31.88    37.47    9.71     9.372    120   0    0     0     63.33  72.50  N/A         N/A          0.53         N/A          79.17  68.934   2.07     12.63       11.2        100      2.5      1.79          0.55    61.67     0.62    0.58    0.54    0.71    0.70     65.70   5.46    88.83   70.47   0.68    616.20     27.15    73.80  
42   TR876TS102_5        102     62.08    100.00  35    N/A       N/A        0.59      N/A        47.71    N/A           26.06    36.41    9.73     9.42     120   0    0     0     60.83  70.83  N/A         N/A          0.39         N/A          77.50  65.949   1.95     12.81       11          101      2.7      2.31          0.53    61.67     0.61    0.57    0.55    0.74    0.70     82.80   5.19    88.66   70.35   0.68    591.50     27.41    73.99  
43   TR876TS430_5        430s    62.08    100.00  35    N/A       N/A        0.59      0.69       49.79    N/A           28.28    37.23    9.774    9.502    120   0    0     0     61.67  72.50  N/A         N/A          0.44         0.51         79.17  70.754   2.01     12.63       11.4        100      2.6      0.96          0.54    59.58     0.61    0.56    0.54    0.73    0.70     69.50   5.46    88.91   69.91   0.68    613.70     27.89    44.80  
44   TR876TS396_2        396     62.08    100.00  35    N/A       N/A        0.59      N/A        48.33    N/A           31.57    37.37    9.72     9.384    120   0    0     0     62.50  71.67  N/A         N/A          0.48         N/A          80.00  69.026   2.03     12.63       11.1        105      2.7      0.67          0.55    61.25     0.62    0.58    0.54    0.71    0.70     65.00   5.19    88.76   70.47   0.69    648.40     27.17    N/A    
45   TR876TS208_1        208     62.08    100.00  35    0.49      N/A        0.59      N/A        48.13    N/A           31.74    37.45    9.677    9.335    120   0    0     0     64.17  70.00  0.51        N/A          0.58         N/A          75.83  67.028   2.04     12.81       11          100      2.6      2.12          0.55    61.67     0.63    0.58    0.53    0.75    0.70     64.70   5.19    88.31   70.10   0.68    604.90     26.92    45.36  
46   TR876TS294_1        294     62.08    100.00  35    0.49      N/A        0.59      N/A        48.33    N/A           31.70    37.42    9.681    9.359    120   4    0     0     62.50  71.67  0.38        N/A          0.48         N/A          78.33  69.157   2.06     12.63       11.2        100      2.6      1.72          0.53    61.25     0.62    0.58    0.54    0.71    0.70     66.00   5.46    88.68   70.17   0.68    615.20     27.98    N/A    
47   TR876TS412_2        412     61.88    100.00  47    N/A       N/A        0.57      N/A        47.92    N/A           27.37    35.59    9.749    9.403    120   0    0     0     60.00  71.67  N/A         N/A          0.34         N/A          78.33  68.182   2.06     12.63       11          100      2.6      1.19          0.52    60.00     0.61    0.57    0.54    0.72    0.70     64.95   5.19    88.57   70.15   0.67    606.30     27.18    69.31  
48   TR876TS023_1        023     61.88    100.00  47    0.47      N/A        0.57      N/A        47.92    N/A           31.48    36.64    9.785    9.489    120   0    0     0     60.83  70.00  0.25        N/A          0.39         N/A          76.67  68.383   2.04     12.81       11.1        100      2.6      0.50          0.55    61.25     0.63    0.58    0.54    0.75    0.70     70.20   5.19    88.93   70.85   0.68    612.80     28.43    47.19  
49   TR876TS162_3        162     61.88    100.00  47    N/A       N/A        0.57      N/A        47.71    N/A           28.90    36.50    9.87     9.566    120   0    0     0     62.50  70.00  N/A         N/A          0.48         N/A          75.83  68.13    2.01     12.81       10.8        100      2.6      0.81          0.54    60.00     0.61    0.56    0.54    0.72    0.70     64.70   5.19    88.42   70.18   0.68    598.70     28.69    N/A    
50   TR876TS162_2        162     61.88    100.00  47    N/A       N/A        0.57      N/A        47.92    N/A           28.62    36.73    9.734    9.419    120   0    0     0     61.67  70.83  N/A         N/A          0.44         N/A          77.50  68.29    2.08     12.81       11.2        101      2.7      0.50          0.54    60.00     0.62    0.57    0.55    0.70    0.70     64.30   5.33    88.86   71.01   0.68    603.40     27.09    N/A    
51   TR876TS081_5        081     61.88    100.00  47    N/A       N/A        0.57      N/A        48.54    N/A           31.78    37.04    9.746    9.443    120   0    0     0     61.67  71.67  N/A         N/A          0.44         N/A          78.33  68.427   2.11     12.81       11.1        100      2.6      1.21          0.54    60.42     0.62    0.58    0.54    0.70    0.70     65.70   5.46    88.68   70.70   0.68    610.90     27.45    69.36  
52   TR876TS188_1        188     61.88    100.00  47    0.47      N/A        0.57      N/A        48.13    N/A           27.01    36.07    9.74     9.42     120   0    0     0     61.67  72.50  0.31        N/A          0.44         N/A          79.17  67.832   2.08     12.63       11          100      2.6      2.22          0.53    60.42     0.60    0.57    0.53    0.74    0.70     75.70   5.19    88.54   69.76   0.68    606.30     27.15    N/A    
53   TR876TS208_5        208     61.88    100.00  47    N/A       N/A        0.57      N/A        47.71    N/A           31.04    37.30    9.652    9.313    120   0    0     0     64.17  70.00  N/A         N/A          0.58         N/A          75.83  69.372   1.97     12.81       10.9        100      2.6      1.48          0.55    61.25     0.63    0.58    0.53    0.76    0.70     64.70   5.46    88.16   70.17   0.68    603.30     26.73    45.34  
54   TR876TS073_3        073     61.67    100.00  54    N/A       N/A        0.55      N/A        47.08    N/A           31.02    37.46    9.666    9.365    120   0    0     0     65.00  74.17  N/A         N/A          0.63         N/A          79.17  68.255   1.97     12.99       11.1        100      2.5      1.21          0.55    61.67     0.62    0.59    0.55    0.71    0.70     73.70   5.46    88.96   70.33   0.68    611.50     27.54    78.12  
55   TR876TS250_2        250s    61.46    100.00  55    N/A       N/A        0.53      0.56       47.29    N/A           30.59    37.42    9.555    9.302    120   0    0     0     60.00  71.67  N/A         N/A          0.34         0.22         78.33  69.085   2.07     13.17       11.5        100      2.4      0.69          0.55    62.92     0.63    0.59    0.55    0.69    0.71     73.20   5.46    89.18   71.84   0.69    632.10     26.58    42.90  
56   TR876TS265_2        265     61.46    100.00  55    N/A       N/A        0.53      N/A        48.75    N/A           35.87    41.17    9.963    9.616    120   0    0     0     61.67  67.50  N/A         N/A          0.44         N/A          73.33  67.415   1.95     12.45       11.4        98       2.5      1.12          0.55    61.25     0.64    0.58    0.57    0.74    0.69     72.50   5.46    89.59   71.69   0.68    602.10     27.18    70.59  
57   TR876TS265_5        265     61.46    100.00  55    N/A       N/A        0.53      N/A        47.50    N/A           36.36    40.67    9.513    9.225    120   0    0     0     61.67  70.83  N/A         N/A          0.44         N/A          77.50  67.515   1.97     12.63       11.7        101      2.6      1.12          0.56    62.92     0.63    0.58    0.58    0.72    0.71     74.10   5.33    89.28   71.89   0.69    615.60     26.48    71.47  
58   TR876TS102_4        102     61.46    100.00  55    N/A       N/A        0.53      N/A        46.88    N/A           30.47    39.52    9.789    9.504    120   0    0     0     62.50  69.17  N/A         N/A          0.48         N/A          73.33  68.787   1.82     12.63       10.8        102      2.9      1.15          0.52    59.17     0.60    0.56    0.57    0.74    0.70     71.20   5.46    87.38   69.86   0.68    572.20     29.94    72.18  
59   TR876TS017_1        017     61.46    100.00  55    0.43      N/A        0.53      N/A        45.62    N/A           30.25    35.78    9.792    9.453    120   0    0     0     63.33  70.00  0.44        N/A          0.53         N/A          75.83  66.819   2.00     12.81       10.9        101      2.7      1.60          0.51    60.42     0.61    0.57    0.55    0.73    0.70     65.05   5.46    88.20   69.66   0.68    587.50     28.36    82.25  
60   TR876TS480_4        480     61.46    100.00  55    N/A       N/A        0.53      N/A        46.88    N/A           24.91    36.14    9.202    9.019    120   0    0     0     63.33  70.83  N/A         N/A          0.53         N/A          77.50  68.215   1.90     13.17       10.6        103      2.8      2.76          0.52    60.83     0.58    0.55    0.57    0.65    0.72     75.40   5.60    88.79   68.22   0.70    589.80     24.13    39.93  
61   TR876TS023_5        023     61.46    100.00  55    N/A       N/A        0.53      N/A        47.50    N/A           32.59    37.75    9.772    9.466    120   0    0     0     63.33  70.00  N/A         N/A          0.53         N/A          76.67  68.461   2.05     12.63       11.3        100      2.6      0.50          0.55    60.83     0.64    0.58    0.54    0.75    0.70     73.20   5.19    89.07   71.64   0.68    619.40     26.95    46.86  
62   TR876TS330_5        330     61.25    100.00  62    N/A       N/A        0.51      N/A        47.71    N/A           32.54    41.77    9.68     9.312    120   3    0     0     64.17  70.83  N/A         N/A          0.58         N/A          78.33  72.383   1.81     12.45       11.3        98       2.3      2.69          0.55    58.33     0.61    0.59    0.52    0.61    0.69     80.50   5.60    88.39   68.40   0.70    621.40     28.99    84.51  
63   TR876TS446_1        446s    61.25    100.00  62    0.41      0.45       0.51      0.51       46.46    -0.15         33.83    39.75    9.703    9.4      120   0    0     0     65.00  71.67  0.57        1.69         0.63         1.08         78.33  68.634   1.97     12.99       11.3        100      2.6      0.97          0.55    61.67     0.63    0.59    0.54    0.72    0.71     75.40   5.60    89.47   72.17   0.69    620.40     27.81    73.03  
64   TR876TS330_1        330     61.25    100.00  62    0.41      N/A        0.51      N/A        48.54    N/A           30.23    40.77    8.806    8.669    120   10   0     0     61.67  69.17  0.31        N/A          0.44         N/A          77.50  72.036   1.84     12.45       11.2        96       2.1      3.17          0.54    55.42     0.59    0.57    0.54    0.76    0.70     88.50   5.33    87.58   67.74   0.70    616.40     24.63    82.73  
65   TR876TS220_2        220s    61.25    100.00  62    N/A       N/A        0.51      0.51       46.88    N/A           30.23    37.39    9.887    9.566    120   0    0     0     63.33  70.00  N/A         N/A          0.53         0.79         75.00  66.549   1.81     13.17       11.1        93       2.8      2.00          0.55    60.83     0.63    0.57    0.56    0.74    0.70     73.00   5.33    87.67   70.30   0.67    552.10     27.74    45.43  
66   TR876TS001_5        001     61.25    100.00  62    N/A       N/A        0.51      N/A        46.66    N/A           29.94    36.88    9.754    9.387    120   0    0     0     63.33  68.33  N/A         N/A          0.53         N/A          74.17  65.921   2.02     12.63       11.1        101      2.8      2.09          0.53    62.08     0.62    0.57    0.57    0.70    0.71     72.49   5.19    88.71   70.56   0.68    589.90     27.40    N/A    
67   TR876TS247_1        247     61.04    100.00  67    0.38      N/A        0.49      N/A        47.91    N/A           33.48    39.41    8.775    8.654    120   0    0     0     62.50  70.83  0.38        N/A          0.48         N/A          75.83  65.875   1.79     12.99       12          101      2.9      0.93          0.58    63.33     0.65    0.61    0.60    0.60    0.72     80.10   5.60    89.29   73.09   0.68    653.00     20.83    N/A    
68   TR876TS102_3        102     61.04    100.00  67    N/A       N/A        0.49      N/A        45.62    N/A           27.92    38.25    9.808    9.464    120   0    0     0     62.50  69.17  N/A         N/A          0.48         N/A          75.00  67.657   1.80     13.17       11.5        102      2.8      2.00          0.52    62.50     0.60    0.58    0.56    0.73    0.70     69.90   5.46    88.61   71.46   0.69    605.90     30.29    72.65  
69   TR876TS017_3        017     61.04    100.00  67    N/A       N/A        0.49      N/A        45.41    N/A           30.85    36.40    9.773    9.475    120   0    0     0     64.17  70.83  N/A         N/A          0.58         N/A          76.67  67.534   2.10     12.81       11.1        101      2.6      1.45          0.50    60.42     0.62    0.57    0.55    0.75    0.70     63.60   5.46    88.57   70.30   0.68    593.40     28.10    82.15  
70   TR876TS330_4        330     61.04    100.00  67    N/A       N/A        0.49      N/A        46.04    N/A           24.22    32.84    6.397    6.494    120   3    0     0     56.67  70.83  N/A         N/A          0.14         N/A          77.50  66.412   2.03     13.53       10.5        102      2.8      3.13          0.55    61.25     0.59    0.59    0.70    0.56    0.79     70.20   5.33    85.54   67.71   0.70    584.60     16.22    82.99  
71   TR876TS023_3        023     60.83    100.00  71    N/A       N/A        0.47      N/A        47.08    N/A           31.14    36.65    10.246   9.847    120   0    0     0     60.00  68.33  N/A         N/A          0.34         N/A          75.00  67.486   2.04     12.45       11.2        98       2.5      0.50          0.55    60.83     0.64    0.59    0.52    0.82    0.68     73.20   5.19    89.28   71.90   0.67    615.50     27.10    48.05  
72   TR876TS023_4        023     60.83    100.00  71    N/A       N/A        0.47      N/A        47.08    N/A           31.40    37.01    9.901    9.619    120   0    0     0     60.83  68.33  N/A         N/A          0.39         N/A          75.00  67.715   1.99     12.45       11.2        98       2.4      0.50          0.55    61.25     0.64    0.58    0.54    0.72    0.69     73.20   5.19    89.23   71.93   0.67    617.00     27.23    47.52  
73   TR876TS001_1        001     60.83    100.00  71    0.36      N/A        0.47      N/A        44.79    N/A           30.51    37.95    9.896    9.538    120   0    0     0     65.00  72.50  0.57        N/A          0.63         N/A          78.33  70.069   1.95     12.63       11.2        102      2.7      1.90          0.52    60.42     0.61    0.56    0.55    0.69    0.70     72.49   5.46    88.45   69.08   0.69    591.50     32.84    N/A    
74   TR876TS083_4        083     60.83    100.00  71    N/A       N/A        0.47      N/A        45.83    N/A           23.94    32.23    6.405    6.516    120   3    0     0     57.50  72.50  N/A         N/A          0.19         N/A          80.83  66.107   2.07     13.53       10.7        105      2.7      2.83          0.55    62.50     0.60    0.59    0.69    0.56    0.79     90.40   5.33    85.78   68.34   0.69    592.00     15.37    82.84  
75   TR876TS250_4        250s    60.83    100.00  71    N/A       N/A        0.47      0.43       46.04    N/A           29.24    36.03    9.76     9.499    120   0    0     0     60.83  71.67  N/A         N/A          0.39         0.36         78.33  68.237   2.03     12.63       11.3        100      2.6      0.50          0.55    61.25     0.63    0.58    0.54    0.74    0.70     74.00   5.60    89.04   71.33   0.68    620.70     27.35    44.39  
76   TR876TS073_4        073     60.62    100.00  76    N/A       N/A        0.45      N/A        46.04    N/A           29.02    35.20    9.655    9.355    120   0    0     0     60.00  74.17  N/A         N/A          0.34         N/A          78.33  65.611   2.11     12.99       10.7        101      2.8      1.14          0.54    61.25     0.61    0.58    0.55    0.69    0.70     73.70   5.46    88.40   69.45   0.67    593.80     27.22    77.35  
77   TR876TS162_4        162     60.62    100.00  76    N/A       N/A        0.45      N/A        46.04    N/A           27.16    35.70    9.833    9.524    120   0    0     0     61.67  70.83  N/A         N/A          0.44         N/A          76.67  67.525   2.05     12.81       11.1        100      2.7      0.79          0.53    60.42     0.61    0.56    0.55    0.71    0.70     64.20   5.19    88.69   70.27   0.67    593.70     28.16    N/A    
78   TR876TS118_5        118     60.42    100.00  78    N/A       N/A        0.43      N/A        46.87    N/A           29.81    36.84    9.761    9.487    120   0    0     0     59.17  67.50  N/A         N/A          0.29         N/A          74.17  64.481   1.98     12.99       10.5        100      2.6      1.56          0.53    56.67     0.61    0.55    0.54    0.67    0.70     72.59   5.46    87.74   68.95   0.68    581.80     32.78    N/A    
79   TR876TS418_5        418     60.21    100.00  79    N/A       N/A        0.41      N/A        43.54    N/A           22.92    36.10    9.386    9.077    120   2    0     0     66.67  70.00  N/A         N/A          0.73         N/A          76.67  66.215   2.00     12.81       10.9        102      3        4.12          0.52    60.83     0.56    0.57    0.59    0.68    0.71     64.50   5.60    87.50   67.85   0.69    603.80     24.62    N/A    
80   TR876TS247_5        247     60.00    100.00  80    N/A       N/A        0.39      N/A        48.12    N/A           32.67    39.92    10.676   10.234   120   0    0     0     63.33  68.33  N/A         N/A          0.53         N/A          74.17  65.45    1.79     11.91       10.8        96       2.5      0.82          0.55    58.75     0.63    0.57    0.49    0.87    0.67     74.80   5.46    89.39   70.68   0.67    597.10     29.45    N/A    
81   TR876TS061_1        061     60.00    100.00  80    0.27      N/A        0.39      N/A        44.38    N/A           30.11    34.74    9.537    9.232    120   0    0     0     60.83  70.83  0.25        N/A          0.39         N/A          77.50  64.39    2.08     12.99       10.7        100      2.6      1.05          0.54    61.67     0.62    0.59    0.54    0.78    0.70     70.60   5.33    88.29   71.37   0.67    594.80     25.77    N/A    
82   TR876TS083_1        083     60.00    100.00  80    0.27      N/A        0.39      N/A        46.25    N/A           28.20    39.13    8.552    8.402    120   3    0     0     60.83  69.17  0.25        N/A          0.39         N/A          77.50  69.789   1.83     12.45       10.8        95       2.1      2.83          0.54    57.08     0.58    0.57    0.56    0.72    0.71     80.70   5.33    87.76   68.08   0.69    597.60     20.45    83.45  
83   TR876TS265_4        265     60.00    100.00  80    N/A       N/A        0.39      N/A        47.08    N/A           34.07    39.72    10.146   9.793    120   0    0     0     61.67  67.50  N/A         N/A          0.44         N/A          73.33  67.429   1.99     12.27       10.6        98       2.6      1.00          0.54    60.83     0.64    0.58    0.56    0.78    0.69     72.50   5.46    89.36   71.50   0.67    589.60     27.89    70.61  
84   TR876TS081_1        081     59.79    100.00  84    0.25      N/A        0.38      N/A        45.00    N/A           32.44    37.93    9.734    9.419    120   5    0     0     63.33  72.50  0.44        N/A          0.53         N/A          79.17  68.076   2.08     12.63       10.8        100      2.6      1.58          0.53    60.83     0.62    0.57    0.54    0.70    0.70     63.70   5.19    88.42   70.05   0.68    595.60     27.92    70.05  
85   TR876TS220_1        220s    59.79    100.00  84    0.25      -0.94      0.38      0.21       45.84    -0.51         30.85    36.72    9.873    9.612    120   0    0     0     61.67  67.50  0.31        -0.39        0.44         0.51         72.50  60.504   1.78     12.63       10.6        101      3.1      1.82          0.54    60.83     0.62    0.57    0.56    0.79    0.70     71.00   5.19    87.03   69.53   0.66    564.80     28.00    46.86  
86   TR876TS250_1        250s    59.79    100.00  84    0.25      -0.94      0.38      0.21       45.00    -0.99         28.48    36.03    9.929    9.623    120   0    0     0     60.83  67.50  0.25        -0.91        0.39         0.36         73.33  68.393   1.82     12.63       11.1        100      2.8      0.50          0.54    61.67     0.64    0.58    0.55    0.74    0.69     73.20   5.60    89.01   71.50   0.67    609.80     27.88    45.21  
87   TR876TS273_1        273     59.38    100.00  87    0.21      N/A        0.34      N/A        45.41    N/A           26.78    33.74    9.806    9.558    120   0    0     0     59.17  69.17  0.12        N/A          0.29         N/A          75.00  62.936   2.11     12.63       10.7        100      2.8      1.68          0.53    60.42     0.62    0.57    0.54    0.74    0.70     71.70   5.19    88.37   70.00   0.66    593.50     26.83    N/A    
88   TR876TS480_2        480     59.17    100.00  88    N/A       N/A        0.32      N/A        42.71    N/A           20.76    33.40    9.608    9.457    120   1    0     0     61.67  74.17  N/A         N/A          0.44         N/A          80.00  65.813   2.17     13.35       10.8        101      2.5      2.87          0.50    60.00     0.58    0.55    0.52    0.68    0.71     73.60   5.60    -1.00   -1.00   0.68    583.80     31.01    40.38  
89   TR876TS118_3        118     59.17    100.00  88    N/A       N/A        0.32      N/A        44.79    N/A           30.76    33.95    9.626    9.362    120   0    0     0     58.33  65.83  N/A         N/A          0.24         N/A          72.50  61.424   1.96     12.63       10          98       2.8      1.67          0.51    55.83     0.61    0.55    0.55    0.74    0.71     71.30   5.19    85.67   67.40   0.66    557.40     32.68    N/A    
90   TR876TS250_3        250s    58.54    100.00  90    N/A       N/A        0.26      -0.05      44.38    N/A           28.50    35.18    10.533   10.151   120   0    0     0     59.17  66.67  N/A         N/A          0.29         0.08         73.33  65.961   2.03     11.73       10.6        97       2.8      0.69          0.53    59.17     0.63    0.57    0.53    0.91    0.67     73.20   5.19    89.01   71.19   0.65    588.30     27.28    46.28  
91   TR876TS295_4        295     58.33    100.00  91    N/A       N/A        0.24      N/A        42.71    N/A           21.44    32.36    9.946    9.674    120   0    0     0     62.50  67.50  N/A         N/A          0.48         N/A          73.33  65.794   1.98     12.99       10.3        101      2.8      2.88          0.47    55.83     0.56    0.55    0.54    0.77    0.69     62.50   5.19    87.99   66.87   0.67    574.70     31.43    N/A    
92   TR876TS295_3        295     58.33    100.00  91    N/A       N/A        0.24      N/A        42.71    N/A           23.58    32.48    9.978    9.694    120   0    0     0     57.50  68.33  N/A         N/A          0.19         N/A          74.17  63.815   1.93     12.63       10.2        99       2.7      2.91          0.45    55.42     0.56    0.55    0.53    0.82    0.68     69.90   5.46    87.61   67.43   0.66    568.20     28.74    N/A    
93   TR876TS250_5        250s    58.33    100.00  91    N/A       N/A        0.24      -0.09      44.37    N/A           28.73    35.13    10.655   10.312   120   0    0     0     57.50  65.83  N/A         N/A          0.19         -0.20        72.50  65.231   2.05     11.91       10.6        96       2.7      0.50          0.54    58.33     0.63    0.57    0.53    0.90    0.66     73.20   5.04    89.04   71.39   0.65    588.30     27.82    46.59  
94   TR876TS060_2        060     58.12    100.00  94    N/A       N/A        0.22      N/A        42.08    N/A           21.48    30.62    10.041   10.01    120   0    0     0     60.83  68.33  N/A         N/A          0.39         N/A          73.33  59.428   2.18     13.17       9.7         101      2.8      0.97          0.48    53.75     0.58    0.50    0.53    0.70    0.70     77.20   5.60    86.52   66.15   0.66    546.40     31.97    73.16  
95   TR876TS001_4        001     58.12    100.00  94    N/A       N/A        0.22      N/A        43.33    N/A           23.64    33.98    9.792    9.51     120   0    0     0     56.67  65.00  N/A         N/A          0.14         N/A          71.67  61.602   2.07     12.81       9.5         100      3.2      2.08          0.49    54.58     0.59    0.53    0.56    0.72    0.69     70.41   5.19    85.36   66.04   0.65    513.70     28.74    N/A    
96   TR876TS023_2        023     57.92    100.00  96    N/A       N/A        0.20      N/A        44.16    N/A           27.33    33.91    10.741   10.394   120   0    0     0     59.17  67.50  N/A         N/A          0.29         N/A          74.17  64.349   2.11     11.91       10.5        96       2.8      0.69          0.53    57.50     0.62    0.57    0.50    0.87    0.65     73.20   5.04    88.85   70.73   0.64    582.40     27.35    50.07  
97   TR876TS295_2        295     57.92    100.00  96    N/A       N/A        0.20      N/A        41.45    N/A           23.07    32.09    10.168   9.851    120   0    0     0     58.33  66.67  N/A         N/A          0.24         N/A          71.67  62.878   1.95     12.63       9.5         98       2.6      2.71          0.44    51.67     0.56    0.53    0.52    0.80    0.69     59.90   5.60    87.62   65.64   0.65    536.40     31.86    N/A    
98   TR876TS480_1        480     57.71    100.00  98    0.03      N/A        0.18      N/A        42.71    N/A           19.36    31.29    9.857    9.549    120   1    0     0     59.17  67.50  0.12        N/A          0.29         N/A          74.17  61.04    2.03     12.27       9.8         98       2.9      2.91          0.50    55.42     0.57    0.55    0.54    0.87    0.69     61.70   5.33    86.31   67.13   0.64    548.70     27.78    43.83  
99   TR876TS118_1        118     57.50    100.00  99    0.01      N/A        0.16      N/A        43.34    N/A           26.95    34.36    10.576   10.379   120   0    0     0     59.17  63.33  0.12        N/A          0.29         N/A          69.17  62.278   1.91     11.91       9.1         97       3        2.14          0.50    54.58     0.61    0.54    0.48    0.73    0.68     76.26   5.33    87.42   68.18   0.65    514.80     39.79    N/A    
100  TR876TS324_1        324     57.50    100.00  99    0.01      N/A        0.16      N/A        43.54    N/A           24.70    34.77    10.512   10.297   120   0    0     0     59.17  69.17  0.12        N/A          0.29         N/A          75.83  64.71    2.06     11.91       9.8         95       2.7      3.13          0.50    53.33     0.59    0.55    0.52    0.91    0.66     59.70   5.04    87.49   67.51   0.65    552.90     28.68    43.57  
101  TR876TS295_5        295     57.29    100.00  101   N/A       N/A        0.14      N/A        42.08    N/A           25.00    33.17    10.58    10.202   120   0    0     0     60.00  65.00  N/A         N/A          0.34         N/A          70.00  62.354   1.99     11.91       9.8         96       2.9      2.54          0.47    52.08     0.57    0.56    0.53    0.84    0.66     63.40   5.19    87.43   67.14   0.64    551.80     31.44    N/A    
102  TR876TS279_1        279     57.29    100.00  101   -0.02     N/A        0.14      N/A        44.59    N/A           28.58    35.73    10.314   9.998    120   1    0     0     57.50  65.83  -0.01       N/A          0.19         N/A          71.67  61.716   2.03     11.91       9.6         96       3.3      1.04          0.50    55.83     0.60    0.55    0.58    0.64    0.70     76.16   5.19    87.56   67.21   0.64    526.70     25.85    65.26  
103  TR876TS060_4        060     57.08    100.00  103   N/A       N/A        0.12      N/A        41.04    N/A           19.05    29.52    9.952    9.858    120   0    0     0     56.67  67.50  N/A         N/A          0.14         N/A          72.50  56.758   2.25     13.17       9           102      3        1.05          0.47    55.83     0.57    0.50    0.51    0.73    0.70     68.20   5.46    84.95   64.24   0.64    512.60     31.81    70.89  
104  TR876TS081_3        081     56.88    100.00  104   N/A       N/A        0.10      N/A        43.96    N/A           23.66    31.37    10.04    9.838    120   0    0     0     55.00  64.17  N/A         N/A          0.04         N/A          71.67  62.795   2.02     12.09       10          95       2.5      1.62          0.51    56.67     0.60    0.55    0.51    0.82    0.67     71.20   5.19    87.23   68.46   0.65    559.80     26.58    78.95  
105  TR876TS118_2        118     56.46    100.00  105   N/A       N/A        0.06      N/A        40.21    N/A           27.06    30.82    9.788    9.384    120   0    0     0     59.17  68.33  N/A         N/A          0.29         N/A          75.00  62.035   2.24     12.99       9.7         94       2.7      1.84          0.48    52.92     0.57    0.54    0.48    0.76    0.70     69.22   5.19    87.74   66.12   0.65    544.90     31.30    N/A    
106  TR876TS060_5        060     56.04    100.00  106   N/A       N/A        0.03      N/A        40.21    N/A           22.03    29.52    10.356   10.166   120   0    0     0     58.33  67.50  N/A         N/A          0.24         N/A          72.50  56.525   2.11     13.35       9.2         100      3        1.26          0.48    55.00     0.59    0.51    0.52    0.67    0.69     75.50   5.19    84.44   65.59   0.63    521.60     32.96    71.87  
107  TR876TS081_4        081     55.83    100.00  107   N/A       N/A        0.01      N/A        41.04    N/A           21.04    31.71    9.588    9.354    120   0    0     0     55.00  62.50  N/A         N/A          0.04         N/A          71.67  61.194   1.94     11.91       9.3         97       3        1.48          0.51    58.75     0.59    0.54    0.56    0.75    0.69     72.80   5.33    85.28   68.07   0.64    528.00     25.06    78.01  
108  TR876TS295_1        295     55.42    100.00  108   -0.22     N/A        -0.03     N/A        39.38    N/A           21.76    30.76    10.102   9.822    120   0    0     0     59.17  65.00  0.12        N/A          0.29         N/A          70.83  57.121   2.02     12.27       9.5         98       2.9      3.08          0.43    54.17     0.55    0.54    0.54    0.75    0.68     72.80   5.19    86.76   66.31   0.65    536.50     30.78    N/A    
109  TR876TS480_3        480     55.00    100.00  109   N/A       N/A        -0.07     N/A        40.42    N/A           18.73    29.68    9.646    9.359    120   2    0     0     54.17  64.17  N/A         N/A          -0.01        N/A          70.00  54.208   2.12     12.99       8.5         95       2.9      3.52          0.48    57.08     0.55    0.53    0.50    0.73    0.69     80.10   5.33    84.12   65.83   0.63    491.80     26.23    45.54  
110  TR876TS060_1        060     54.79    100.00  110   -0.28     N/A        -0.09     N/A        41.46    N/A           21.31    28.57    11.044   10.721   120   0    0     0     55.83  65.00  -0.14       N/A          0.09         N/A          70.00  54.454   2.02     12.45       8.5         98       3.2      1.03          0.46    52.08     0.56    0.49    0.48    0.82    0.66     69.00   5.19    85.31   65.45   0.61    488.70     32.20    68.86  
111  TR876TS081_2        081     54.58    100.00  111   N/A       N/A        -0.11     N/A        39.38    N/A           19.70    28.93    9.634    9.387    120   0    0     0     55.83  60.83  N/A         N/A          0.09         N/A          69.17  59.343   2.06     11.91       8.9         96       3.1      1.86          0.48    58.33     0.58    0.54    0.56    0.74    0.69     71.70   5.33    84.45   66.94   0.63    511.20     25.05    78.33  
112  TR876TS324_5        324     54.38    100.00  112   N/A       N/A        -0.13     N/A        38.96    N/A           19.92    29.58    10.269   10.097   120   0    0     0     57.50  68.33  N/A         N/A          0.19         N/A          75.83  60.545   2.12     12.27       9.8         96       2.9      3.50          0.49    54.17     0.55    0.54    0.54    0.84    0.65     80.70   5.19    86.81   66.90   0.64    551.60     23.26    44.96  
113  TR876TS060_3        060     53.96    100.00  113   N/A       N/A        -0.17     N/A        36.66    N/A           21.59    27.72    9.915    9.654    120   0    0     0     55.00  69.17  N/A         N/A          0.04         N/A          74.17  55.322   2.42     13.35       8.7         101      3.3      1.25          0.47    56.67     0.57    0.50    0.56    0.69    0.70     76.00   5.19    84.59   63.40   0.63    492.30     28.17    70.32  
114  TR876TS324_3        324     53.75    100.00  114   N/A       N/A        -0.19     N/A        38.54    N/A           19.53    27.77    10.865   10.591   120   1    0     0     55.00  68.33  N/A         N/A          0.04         N/A          74.17  56.392   2.07     12.27       9.5         91       2.8      3.41          0.49    54.58     0.56    0.53    0.52    0.95    0.63     84.70   5.33    86.90   66.98   0.62    534.80     22.22    45.96  
115  TR876TS324_4        324     53.33    100.00  115   N/A       N/A        -0.23     N/A        37.92    N/A           21.19    29.04    10.363   10.223   120   0    0     0     55.83  67.50  N/A         N/A          0.09         N/A          73.33  59.159   2.06     12.27       9.6         96       3.1      3.00          0.49    52.92     0.56    0.54    0.53    0.88    0.65     81.80   5.19    86.79   66.60   0.63    540.00     23.27    45.75  
116  TR876TS324_2        324     52.71    100.00  116   N/A       N/A        -0.28     N/A        37.50    N/A           17.90    28.12    10.366   10.24    120   0    0     0     54.17  67.50  N/A         N/A          -0.01        N/A          73.33  59.345   2.07     12.27       9.6         95       2.9      3.29          0.49    52.08     0.57    0.53    0.53    0.89    0.64     73.70   5.19    86.66   66.59   0.63    539.80     23.17    45.99  
117  TR876TS418_2        418     52.50    100.00  117   N/A       N/A        -0.30     N/A        35.00    N/A           16.16    26.34    9.741    9.565    120   0    0     0     51.67  65.00  N/A         N/A          -0.15        N/A          69.17  53.045   2.27     12.99       8.1         99       3.1      4.00          0.43    54.17     0.51    0.48    0.55    0.79    0.70     53.30   5.04    83.02   61.55   0.62    470.40     32.98    N/A    
118  TR876TS418_3        418     52.50    100.00  117   N/A       N/A        -0.30     N/A        35.83    N/A           14.81    25.30    12.404   11.702   120   1    0     0     50.83  65.83  N/A         N/A          -0.20        N/A          68.33  54.139   2.28     12.99       6.5         94       3        3.88          0.43    47.08     0.51    0.46    0.54    1.05    0.66     50.00   5.33    81.47   59.16   0.59    413.20     37.75    N/A    
119  TR876TS396_5        396     51.88    100.00  119   N/A       N/A        -0.36     N/A        36.25    N/A           20.11    29.40    9.127    9.069    120   0    0     0     49.17  63.33  N/A         N/A          -0.30        N/A          63.33  52.074   2.04     11.91       6.8         90       4.5      2.90          0.46    40.00     0.51    0.49    0.62    1.00    0.65     66.70   5.19    79.90   57.86   0.58    436.30     26.26    N/A    
120  TR876TS220_3        220s    51.67    100.00  120   N/A       N/A        -0.38     -1.47      34.79    N/A           19.51    26.32    8.266    8.04     120   0    0     0     51.67  58.33  N/A         N/A          -0.15        -1.20        58.33  48.372   2.21     12.81       7.1         95       3.9      1.95          0.50    55.83     0.58    0.54    0.72    0.67    0.74     78.90   5.60    83.65   65.11   0.56    426.30     14.86    53.56  
121  TR876TS011_4        011     51.67    100.00  120   N/A       N/A        -0.38     N/A        34.58    N/A           18.86    25.86    10.853   10.512   120   0    0     0     49.17  61.67  N/A         N/A          -0.30        N/A          63.33  52.914   1.95     12.45       8           91       3        2.16          0.47    49.58     0.56    0.50    0.61    0.90    0.64     74.20   5.46    82.59   61.95   0.58    464.80     22.95    53.20  
122  TR876TS418_4        418     51.46    100.00  122   N/A       N/A        -0.40     N/A        36.66    N/A           19.24    30.66    10.322   10.335   120   1    0     0     55.83  60.00  N/A         N/A          0.09         N/A          66.67  57.681   2.00     9.94        8           84       2.7      4.10          0.41    47.50     0.52    0.46    0.59    0.90    0.69     53.20   5.04    82.21   61.11   0.59    441.40     33.91    N/A    
123  TR876TS396_4        396     51.04    100.00  123   N/A       N/A        -0.44     N/A        35.42    N/A           17.94    26.95    11.448   11.166   120   0    0     0     52.50  63.33  N/A         N/A          -0.11        N/A          65.00  54.956   1.94     12.63       7           88       2.8      0.92          0.46    43.75     0.56    0.51    0.56    0.89    0.64     66.20   5.19    79.31   63.52   0.58    444.10     28.69    N/A    
124  TR876TS011_3        011     51.04    100.00  123   N/A       N/A        -0.44     N/A        33.75    N/A           18.62    24.98    11.474   10.951   120   0    0     0     45.00  61.67  N/A         N/A          -0.55        N/A          63.33  52.981   2.05     12.63       7.8         90       2.9      1.92          0.47    47.92     0.56    0.50    0.58    0.95    0.62     75.10   5.46    82.26   62.38   0.58    455.50     24.23    53.84  
125  TR876TS011_2        011     51.04    100.00  123   N/A       N/A        -0.44     N/A        34.17    N/A           18.20    25.20    10.697   10.369   120   0    0     0     42.50  63.33  N/A         N/A          -0.70        N/A          65.00  50.868   2.07     12.45       7.7         90       2.8      2.25          0.46    48.33     0.55    0.48    0.58    0.92    0.64     70.20   5.33    81.09   61.75   0.58    454.90     22.48    52.80  
126  TR876TS220_4        220s    50.83    100.00  126   N/A       N/A        -0.46     -1.65      33.54    N/A           18.12    25.38    8.335    8.144    120   1    0     0     48.33  61.67  N/A         N/A          -0.35        -1.77        62.50  47.143   2.21     12.45       7.1         94       3.6      2.06          0.49    55.00     0.56    0.54    0.73    0.67    0.74     70.80   5.46    83.60   65.02   0.56    424.90     13.39    52.82  
127  TR876TS011_5        011     50.42    100.00  127   N/A       N/A        -0.50     N/A        32.91    N/A           18.03    24.69    11.522   11.014   120   0    0     0     45.83  65.00  N/A         N/A          -0.50        N/A          66.67  52.672   2.08     12.63       7.4         89       2.8      2.02          0.46    47.50     0.55    0.48    0.58    0.94    0.62     68.80   5.46    81.14   61.49   0.58    437.70     24.57    53.65  
128  TR876TS011_1        011     49.38    100.00  128   -0.86     N/A        -0.60     N/A        31.67    N/A           16.44    22.84    11.587   11.111   120   0    0     0     48.33  61.67  -0.72       N/A          -0.35        N/A          63.33  45.892   2.25     12.63       7           90       3        1.23          0.46    49.58     0.56    0.50    0.58    0.91    0.62     78.60   5.19    80.27   61.97   0.56    419.60     24.52    55.19  
129  TR876TS418_1        418     48.75    100.00  129   -0.93     N/A        -0.65     N/A        33.12    N/A           14.22    24.81    10.333   10.305   120   0    0     0     42.50  62.50  -1.17       N/A          -0.70        N/A          64.17  49.32    2.33     10.84       5.9         85       3        3.94          0.41    37.08     0.50    0.42    0.50    1.00    0.65     42.40   5.04    68.87   54.75   0.55    370.90     37.71    N/A    
130  TR876TS450_5        450     48.33    100.00  130   N/A       N/A        -0.69     N/A        31.25    N/A           14.02    20.38    10.414   10.248   120   0    0     0     37.50  60.00  N/A         N/A          -0.99        N/A          61.67  47.248   2.35     12.09       7           88       3.1      1.80          0.45    48.33     0.55    0.48    0.63    0.91    0.65     73.00   5.33    80.40   60.90   0.55    419.10     20.54    55.68  
131  TR876TS393_4        393     47.92    100.00  131   N/A       N/A        -0.73     N/A        31.25    N/A           17.59    22.64    11.259   11.04    120   0    0     0     45.83  63.33  N/A         N/A          -0.50        N/A          63.33  51.905   2.05     12.63       8           89       2.9      3.09          0.45    45.83     0.54    0.47    0.53    0.89    0.65     71.10   5.19    80.17   57.41   0.57    441.90     29.37    50.43  
132  TR876TS393_5        393     46.46    100.00  132   N/A       N/A        -0.87     N/A        28.75    N/A           16.70    20.39    9.412    9.401    120   0    0     0     37.50  60.83  N/A         N/A          -0.99        N/A          65.83  45.148   2.39     12.81       6.5         95       3.3      2.90          0.44    43.33     0.52    0.45    0.69    0.80    0.70     63.50   4.89    76.19   53.43   0.58    418.70     17.18    52.47  
133  TR876TS450_4        450     46.25    100.00  133   N/A       N/A        -0.89     N/A        28.12    N/A           14.03    19.90    10.49    10.288   120   0    0     0     38.33  56.67  N/A         N/A          -0.94        N/A          58.33  45.097   2.27     12.09       6.5         86       3.1      1.82          0.45    45.42     0.55    0.48    0.61    0.89    0.65     77.00   5.33    79.45   58.85   0.54    395.80     23.11    57.83  
134  TR876TS450_1        450     46.04    100.00  134   -1.22     N/A        -0.91     N/A        28.12    N/A           14.45    20.15    10.418   10.225   120   0    0     0     40.00  61.67  -1.36       N/A          -0.84        N/A          61.67  44.751   2.18     12.27       6.5         89       3.4      1.92          0.45    47.08     0.54    0.48    0.63    0.90    0.65     81.90   5.33    79.81   59.68   0.54    399.00     22.63    57.52  
135  TR876TS220_5        220s    45.62    100.00  135   N/A       N/A        -0.95     -2.73      29.37    N/A           12.54    20.17    9.428    9.501    120   0    0     0     42.50  62.50  N/A         N/A          -0.70        -2.77        62.50  46.973   2.28     11.20       6.7         87       2.9      2.00          0.42    37.50     0.52    0.41    0.55    0.89    0.67     67.20   5.19    71.58   54.02   0.55    408.50     26.11    59.21  
136  TR876TS396_3        396     44.79    100.00  136   N/A       N/A        -1.02     N/A        27.29    N/A           14.07    20.64    11.106   10.923   120   1    0     0     40.83  62.50  N/A         N/A          -0.79        N/A          66.67  43.782   2.46     12.27       5           87       3        3.22          0.40    40.00     0.47    0.42    0.47    1.01    0.62     66.20   4.89    80.09   52.63   0.56    346.40     24.58    N/A    
137  TR876TS450_2        450     44.38    100.00  137   N/A       N/A        -1.06     N/A        26.67    N/A           12.61    18.85    10.465   10.327   120   0    0     0     39.17  58.33  N/A         N/A          -0.89        N/A          58.33  44.098   2.27     11.91       6           89       3.5      2.07          0.44    45.83     0.56    0.47    0.61    0.94    0.64     75.30   5.04    78.84   58.29   0.53    374.40     23.34    58.79  
138  TR876TS450_3        450     43.54    100.00  138   N/A       N/A        -1.14     N/A        25.41    N/A           11.84    18.41    10.375   10.234   120   0    0     0     40.00  60.00  N/A         N/A          -0.84        N/A          60.00  44.765   2.30     12.27       6.6         89       3.5      2.24          0.44    46.67     0.53    0.47    0.63    0.88    0.65     73.80   5.19    80.28   59.69   0.53    382.40     21.26    58.55  
139  TR876TS083_2        083     43.33    100.00  139   N/A       N/A        -1.16     N/A        31.25    N/A           13.05    18.98    8.862    8.862    120   1    0     0     33.33  45.83  N/A         N/A          -1.24        N/A          52.50  40.185   2.30     9.58        4.7         73       3.4      2.47          0.41    38.75     0.52    0.40    0.49    1.21    0.66     69.60   4.42    74.16   57.87   0.50    327.00     29.34    65.59  
140  TR876TS330_2        330     43.33    100.00  139   N/A       N/A        -1.16     N/A        30.83    N/A           13.52    22.27    8.796    8.729    120   1    0     0     32.50  45.83  N/A         N/A          -1.29        N/A          52.50  38.222   2.33     9.22        4.9         77       3.3      2.99          0.41    40.00     0.52    0.42    0.49    1.16    0.66     75.00   4.58    74.56   57.59   0.52    345.30     29.24    67.74  
141  TR876TS330_3        330     33.75    100.00  141   N/A       N/A        -2.05     N/A        21.46    N/A           7.84     13.26    9.785    9.963    120   1    0     0     0.83   40.83  N/A         N/A          -3.15        N/A          48.33  34.734   2.41     6.52        3.5         72       4.1      1.17          0.35    20.83     0.47    0.31    0.37    1.39    0.63     71.70   4.07    65.31   51.40   0.45    255.20     35.21    45.70  
142  TR876TS083_3        083     33.75    100.00  141   N/A       N/A        -2.05     N/A        21.46    N/A           7.71     13.23    9.787    9.965    120   1    0     0     0.83   39.17  N/A         N/A          -3.15        N/A          46.67  34.843   2.34     6.52        3.5         73       4.1      1.04          0.35    20.83     0.47    0.31    0.37    1.39    0.63     71.70   4.07    65.31   51.40   0.44    255.90     35.23    46.53  
143  TR876TS393_2        393     29.38    100.00  143   N/A       N/A        -2.46     N/A        18.96    N/A           6.99     10.66    13.565   13.698   120   0    0     0     1.67   32.50  N/A         N/A          -3.10        N/A          35.00  29.472   2.17     5.98        1.6         55       3.5      2.88          0.32    21.67     0.48    0.31    0.27    1.58    0.50     72.70   3.29    61.83   52.58   0.33    177.20     68.03    72.71  
144  TR876TS257_2        257     29.17    100.00  144   N/A       N/A        -2.48     N/A        19.38    N/A           7.03     10.80    13.68    13.823   120   0    0     0     1.67   31.67  N/A         N/A          -3.10        N/A          31.67  27.489   2.17     5.98        1.3         55       3.9      1.69          0.32    21.67     0.48    0.30    0.25    1.58    0.50     73.60   3.29    61.73   52.40   0.31    156.50     70.39    N/A    
145  TR876TS257_1        257     27.92    100.00  145   -3.15     N/A        -2.60     N/A        18.75    N/A           8.18     13.09    13.111   12.97    120   0    0     0     21.67  32.50  -2.78       N/A          -1.92        N/A          45.83  33.481   2.46     4.90        2.5         65       3.4      1.85          0.32    22.50     0.49    0.31    0.38    1.66    0.46     71.50   1.24    54.48   48.20   0.40    211.70     54.47    N/A    
146  TR876TS257_4        257     26.67    100.00  146   N/A       N/A        -2.71     N/A        16.05    N/A           6.38     10.30    11.786   12.65    120   2    0     0     0.00   0.00   N/A         N/A          -3.20        N/A          30.83  23.065   2.68     4.18        0.9         52       4.7      1.34          0.31    23.75     0.49    0.27    0.31    1.36    0.57     76.40   3.07    57.62   48.42   0.33    134.90     62.75    N/A    
147  TR876TS393_3        393     19.38    100.00  147   N/A       N/A        -3.39     N/A        11.04    N/A           0.66     4.37     14.237   14.667   120   0    0     0     1.67   9.17   N/A         N/A          -3.10        N/A          36.67  22.513   2.98     2.02        0.7         60       9        3.02          0.26    15.00     0.42    0.18    0.14    1.59    0.53     58.90   2.30    45.80   39.84   0.34    131.70     101.43   82.74  
148  TR876TS399_3        399     17.92    100.00  148   N/A       N/A        -3.53     N/A        12.50    N/A           2.69     6.61     16.98    17.199   120   8    0     0     0.83   8.33   N/A         N/A          -3.15        N/A          25.00  17.568   2.65     1.31        0           0        N/A      3.64          0.12    14.58     0.42    0.18    0.14    1.93    0.51     49.00   1.64    38.71   37.28   0.27    N/A        131.49   28.28  
149  TR876TS399_1        399     17.92    100.00  148   -4.22     N/A        -3.53     N/A        12.50    N/A           2.69     6.61     16.301   16.607   120   13   0     0     0.00   10.00  -4.46       N/A          -3.20        N/A          30.00  21.578   2.36     1.49        0           0        N/A      3.55          0.10    15.00     0.42    0.17    0.03    1.82    0.51     47.00   2.83    38.25   37.43   0.29    N/A        130.51   28.93  
150  TR876TS399_2        399     17.71    100.00  150   N/A       N/A        -3.55     N/A        12.08    N/A           2.69     6.61     16.771   17.005   120   7    0     0     0.00   1.67   N/A         N/A          -3.20        N/A          20.83  15.588   2.33     1.31        0           0        N/A      3.64          0.12    14.17     0.42    0.18    0.15    1.91    0.51     47.00   2.58    38.04   37.12   0.27    N/A        129.40   29.32  
151  TR876TS399_4        399     17.71    100.00  150   N/A       N/A        -3.55     N/A        12.50    N/A           2.69     6.61     15.64    16.134   120   8    0     0     0.00   10.00  N/A         N/A          -3.20        N/A          30.00  22.137   2.28     1.49        0           0        N/A      3.56          0.11    14.58     0.42    0.18    0.12    1.87    0.52     49.00   2.58    38.15   37.29   0.26    N/A        129.68   29.66  
152  TR876TS399_5        399     17.50    100.00  152   N/A       N/A        -3.57     N/A        12.29    N/A           2.69     6.61     14.721   15.187   120   6    0     0     0.00   10.83  N/A         N/A          -3.20        N/A          30.83  20.908   2.56     0.95        0           0        N/A      3.45          0.12    13.75     0.41    0.16    0.13    1.90    0.51     45.20   1.99    41.44   36.86   0.25    N/A        124.68   30.30  

