#    Model               GR#     GDT_TS   NP_P    RANK  Z-M1-GDT  Z-M1s-GDT  Z-MA-GDT  Z-MAs-GDT  GDT_HA   Z-M1s-GDT-HA  GDC_SC   GDC_ALL  RMS_CA   RMS_ALL  NP    err  PC01  PC05  AL0_P  AL4_P  Z-M1-AL0_p  Z-M1s-AL0_p  Z-MA-AL0_p   Z-MAs-AL0_p  ALI_P  LGA_S    RMSD[L]  Z-score[M]  Z-Score[D]  Al.Res.  RMSD[D]  MolPrb_Score  LDDT    SphGr     CAD_AA  RPF     CODM    DFM     Handed.  SOV     CE      QCS     CONTS   TMscore  Dali(raw)  FlexE    QSE    

-    Starting model      -       73.86    -       -     -         -          -         -          56.81    -             38.09    -        5.59     5.76     -     -    -     -     -      -      -           -            -            -            -      -        -        11.78       11.50       79       2.00     0.50          0.65    76.70     0.67    0.69    0.82    0.48    0.83     95.90   5.19    93.12   79.61   0.75     480.00     7.87     -      

1    TR872TS060_2        060     77.27    100.00  1     N/A       N/A        0.67      N/A        57.10    N/A           26.41    47.44    2.93     3.673    88    0    0     0     81.82  85.23  N/A         N/A          0.53         N/A          87.50  84.056   1.77     12.57       11          83       2.1      1.26          0.59    75.57     0.60    0.61    0.92    0.24    0.91     91.20   5.19    92.47   78.46   0.78    462.60     4.58     87.19  
2    TR872TS330_1        330     77.27    100.00  1     0.61      N/A        0.67      N/A        58.52    N/A           32.42    49.83    4.511    4.7      88    1    0     0     82.95  89.77  0.53        N/A          0.60         N/A          89.77  85.038   1.74     12.97       12.1        83       2        2.25          0.67    82.95     0.65    0.70    0.85    0.36    0.87     91.80   5.46    89.56   80.43   0.77    500.70     7.16     93.53  
3    TR872TS204_4        204     76.70    100.00  3     N/A       N/A        0.62      N/A        60.23    N/A           39.77    53.69    5.74     5.984    88    0    0     0     80.68  85.23  N/A         N/A          0.45         N/A          85.23  80.956   1.47     11.78       11.1        78       1.6      0.89          0.64    71.59     0.66    0.68    0.81    0.47    0.83     88.50   5.33    91.13   77.06   0.77    463.70     8.92     N/A    
4    TR872TS011_5        011     76.70    100.00  3     N/A       N/A        0.62      N/A        59.94    N/A           42.01    52.69    4.426    4.853    88    0    0     0     73.86  84.09  N/A         N/A          0.03         N/A          85.23  82.646   1.47     11.38       11.5        79       2        1.18          0.67    72.16     0.70    0.70    0.87    0.36    0.86     87.60   5.33    91.80   77.39   0.77    478.70     7.56     36.67  
5    TR872TS011_3        011     76.42    100.00  5     N/A       N/A        0.60      N/A        59.09    N/A           40.16    50.47    4.3      4.719    88    0    0     0     75.00  84.09  N/A         N/A          0.10         N/A          84.09  81.993   1.56     11.58       11.2        79       2.3      1.11          0.65    76.14     0.68    0.68    0.88    0.35    0.86     87.60   5.19    91.74   77.07   0.76    469.50     6.97     36.24  
6    TR872TS001_5        001     76.42    100.00  5     N/A       N/A        0.60      N/A        58.81    N/A           43.68    53.81    5.17     5.298    88    0    0     0     81.82  86.36  N/A         N/A          0.53         N/A          86.36  81.723   1.48     11.78       11.7        79       1.8      2.61          0.62    72.73     0.68    0.69    0.77    0.55    0.84     89.57   5.19    92.78   79.18   0.77    483.00     7.45     N/A    
7    TR872TS060_4        060     76.14    100.00  7     N/A       N/A        0.57      N/A        57.67    N/A           25.71    44.99    3.728    4.325    88    0    0     0     80.68  87.50  N/A         N/A          0.45         N/A          87.50  81.878   1.67     12.37       10.5        83       2.3      1.30          0.58    71.59     0.60    0.62    0.89    0.34    0.88     87.40   5.04    91.82   77.05   0.76    442.60     4.26     89.00  
8    TR872TS001_1        001     76.14    100.00  7     0.49      N/A        0.57      N/A        58.52    N/A           40.58    52.49    5.339    5.509    88    3    0     0     80.68  85.23  0.36        N/A          0.45         N/A          85.23  81.375   1.37     11.78       11.4        78       1.5      2.60          0.59    76.14     0.68    0.69    0.80    0.51    0.84     94.22   5.19    92.69   79.41   0.77    471.90     9.02     N/A    
9    TR872TS001_4        001     76.14    100.00  7     N/A       N/A        0.57      N/A        57.39    N/A           42.63    53.01    4.538    4.806    88    12   0     0     81.82  86.36  N/A         N/A          0.53         N/A          86.36  81.604   1.47     11.98       11.3        79       1.9      3.31          0.57    75.00     0.67    0.70    0.83    0.47    0.85     79.98   5.19    92.54   78.81   0.77    468.30     6.85     N/A    
10   TR872TS208_2        208     75.85    100.00  10    N/A       N/A        0.55      N/A        59.09    N/A           38.93    52.13    5.604    5.872    88    0    0     0     80.68  84.09  N/A         N/A          0.45         N/A          84.09  82.87    1.47     11.78       11.8        78       1.6      1.04          0.65    75.57     0.69    0.69    0.81    0.52    0.83     92.00   5.33    93.04   80.42   0.77    488.90     8.16     34.61  
11   TR872TS073_3        073     75.57    100.00  11    N/A       N/A        0.52      N/A        59.09    N/A           41.07    51.32    5.378    5.513    88    0    0     0     80.68  86.36  N/A         N/A          0.45         N/A          86.36  82.965   1.39     11.78       11.7        79       1.8      0.50          0.66    75.57     0.67    0.69    0.82    0.38    0.84     95.90   5.33    93.18   79.70   0.77    486.60     7.62     86.37  
12   TR872TS247_4        247     75.57    100.00  11    N/A       N/A        0.52      N/A        56.25    N/A           34.69    50.38    4.022    4.362    88    0    0     0     82.95  90.91  N/A         N/A          0.60         N/A          90.91  84.28    1.58     12.57       11.5        82       1.8      0.74          0.66    79.55     0.67    0.69    0.85    0.33    0.88     78.20   5.19    93.05   81.30   0.78    479.20     4.65     N/A    
13   TR872TS011_1        011     75.57    100.00  11    0.43      N/A        0.52      N/A        59.94    N/A           36.11    48.62    4.787    5.144    88    0    0     0     73.86  84.09  -0.14       N/A          0.03         N/A          85.23  82.87    1.44     11.78       11.5        78       1.8      1.77          0.65    72.16     0.69    0.69    0.86    0.38    0.84     86.40   5.19    91.62   77.21   0.77    477.70     9.19     36.61  
14   TR872TS060_3        060     75.57    100.00  11    N/A       N/A        0.52      N/A        55.68    N/A           27.67    45.50    3.135    3.938    88    0    0     0     80.68  87.50  N/A         N/A          0.45         N/A          87.50  83.114   1.70     12.37       10.1        83       2.3      1.20          0.58    73.30     0.59    0.63    0.91    0.29    0.90     80.50   5.19    91.41   73.68   0.77    431.20     5.34     88.37  
15   TR872TS011_4        011     75.57    100.00  11    N/A       N/A        0.52      N/A        59.09    N/A           33.08    45.88    4.712    5.123    88    0    0     0     73.86  84.09  N/A         N/A          0.03         N/A          85.23  82.69    1.50     11.78       11.1        79       2.2      1.42          0.64    72.16     0.67    0.68    0.86    0.36    0.84     86.40   5.19    91.79   77.04   0.76    466.80     8.91     37.53  
16   TR872TS412_4        412     75.28    100.00  16    N/A       N/A        0.50      N/A        58.52    N/A           33.71    48.42    5.586    5.716    88    0    0     0     80.68  85.23  N/A         N/A          0.45         N/A          85.23  80.348   1.59     11.78       11.6        78       1.7      1.17          0.64    76.70     0.67    0.68    0.82    0.49    0.83     94.81   5.19    93.05   79.43   0.75    479.80     8.01     81.51  
17   TR872TS430_1        430s    75.28    100.00  16    0.39      0.94       0.50      0.79       58.52    1.11          37.92    50.94    5.586    5.795    88    0    0     0     80.68  85.23  0.36        0.58         0.45         0.61         85.23  80.876   1.50     11.78       11.5        78       1.6      1.57          0.65    76.14     0.70    0.68    0.81    0.46    0.83     90.30   5.33    92.91   79.99   0.76    478.20     8.28     35.25  
18   TR872TS208_1        208     75.28    100.00  16    0.39      N/A        0.50      N/A        58.24    N/A           39.93    51.38    5.593    5.856    88    0    0     0     80.68  86.36  0.36        N/A          0.45         N/A          86.36  82.536   1.49     11.78       11.7        79       2        0.50          0.65    76.14     0.69    0.69    0.81    0.48    0.83     92.00   5.33    93.14   80.43   0.76    487.40     7.89     34.70  
19   TR872TS023_1        023     75.28    100.00  16    0.39      N/A        0.50      N/A        57.95    N/A           38.32    50.99    5.54     5.866    88    0    0     0     80.68  85.23  0.36        N/A          0.45         N/A          85.23  82.825   1.49     11.58       12          78       1.6      0.50          0.66    75.00     0.67    0.69    0.76    0.45    0.83     94.30   5.33    93.31   81.03   0.77    495.60     7.84     28.21  
20   TR872TS073_4        073     75.28    100.00  16    N/A       N/A        0.50      N/A        58.81    N/A           40.09    50.04    5.458    5.59     88    0    0     0     80.68  85.23  N/A         N/A          0.45         N/A          85.23  82.401   1.49     11.58       11.6        78       1.6      0.74          0.66    76.14     0.67    0.69    0.81    0.39    0.84     95.90   5.19    93.24   79.77   0.76    483.90     7.78     85.54  
21   TR872TS294_1        294     75.28    100.00  16    0.39      N/A        0.50      N/A        57.67    N/A           33.92    47.05    5.58     5.782    88    0    0     0     79.55  86.36  0.28        N/A          0.38         N/A          86.36  80.328   1.55     11.78       11.6        79       2        2.12          0.63    77.27     0.65    0.69    0.82    0.49    0.83     58.30   5.19    93.18   79.76   0.76    481.60     7.76     28.83  
22   TR872TS011_2        011     75.28    100.00  16    N/A       N/A        0.50      N/A        58.24    N/A           35.99    48.52    4.805    5.226    88    0    0     0     73.86  84.09  N/A         N/A          0.03         N/A          85.23  82.486   1.48     11.58       11          79       2.3      1.22          0.64    69.32     0.66    0.68    0.85    0.39    0.83     86.10   5.19    91.66   76.62   0.76    462.40     8.91     36.56  
23   TR872TS265_5        265     75.28    100.00  16    N/A       N/A        0.50      N/A        57.67    N/A           40.77    51.69    5.384    5.633    88    0    0     0     81.82  86.36  N/A         N/A          0.53         N/A          86.36  81.584   1.38     11.38       11.8        78       1.9      1.16          0.67    75.00     0.68    0.70    0.78    0.52    0.83     93.20   5.33    93.03   80.47   0.76    491.20     9.23     84.16  
24   TR872TS279_1        279     75.28    100.00  16    0.39      N/A        0.50      N/A        55.12    N/A           32.77    45.00    3.358    3.845    88    2    0     0     80.68  88.64  0.36        N/A          0.45         N/A          88.64  84.156   1.82     12.57       11.5        81       1.9      1.42          0.62    77.84     0.66    0.68    0.91    0.32    0.88     93.72   5.19    91.85   78.78   0.76    476.40     4.92     86.61  
25   TR872TS430_5        430s    75.00    100.00  25    N/A       N/A        0.47      0.73       58.80    N/A           37.06    50.81    5.612    5.833    88    0    0     0     80.68  84.09  N/A         N/A          0.45         0.61         84.09  80.532   1.51     11.78       11.4        78       1.7      1.34          0.65    75.57     0.70    0.68    0.81    0.49    0.83     90.30   5.19    92.77   79.73   0.76    474.80     8.31     35.37  
26   TR872TS208_5        208     75.00    100.00  25    N/A       N/A        0.47      N/A        58.24    N/A           38.62    51.57    5.59     5.866    88    0    0     0     80.68  85.23  N/A         N/A          0.45         N/A          85.23  82.596   1.49     11.78       11.7        78       1.6      1.11          0.66    76.14     0.69    0.69    0.81    0.50    0.83     92.00   5.19    92.94   80.24   0.77    487.00     8.01     34.78  
27   TR872TS073_2        073     75.00    100.00  25    N/A       N/A        0.47      N/A        58.52    N/A           39.67    50.42    5.456    5.59     88    0    0     0     80.68  85.23  N/A         N/A          0.45         N/A          85.23  82.317   1.48     11.58       11.6        78       1.6      0.50          0.66    76.14     0.67    0.69    0.81    0.38    0.84     95.90   5.33    93.26   79.86   0.76    483.90     7.80     85.70  
28   TR872TS208_4        208     75.00    100.00  25    N/A       N/A        0.47      N/A        57.95    N/A           36.83    50.43    5.599    5.843    88    0    0     0     79.55  86.36  N/A         N/A          0.38         N/A          86.36  82.406   1.52     11.78       11.5        79       2        0.65          0.65    76.14     0.69    0.69    0.81    0.51    0.83     91.70   5.33    93.14   80.27   0.76    478.90     7.85     34.84  
29   TR872TS023_5        023     75.00    100.00  25    N/A       N/A        0.47      N/A        59.94    N/A           37.30    51.35    5.928    6.182    88    0    0     0     80.68  85.23  N/A         N/A          0.45         N/A          85.23  82.172   1.54     11.78       11.6        77       1.5      0.57          0.65    72.73     0.67    0.67    0.72    0.57    0.82     95.30   5.19    91.92   79.38   0.76    481.30     8.54     28.71  
30   TR872TS265_2        265     75.00    100.00  25    N/A       N/A        0.47      N/A        58.24    N/A           43.05    53.44    5.457    5.717    88    0    0     0     81.82  85.23  N/A         N/A          0.53         N/A          85.23  81.803   1.50     11.58       11.7        78       1.8      0.89          0.67    74.43     0.68    0.70    0.79    0.52    0.83     89.40   5.33    92.69   80.02   0.76    487.20     9.54     84.56  
31   TR872TS430_2        430s    75.00    100.00  25    N/A       N/A        0.47      0.73       58.52    N/A           37.13    50.76    5.594    5.813    88    0    0     0     80.68  84.09  N/A         N/A          0.45         0.61         84.09  80.587   1.50     11.78       11.5        78       1.7      1.40          0.66    75.00     0.70    0.68    0.81    0.49    0.83     90.30   5.19    92.87   79.98   0.76    478.50     8.29     35.32  
32   TR872TS430_3        430s    75.00    100.00  25    N/A       N/A        0.47      0.73       57.38    N/A           37.23    50.24    5.595    5.787    88    0    0     0     80.68  84.09  N/A         N/A          0.45         0.61         84.09  80.348   1.49     11.78       11.3        79       2        0.81          0.65    76.14     0.69    0.67    0.81    0.45    0.83     92.50   5.33    92.83   79.75   0.76    471.90     8.38     35.28  
33   TR872TS430_4        430s    75.00    100.00  25    N/A       N/A        0.47      0.73       57.38    N/A           37.76    50.50    5.578    5.797    88    0    0     0     80.68  84.09  N/A         N/A          0.45         0.61         84.09  80.592   1.48     11.78       11.3        78       1.6      1.01          0.65    75.00     0.69    0.67    0.81    0.47    0.83     92.50   5.19    92.78   79.75   0.76    472.90     8.42     35.20  
34   TR872TS265_1        265     74.72    100.00  34    0.33      N/A        0.45      N/A        58.24    N/A           38.32    50.37    5.519    5.642    88    0    0     0     81.82  86.36  0.44        N/A          0.53         N/A          86.36  80.742   1.51     11.18       11.8        78       2        1.22          0.68    74.43     0.69    0.71    0.78    0.50    0.83     96.70   5.33    92.72   80.26   0.75    490.70     9.87     84.00  
35   TR872TS412_3        412     74.72    100.00  34    N/A       N/A        0.45      N/A        56.82    N/A           32.84    48.38    5.599    5.718    88    0    0     0     79.55  85.23  N/A         N/A          0.38         N/A          85.23  80.293   1.51     11.78       11.5        79       2.1      1.31          0.64    76.14     0.66    0.68    0.82    0.41    0.82     94.81   5.33    93.03   79.48   0.75    477.90     7.98     81.47  
36   TR872TS412_5        412     74.72    100.00  34    N/A       N/A        0.45      N/A        57.38    N/A           34.73    49.05    5.597    5.714    88    0    0     0     80.68  85.23  N/A         N/A          0.45         N/A          85.23  80.124   1.58     11.78       11.5        79       2        0.50          0.63    76.14     0.67    0.68    0.82    0.48    0.83     94.81   5.19    93.12   79.64   0.75    478.10     7.97     81.60  
37   TR872TS023_4        023     74.72    100.00  34    N/A       N/A        0.45      N/A        57.39    N/A           35.87    48.20    4.441    4.781    88    0    0     0     81.82  86.36  N/A         N/A          0.53         N/A          86.36  82.342   1.66     12.17       11.3        80       2        0.57          0.65    78.98     0.67    0.69    0.86    0.40    0.85     84.10   5.46    92.96   80.54   0.76    473.80     4.83     27.15  
38   TR872TS208_3        208     74.72    100.00  34    N/A       N/A        0.45      N/A        57.38    N/A           37.79    50.66    5.59     5.841    88    0    0     0     80.68  86.36  N/A         N/A          0.45         N/A          86.36  82.302   1.51     11.78       11.6        79       2        0.88          0.66    76.14     0.69    0.69    0.81    0.50    0.83     92.00   5.33    93.13   80.17   0.76    481.10     7.78     34.90  
39   TR872TS102_1        102     74.43    100.00  39    0.30      N/A        0.42      N/A        56.82    N/A           35.20    49.23    5.624    5.776    88    0    0     0     79.55  85.23  0.28        N/A          0.38         N/A          85.23  80.173   1.52     11.78       11.1        78       1.7      0.96          0.63    75.57     0.65    0.68    0.81    0.47    0.83     94.00   5.33    92.59   79.20   0.75    464.80     8.61     N/A    
40   TR872TS273_1        273     74.43    100.00  39    0.30      N/A        0.42      N/A        57.95    N/A           37.25    48.63    5.627    5.795    88    0    0     0     79.55  82.95  0.28        N/A          0.38         N/A          82.95  80.014   1.57     11.78       11.5        78       1.7      1.67          0.65    76.14     0.67    0.69    0.81    0.46    0.83     94.30   5.19    93.03   79.67   0.75    478.20     8.27     N/A    
41   TR872TS250_4        250s    74.43    100.00  39    N/A       N/A        0.42      0.61       56.81    N/A           36.81    48.48    5.876    6.144    88    0    0     0     80.68  85.23  N/A         N/A          0.45         0.61         85.23  82.122   1.56     11.78       11.5        78       1.7      0.73          0.64    73.30     0.66    0.67    0.69    0.44    0.82     88.20   5.19    92.14   79.43   0.75    479.50     7.49     35.34  
42   TR872TS060_1        060     74.43    100.00  39    0.30      N/A        0.42      N/A        54.83    N/A           28.86    45.34    4.334    4.884    88    0    0     0     77.27  86.36  0.11        N/A          0.24         N/A          86.36  80.931   1.71     11.78       9.7         79       2        1.12          0.58    68.75     0.61    0.60    0.84    0.44    0.86     81.90   5.19    90.71   73.54   0.74    414.00     6.92     84.92  
43   TR872TS393_2        393     74.43    100.00  39    N/A       N/A        0.42      N/A        57.38    N/A           36.39    49.18    5.556    5.71     88    0    0     0     80.68  85.23  N/A         N/A          0.45         N/A          85.23  80.203   1.56     11.78       11.5        79       2        2.08          0.65    76.70     0.65    0.69    0.82    0.50    0.83     95.30   5.19    93.08   79.42   0.76    480.60     7.33     28.71  
44   TR872TS393_3        393     74.43    100.00  39    N/A       N/A        0.42      N/A        57.38    N/A           36.39    49.18    5.556    5.71     88    0    0     0     80.68  85.23  N/A         N/A          0.45         N/A          85.23  80.203   1.56     11.78       11.5        79       2        2.08          0.65    76.70     0.65    0.69    0.82    0.50    0.83     95.30   5.19    93.08   79.42   0.76    480.60     7.33     28.71  
45   TR872TS393_4        393     74.43    100.00  39    N/A       N/A        0.42      N/A        57.38    N/A           36.39    49.18    5.556    5.71     88    0    0     0     80.68  85.23  N/A         N/A          0.45         N/A          85.23  80.203   1.56     11.78       11.5        79       2        2.08          0.65    76.70     0.65    0.69    0.82    0.50    0.83     95.30   5.19    93.08   79.42   0.76    480.60     7.33     28.71  
46   TR872TS412_2        412     74.43    100.00  39    N/A       N/A        0.42      N/A        57.38    N/A           32.26    48.62    5.59     5.728    88    0    0     0     80.68  85.23  N/A         N/A          0.45         N/A          85.23  80.173   1.51     11.78       11.6        78       1.6      1.32          0.61    76.14     0.67    0.68    0.82    0.49    0.83     94.81   5.19    93.04   79.61   0.76    478.90     8.08     81.81  
47   TR872TS102_5        102     74.43    100.00  39    N/A       N/A        0.42      N/A        57.67    N/A           33.43    48.06    5.751    6.014    88    0    0     0     78.41  85.23  N/A         N/A          0.31         N/A          85.23  80.757   1.68     11.78       10.7        79       2.1      1.44          0.60    75.00     0.65    0.66    0.81    0.44    0.83     94.90   5.19    92.19   78.02   0.75    452.20     8.77     79.88  
48   TR872TS393_5        393     74.43    100.00  39    N/A       N/A        0.42      N/A        57.38    N/A           36.39    49.18    5.556    5.71     88    0    0     0     80.68  85.23  N/A         N/A          0.45         N/A          85.23  80.203   1.56     11.78       11.5        79       2        2.08          0.65    76.70     0.65    0.69    0.82    0.50    0.83     95.30   5.19    93.08   79.42   0.76    480.60     7.33     28.71  
49   TR872TS204_5        204     74.43    100.00  39    N/A       N/A        0.42      N/A        57.38    N/A           37.04    48.98    5.597    5.788    88    0    0     0     80.68  85.23  N/A         N/A          0.45         N/A          85.23  80.418   1.56     11.78       11.5        79       2        0.50          0.65    76.14     0.67    0.69    0.82    0.48    0.83     92.20   5.19    93.14   79.71   0.76    480.60     7.90     N/A    
50   TR872TS412_1        412     74.15    100.00  50    0.27      N/A        0.39      N/A        56.25    N/A           32.49    48.41    5.618    5.769    88    0    0     0     80.68  85.23  0.36        N/A          0.45         N/A          85.23  79.755   1.61     11.78       11.5        79       2.1      0.58          0.61    76.70     0.67    0.68    0.82    0.49    0.82     94.81   5.19    93.06   79.50   0.75    476.90     7.91     81.41  
51   TR872TS396_2        396     74.15    100.00  50    N/A       N/A        0.39      N/A        57.10    N/A           37.69    49.16    5.6      5.781    88    0    0     0     80.68  85.23  N/A         N/A          0.45         N/A          85.23  80.064   1.57     11.78       11.3        79       2        0.50          0.65    76.70     0.67    0.68    0.82    0.48    0.83     95.90   5.19    93.13   79.70   0.75    477.90     7.95     N/A    
52   TR872TS061_1        061     74.15    100.00  50    0.27      N/A        0.39      N/A        57.95    N/A           35.78    48.95    5.55     5.728    88    0    0     0     79.55  84.09  0.28        N/A          0.38         N/A          84.09  80.408   1.68     11.78       11.2        78       1.8      1.56          0.64    76.14     0.65    0.68    0.79    0.53    0.82     95.90   5.33    92.74   78.63   0.75    469.70     8.16     N/A    
53   TR872TS324_3        324     74.15    100.00  50    N/A       N/A        0.39      N/A        55.97    N/A           32.45    49.39    5.796    5.862    88    0    0     0     80.68  85.23  N/A         N/A          0.45         N/A          85.23  81.414   1.52     11.78       11.3        79       2        2.17          0.63    75.00     0.65    0.68    0.80    0.49    0.83     94.80   5.19    92.33   77.83   0.76    472.00     8.81     28.46  
54   TR872TS446_1        446s    74.15    100.00  50    0.27      0.52       0.39      0.56       56.81    0.32          38.11    49.32    5.592    5.758    88    0    0     0     80.68  85.23  0.36        0.58         0.45         0.61         85.23  79.989   1.57     11.78       11.5        79       2        0.50          0.65    76.70     0.67    0.69    0.82    0.48    0.83     95.90   5.19    93.13   79.63   0.76    480.70     7.87     82.57  
55   TR872TS393_1        393     74.15    100.00  50    0.27      N/A        0.39      N/A        57.10    N/A           36.67    49.35    5.551    5.704    88    0    0     0     80.68  85.23  0.36        N/A          0.45         N/A          85.23  82.082   1.60     11.78       11.6        79       2        2.06          0.65    76.70     0.66    0.69    0.82    0.49    0.83     95.30   5.19    93.08   79.41   0.76    481.90     7.39     28.73  
56   TR872TS396_1        396     74.15    100.00  50    0.27      N/A        0.39      N/A        57.10    N/A           37.95    49.34    5.596    5.774    88    0    0     0     80.68  85.23  0.36        N/A          0.45         N/A          85.23  80.064   1.57     11.78       11.5        79       2        0.50          0.65    76.70     0.67    0.69    0.82    0.48    0.83     95.90   5.19    93.14   79.71   0.75    480.00     7.93     N/A    
57   TR872TS265_3        265     74.15    100.00  50    N/A       N/A        0.39      N/A        57.67    N/A           37.81    50.47    5.712    5.916    88    0    0     0     80.68  85.23  N/A         N/A          0.45         N/A          85.23  80.338   1.54     11.78       11.7        78       1.8      1.60          0.68    75.00     0.70    0.71    0.78    0.51    0.83     90.00   5.33    92.52   80.14   0.75    485.30     10.31    83.91  
58   TR872TS188_1        188     74.15    100.00  50    0.27      N/A        0.39      N/A        56.82    N/A           36.25    48.79    5.616    5.797    88    0    0     0     80.68  85.23  0.36        N/A          0.45         N/A          85.23  80.049   1.56     11.78       11.3        79       2        1.90          0.62    76.14     0.65    0.68    0.82    0.42    0.83     95.90   5.19    92.79   78.96   0.75    472.40     7.78     N/A    
59   TR872TS023_3        023     74.15    100.00  50    N/A       N/A        0.39      N/A        55.40    N/A           39.74    49.92    3.893    4.266    88    0    0     0     78.41  88.64  N/A         N/A          0.31         N/A          88.64  83.752   1.71     12.57       11.6        81       1.7      0.50          0.66    84.66     0.68    0.70    0.88    0.37    0.87     90.70   5.19    92.30   80.36   0.77    483.60     5.89     25.51  
60   TR872TS162_4        162     74.15    100.00  50    N/A       N/A        0.39      N/A        56.25    N/A           34.66    47.82    5.685    5.882    88    0    0     0     80.68  86.36  N/A         N/A          0.45         N/A          86.36  79.835   1.66     11.78       10.7        79       2.1      0.50          0.63    76.14     0.67    0.66    0.81    0.45    0.83     92.50   5.19    92.36   78.41   0.74    450.90     8.33     N/A    
61   TR872TS247_3        247     74.15    100.00  50    N/A       N/A        0.39      N/A        55.40    N/A           30.84    46.53    4.602    4.887    88    2    0     0     82.95  86.36  N/A         N/A          0.60         N/A          86.36  79.864   1.69     12.17       11          78       1.9      0.74          0.65    75.00     0.66    0.67    0.84    0.44    0.85     90.00   5.19    91.81   78.90   0.74    461.00     6.28     N/A    
62   TR872TS204_1        204     73.86    100.00  62    0.24      N/A        0.37      N/A        55.40    N/A           38.02    50.95    5.635    5.768    88    0    0     0     80.68  85.23  0.36        N/A          0.45         N/A          85.23  81.918   1.55     11.78       11.3        78       1.6      0.57          0.65    76.14     0.68    0.69    0.81    0.44    0.83     93.60   5.19    92.44   79.27   0.76    473.60     8.43     N/A    
63   TR872TS257_1        257     73.86    100.00  62    0.24      N/A        0.37      N/A        55.12    N/A           32.17    45.94    3.93     4.201    88    0    0     0     79.55  88.64  0.28        N/A          0.38         N/A          88.64  81.84    1.84     12.97       11          83       2.2      1.76          0.65    82.39     0.66    -0.20   0.91    0.27    0.87     81.20   5.33    90.30   76.97   0.75    459.80     7.07     N/A    
64   TR872TS204_2        204     73.86    100.00  62    N/A       N/A        0.37      N/A        56.25    N/A           37.32    51.08    5.632    5.728    88    0    0     0     80.68  86.36  N/A         N/A          0.45         N/A          86.36  81.738   1.53     11.58       11.2        78       1.6      0.57          0.65    76.70     0.67    0.69    0.81    0.53    0.83     93.60   5.19    91.99   78.77   0.76    469.60     8.88     N/A    
65   TR872TS001_2        001     73.86    100.00  62    N/A       N/A        0.37      N/A        55.12    N/A           36.50    49.24    5.6      5.689    88    3    0     0     79.55  85.23  N/A         N/A          0.38         N/A          85.23  80.597   1.50     11.78       11.2        78       1.7      3.19          0.54    75.57     0.67    0.70    0.82    0.40    0.83     93.43   5.19    92.32   79.33   0.75    461.10     8.91     N/A    
66   TR872TS073_5        073     73.86    100.00  62    N/A       N/A        0.37      N/A        56.81    N/A           38.09    49.35    5.589    5.76     88    0    0     0     80.68  85.23  N/A         N/A          0.45         N/A          85.23  80.149   1.57     11.78       11.5        79       2        0.50          0.65    76.70     0.67    0.69    0.82    0.48    0.83     95.90   5.19    93.12   79.61   0.75    480.10     7.88     83.46  
67   TR872TS324_2        324     73.86    100.00  62    N/A       N/A        0.37      N/A        55.97    N/A           31.07    47.45    5.575    5.683    88    0    0     0     80.68  85.23  N/A         N/A          0.45         N/A          85.23  79.74    1.58     11.78       11.1        79       2        2.13          0.62    75.57     0.65    0.67    0.81    0.45    0.83     94.80   5.19    92.00   77.16   0.75    466.50     9.77     28.91  
68   TR872TS324_1        324     73.86    100.00  62    0.24      N/A        0.37      N/A        56.25    N/A           30.19    47.09    5.657    5.774    88    0    0     0     80.68  85.23  0.36        N/A          0.45         N/A          85.23  80.946   1.50     11.78       11.1        79       2        2.27          0.62    75.57     0.65    0.66    0.81    0.45    0.83     94.80   5.19    91.99   77.04   0.76    465.50     9.81     28.96  
69   TR872TS250_3        250s    73.86    100.00  62    N/A       N/A        0.37      0.50       56.25    N/A           39.51    50.45    5.903    6.211    88    0    0     0     80.68  85.23  N/A         N/A          0.45         0.61         85.23  81.25    1.47     11.78       11.4        77       1.6      0.57          0.65    72.73     0.66    0.67    0.73    0.58    0.82     94.80   5.19    90.97   79.04   0.75    474.30     8.24     35.47  
70   TR872TS250_5        250s    73.58    100.00  70    N/A       N/A        0.34      0.44       56.53    N/A           37.37    49.37    6.071    6.32     88    0    0     0     80.68  85.23  N/A         N/A          0.45         0.61         85.23  81.086   1.49     11.78       11.3        77       1.6      0.96          0.64    72.16     0.66    0.67    0.69    0.58    0.82     95.30   5.19    90.85   79.09   0.75    473.10     8.43     35.67  
71   TR872TS204_3        204     73.58    100.00  70    N/A       N/A        0.34      N/A        55.68    N/A           37.46    50.38    5.643    5.825    88    0    0     0     79.55  85.23  N/A         N/A          0.38         N/A          85.23  81.848   1.56     11.58       11.3        78       1.6      0.57          0.65    76.14     0.68    0.69    0.81    0.52    0.83     94.40   5.19    92.42   79.41   0.75    471.80     8.33     N/A    
72   TR872TS102_2        102     73.58    100.00  70    N/A       N/A        0.34      N/A        55.12    N/A           35.55    48.02    5.455    5.689    88    2    0     0     78.41  86.36  N/A         N/A          0.31         N/A          86.36  80.338   1.65     11.58       10.7        79       2.2      1.11          0.63    75.00     0.63    0.66    0.78    0.48    0.82     92.90   5.19    91.66   77.09   0.75    451.80     7.69     N/A    
73   TR872TS081_1        081     73.58    100.00  70    0.21      N/A        0.34      N/A        54.83    N/A           36.81    48.60    5.555    5.81     88    2    0     0     77.27  84.09  0.11        N/A          0.24         N/A          84.09  79.496   1.55     11.78       10.9        78       1.8      1.37          0.63    76.70     0.65    0.67    0.82    0.49    0.82     95.30   5.19    92.32   77.90   0.75    456.60     8.58     89.93  
74   TR872TS247_2        247     73.58    100.00  70    N/A       N/A        0.34      N/A        55.40    N/A           30.23    47.52    5.429    5.764    88    0    0     0     78.41  84.09  N/A         N/A          0.31         N/A          84.09  80.029   1.82     12.37       10.2        79       2.2      1.00          0.62    72.16     0.66    0.65    0.76    0.40    0.85     81.90   5.19    87.94   78.35   0.73    433.00     10.92    N/A    
75   TR872TS081_2        081     73.58    100.00  70    N/A       N/A        0.34      N/A        54.83    N/A           36.81    48.60    5.555    5.81     88    2    0     0     77.27  84.09  N/A         N/A          0.24         N/A          84.09  79.496   1.55     11.78       10.9        78       1.8      1.37          0.63    76.70     0.65    0.67    0.82    0.49    0.82     95.30   5.19    92.32   77.90   0.75    456.60     8.58     89.93  
76   TR872TS073_1        073     73.30    100.00  76    0.18      N/A        0.32      N/A        55.40    N/A           35.20    47.02    5.668    5.833    88    0    0     0     80.68  86.36  0.36        N/A          0.45         N/A          86.36  79.516   1.62     11.78       11.2        78       1.7      0.57          0.64    76.14     0.66    0.68    0.82    0.41    0.82     95.90   5.19    92.82   78.96   0.74    470.00     7.88     85.23  
77   TR872TS162_2        162     73.30    100.00  76    N/A       N/A        0.32      N/A        55.40    N/A           33.66    46.85    5.663    5.875    88    0    0     0     79.55  84.09  N/A         N/A          0.38         N/A          84.09  81.095   1.58     11.78       10.9        78       1.8      0.81          0.62    73.86     0.67    0.65    0.82    0.45    0.83     92.00   5.19    92.07   79.11   0.75    456.80     8.69     N/A    
78   TR872TS250_1        250s    73.30    100.00  76    0.18      0.21       0.32      0.38       56.53    0.19          39.91    49.62    6.064    6.327    88    0    0     0     80.68  85.23  0.36        0.58         0.45         0.61         85.23  80.941   1.51     11.78       11.4        77       1.6      0.73          0.64    72.16     0.66    0.67    0.70    0.57    0.82     95.30   5.19    90.85   79.05   0.75    474.70     8.43     35.75  
79   TR872TS250_2        250s    73.30    100.00  76    N/A       N/A        0.32      0.38       55.68    N/A           37.27    49.38    6.089    6.329    88    0    0     0     80.68  85.23  N/A         N/A          0.45         0.61         85.23  81.076   1.61     11.78       11.3        77       1.6      0.73          0.64    72.73     0.66    0.67    0.69    0.61    0.82     94.80   5.19    90.75   78.90   0.75    472.20     8.65     35.86  
80   TR872TS118_5        118     73.30    100.00  76    N/A       N/A        0.32      N/A        56.82    N/A           30.77    49.09    5.405    5.644    88    0    0     0     79.55  85.23  N/A         N/A          0.38         N/A          85.23  80.811   1.48     11.58       10.5        77       1.8      0.97          0.61    71.59     0.66    0.64    0.78    0.45    0.83     90.46   4.74    89.43   73.58   0.75    439.90     8.28     N/A    
81   TR872TS118_2        118     73.30    100.00  76    N/A       N/A        0.32      N/A        55.11    N/A           30.21    45.77    5.485    5.645    88    0    0     0     78.41  82.95  N/A         N/A          0.31         N/A          82.95  80.712   1.64     11.58       10.7        77       1.8      1.41          0.62    73.30     0.65    0.67    0.78    0.45    0.83     89.57   4.89    89.95   76.96   0.73    449.20     8.31     N/A    
82   TR872TS001_3        001     73.30    100.00  76    N/A       N/A        0.32      N/A        55.12    N/A           34.80    48.38    5.785    5.861    88    0    0     0     79.55  84.09  N/A         N/A          0.38         N/A          84.09  80.971   1.57     11.78       11.2        79       2.1      2.37          0.63    74.43     0.67    0.69    0.81    0.41    0.83     85.32   5.19    92.54   80.00   0.75    464.50     8.37     N/A    
83   TR872TS118_1        118     73.30    100.00  76    0.18      N/A        0.32      N/A        56.25    N/A           30.89    47.74    6.146    6.245    88    0    0     0     79.55  85.23  0.28        N/A          0.38         N/A          85.23  81.295   1.49     11.58       10.6        77       1.7      1.50          0.60    72.16     0.64    0.65    0.75    0.44    0.81     89.87   5.19    89.92   74.85   0.75    444.20     9.17     N/A    
84   TR872TS480_2        480     73.30    100.00  76    N/A       N/A        0.32      N/A        55.97    N/A           28.23    45.02    5.871    6.003    88    0    0     0     73.86  82.95  N/A         N/A          0.03         N/A          82.95  79.072   1.67     11.78       10.3        79       2.2      2.93          0.60    67.05     0.60    0.65    0.80    0.65    0.81     79.80   5.19    90.73   73.69   0.74    435.40     10.62    30.50  
85   TR872TS017_4        017     73.30    100.00  76    N/A       N/A        0.32      N/A        54.55    N/A           33.80    48.10    5.413    5.685    88    0    0     0     81.82  86.36  N/A         N/A          0.53         N/A          86.36  81.464   1.57     11.58       10.8        79       2        1.18          0.62    73.30     0.65    0.66    0.79    0.45    0.83     93.33   5.33    91.70   77.23   0.75    453.20     10.43    91.44  
86   TR872TS162_3        162     73.01    100.00  86    N/A       N/A        0.29      N/A        55.97    N/A           31.68    47.83    5.673    5.869    88    0    0     0     79.55  85.23  N/A         N/A          0.38         N/A          85.23  81.405   1.54     11.78       11.2        79       2.1      0.57          0.62    76.14     0.66    0.65    0.82    0.48    0.82     92.00   5.33    92.55   79.84   0.75    466.90     7.93     N/A    
87   TR872TS060_5        060     72.73    100.00  87    N/A       N/A        0.27      N/A        56.25    N/A           34.38    46.54    5.035    5.462    88    0    0     0     79.55  82.95  N/A         N/A          0.38         N/A          82.95  79.894   1.67     11.98       9.8         78       2.1      1.26          0.60    68.18     0.60    0.62    0.80    0.54    0.84     77.80   5.04    91.30   74.04   0.73    418.90     6.36     85.05  
88   TR872TS480_5        480     72.73    100.00  87    N/A       N/A        0.27      N/A        55.68    N/A           26.88    45.46    5.904    6.05     88    1    0     0     75.00  82.95  N/A         N/A          0.10         N/A          82.95  78.065   1.61     11.78       10.2        78       1.9      3.03          0.59    67.05     0.59    0.64    0.79    0.66    0.81     79.80   5.19    90.26   73.61   0.73    432.80     10.23    30.18  
89   TR872TS162_5        162     72.73    100.00  87    N/A       N/A        0.27      N/A        54.55    N/A           36.62    47.29    5.735    5.869    88    0    0     0     79.55  85.23  N/A         N/A          0.38         N/A          85.23  78.638   1.49     11.78       10.7        78       1.8      0.50          0.62    76.70     0.65    0.66    0.80    0.48    0.82     94.90   5.19    92.06   78.26   0.74    449.80     8.82     N/A    
90   TR872TS480_1        480     72.73    100.00  87    0.12      N/A        0.27      N/A        55.68    N/A           26.88    45.46    5.591    5.892    88    1    0     0     75.00  82.95  -0.06       N/A          0.10         N/A          82.95  78.065   1.61     11.78       10.2        78       1.9      3.00          0.59    66.48     0.59    0.64    0.82    0.49    0.82     75.30   5.04    90.12   73.08   0.73    432.80     10.38    30.18  
91   TR872TS017_3        017     72.44    100.00  91    N/A       N/A        0.24      N/A        54.26    N/A           35.34    47.47    5.656    5.819    88    0    0     0     77.27  82.95  N/A         N/A          0.24         N/A          82.95  79.655   1.64     11.78       10.4        78       1.8      1.40          0.62    73.30     0.66    0.66    0.80    0.45    0.83     95.30   5.19    90.94   76.50   0.74    441.80     9.74     90.37  
92   TR872TS162_1        162     72.44    100.00  91    0.09      N/A        0.24      N/A        55.11    N/A           30.05    45.42    5.585    5.805    88    0    0     0     79.55  85.23  0.28        N/A          0.38         N/A          85.23  80.727   1.63     11.78       10.7        79       2.1      0.82          0.62    74.43     0.66    0.65    0.82    0.44    0.83     95.90   5.19    92.28   78.36   0.74    452.00     8.29     N/A    
93   TR872TS017_2        017     72.16    100.00  93    N/A       N/A        0.22      N/A        53.69    N/A           34.83    47.24    5.66     5.828    88    0    0     0     77.27  82.95  N/A         N/A          0.24         N/A          82.95  79.491   1.64     11.78       10.4        78       1.8      1.17          0.62    73.30     0.66    0.66    0.80    0.45    0.83     95.30   5.19    90.89   76.43   0.73    440.20     9.83     90.44  
94   TR872TS265_4        265     71.88    100.00  94    N/A       N/A        0.19      N/A        54.26    N/A           33.52    46.16    5.643    5.904    88    0    0     0     80.68  86.36  N/A         N/A          0.45         N/A          86.36  79.451   1.65     11.58       11.1        79       2.1      1.31          0.64    73.86     0.67    0.68    0.77    0.53    0.83     93.80   5.33    92.61   80.70   0.73    465.50     9.91     83.62  
95   TR872TS017_5        017     71.88    100.00  94    N/A       N/A        0.19      N/A        53.69    N/A           33.82    46.74    5.671    5.842    88    0    0     0     76.14  82.95  N/A         N/A          0.17         N/A          82.95  80.188   1.70     11.78       10.3        78       1.9      0.82          0.62    73.30     0.66    0.65    0.80    0.46    0.83     95.30   5.19    90.81   76.30   0.73    435.50     9.95     90.45  
96   TR872TS324_5        324     71.59    100.00  96    N/A       N/A        0.17      N/A        54.26    N/A           33.17    46.15    6.232    6.281    88    0    0     0     81.82  84.09  N/A         N/A          0.53         N/A          84.09  78.738   1.67     11.78       10.9        78       2.2      2.19          0.62    73.86     0.65    0.67    0.77    0.45    0.82     94.80   5.33    92.54   78.53   0.73    457.90     9.94     29.65  
97   TR872TS450_5        450     71.59    100.00  96    N/A       N/A        0.17      N/A        52.84    N/A           32.26    44.93    4.139    4.903    88    0    0     0     71.59  85.23  N/A         N/A          -0.11        N/A          87.50  82.795   1.67     12.17       10.3        80       2.2      1.62          0.61    69.89     0.64    0.67    0.86    0.35    0.85     94.60   5.04    91.30   74.46   0.75    435.60     7.98     37.46  
98   TR872TS017_1        017     71.31    100.00  98    -0.03     N/A        0.14      N/A        52.84    N/A           33.36    46.17    5.688    5.793    88    0    0     0     77.27  82.95  0.11        N/A          0.24         N/A          82.95  79.775   1.72     11.58       10.1        78       1.9      0.58          0.58    72.16     0.65    0.64    0.80    0.47    0.82     94.22   5.19    90.38   75.34   0.73    427.20     10.21    90.67  
99   TR872TS220_2        220s    71.02    100.00  99    N/A       N/A        0.12      -0.08      55.40    N/A           31.21    44.50    5.815    6.076    88    0    0     0     73.86  80.68  N/A         N/A          0.03         -0.16        80.68  77.577   1.58     11.38       10.3        78       2.4      1.90          0.62    68.75     0.64    0.65    0.76    0.58    0.81     81.30   4.89    91.36   74.37   0.72    435.00     7.90     38.86  
100  TR872TS102_4        102     70.74    100.00  100   N/A       N/A        0.09      N/A        51.99    N/A           26.95    42.89    5.73     5.958    88    0    0     0     78.41  85.23  N/A         N/A          0.31         N/A          85.23  78.972   1.78     11.58       10          78       2.2      1.34          0.60    75.00     0.63    0.65    0.81    0.50    0.82     83.50   5.19    90.82   76.58   0.71    425.40     9.48     81.34  
101  TR872TS118_4        118     70.45    100.00  101   N/A       N/A        0.07      N/A        53.12    N/A           33.40    46.06    6.003    6.112    88    0    0     0     76.14  84.09  N/A         N/A          0.17         N/A          84.09  77.582   1.80     11.18       10.1        76       1.8      1.73          0.60    71.02     0.63    0.63    0.76    0.49    0.82     88.19   5.19    88.87   72.45   0.72    429.10     9.04     N/A    
102  TR872TS081_4        081     70.45    100.00  101   N/A       N/A        0.07      N/A        52.27    N/A           33.45    44.97    5.4      5.608    88    0    0     0     72.73  84.09  N/A         N/A          -0.04        N/A          84.09  78.334   1.68     11.78       9.9         79       2.2      1.11          0.61    73.30     0.64    0.67    0.82    0.42    0.83     86.90   5.04    91.05   74.67   0.72    420.70     10.89    92.29  
103  TR872TS081_5        081     69.89    100.00  103   N/A       N/A        0.02      N/A        51.71    N/A           35.69    45.68    6.365    6.667    88    0    0     0     75.00  84.09  N/A         N/A          0.10         N/A          84.09  77.946   1.73     11.58       9.8         77       2        1.17          0.61    73.30     0.64    0.65    0.58    0.49    0.81     80.60   5.19    87.91   76.65   0.71    420.30     11.83    88.94  
104  TR872TS450_4        450     69.60    100.00  104   N/A       N/A        -0.01     N/A        48.30    N/A           27.37    41.23    3.623    4.506    88    0    0     0     71.59  85.23  N/A         N/A          -0.11        N/A          85.23  79.17    1.83     11.78       10.4        81       2.3      1.40          0.60    73.30     0.65    0.66    0.88    0.28    0.88     82.30   5.19    91.68   75.66   0.73    438.50     5.46     38.37  
105  TR872TS102_3        102     69.32    100.00  105   N/A       N/A        -0.04     N/A        50.85    N/A           26.36    42.37    5.617    5.821    88    0    0     0     77.27  84.09  N/A         N/A          0.24         N/A          84.09  77.128   1.81     11.78       10.4        78       2        1.38          0.58    73.30     0.63    0.65    0.81    0.49    0.82     83.50   5.19    91.31   77.35   0.71    427.90     10.13    81.00  
106  TR872TS081_3        081     69.32    100.00  105   N/A       N/A        -0.04     N/A        50.00    N/A           32.33    42.38    5.716    5.858    88    0    0     0     72.73  84.09  N/A         N/A          -0.04        N/A          84.09  77.404   1.86     11.78       9.7         79       2.8      1.35          0.61    72.16     0.65    0.67    0.80    0.45    0.82     89.40   5.19    91.21   76.23   0.70    414.60     11.37    90.14  
107  TR872TS247_5        247     69.32    100.00  105   N/A       N/A        -0.04     N/A        52.27    N/A           29.39    43.50    5.534    5.952    88    0    0     0     76.14  81.82  N/A         N/A          0.17         N/A          81.82  77.088   1.73     11.58       10.1        77       2.1      0.50          0.62    68.75     0.66    0.64    0.76    0.52    0.82     77.00   5.04    88.21   77.42   0.71    427.90     10.01    N/A    
108  TR872TS247_1        247     69.32    100.00  105   -0.25     N/A        -0.04     N/A        51.14    N/A           30.58    39.87    4.436    4.746    88    0    0     0     76.14  85.23  0.02        N/A          0.17         N/A          85.23  77.189   1.89     11.98       10.4        80       2.3      1.07          0.64    75.57     0.68    0.67    0.86    0.44    0.84     90.00   5.19    90.90   79.32   0.69    440.10     6.12     N/A    
109  TR872TS396_4        396     69.32    100.00  105   N/A       N/A        -0.04     N/A        50.28    N/A           30.54    45.28    6.391    6.565    88    0    0     0     79.55  86.36  N/A         N/A          0.38         N/A          86.36  78.723   1.71     11.78       9.8         76       1.7      0.72          0.60    70.45     0.65    0.64    0.71    0.51    0.83     89.80   5.19    90.58   75.88   0.73    424.80     10.95    N/A    
110  TR872TS023_2        023     68.75    100.00  110   N/A       N/A        -0.09     N/A        49.72    N/A           31.75    42.63    5.503    5.715    88    0    0     0     73.86  86.36  N/A         N/A          0.03         N/A          86.36  78.844   1.85     11.78       10.8        78       2        0.81          0.62    76.14     0.63    0.65    0.73    0.51    0.84     83.50   5.33    90.73   78.13   0.72    455.20     6.09     30.15  
111  TR872TS324_4        324     68.75    100.00  110   N/A       N/A        -0.09     N/A        51.14    N/A           26.99    41.65    6.668    6.768    88    0    0     0     78.41  85.23  N/A         N/A          0.31         N/A          85.23  77.188   1.76     11.78       10          77       2.1      1.97          0.60    73.86     0.64    0.63    0.67    0.55    0.81     94.80   5.19    91.47   76.88   0.71    424.90     11.94    31.37  
112  TR872TS220_1        220s    68.18    100.00  112   -0.37     -1.67      -0.14     -0.66      52.56    -1.62         28.25    42.42    6.005    6.323    88    0    0     0     69.32  80.68  -0.48       -1.73        -0.25        -0.67        80.68  73.72    1.90     11.38       9.4         77       2.3      1.79          0.61    70.45     0.63    0.64    0.75    0.61    0.81     83.20   4.89    89.61   72.54   0.70    406.20     8.47     40.05  
113  TR872TS450_1        450     68.18    100.00  112   -0.37     N/A        -0.14     N/A        46.59    N/A           25.87    38.14    3.691    4.543    88    0    0     0     63.64  82.95  -0.89       N/A          -0.61        N/A          82.95  74.897   1.96     11.78       10.1        80       2.3      2.16          0.58    72.16     0.62    0.64    0.88    0.29    0.87     92.40   5.04    90.49   73.47   0.72    430.50     5.86     39.37  
114  TR872TS450_3        450     67.90    100.00  114   N/A       N/A        -0.16     N/A        48.30    N/A           26.41    40.01    4.077    5.048    88    0    0     0     69.32  82.95  N/A         N/A          -0.25        N/A          85.23  79.674   1.77     12.17       10          80       2.3      1.62          0.58    63.64     0.62    0.63    0.85    0.37    0.84     84.70   5.04    90.11   71.91   0.73    425.00     7.42     38.40  
115  TR872TS396_3        396     66.48    100.00  115   N/A       N/A        -0.29     N/A        47.45    N/A           27.20    39.41    6.667    6.807    88    0    0     0     75.00  84.09  N/A         N/A          0.10         N/A          84.09  74.895   1.87     11.78       9.2         78       2.5      0.50          0.58    69.89     0.65    0.61    0.66    0.53    0.81     95.30   5.19    90.41   74.71   0.68    402.20     12.28    N/A    
116  TR872TS474_1        474     66.48    100.00  115   -0.55     N/A        -0.29     N/A        44.88    N/A           21.66    35.26    3.776    4.551    88    0    0     0     68.18  86.36  -0.56       N/A          -0.32        N/A          86.36  77.292   1.86     12.57       9.3         77       2        3.65          0.55    72.73     0.59    0.66    0.86    0.43    0.85     83.70   5.04    89.16   70.23   0.71    402.20     5.65     77.48  
117  TR872TS396_5        396     65.91    100.00  117   N/A       N/A        -0.34     N/A        46.88    N/A           24.57    38.37    5.829    6.091    88    0    0     0     69.32  79.55  N/A         N/A          -0.25        N/A          79.55  72.464   1.89     11.58       9.4         78       2.5      0.72          0.59    69.89     0.63    0.63    0.81    0.53    0.81     81.10   4.89    90.05   76.28   0.68    412.40     7.20     N/A    
118  TR872TS257_2        257     65.91    100.00  117   N/A       N/A        -0.34     N/A        47.16    N/A           24.01    38.30    5.824    6.082    88    0    0     0     69.32  79.55  N/A         N/A          -0.25        N/A          79.55  73.451   1.84     11.58       9.6         78       2.5      1.31          0.59    69.89     0.62    0.63    0.81    0.53    0.81     84.30   4.89    90.03   76.26   0.68    413.10     7.18     N/A    
119  TR872TS450_2        450     65.62    100.00  119   N/A       N/A        -0.37     N/A        46.59    N/A           26.29    39.06    4.232    5.206    88    0    0     0     67.05  84.09  N/A         N/A          -0.39        N/A          86.36  78.5     1.80     12.17       9.7         80       2.4      1.40          0.57    65.91     0.63    0.62    0.85    0.41    0.84     76.60   5.04    89.67   70.90   0.72    413.70     8.69     39.85  
120  TR872TS474_2        474     65.34    100.00  120   N/A       N/A        -0.39     N/A        45.45    N/A           22.28    35.61    4.142    4.935    88    0    0     0     69.32  86.36  N/A         N/A          -0.25        N/A          86.36  77.736   1.84     11.98       9.7         77       2        3.45          0.57    68.75     0.57    0.65    0.83    0.45    0.83     83.70   5.04    88.88   71.83   0.71    415.00     6.84     77.33  
121  TR872TS418_4        418     63.92    100.00  121   N/A       N/A        -0.52     N/A        44.60    N/A           24.89    34.98    5.667    5.997    88    0    0     0     60.23  80.68  N/A         N/A          -0.82        N/A          80.68  64.335   2.04     11.78       7.6         79       2.7      3.68          0.52    61.36     0.57    0.55    0.74    0.55    0.80     75.50   4.89    87.08   68.69   0.66    340.40     10.31    N/A    
122  TR872TS118_3        118     63.07    100.00  122   N/A       N/A        -0.59     N/A        43.47    N/A           26.74    35.22    5.357    5.655    88    0    0     0     70.45  82.95  N/A         N/A          -0.18        N/A          82.95  70.049   2.07     11.58       9.4         80       2.9      1.46          0.60    69.32     0.66    0.64    0.80    0.42    0.83     87.89   4.74    88.85   77.02   0.65    401.50     7.78     N/A    
123  TR872TS220_5        220s    62.50    100.00  123   N/A       N/A        -0.64     -1.81      43.75    N/A           20.65    32.88    5.076    5.758    88    0    0     0     59.09  77.27  N/A         N/A          -0.89        -1.82        78.41  66.243   1.95     11.58       7.2         74       2.7      1.67          0.52    57.39     0.55    0.55    0.76    0.51    0.84     80.90   4.74    86.19   63.27   0.65    326.20     12.69    45.20  
124  TR872TS418_2        418     62.50    100.00  123   N/A       N/A        -0.64     N/A        42.05    N/A           20.70    32.26    5.663    6.084    88    0    0     0     65.91  82.95  N/A         N/A          -0.46        N/A          82.95  61.57    2.15     11.78       6.8         76       2.5      3.74          0.50    58.52     0.54    0.52    0.79    0.56    0.82     65.90   4.89    85.13   63.74   0.65    311.00     11.63    N/A    
125  TR872TS418_3        418     62.22    100.00  125   N/A       N/A        -0.67     N/A        45.17    N/A           29.70    40.31    6.33     6.538    88    0    0     0     65.91  69.32  N/A         N/A          -0.46        N/A          71.59  60.028   1.57     10.59       6.3         71       2.6      3.78          0.50    52.84     0.57    0.54    0.71    0.75    0.74     69.70   4.74    75.90   62.69   0.65    295.00     14.23    N/A    
126  TR872TS220_4        220s    61.93    100.00  126   N/A       N/A        -0.69     -1.93      42.90    N/A           23.45    35.24    4.709    5.455    88    0    0     0     59.09  77.27  N/A         N/A          -0.89        -1.82        81.82  72.88    1.99     11.38       7.9         75       2.4      2.03          0.54    58.52     0.57    0.58    0.79    0.50    0.81     76.40   4.89    86.47   63.56   0.67    350.00     9.20     43.70  
127  TR872TS418_1        418     61.65    100.00  127   -1.07     N/A        -0.72     N/A        41.76    N/A           20.82    32.81    6.095    6.416    88    2    0     0     65.91  72.73  -0.73       N/A          -0.46        N/A          72.73  63.174   2.01     11.58       6.6         81       3.7      3.93          0.51    60.23     0.53    0.57    0.78    0.61    0.79     54.40   5.04    82.59   62.87   0.63    304.20     11.29    N/A    
128  TR872TS330_2        330     61.36    100.00  128   N/A       N/A        -0.75     N/A        42.90    N/A           20.54    33.62    5.965    6.395    88    0    0     0     63.64  79.55  N/A         N/A          -0.61        N/A          79.55  66.293   2.01     9.80        8.7         81       2.8      1.40          0.54    65.34     0.60    0.57    0.71    0.51    0.81     82.10   5.04    77.72   68.18   0.66    381.00     9.51     78.76  
129  TR872TS220_3        220s    61.08    100.00  129   N/A       N/A        -0.77     -2.10      41.20    N/A           22.10    33.15    4.76     5.674    88    1    0     0     55.68  76.14  N/A         N/A          -1.10        -2.20        77.27  67.472   1.94     10.79       7.6         74       2.5      1.96          0.52    55.68     0.56    0.57    0.78    0.52    0.82     77.40   4.74    83.81   63.05   0.65    339.50     9.46     46.04  
130  TR872TS418_5        418     58.81    100.00  130   N/A       N/A        -0.97     N/A        38.35    N/A           24.01    33.91    6.331    6.666    88    0    0     0     67.05  76.14  N/A         N/A          -0.39        N/A          76.14  58.861   1.93     10.99       6.5         74       2.5      3.58          0.50    57.39     0.55    0.53    0.74    0.61    0.80     72.50   4.89    81.84   63.24   0.63    303.40     11.41    N/A    
131  TR872TS480_4        480     56.82    100.00  131   N/A       N/A        -1.15     N/A        36.93    N/A           15.27    26.26    7.663    8.015    88    1    0     0     53.41  70.45  N/A         N/A          -1.24        N/A          70.45  51.75    2.33     11.58       5.4         75       3.1      3.23          0.46    47.73     0.47    0.51    0.64    0.70    0.78     54.80   4.42    79.55   54.30   0.58    263.20     25.63    41.41  
132  TR872TS330_3        330     54.83    100.00  132   N/A       N/A        -1.33     N/A        33.52    N/A           13.85    25.28    5.118    5.764    88    3    0     0     50.00  80.68  N/A         N/A          -1.45        N/A          80.68  66.18    2.12     10.39       8           76       2.7      1.88          0.48    54.55     0.53    0.50    0.74    0.52    0.81     91.00   4.74    76.94   58.29   0.65    355.90     11.39    76.79  
133  TR872TS330_4        330     51.42    100.00  133   N/A       N/A        -1.63     N/A        33.24    N/A           12.05    19.07    6.856    7.501    88    0    0     0     32.95  68.18  N/A         N/A          -2.51        N/A          68.18  50.259   2.25     7.02        5.1         68       3.4      0.97          0.45    45.45     0.54    0.45    0.64    0.70    0.76     68.50   4.58    62.75   60.82   0.53    259.60     11.85    61.88  
134  TR872TS480_3        480     49.72    100.00  134   N/A       N/A        -1.78     N/A        34.66    N/A           14.89    25.81    7.169    7.807    88    1    0     0     47.73  60.23  N/A         N/A          -1.59        N/A          61.36  46.131   2.31     6.63        4.3         63       3.3      3.92          0.42    38.64     0.46    0.42    0.54    0.86    0.75     65.50   3.70    67.97   54.37   0.54    224.20     22.86    50.37  
135  TR872TS330_5        330     47.73    100.00  135   N/A       N/A        -1.96     N/A        27.56    N/A           9.63     15.39    6.663    7.297    88    1    0     0     34.09  72.73  N/A         N/A          -2.44        N/A          72.73  59.212   2.19     11.18       6.9         74       2.9      2.00          0.44    50.57     0.54    0.46    0.67    0.59    0.77     77.50   4.07    73.47   55.84   0.61    314.80     14.34    64.85  
136  TR872TS399_1        399     21.02    100.00  136   -5.43     N/A        -4.34     N/A        10.79    N/A           0.63     4.79     15.014   15.502   88    13   0     0     2.27   23.86  -5.41       N/A          -4.42        N/A          36.36  24.221   2.62     0.49        0           0        N/A      3.98          0.10    9.09      0.35    0.13    0.05    1.85    0.60     11.60   2.30    32.83   32.13   0.28    N/A        122.28   35.53  
137  TR872TS399_3        399     18.75    100.00  137   N/A       N/A        -4.54     N/A        12.50    N/A           0.58     4.94     22.122   22.577   88    4    0     0     0.00   0.00   N/A         N/A          -4.56        N/A          31.82  20.942   2.50     1.48        0           0        N/A      3.58          0.15    9.66      0.35    0.11    -0.01   1.90    0.47     26.30   1.64    26.25   30.96   0.24    N/A        261.24   29.22  
138  TR872TS399_5        399     17.90    100.00  138   N/A       N/A        -4.62     N/A        12.22    N/A           2.15     4.63     19.71    20.057   88    0    0     0     0.00   4.55   N/A         N/A          -4.56        N/A          36.36  26.153   2.52     -0.11       0           0        N/A      3.57          0.17    9.66      0.36    0.11    0.01    2.20    0.47     11.60   2.83    29.00   30.21   0.31    N/A        298.60   30.33  
139  TR872TS399_4        399     17.90    100.00  138   N/A       N/A        -4.62     N/A        10.79    N/A           0.89     4.48     14.473   15.081   88    14   0     0     2.27   7.95   N/A         N/A          -4.42        N/A          30.68  20.267   2.93     0.29        0           0        N/A      4.07          0.09    9.09      0.34    0.12    -0.04   1.87    0.51     23.90   1.64    27.06   32.05   0.21    N/A        155.82   34.76  
140  TR872TS399_2        399     17.33    100.00  140   N/A       N/A        -4.67     N/A        11.93    N/A           2.15     4.63     16.17    16.605   88    2    0     0     5.68   10.23  N/A         N/A          -4.21        N/A          29.55  20.131   2.42     -0.30       0           0        N/A      3.56          0.16    11.36     0.37    0.16    0.17    1.83    0.49     30.40   1.64    34.33   33.95   0.25    N/A        128.58   34.51  

