#    Model               GR#     GDT_TS   NP_P    RANK  Z-M1-GDT  Z-M1s-GDT  Z-MA-GDT  Z-MAs-GDT  GDT_HA   Z-M1s-GDT-HA  GDC_SC   GDC_ALL  RMS_CA   RMS_ALL  NP    err  PC01  PC05  AL0_P  AL4_P  Z-M1-AL0_p  Z-M1s-AL0_p  Z-MA-AL0_p   Z-MAs-AL0_p  ALI_P  LGA_S    RMSD[L]  Z-score[M]  Z-Score[D]  Al.Res.  RMSD[D]  MolPrb_Score  LDDT    SphGr     CAD_AA  RPF     CODM    DFM     Handed.  SOV     CE      QCS     CONTS   TMscore  Dali(raw)  FlexE    QSE    

-    Starting model      -       79.20    -       -     -         -          -         -          64.20    -             40.31    -        5.50     6.07     -     -    -     -     -      -      -           -            -            -            -      -        -        26.75       26.60       201      2.20     3.44          0.70    73.64     0.66    0.73    0.82    0.38    0.87     70.80   7.13    93.10   80.12   0.85     2229.20    18.58    -      

1    TR879TS250_5        250s    79.89    100.00  1     N/A       N/A        0.58      1.43       64.43    N/A           43.68    59.07    5.333    5.927    220   0    0     0     79.55  85.91  N/A         N/A          0.45         1.11         85.91  83.742   1.40     26.75       26.8        202      2.1      1.46          0.71    76.82     0.70    0.74    0.83    0.35    0.88     73.90   7.02    93.42   80.72   0.86    2249.60    18.54    35.08  
2    TR879TS273_1        273     79.77    100.00  2     0.56      N/A        0.57      N/A        64.32    N/A           38.20    55.80    5.47     6.114    220   3    0     0     79.55  85.45  0.44        N/A          0.45         N/A          85.45  83.323   1.35     26.89       26.8        200      2        2.83          0.68    73.86     0.66    0.73    0.82    0.40    0.87     71.50   7.02    93.31   80.49   0.85    2244.50    18.07    N/A    
3    TR879TS250_4        250s    79.55    100.00  3     N/A       N/A        0.56      1.27       64.44    N/A           43.42    58.59    5.355    5.944    220   0    0     0     78.18  85.91  N/A         N/A          0.37         0.19         85.91  82.673   1.31     26.89       26.6        202      2.1      1.26          0.70    75.91     0.70    0.73    0.83    0.36    0.88     73.90   7.13    93.20   79.92   0.86    2233.10    18.61    35.40  
4    TR879TS250_1        250s    79.43    100.00  4     0.54      1.54       0.55      1.21       64.66    1.58          43.80    58.85    5.538    6.09     220   0    0     0     78.64  85.91  0.38        1.00         0.40         0.50         85.91  82.857   1.35     26.75       26.9        201      2.1      1.33          0.71    77.05     0.70    0.74    0.82    0.37    0.87     73.00   7.02    93.31   80.59   0.85    2255.80    18.53    35.72  
5    TR879TS023_1        023     79.32    100.00  5     0.53      N/A        0.54      N/A        64.66    N/A           43.31    57.70    5.479    6.037    220   0    0     0     79.55  85.91  0.44        N/A          0.45         N/A          85.91  83.164   1.30     26.60       27.1        202      2.2      1.21          0.71    76.14     0.70    0.74    0.82    0.36    0.87     74.20   7.13    93.71   82.12   0.86    2267.30    17.69    30.73  
6    TR879TS023_4        023     79.32    100.00  5     N/A       N/A        0.54      N/A        63.98    N/A           44.30    58.31    4.901    5.421    220   0    0     0     80.00  85.91  N/A         N/A          0.47         N/A          85.91  83.547   1.39     27.19       27.3        201      1.9      1.18          0.71    79.32     0.71    0.75    0.85    0.32    0.88     78.90   7.13    93.82   82.54   0.86    2281.70    10.44    30.38  
7    TR879TS023_5        023     79.32    100.00  5     N/A       N/A        0.54      N/A        63.75    N/A           42.61    57.96    4.942    5.495    220   0    0     0     79.09  86.36  N/A         N/A          0.42         N/A          86.36  83.802   1.31     25.55       26.9        205      2.5      1.06          0.69    78.18     0.69    0.74    0.85    0.31    0.88     74.90   7.02    93.60   81.84   0.85    2254.50    12.51    30.75  
8    TR879TS294_1        294     79.32    100.00  5     0.53      N/A        0.54      N/A        63.87    N/A           38.94    56.45    5.523    6.068    220   0    0     0     79.09  85.00  0.41        N/A          0.42         N/A          85.00  82.927   1.30     26.75       26.6        200      2.1      2.86          0.69    73.64     0.66    0.72    0.82    0.37    0.87     69.40   7.13    93.14   80.22   0.85    2228.50    18.56    25.77  
9    TR879TS023_2        023     79.32    100.00  5     N/A       N/A        0.54      N/A        64.43    N/A           43.52    58.84    4.936    5.424    220   0    0     0     80.00  85.91  N/A         N/A          0.47         N/A          85.91  83.583   1.32     27.04       27.1        203      2.2      1.30          0.71    77.50     0.71    0.75    0.85    0.34    0.88     74.50   7.13    93.72   82.21   0.86    2271.00    10.86    30.42  
10   TR879TS480_3        480     79.09    100.00  10    N/A       N/A        0.53      N/A        63.87    N/A           38.16    55.18    5.495    6.098    220   3    0     0     78.18  85.45  N/A         N/A          0.37         N/A          85.45  82.809   1.35     26.75       26.4        201      2.2      3.22          0.69    73.18     0.65    0.72    0.82    0.38    0.87     69.00   7.13    92.99   79.84   0.85    2217.40    18.75    25.82  
11   TR879TS412_5        412     78.98    100.00  11    N/A       N/A        0.52      N/A        64.09    N/A           37.90    56.49    5.531    6.041    220   2    0     0     78.18  85.00  N/A         N/A          0.37         N/A          85.00  82.544   1.28     26.75       26.6        204      2.2      2.24          0.67    72.95     0.66    0.71    0.82    0.37    0.87     70.58   7.13    93.06   79.97   0.85    2225.70    19.05    25.72  
12   TR879TS023_3        023     78.98    100.00  11    N/A       N/A        0.52      N/A        63.98    N/A           43.57    58.27    4.97     5.537    220   0    0     0     79.55  85.91  N/A         N/A          0.45         N/A          85.91  83.026   1.31     26.60       27          203      2.3      1.27          0.71    75.68     0.70    0.74    0.85    0.34    0.88     74.20   7.13    93.66   82.05   0.85    2262.00    11.02    30.69  
13   TR879TS396_1        396     78.98    100.00  11    0.51      N/A        0.52      N/A        63.86    N/A           40.56    56.51    5.511    6.043    220   2    0     0     78.18  85.45  0.35        N/A          0.37         N/A          85.45  82.606   1.30     26.75       26.6        200      2.1      2.77          0.70    73.18     0.66    0.72    0.82    0.37    0.87     70.80   7.13    93.07   79.88   0.85    2226.40    18.69    N/A    
14   TR879TS396_2        396     78.98    100.00  11    N/A       N/A        0.52      N/A        63.86    N/A           40.47    56.50    5.511    6.043    220   2    0     0     78.18  85.45  N/A         N/A          0.37         N/A          85.45  82.574   1.30     26.75       26.6        204      2.2      2.86          0.70    73.18     0.66    0.72    0.82    0.37    0.87     70.80   7.13    93.06   79.87   0.85    2241.40    18.70    N/A    
15   TR879TS412_4        412     78.98    100.00  11    N/A       N/A        0.52      N/A        63.30    N/A           37.34    56.28    5.537    6.064    220   2    0     0     78.18  84.55  N/A         N/A          0.37         N/A          84.55  82.512   1.21     26.75       26.5        204      2.2      2.19          0.68    73.41     0.66    0.72    0.82    0.39    0.87     70.78   7.13    93.10   80.00   0.85    2217.10    18.95    25.84  
16   TR879TS073_5        073     78.86    100.00  16    N/A       N/A        0.51      N/A        63.64    N/A           40.35    56.47    5.515    6.083    220   3    0     0     78.64  85.45  N/A         N/A          0.40         N/A          85.45  82.837   1.33     26.60       26.5        200      2.1      3.45          0.69    73.86     0.66    0.73    0.82    0.38    0.87     70.80   7.13    92.99   79.80   0.85    2220.80    18.71    87.05  
17   TR879TS017_3        017     78.86    100.00  16    N/A       N/A        0.51      N/A        63.64    N/A           40.93    56.80    5.529    6.107    220   2    0     0     78.64  85.91  N/A         N/A          0.40         N/A          85.91  83.084   1.30     26.75       26.6        204      2.2      2.77          0.69    74.32     0.67    0.72    0.82    0.37    0.87     71.10   7.13    92.88   79.44   0.85    2227.50    19.16    91.02  
18   TR879TS412_1        412     78.86    100.00  16    0.50      N/A        0.51      N/A        63.52    N/A           38.72    56.65    5.543    6.05     220   3    0     0     78.18  85.45  0.35        N/A          0.37         N/A          85.45  82.797   1.21     26.60       26.6        204      2.2      2.20          0.69    73.41     0.66    0.72    0.82    0.38    0.87     69.78   7.13    93.07   80.00   0.85    2224.50    19.13    25.77  
19   TR879TS412_2        412     78.86    100.00  16    N/A       N/A        0.51      N/A        63.87    N/A           38.73    56.33    5.513    6.026    220   2    0     0     78.18  84.09  N/A         N/A          0.37         N/A          84.09  82.394   1.25     26.75       26.5        200      2.1      2.10          0.69    73.64     0.66    0.72    0.82    0.38    0.87     70.58   7.13    93.05   79.98   0.85    2220.80    18.84    25.79  
20   TR879TS188_1        188     78.75    100.00  20    0.49      N/A        0.51      N/A        63.06    N/A           38.72    54.71    5.507    6.113    220   1    0     0     78.18  85.00  0.35        N/A          0.37         N/A          85.00  83.026   1.37     26.60       26.2        200      2.1      3.36          0.67    73.41     0.64    0.71    0.82    0.38    0.87     66.40   7.13    92.93   79.27   0.85    2199.40    18.74    N/A    
21   TR879TS017_1        017     78.75    100.00  20    0.49      N/A        0.51      N/A        63.52    N/A           40.40    56.03    5.532    6.02     220   2    0     0     77.73  85.00  0.33        N/A          0.35         N/A          85.00  82.657   1.38     26.75       26.5        204      2.2      2.05          0.69    73.18     0.67    0.72    0.82    0.38    0.87     73.07   7.13    92.88   79.25   0.85    2220.90    19.16    91.07  
22   TR879TS412_3        412     78.75    100.00  20    N/A       N/A        0.51      N/A        63.41    N/A           37.59    56.27    5.507    6.013    220   2    0     0     78.18  85.45  N/A         N/A          0.37         N/A          85.45  82.478   1.27     26.45       26.5        204      2.2      2.16          0.68    72.95     0.66    0.71    0.82    0.38    0.87     70.48   7.13    93.08   79.91   0.85    2216.60    18.69    25.79  
23   TR879TS017_4        017     78.64    100.00  23    N/A       N/A        0.50      N/A        63.41    N/A           40.37    56.03    5.532    6.019    220   2    0     0     78.18  85.91  N/A         N/A          0.37         N/A          85.91  82.689   1.33     26.75       26.6        204      2.2      2.17          0.69    73.18     0.67    0.72    0.82    0.38    0.87     70.78   7.13    92.89   79.28   0.85    2222.40    19.14    91.11  
24   TR879TS017_2        017     78.52    100.00  24    N/A       N/A        0.49      N/A        63.30    N/A           40.40    55.99    5.532    6.02     220   2    0     0     78.18  85.91  N/A         N/A          0.37         N/A          85.91  82.689   1.33     26.75       26.5        204      2.2      2.16          0.69    73.18     0.67    0.72    0.82    0.38    0.87     70.78   7.13    92.89   79.28   0.85    2221.40    19.15    91.11  
25   TR879TS204_5        204     78.52    100.00  24    N/A       N/A        0.49      N/A        62.27    N/A           39.31    55.45    5.537    6.145    220   1    0     0     78.64  84.55  N/A         N/A          0.40         N/A          84.55  82.362   1.36     26.75       26.3        204      2.2      1.72          0.68    72.95     0.66    0.71    0.82    0.38    0.87     77.30   7.13    92.80   79.13   0.85    2205.00    18.91    N/A    
26   TR879TS208_2        208     78.52    100.00  24    N/A       N/A        0.49      N/A        62.38    N/A           41.67    56.59    5.502    6.131    220   2    0     0     79.09  85.91  N/A         N/A          0.42         N/A          85.91  83.108   1.38     26.60       26.6        200      2        1.88          0.69    73.64     0.67    0.72    0.82    0.39    0.87     71.70   7.13    93.12   79.29   0.85    2230.90    19.23    32.85  
27   TR879TS017_5        017     78.52    100.00  24    N/A       N/A        0.49      N/A        63.30    N/A           40.37    56.03    5.53     6.02     220   2    0     0     78.18  85.91  N/A         N/A          0.37         N/A          85.91  82.717   1.33     26.75       26.6        204      2.2      2.20          0.69    73.18     0.67    0.72    0.82    0.37    0.87     70.78   7.13    92.89   79.28   0.85    2223.60    19.13    91.10  
28   TR879TS001_3        001     78.41    100.00  28    N/A       N/A        0.48      N/A        62.16    N/A           39.26    56.42    5.06     5.579    220   4    0     0     76.82  85.91  N/A         N/A          0.29         N/A          85.91  83.24    1.36     27.04       26.3        205      2.2      2.73          0.67    74.09     0.67    0.71    0.85    0.40    0.88     77.15   7.13    92.55   78.90   0.86    2206.70    13.50    N/A    
29   TR879TS208_3        208     78.41    100.00  28    N/A       N/A        0.48      N/A        62.16    N/A           42.38    57.02    5.549    6.144    220   2    0     0     79.55  85.91  N/A         N/A          0.45         N/A          85.91  83.355   1.47     26.75       26.5        200      2        1.63          0.69    72.27     0.67    0.72    0.82    0.40    0.87     70.20   7.02    93.17   79.49   0.85    2224.50    19.43    32.86  
30   TR879TS208_1        208     78.30    100.00  30    0.46      N/A        0.48      N/A        62.27    N/A           41.98    57.06    5.536    6.136    220   2    0     0     79.55  85.45  0.44        N/A          0.45         N/A          85.45  83.465   1.43     26.75       26.5        200      2        1.65          0.69    73.41     0.67    0.72    0.82    0.39    0.87     71.00   7.02    93.13   79.37   0.85    2225.80    19.50    32.79  
31   TR879TS001_1        001     78.30    100.00  30    0.46      N/A        0.48      N/A        62.73    N/A           39.31    56.12    5.787    6.137    220   6    0     0     79.09  85.91  0.41        N/A          0.42         N/A          86.82  83.664   1.39     26.75       27.1        206      2.2      2.96          0.67    74.77     0.67    0.72    0.81    0.34    0.87     75.65   7.13    93.02   79.38   0.86    2264.30    21.36    N/A    
32   TR879TS208_4        208     78.30    100.00  30    N/A       N/A        0.48      N/A        62.73    N/A           42.27    57.27    5.534    6.142    220   2    0     0     78.64  85.45  N/A         N/A          0.40         N/A          85.45  83.387   1.39     26.89       26.6        200      2        1.48          0.69    73.86     0.67    0.72    0.82    0.40    0.87     71.00   7.02    93.17   79.55   0.85    2232.20    19.42    32.78  
33   TR879TS001_2        001     78.30    100.00  30    N/A       N/A        0.48      N/A        61.82    N/A           39.27    56.56    5.044    5.57     220   3    0     0     77.27  85.45  N/A         N/A          0.32         N/A          85.45  83.311   1.29     27.04       26.4        205      2.2      2.56          0.68    74.09     0.67    0.71    0.85    0.40    0.88     77.15   7.13    92.58   78.94   0.86    2207.80    13.35    N/A    
34   TR879TS081_3        081     78.18    100.00  34    N/A       N/A        0.47      N/A        62.50    N/A           40.77    56.50    5.531    6.077    220   4    0     0     78.18  85.00  N/A         N/A          0.37         N/A          85.00  82.813   1.41     26.89       26.3        202      2.1      1.78          0.69    73.18     0.67    0.71    0.82    0.37    0.87     76.80   7.13    92.73   78.81   0.85    2203.10    19.34    83.44  
35   TR879TS247_2        247     78.18    100.00  34    N/A       N/A        0.47      N/A        61.48    N/A           45.40    57.41    5.437    5.88     220   1    0     0     80.45  87.27  N/A         N/A          0.50         N/A          87.27  84.023   1.44     26.60       26.8        205      2.3      1.08          0.71    80.68     0.70    0.73    0.84    0.32    0.88     71.60   7.13    93.39   81.12   0.86    2243.10    18.10    N/A    
36   TR879TS208_5        208     77.95    100.00  36    N/A       N/A        0.45      N/A        62.05    N/A           41.77    56.64    5.513    6.141    220   2    0     0     79.09  85.45  N/A         N/A          0.42         N/A          85.45  83.272   1.41     26.60       26.6        200      2        1.78          0.69    72.95     0.67    0.72    0.82    0.39    0.87     71.70   7.13    93.01   79.16   0.85    2226.60    19.24    32.90  
37   TR879TS324_2        324     77.95    100.00  36    N/A       N/A        0.45      N/A        63.07    N/A           40.25    56.64    5.267    5.873    220   1    0     0     77.27  83.64  N/A         N/A          0.32         N/A          83.64  82.129   1.37     26.30       26.4        198      2.1      2.94          0.69    74.09     0.66    0.71    0.84    0.44    0.87     77.70   7.02    92.95   79.83   0.84    2211.70    12.36    26.93  
38   TR879TS480_2        480     77.95    100.00  36    N/A       N/A        0.45      N/A        62.05    N/A           34.18    53.89    5.171    5.876    220   3    0     0     77.73  85.91  N/A         N/A          0.35         N/A          85.91  83.303   1.32     26.75       26.2        200      2.1      3.48          0.67    71.59     0.63    0.71    0.84    0.37    0.87     67.10   7.13    92.35   78.98   0.85    2198.30    14.37    25.71  
39   TR879TS081_2        081     77.84    100.00  39    N/A       N/A        0.45      N/A        61.25    N/A           39.30    55.28    5.527    6.109    220   6    0     0     78.64  85.45  N/A         N/A          0.40         N/A          85.45  82.478   1.38     26.89       26          202      2.1      1.12          0.68    73.41     0.66    0.70    0.82    0.36    0.87     77.70   7.13    92.57   78.42   0.85    2183.90    19.55    83.74  
40   TR879TS247_1        247     77.84    100.00  39    0.43      N/A        0.45      N/A        59.88    N/A           42.70    56.83    5.246    5.7      220   1    0     0     80.91  87.73  0.52        N/A          0.52         N/A          87.73  83.939   1.35     27.04       26.5        201      1.9      0.50          0.70    81.14     0.69    0.74    0.84    0.34    0.88     74.60   7.13    92.67   80.07   0.86    2222.30    17.34    N/A    
41   TR879TS480_1        480     77.84    100.00  39    0.43      N/A        0.45      N/A        62.62    N/A           32.94    53.61    5.597    6.303    220   3    0     0     77.73  84.09  0.33        N/A          0.35         N/A          84.09  81.854   1.35     26.30       25.9        198      2.1      3.21          0.67    70.68     0.63    0.71    0.81    0.39    0.87     69.30   7.13    92.03   79.06   0.84    2181.50    19.39    26.72  
42   TR879TS324_1        324     77.73    100.00  42    0.42      N/A        0.44      N/A        62.84    N/A           40.36    56.59    5.268    5.864    220   2    0     0     77.73  84.55  0.33        N/A          0.35         N/A          84.55  82.833   1.35     25.85       26.3        198      2.1      2.83          0.69    75.00     0.66    0.71    0.84    0.43    0.87     77.70   7.02    93.03   79.97   0.84    2209.80    12.14    26.95  
43   TR879TS250_2        250s    77.73    100.00  42    N/A       N/A        0.44      0.41       62.50    N/A           43.44    57.82    5.852    6.353    220   0    0     0     78.64  83.64  N/A         N/A          0.40         0.50         83.64  81.523   1.29     25.55       26.4        197      2.1      1.36          0.70    75.23     0.69    0.72    0.80    0.39    0.86     71.70   7.02    93.21   80.33   0.83    2213.70    19.31    36.78  
44   TR879TS324_3        324     77.73    100.00  42    N/A       N/A        0.44      N/A        62.61    N/A           40.69    56.66    5.263    5.887    220   1    0     0     77.73  83.64  N/A         N/A          0.35         N/A          84.55  82.508   1.37     25.85       26.4        202      2.3      2.96          0.69    73.86     0.66    0.71    0.84    0.42    0.87     71.90   7.02    92.95   79.82   0.84    2212.30    12.42    26.88  
45   TR879TS480_5        480     77.61    100.00  45    N/A       N/A        0.43      N/A        62.50    N/A           35.09    54.09    5.315    6.005    220   4    0     0     79.09  85.45  N/A         N/A          0.42         N/A          85.91  82.99    1.47     26.45       26.1        199      2.2      3.59          0.68    73.64     0.63    0.71    0.73    0.44    0.87     78.80   7.02    92.73   79.09   0.84    2187.90    13.35    26.41  
46   TR879TS393_1        393     77.61    100.00  45    0.41      N/A        0.43      N/A        60.57    N/A           38.94    55.12    5.556    6.18     220   2    0     0     78.18  86.36  0.35        N/A          0.37         N/A          86.36  83.21    1.49     26.75       25.9        204      2.3      3.32          0.68    72.73     0.65    0.72    0.82    0.38    0.87     69.90   7.13    92.42   78.13   0.85    2178.50    19.55    26.34  
47   TR879TS324_4        324     77.61    100.00  45    N/A       N/A        0.43      N/A        62.84    N/A           39.44    55.94    5.214    5.806    220   2    0     0     77.73  84.09  N/A         N/A          0.35         N/A          84.09  82.55    1.36     26.30       26.2        198      2.1      3.04          0.69    74.77     0.66    0.71    0.84    0.43    0.87     77.90   7.02    93.02   79.97   0.84    2202.50    11.28    27.11  
48   TR879TS324_5        324     77.61    100.00  45    N/A       N/A        0.43      N/A        62.61    N/A           39.30    56.23    5.235    5.836    220   1    0     0     77.73  84.09  N/A         N/A          0.35         N/A          85.00  82.283   1.34     26.30       26.4        198      2.1      3.12          0.68    75.00     0.65    0.71    0.84    0.43    0.87     75.70   7.02    93.04   79.99   0.84    2211.70    11.67    26.88  
49   TR879TS250_3        250s    77.50    100.00  49    N/A       N/A        0.42      0.30       62.16    N/A           42.35    57.23    5.664    6.162    220   0    0     0     78.18  84.09  N/A         N/A          0.37         0.19         84.09  81.806   1.39     25.55       26.4        199      2.2      1.42          0.70    74.55     0.69    0.72    0.82    0.42    0.86     71.70   7.13    93.04   80.05   0.83    2217.90    15.96    37.04  
50   TR879TS247_5        247     77.50    100.00  49    N/A       N/A        0.42      N/A        60.80    N/A           42.85    56.67    5.462    5.901    220   1    0     0     80.91  86.36  N/A         N/A          0.52         N/A          86.82  84.284   1.49     26.75       26.4        202      2.1      0.96          0.70    79.32     0.69    0.73    0.83    0.31    0.88     70.10   7.13    93.09   79.85   0.86    2218.10    18.00    N/A    
51   TR879TS396_4        396     77.39    100.00  51    N/A       N/A        0.42      N/A        62.16    N/A           39.29    56.02    5.117    5.607    220   1    0     0     77.27  85.45  N/A         N/A          0.32         N/A          85.45  82.715   1.39     25.85       26.6        200      2.1      2.99          0.69    75.23     0.66    0.72    0.84    0.40    0.87     81.70   6.92    92.75   80.89   0.85    2238.30    10.59    N/A    
52   TR879TS220_3        220s    77.39    100.00  51    N/A       N/A        0.42      0.25       61.93    N/A           39.53    55.81    5.619    6.243    220   2    0     0     79.55  85.00  N/A         N/A          0.45         1.11         85.00  82.893   1.47     25.41       26          200      2.4      1.84          0.68    72.50     0.67    0.70    0.82    0.35    0.87     74.50   7.13    93.23   80.29   0.84    2189.70    18.77    32.53  
53   TR879TS081_1        081     77.27    100.00  53    0.39      N/A        0.41      N/A        59.55    N/A           38.78    54.46    5.533    6.102    220   6    0     0     78.64  86.36  0.38        N/A          0.40         N/A          86.36  81.589   1.42     26.75       25.6        204      2.2      1.25          0.67    72.95     0.66    0.70    0.82    0.36    0.87     76.10   7.13    92.41   77.72   0.85    2154.40    20.39    83.91  
54   TR879TS247_4        247     77.27    100.00  53    N/A       N/A        0.41      N/A        59.89    N/A           42.08    55.34    5.306    5.883    220   1    0     0     80.00  85.45  N/A         N/A          0.47         N/A          85.45  83.933   1.45     25.55       26.1        199      2        1.27          0.69    77.05     0.69    0.72    0.83    0.34    0.88     78.60   7.02    92.78   79.30   0.85    2192.90    18.07    N/A    
55   TR879TS081_5        081     77.16    100.00  55    N/A       N/A        0.40      N/A        59.32    N/A           38.95    54.08    5.547    6.124    220   6    0     0     78.64  86.36  N/A         N/A          0.40         N/A          86.36  81.36    1.45     26.75       25.6        204      2.2      1.10          0.67    72.95     0.66    0.70    0.82    0.37    0.87     76.10   7.13    92.34   77.57   0.85    2149.90    20.42    84.17  
56   TR879TS162_2        162     77.16    100.00  55    N/A       N/A        0.40      N/A        60.91    N/A           38.56    54.36    5.593    6.18     220   0    0     0     77.27  85.91  N/A         N/A          0.32         N/A          85.91  82.223   1.50     26.75       25.3        204      2.3      1.09          0.67    72.50     0.66    0.69    0.82    0.38    0.87     72.00   7.02    92.30   77.71   0.84    2132.10    20.17    N/A    
57   TR879TS081_4        081     77.16    100.00  55    N/A       N/A        0.40      N/A        58.86    N/A           38.54    54.09    5.538    6.121    220   6    0     0     78.64  86.36  N/A         N/A          0.40         N/A          86.36  81.236   1.46     26.75       25.5        204      2.2      1.10          0.67    72.95     0.66    0.70    0.82    0.38    0.87     76.10   7.13    92.36   77.60   0.85    2147.50    20.41    84.05  
58   TR879TS220_2        220s    77.16    100.00  55    N/A       N/A        0.40      0.14       61.93    N/A           40.80    56.48    5.602    6.274    220   1    0     0     79.09  84.55  N/A         N/A          0.42         0.80         84.55  82.777   1.41     26.75       26          201      2.5      1.65          0.69    71.82     0.67    0.71    0.82    0.37    0.87     72.30   7.13    93.43   80.59   0.84    2187.30    18.17    33.07  
59   TR879TS393_4        393     77.16    100.00  55    N/A       N/A        0.40      N/A        59.20    N/A           38.84    53.93    5.417    6.093    220   2    0     0     79.09  86.82  N/A         N/A          0.42         N/A          86.82  83.018   1.50     26.75       25.4        205      2.3      3.72          0.67    72.05     0.64    0.71    0.82    0.37    0.87     77.80   7.13    91.88   76.45   0.85    2139.20    19.39    26.26  
60   TR879TS430_1        430s    77.05    100.00  60    0.37      0.06       0.39      0.09       61.37    0.10          36.15    53.54    5.59     6.281    220   2    0     0     78.18  85.91  0.35        0.33         0.37         0.19         85.91  82.071   1.42     26.75       25.5        202      2.2      2.34          0.66    70.45     0.64    0.68    0.82    0.38    0.87     69.00   7.13    92.50   77.72   0.84    2146.90    19.78    32.89  
61   TR879TS450_4        450     77.05    100.00  60    N/A       N/A        0.39      N/A        62.27    N/A           41.28    56.23    5.282    5.909    220   2    0     0     76.82  83.18  N/A         N/A          0.29         N/A          83.18  81.912   1.51     26.30       26.4        205      2.7      1.56          0.69    71.82     0.68    0.71    0.84    0.34    0.87     80.20   7.02    93.28   80.71   0.84    2215.20    13.48    33.20  
62   TR879TS430_4        430s    77.05    100.00  60    N/A       N/A        0.39      0.09       61.37    N/A           36.15    53.54    5.59     6.281    220   2    0     0     78.18  85.91  N/A         N/A          0.37         0.19         85.91  82.071   1.42     26.75       25.5        202      2.2      2.34          0.66    70.45     0.64    0.68    0.82    0.38    0.87     69.00   7.13    92.50   77.72   0.84    2146.90    19.78    32.89  
63   TR879TS430_3        430s    77.05    100.00  60    N/A       N/A        0.39      0.09       61.37    N/A           36.15    53.54    5.59     6.281    220   2    0     0     78.18  85.91  N/A         N/A          0.37         0.19         85.91  82.071   1.42     26.75       25.5        202      2.2      2.34          0.66    70.45     0.64    0.68    0.82    0.38    0.87     69.00   7.13    92.50   77.72   0.84    2146.90    19.78    32.89  
64   TR879TS430_5        430s    77.05    100.00  60    N/A       N/A        0.39      0.09       61.37    N/A           36.15    53.54    5.59     6.281    220   2    0     0     78.18  85.91  N/A         N/A          0.37         0.19         85.91  82.071   1.42     26.75       25.5        202      2.2      2.34          0.66    70.45     0.64    0.68    0.82    0.38    0.87     69.00   7.13    92.50   77.72   0.84    2146.90    19.78    32.89  
65   TR879TS430_2        430s    77.05    100.00  60    N/A       N/A        0.39      0.09       61.37    N/A           36.15    53.54    5.59     6.281    220   2    0     0     78.18  85.91  N/A         N/A          0.37         0.19         85.91  82.071   1.42     26.75       25.5        202      2.2      2.34          0.66    70.45     0.64    0.68    0.82    0.38    0.87     69.00   7.13    92.50   77.72   0.84    2146.90    19.78    32.89  
66   TR879TS396_3        396     76.93    100.00  66    N/A       N/A        0.39      N/A        61.59    N/A           38.45    55.00    5.19     5.781    220   1    0     0     78.18  85.45  N/A         N/A          0.37         N/A          85.45  82.544   1.37     26.30       26.1        202      2.3      2.43          0.68    73.18     0.65    0.70    0.84    0.41    0.87     86.80   6.92    92.61   79.46   0.84    2206.30    11.20    N/A    
67   TR879TS011_5        011     76.82    100.00  67    N/A       N/A        0.38      N/A        60.80    N/A           41.09    56.03    5.319    5.927    220   2    0     0     78.64  84.09  N/A         N/A          0.40         N/A          84.09  82.047   1.42     25.70       25.8        198      2.5      1.48          0.68    73.86     0.68    0.70    0.84    0.36    0.87     80.70   7.02    93.18   80.42   0.84    2167.10    13.34    32.73  
68   TR879TS393_3        393     76.82    100.00  67    N/A       N/A        0.38      N/A        59.89    N/A           38.95    54.55    5.462    6.149    220   2    0     0     78.64  86.36  N/A         N/A          0.40         N/A          86.36  83.489   1.49     26.89       25.5        205      2.2      3.80          0.67    72.50     0.65    0.71    0.81    0.37    0.87     79.80   7.13    91.85   76.32   0.85    2147.80    19.51    26.14  
69   TR879TS162_4        162     76.70    100.00  69    N/A       N/A        0.37      N/A        59.88    N/A           38.04    53.47    5.618    6.228    220   0    0     0     76.82  85.91  N/A         N/A          0.29         N/A          85.91  82.075   1.48     26.89       24.9        205      2.4      1.33          0.66    72.95     0.66    0.69    0.82    0.37    0.87     72.60   7.02    91.90   76.85   0.84    2111.00    20.44    N/A    
70   TR879TS011_4        011     76.70    100.00  69    N/A       N/A        0.37      N/A        62.50    N/A           45.04    57.68    5.434    6.038    220   2    0     0     78.18  82.27  N/A         N/A          0.37         N/A          82.27  81.75    1.41     26.60       26.3        203      2.7      1.62          0.70    72.27     0.70    0.71    0.84    0.34    0.86     71.10   7.02    93.24   80.77   0.84    2204.00    13.49    33.49  
71   TR879TS162_5        162     76.48    100.00  71    N/A       N/A        0.36      N/A        60.45    N/A           37.14    53.31    5.591    6.206    220   0    0     0     77.27  85.91  N/A         N/A          0.32         N/A          85.91  82.291   1.48     26.75       25.1        202      2.1      1.15          0.66    72.95     0.66    0.69    0.82    0.37    0.87     73.70   7.02    92.01   76.96   0.84    2111.10    20.64    N/A    
72   TR879TS011_2        011     76.48    100.00  71    N/A       N/A        0.36      N/A        60.34    N/A           39.34    54.17    5.264    5.936    220   1    0     0     78.64  83.64  N/A         N/A          0.40         N/A          83.64  80.955   1.40     26.00       26          200      2.5      1.88          0.67    73.64     0.68    0.70    0.84    0.40    0.87     77.70   7.13    92.81   79.77   0.84    2179.80    13.32    34.07  
73   TR879TS446_1        446s    76.36    100.00  73    0.32      -0.37      0.35      -0.24      59.66    -0.66         40.20    53.21    5.49     6.116    220   1    0     0     76.82  86.82  0.27        -1.67        0.29         -0.72        86.82  82.348   1.63     27.19       25.6        204      2.3      1.51          0.68    72.05     0.66    0.70    0.82    0.41    0.87     79.90   7.13    91.94   77.65   0.84    2155.30    19.44    86.13  
74   TR879TS102_1        102     76.36    100.00  73    0.32      N/A        0.35      N/A        59.20    N/A           35.92    53.83    5.431    5.909    220   7    0     0     77.73  85.00  0.33        N/A          0.35         N/A          85.00  81.011   1.50     26.75       25          204      2.3      1.74          0.66    75.00     0.65    0.69    0.83    0.37    0.87     80.93   7.13    91.88   77.06   0.84    2099.40    18.87    N/A    
75   TR879TS162_1        162     76.25    100.00  75    0.32      N/A        0.34      N/A        58.52    N/A           37.82    53.37    5.643    6.266    220   0    0     0     78.18  85.00  0.35        N/A          0.37         N/A          85.00  82.041   1.46     26.75       25          204      2.3      1.07          0.66    72.50     0.66    0.69    0.81    0.39    0.87     71.00   7.02    92.11   77.54   0.84    2105.20    20.43    N/A    
76   TR879TS393_2        393     76.02    100.00  76    N/A       N/A        0.33      N/A        58.30    N/A           37.91    52.92    5.623    6.25     220   2    0     0     77.73  85.45  N/A         N/A          0.35         N/A          85.45  82.628   1.51     26.60       25          200      2.1      3.72          0.66    71.82     0.64    0.71    0.81    0.40    0.87     72.70   7.13    91.68   75.86   0.84    2102.20    20.36    26.97  
77   TR879TS450_2        450     76.02    100.00  76    N/A       N/A        0.33      N/A        60.45    N/A           41.45    55.19    5.223    5.863    220   1    0     0     79.55  85.00  N/A         N/A          0.45         N/A          85.00  81.864   1.50     26.75       26.3        202      2.6      1.93          0.68    73.18     0.68    0.71    0.84    0.36    0.87     82.80   7.13    93.26   80.66   0.84    2206.70    12.27    34.19  
78   TR879TS060_5        060     75.91    100.00  78    N/A       N/A        0.32      N/A        60.00    N/A           35.76    52.89    6.314    6.888    220   0    0     0     75.91  83.64  N/A         N/A          0.24         N/A          83.64  81.156   1.36     26.00       24.7        196      2        1.64          0.63    72.50     0.64    0.67    0.75    0.35    0.86     69.90   7.02    92.14   77.14   0.83    2082.90    30.07    86.37  
79   TR879TS001_5        001     75.91    100.00  78    N/A       N/A        0.32      N/A        58.41    N/A           38.21    53.76    5.552    6.001    220   2    0     0     77.27  85.45  N/A         N/A          0.32         N/A          85.45  82.835   1.55     26.89       25.3        202      2.1      2.50          0.66    74.09     0.65    0.69    0.82    0.37    0.87     78.74   7.13    92.06   77.01   0.85    2128.90    19.30    N/A    
80   TR879TS396_5        396     75.80    100.00  80    N/A       N/A        0.31      N/A        60.80    N/A           37.05    54.93    5.388    5.956    220   1    0     0     76.82  82.73  N/A         N/A          0.29         N/A          84.09  80.574   1.41     26.15       25.9        200      2.3      2.71          0.67    73.86     0.65    0.70    0.81    0.45    0.86     76.20   6.92    92.56   78.79   0.83    2188.80    12.09    N/A    
81   TR879TS450_5        450     75.80    100.00  80    N/A       N/A        0.31      N/A        59.77    N/A           43.69    55.29    5.258    5.851    220   1    0     0     77.73  85.00  N/A         N/A          0.35         N/A          85.00  81.535   1.53     26.89       26.2        201      2.4      1.96          0.68    74.09     0.68    0.71    0.85    0.34    0.87     79.30   7.13    93.04   80.23   0.84    2197.90    12.28    33.90  
82   TR879TS162_3        162     75.80    100.00  80    N/A       N/A        0.31      N/A        59.09    N/A           37.93    53.69    5.566    6.187    220   0    0     0     78.18  84.09  N/A         N/A          0.37         N/A          84.09  82.217   1.47     26.89       25.2        203      2.2      1.35          0.66    72.27     0.66    0.69    0.82    0.39    0.87     71.10   7.02    92.14   77.05   0.84    2122.50    19.71    N/A    
83   TR879TS060_2        060     75.68    100.00  83    N/A       N/A        0.30      N/A        59.43    N/A           37.72    51.39    5.268    5.894    220   0    0     0     74.55  83.64  N/A         N/A          0.17         N/A          83.64  80.977   1.57     26.75       24.4        203      2.3      1.52          0.63    71.59     0.63    0.66    0.82    0.34    0.90     78.60   7.02    91.52   75.52   0.83    2061.00    24.85    89.45  
84   TR879TS102_5        102     75.57    100.00  84    N/A       N/A        0.30      N/A        57.95    N/A           37.68    52.84    5.538    6.08     220   2    0     0     76.82  84.55  N/A         N/A          0.29         N/A          84.55  81.449   1.56     26.89       24.4        204      2.3      2.06          0.64    72.50     0.64    0.69    0.83    0.38    0.87     88.20   7.02    91.26   75.39   0.84    2058.00    19.39    80.02  
85   TR879TS011_3        011     75.45    100.00  85    N/A       N/A        0.29      N/A        59.77    N/A           36.08    54.26    5.565    6.288    220   1    0     0     78.64  84.09  N/A         N/A          0.40         N/A          84.09  81.541   1.48     26.30       25.6        199      2.3      1.86          0.66    73.18     0.67    0.69    0.83    0.37    0.86     81.30   7.13    92.71   78.91   0.83    2155.70    13.92    33.54  
86   TR879TS011_1        011     75.45    100.00  85    0.26      N/A        0.29      N/A        59.20    N/A           37.72    53.21    5.373    6.001    220   1    0     0     78.64  83.18  0.38        N/A          0.40         N/A          83.18  80.801   1.44     26.30       25.4        199      2.5      1.94          0.67    73.41     0.67    0.70    0.83    0.36    0.86     78.30   7.13    93.09   80.49   0.83    2134.90    13.92    34.64  
87   TR879TS450_1        450     75.45    100.00  85    0.26      N/A        0.29      N/A        59.66    N/A           39.74    54.05    5.262    5.839    220   1    0     0     78.64  84.55  0.38        N/A          0.40         N/A          84.55  81.043   1.46     26.60       25.9        201      2.5      1.79          0.67    74.09     0.68    0.70    0.85    0.36    0.87     81.30   7.13    93.08   80.10   0.84    2173.70    12.64    34.40  
88   TR879TS247_3        247     75.45    100.00  85    N/A       N/A        0.29      N/A        57.95    N/A           41.54    53.52    5.435    5.879    220   1    0     0     80.00  85.45  N/A         N/A          0.47         N/A          85.45  82.041   1.60     25.85       25.3        202      2.3      1.03          0.68    78.86     0.69    0.72    0.83    0.34    0.87     71.10   7.13    91.82   78.09   0.84    2125.50    17.97    N/A    
89   TR879TS001_4        001     75.34    100.00  89    N/A       N/A        0.28      N/A        57.05    N/A           36.92    52.62    5.71     6.093    220   2    0     0     78.18  86.36  N/A         N/A          0.37         N/A          86.36  83.028   1.46     26.89       25.3        201      2        2.31          0.65    72.50     0.64    0.69    0.81    0.37    0.87     83.62   7.13    91.97   76.88   0.85    2126.60    20.81    N/A    
90   TR879TS257_1        257     75.23    100.00  90    0.25      N/A        0.27      N/A        58.29    N/A           37.64    52.54    5.383    5.865    220   1    0     0     78.64  85.45  0.38        N/A          0.40         N/A          85.45  81.99    1.53     26.60       26.2        202      2.4      2.20          0.68    76.59     0.67    0.72    0.80    0.29    0.88     74.10   7.13    92.55   79.38   0.84    2197.00    22.79    26.84  
91   TR879TS450_3        450     75.23    100.00  90    N/A       N/A        0.27      N/A        57.95    N/A           38.96    52.91    5.325    5.904    220   1    0     0     79.55  84.55  N/A         N/A          0.45         N/A          84.55  80.965   1.51     26.89       25.6        202      2.6      1.75          0.66    73.64     0.67    0.70    0.85    0.37    0.87     84.20   7.13    92.82   79.51   0.83    2153.20    13.85    32.76  
92   TR879TS220_1        220s    75.00    100.00  92    0.23      -1.22      0.26      -0.88      58.86    -1.02         36.40    53.16    5.635    6.236    220   1    0     0     78.18  84.55  0.35        0.33         0.37         0.19         84.55  81.2     1.43     26.45       24.9        199      2.4      2.32          0.66    73.64     0.65    0.69    0.82    0.38    0.86     74.50   7.13    91.83   77.42   0.83    2095.10    17.66    34.55  
93   TR879TS060_3        060     75.00    100.00  92    N/A       N/A        0.26      N/A        58.18    N/A           34.72    50.72    4.126    4.679    220   0    0     0     74.09  80.91  N/A         N/A          0.14         N/A          80.91  79.197   1.42     26.60       23.8        202      2.5      1.60          0.62    71.59     0.63    0.66    0.89    0.32    0.90     75.50   7.02    91.13   75.67   0.83    2012.40    9.93     88.25  
94   TR879TS060_1        060     74.77    100.00  94    0.21      N/A        0.24      N/A        58.52    N/A           35.60    50.94    6.031    6.63     220   0    0     0     74.55  85.00  0.13        N/A          0.17         N/A          85.00  81.559   1.61     24.81       24.4        200      2.2      1.56          0.63    72.05     0.63    0.66    0.77    0.39    0.86     80.00   7.02    91.45   75.57   0.83    2055.40    32.91    88.61  
95   TR879TS060_4        060     74.77    100.00  94    N/A       N/A        0.24      N/A        58.52    N/A           33.51    51.19    6.168    6.807    220   0    0     0     75.91  84.09  N/A         N/A          0.24         N/A          84.09  80.614   1.46     25.55       24.3        195      2        1.73          0.62    72.50     0.63    0.66    0.76    0.40    0.86     84.60   6.92    91.73   75.98   0.83    2049.70    29.41    86.91  
96   TR879TS257_2        257     73.86    100.00  96    N/A       N/A        0.18      N/A        55.68    N/A           38.43    51.23    4.07     4.407    220   1    0     0     80.00  87.73  N/A         N/A          0.47         N/A          87.73  81.639   1.58     26.89       26.3        202      2.2      2.13          0.69    77.27     0.67    0.74    0.90    0.34    0.90     72.60   7.13    92.76   80.49   0.84    2206.50    7.84     26.96  
97   TR879TS102_2        102     73.75    100.00  97    N/A       N/A        0.18      N/A        54.43    N/A           35.62    50.25    5.328    5.938    220   24   0     0     78.18  85.00  N/A         N/A          0.37         N/A          85.00  79.803   1.62     26.75       23.6        203      2.3      2.41          0.62    72.50     0.61    0.67    0.83    0.38    0.87     83.42   7.13    90.27   73.89   0.84    1990.00    19.14    N/A    
98   TR879TS073_2        073     73.30    100.00  98    N/A       N/A        0.15      N/A        55.79    N/A           38.79    50.94    5.939    6.517    220   2    0     0     76.36  83.18  N/A         N/A          0.27         N/A          83.18  79.813   1.54     26.75       23.7        194      2.3      1.93          0.65    73.18     0.64    0.70    0.80    0.37    0.86     71.00   6.92    91.06   75.15   0.82    2005.10    23.47    86.85  
99   TR879TS265_1        265     73.07    100.00  99    0.09      N/A        0.13      N/A        55.23    N/A           36.72    49.78    5.701    6.226    220   2    0     0     74.55  85.45  0.13        N/A          0.17         N/A          85.45  81.152   1.67     26.89       23.8        204      2.4      1.90          0.66    74.55     0.65    0.69    0.82    0.38    0.87     72.30   6.92    91.22   75.68   0.84    2012.50    21.15    86.10  
100  TR879TS220_4        220s    72.95    100.00  100   N/A       N/A        0.12      -1.85      58.07    N/A           41.84    53.49    5.665    6.249    220   1    0     0     74.09  78.64  N/A         N/A          0.14         -2.56        80.91  78.403   1.36     25.26       24.6        192      2.2      2.05          0.67    71.59     0.67    0.69    0.82    0.46    0.85     76.90   6.92    91.04   78.15   0.81    2074.80    15.07    36.20  
101  TR879TS480_4        480     72.95    100.00  100   N/A       N/A        0.12      N/A        58.64    N/A           30.42    50.66    6.216    6.7      220   3    0     0     74.09  80.00  N/A         N/A          0.14         N/A          80.00  78.764   1.51     25.11       23.9        191      2.2      3.45          0.64    67.27     0.60    0.67    0.69    0.47    0.85     78.90   6.92    89.86   75.40   0.80    2016.80    17.06    30.20  
102  TR879TS073_4        073     72.95    100.00  100   N/A       N/A        0.12      N/A        55.80    N/A           38.67    50.92    6.018    6.65     220   2    0     0     74.55  83.18  N/A         N/A          0.17         N/A          83.64  79.119   1.64     26.15       24          201      2.5      1.82          0.66    71.59     0.65    0.70    0.80    0.40    0.86     70.90   7.02    90.92   75.46   0.82    2026.30    23.81    87.13  
103  TR879TS265_5        265     72.84    100.00  103   N/A       N/A        0.12      N/A        54.20    N/A           35.44    47.99    5.541    6.119    220   2    0     0     74.55  85.45  N/A         N/A          0.17         N/A          85.45  80.204   1.67     27.04       23.5        203      2.2      1.79          0.65    73.86     0.65    0.69    0.83    0.39    0.87     84.30   6.92    90.03   74.38   0.83    1991.40    20.20    85.54  
104  TR879TS474_2        474     72.61    100.00  104   N/A       N/A        0.10      N/A        53.30    N/A           32.58    47.70    4.76     4.98     220   1    0     0     80.45  87.73  N/A         N/A          0.50         N/A          87.73  80.75    1.70     26.45       25.7        202      2.4      2.94          0.66    79.32     0.66    0.73    0.89    0.26    0.89     76.90   7.13    92.25   79.54   0.83    2159.30    8.91     83.07  
105  TR879TS102_3        102     72.61    100.00  104   N/A       N/A        0.10      N/A        54.09    N/A           34.24    49.60    5.417    5.88     220   2    0     0     77.27  84.55  N/A         N/A          0.32         N/A          84.55  80.313   1.59     26.75       23.4        201      2.4      2.12          0.62    74.32     0.63    0.68    0.82    0.41    0.86     75.56   7.13    90.82   74.15   0.83    1980.00    18.60    80.74  
106  TR879TS073_3        073     72.61    100.00  104   N/A       N/A        0.10      N/A        55.23    N/A           39.07    49.82    5.833    6.344    220   2    0     0     71.82  81.82  N/A         N/A          0.01         N/A          81.82  78.365   1.72     26.30       23.3        195      2.4      2.00          0.66    72.73     0.65    0.70    0.81    0.39    0.86     71.40   6.92    90.18   75.58   0.81    1970.20    21.62    86.18  
107  TR879TS265_2        265     72.39    100.00  107   N/A       N/A        0.09      N/A        53.64    N/A           35.38    49.03    5.564    6.129    220   2    0     0     73.64  85.91  N/A         N/A          0.12         N/A          85.91  80.1     1.65     26.75       23.8        205      2.6      1.77          0.65    72.73     0.65    0.69    0.83    0.39    0.87     75.30   6.92    90.26   74.70   0.83    2013.20    19.74    86.04  
108  TR879TS474_1        474     72.16    100.00  108   0.03      N/A        0.07      N/A        52.50    N/A           32.93    47.64    4.041    4.525    220   1    0     0     79.55  88.18  0.44        N/A          0.45         N/A          88.18  80.746   1.67     27.04       25.7        207      2.6      3.20          0.65    77.27     0.65    0.71    0.90    0.32    0.90     74.30   7.13    92.28   79.56   0.84    2156.20    8.48     83.84  
109  TR879TS102_4        102     71.82    100.00  109   N/A       N/A        0.05      N/A        52.16    N/A           33.30    47.83    5.456    5.922    220   2    0     0     75.91  83.18  N/A         N/A          0.24         N/A          83.18  78.761   1.69     26.60       22.6        201      2.5      2.67          0.61    73.18     0.61    0.67    0.82    0.40    0.87     78.94   7.02    89.79   72.26   0.82    1912.90    20.36    81.20  
110  TR879TS265_4        265     71.59    100.00  110   N/A       N/A        0.03      N/A        52.38    N/A           32.68    44.84    5.535    6.124    220   2    0     0     72.27  84.09  N/A         N/A          0.04         N/A          84.09  78.916   1.77     26.89       23.2        204      2.6      1.87          0.64    72.27     0.65    0.68    0.83    0.39    0.87     84.30   7.02    90.34   74.97   0.82    1963.80    18.83    84.45  
111  TR879TS220_5        220s    71.59    100.00  110   N/A       N/A        0.03      -2.49      55.68    N/A           37.57    50.89    6.109    6.646    220   1    0     0     74.55  80.91  N/A         N/A          0.17         -2.25        82.73  78.449   1.57     25.55       23.9        190      2        1.65          0.65    71.36     0.65    0.67    0.78    0.48    0.84     70.80   6.92    89.57   77.37   0.81    2022.00    16.47    37.20  
112  TR879TS118_2        118     70.68    100.00  112   N/A       N/A        -0.03     N/A        52.05    N/A           38.65    49.09    5.449    5.97     220   2    0     0     72.27  82.73  N/A         N/A          0.04         N/A          82.73  77.66    1.70     26.45       22.1        199      2.5      1.85          0.62    66.36     0.62    0.65    0.81    0.42    0.86     77.15   7.02    87.60   70.58   0.82    1876.10    18.29    N/A    
113  TR879TS265_3        265     70.45    100.00  113   N/A       N/A        -0.04     N/A        51.93    N/A           33.98    44.95    5.694    6.241    220   2    0     0     73.18  84.09  N/A         N/A          0.09         N/A          84.09  78.133   1.76     26.89       23.3        204      2.5      1.90          0.64    72.73     0.65    0.69    0.82    0.39    0.86     82.90   6.92    90.07   74.98   0.82    1976.20    20.42    83.33  
114  TR879TS073_1        073     69.77    100.00  114   -0.14     N/A        -0.09     N/A        52.73    N/A           35.32    45.77    6.103    6.666    220   2    0     0     71.36  81.36  -0.06       N/A          -0.01        N/A          81.82  76.193   1.76     26.00       22.4        201      2.6      1.83          0.64    70.45     0.63    0.68    0.80    0.41    0.85     70.90   7.02    89.52   74.17   0.80    1905.90    22.95    85.16  
115  TR879TS118_3        118     67.73    100.00  115   N/A       N/A        -0.22     N/A        47.50    N/A           31.59    43.36    5.311    5.911    220   2    0     0     72.73  81.82  N/A         N/A          0.07         N/A          81.82  65.459   1.92     27.34       21          198      2.5      1.46          0.59    70.00     0.61    0.65    0.83    0.42    0.86     73.46   6.92    87.83   69.70   0.80    1786.50    17.54    N/A    
116  TR879TS204_3        204     67.50    100.00  116   N/A       N/A        -0.24     N/A        46.02    N/A           24.86    41.09    5.658    6.443    220   6    0     0     73.18  85.00  N/A         N/A          0.09         N/A          85.00  76.053   1.88     26.89       20.2        202      2.4      1.95          0.53    60.68     0.53    0.59    0.81    0.43    0.86     40.40   6.92    85.21   64.21   0.81    1734.40    22.56    N/A    
117  TR879TS204_2        204     66.59    100.00  117   N/A       N/A        -0.30     N/A        45.34    N/A           25.30    40.51    5.686    6.532    220   6    0     0     71.82  85.45  N/A         N/A          0.01         N/A          85.45  65.855   1.89     26.89       20.2        202      2.5      1.92          0.53    59.77     0.53    0.58    0.81    0.44    0.86     49.70   6.92    85.26   64.32   0.81    1733.60    22.61    N/A    
118  TR879TS204_1        204     66.59    100.00  117   -0.36     N/A        -0.30     N/A        45.23    N/A           23.95    40.47    5.688    6.549    220   6    0     0     71.36  84.55  -0.06       N/A          -0.01        N/A          84.55  75.013   1.82     26.89       20.1        201      2.4      2.21          0.53    58.41     0.52    0.57    0.81    0.43    0.86     49.10   6.92    84.85   63.85   0.81    1721.10    22.83    N/A    
119  TR879TS118_4        118     66.25    100.00  119   N/A       N/A        -0.32     N/A        47.27    N/A           30.86    38.94    5.82     6.327    220   2    0     0     63.18  76.36  N/A         N/A          -0.47        N/A          76.36  58.104   1.92     26.75       19.3        197      3.1      1.85          0.58    63.86     0.60    0.62    0.80    0.48    0.85     74.56   6.81    85.32   67.87   0.77    1657.40    21.22    N/A    
120  TR879TS118_5        118     65.91    100.00  120   N/A       N/A        -0.34     N/A        45.45    N/A           31.34    40.92    5.899    6.339    220   2    0     0     70.00  79.55  N/A         N/A          -0.09        N/A          79.55  62.421   1.85     26.75       20.8        199      2.7      1.91          0.60    68.64     0.61    0.65    0.82    0.42    0.85     79.34   6.81    86.25   69.58   0.79    1774.30    21.33    N/A    
121  TR879TS118_1        118     65.68    100.00  121   -0.42     N/A        -0.36     N/A        45.12    N/A           27.10    38.38    5.635    6.191    220   2    0     0     65.00  79.55  -0.45       N/A          -0.37        N/A          80.00  63.172   1.92     26.60       20.7        203      3        1.77          0.58    69.55     0.60    0.64    0.82    0.45    0.85     79.84   6.92    86.46   69.92   0.78    1764.60    19.35    N/A    
122  TR879TS418_1        418     62.50    100.00  122   -0.65     N/A        -0.57     N/A        43.63    N/A           24.95    37.53    12.364   12.252   220   1    0     0     66.36  78.18  -0.36       N/A          -0.29        N/A          78.18  65.761   1.89     24.51       18.2        187      2.5      4.05          0.52    55.68     0.55    0.56    0.62    0.79    0.71     63.30   6.92    71.84   64.48   0.74    1576.60    67.21    36.32  
123  TR879TS418_4        418     59.32    100.00  123   N/A       N/A        -0.78     N/A        40.68    N/A           22.82    36.20    9.968    10.303   220   0    0     0     62.73  74.55  N/A         N/A          -0.50        N/A          74.55  68.659   1.81     23.62       16.8        180      2.5      3.92          0.47    47.95     0.52    0.51    0.62    0.98    0.76     68.00   6.81    69.44   60.95   0.72    1468.70    74.25    38.55  
124  TR879TS418_2        418     59.20    100.00  124   N/A       N/A        -0.79     N/A        41.25    N/A           25.06    37.37    9.031    9.492    220   1    0     0     63.64  72.73  N/A         N/A          -0.44        N/A          74.55  68.101   1.84     23.17       16.3        181      2.6      4.01          0.47    45.91     0.53    0.51    0.61    0.87    0.79     59.30   6.70    65.62   61.22   0.72    1426.50    59.90    39.72  
125  TR879TS418_3        418     59.09    100.00  125   N/A       N/A        -0.79     N/A        40.23    N/A           22.59    33.15    7.385    7.944    220   1    0     0     60.45  76.82  N/A         N/A          -0.62        N/A          76.82  63.735   2.08     24.66       15.6        189      2.8      3.96          0.47    47.27     0.53    0.51    0.67    0.85    0.82     65.30   6.47    69.49   59.64   0.74    1369.50    52.82    39.70  
126  TR879TS279_1        279     57.50    100.00  126   -1.00     N/A        -0.90     N/A        37.73    N/A           22.43    32.52    5.204    5.632    220   6    0     0     56.36  72.73  -0.97       N/A          -0.85        N/A          73.64  54.055   2.13     25.26       18.8        195      3.1      1.63          0.56    64.77     0.60    0.62    0.85    0.43    0.86     79.04   6.81    86.35   67.04   0.74    1619.30    14.93    74.84  
127  TR879TS418_5        418     55.45    100.00  127   N/A       N/A        -1.04     N/A        38.07    N/A           22.88    32.82    9.004    9.44     220   1    0     0     55.91  65.45  N/A         N/A          -0.88        N/A          66.36  59.626   1.71     20.94       12.8        164      3        3.97          0.43    41.59     0.50    0.47    0.58    0.94    0.79     63.20   5.99    59.73   57.53   0.67    1152.50    85.65    44.66  
128  TR879TS204_4        204     50.68    100.00  128   N/A       N/A        -1.35     N/A        27.84    N/A           12.55    21.99    6.174    7.214    220   7    0     0     48.18  73.18  N/A         N/A          -1.31        N/A          73.18  42.581   2.53     26.30       0           0        N/A      2.04          0.40    35.00     0.41    0.43    0.77    0.67    0.83     9.80    6.35    70.88   46.04   0.71    N/A        31.59    N/A    
129  TR879TS330_5        330     32.16    100.00  129   N/A       N/A        -2.58     N/A        18.52    N/A           7.72     11.57    14.533   14.972   220   2    0     0     23.18  43.18  N/A         N/A          -2.71        N/A          45.45  31.09    2.51     14.84       5.8         136      4.4      1.67          0.34    30.68     0.47    0.35    0.38    1.19    0.58     63.60   5.86    52.46   47.78   0.47    592.20     76.16    58.38  
130  TR879TS330_2        330     30.91    100.00  130   N/A       N/A        -2.66     N/A        19.66    N/A           10.94    15.23    16.093   16.228   220   1    0     0     24.55  38.64  N/A         N/A          -2.63        N/A          40.45  30.282   2.28     12.01       5.2         116      3.7      2.09          0.36    32.50     0.50    0.39    0.36    1.37    0.51     72.40   2.58    59.52   49.53   0.44    561.00     83.69    55.41  
131  TR879TS330_3        330     28.18    100.00  131   N/A       N/A        -2.84     N/A        17.39    N/A           9.31     11.91    13.795   14.101   220   2    0     0     18.64  38.18  N/A         N/A          -2.97        N/A          42.27  28.851   2.51     9.92        5           120      4.2      1.70          0.35    30.45     0.48    0.35    0.39    1.23    0.55     71.40   3.07    61.29   46.41   0.45    530.10     54.23    51.50  
132  TR879TS330_4        330     27.95    100.00  132   N/A       N/A        -2.86     N/A        16.48    N/A           6.85     11.84    14.448   14.554   220   1    0     0     21.82  31.82  N/A         N/A          -2.79        N/A          37.27  26.724   2.44     8.88        4.1         123      4.9      1.27          0.34    32.95     0.47    0.33    0.37    1.20    0.56     67.30   5.04    50.27   45.00   0.43    461.80     76.91    47.07  
133  TR879TS330_1        330     27.61    100.00  133   -3.09     N/A        -2.88     N/A        17.50    N/A           7.90     11.54    15.077   15.471   220   2    0     0     22.27  35.91  -3.04       N/A          -2.76        N/A          43.64  30.436   2.50     9.63        4.8         117      3.6      1.61          0.34    31.59     0.49    0.34    0.32    1.38    0.58     68.50   4.89    52.62   48.77   0.46    526.90     75.96    49.81  
134  TR879TS399_5        399     13.41    65.00   134   N/A       N/A        -3.82     N/A        7.61     N/A           3.61     5.66     16.519   17.094   143   14   0     0     0.00   0.00   N/A         N/A          -4.01        N/A          19.55  13.088   2.22     1.94        0           0        N/A      3.99          0.07    17.95     0.25    0.15    0.09    2.36    0.50     36.53   2.58    25.92   28.10   0.22    N/A        50.01    32.57  
135  TR879TS399_3        399     12.16    65.00   135   N/A       N/A        -3.90     N/A        7.84     N/A           3.61     5.66     17.579   17.886   143   8    0     0     0.00   0.00   N/A         N/A          -4.01        N/A          18.18  12.953   2.72     1.94        0           0        N/A      3.88          0.09    17.73     0.25    0.16    0.12    2.03    0.51     35.16   2.30    22.31   27.77   0.22    N/A        79.02    31.10  
136  TR879TS399_1        399     12.16    65.00   135   -4.18     N/A        -3.90     N/A        7.73     N/A           3.61     5.66     16.877   17.309   143   9    0     0     0.45   2.73   -4.36       N/A          -3.98        N/A          18.18  12.497   2.34     1.97        0           0        N/A      3.88          0.09    17.95     0.25    0.16    0.13    2.03    0.50     35.16   2.30    23.56   27.74   0.21    N/A        79.05    31.51  
137  TR879TS399_2        399     12.16    65.00   135   N/A       N/A        -3.90     N/A        7.73     N/A           3.61     5.66     18.248   18.515   143   13   0     0     0.00   2.27   N/A         N/A          -4.01        N/A          16.82  11.854   2.15     1.94        0           0        N/A      3.91          0.09    17.95     0.25    0.15    0.08    2.34    0.50     38.09   2.30    22.52   27.65   0.22    N/A        78.01    32.01  
138  TR879TS399_4        399     12.16    65.00   135   N/A       N/A        -3.90     N/A        7.73     N/A           3.61     5.66     16.259   16.734   143   9    0     0     0.45   2.73   N/A         N/A          -3.98        N/A          17.27  12.889   2.39     2.28        0           0        N/A      3.99          0.09    16.82     0.25    0.16    0.12    2.01    0.51     35.16   2.30    23.53   27.62   0.23    N/A        79.36    29.67  

