#    Model               GR#     GDT_TS   NP_P    RANK  Z-M1-GDT  Z-M1s-GDT  Z-MA-GDT  Z-MAs-GDT  GDT_HA   Z-M1s-GDT-HA  GDC_SC   GDC_ALL  RMS_CA   RMS_ALL  NP    err  PC01  PC05  AL0_P  AL4_P  Z-M1-AL0_p  Z-M1s-AL0_p  Z-MA-AL0_p   Z-MAs-AL0_p  ALI_P  LGA_S    RMSD[L]  Z-score[M]  Z-Score[D]  Al.Res.  RMSD[D]  MolPrb_Score  LDDT    SphGr     CAD_AA  RPF     CODM    DFM     Handed.  SOV     CE      QCS     CONTS   TMscore  Dali(raw)  FlexE    QSE    

-    Starting model      -       70.25    -       -     -         -          -         -          49.12    -             27.80    -        3.01     3.87     -     -    -     -     -      -      -           -            -            -            -      -        -        20.06       15.80       138      2.60     1.29          0.62    73.94     0.64    0.67    0.93    0.29    0.90     82.40   6.35    89.02   74.88   0.79     961.10     5.37     -      

1    TR877TS023_5        023     72.53    100.00  1     N/A       N/A        0.66      N/A        51.94    N/A           32.45    44.30    2.854    3.739    142   0    0     0     74.65  88.73  N/A         N/A          0.56         N/A          88.73  68.529   1.79     19.38       16.6        139      2.5      0.80          0.64    78.52     0.66    0.70    0.93    0.25    0.91     80.80   6.35    90.42   77.77   0.81    1005.80    5.03     29.41  
2    TR877TS023_4        023     72.36    100.00  2     N/A       N/A        0.64      N/A        51.76    N/A           31.11    44.15    2.897    3.815    142   0    0     0     73.94  87.32  N/A         N/A          0.51         N/A          87.32  67.279   1.81     19.55       16.6        139      2.5      0.93          0.64    76.76     0.66    0.70    0.93    0.27    0.91     80.80   6.35    90.40   77.42   0.81    1006.00    5.12     29.56  
3    TR877TS023_3        023     72.36    100.00  2     N/A       N/A        0.64      N/A        51.59    N/A           32.22    44.40    2.878    3.771    142   0    0     0     74.65  88.03  N/A         N/A          0.56         N/A          88.03  68.707   1.84     20.23       16.7        139      2.5      0.95          0.64    78.17     0.66    0.70    0.93    0.25    0.91     80.80   6.35    90.48   78.07   0.81    1010.70    5.03     29.46  
4    TR877TS265_4        265     72.36    100.00  2     N/A       N/A        0.64      N/A        51.94    N/A           30.74    44.92    2.956    3.829    142   0    0     0     77.46  89.44  N/A         N/A          0.74         N/A          89.44  67.97    1.93     19.89       16.2        137      2.5      1.50          0.63    75.35     0.63    0.69    0.94    0.27    0.91     82.70   6.35    88.90   75.59   0.80    986.50     4.94     84.53  
5    TR877TS023_1        023     72.01    100.00  5     0.56      N/A        0.61      N/A        50.53    N/A           30.48    42.95    2.94     3.822    142   0    0     0     77.46  87.32  0.67        N/A          0.74         N/A          87.32  67.676   1.82     20.57       16.2        139      2.6      0.66          0.63    75.70     0.64    0.68    0.93    0.26    0.91     87.80   6.35    88.90   76.90   0.80    984.20     4.65     29.70  
6    TR877TS073_2        073     72.01    100.00  5     N/A       N/A        0.61      N/A        52.11    N/A           27.94    42.34    3.026    3.902    142   0    0     0     73.24  85.92  N/A         N/A          0.47         N/A          85.92  66.241   1.82     20.23       16.2        137      2.5      1.36          0.61    73.94     0.63    0.67    0.93    0.30    0.91     82.00   6.23    89.61   75.10   0.80    983.20     5.12     87.56  
7    TR877TS450_1        450     71.83    100.00  7     0.55      N/A        0.60      N/A        50.35    N/A           28.00    43.85    2.858    3.749    142   0    0     0     74.65  86.62  0.49        N/A          0.56         N/A          86.62  65.484   1.86     19.55       16.7        139      2.5      1.41          0.63    76.76     0.65    0.69    0.94    0.27    0.91     87.60   6.35    90.90   77.51   0.80    1011.00    4.94     34.00  
8    TR877TS204_3        204     71.66    100.00  8     N/A       N/A        0.58      N/A        51.06    N/A           26.34    40.23    2.984    3.897    142   0    0     0     73.94  87.32  N/A         N/A          0.51         N/A          87.32  66.411   1.93     20.40       15.8        139      2.7      0.66          0.62    76.06     0.63    0.68    0.93    0.28    0.91     76.30   6.35    89.01   75.91   0.79    965.20     4.92     N/A    
9    TR877TS204_1        204     71.48    100.00  9     0.52      N/A        0.57      N/A        51.23    N/A           26.17    39.42    2.989    3.93     142   0    0     0     73.94  87.32  0.44        N/A          0.51         N/A          87.32  65.317   1.93     20.23       15.7        137      2.6      0.53          0.61    73.94     0.63    0.67    0.93    0.29    0.90     76.30   6.35    89.04   75.57   0.79    957.00     5.08     N/A    
10   TR877TS247_4        247     71.30    100.00  10    N/A       N/A        0.55      N/A        50.35    N/A           27.99    44.44    2.94     3.942    142   0    0     0     71.83  87.32  N/A         N/A          0.38         N/A          87.32  68.566   1.87     18.87       16.5        136      2.4      0.81          0.61    72.18     0.61    0.67    0.94    0.32    0.90     82.90   6.23    87.55   75.89   0.80    999.50     4.66     N/A    
11   TR877TS011_5        011     71.30    100.00  10    N/A       N/A        0.55      N/A        50.35    N/A           28.70    42.15    2.949    3.839    142   0    0     0     73.94  85.92  N/A         N/A          0.51         N/A          85.92  66.293   1.96     19.89       16.2        137      2.5      1.81          0.62    72.54     0.63    0.67    0.93    0.27    0.91     89.30   6.35    90.33   76.11   0.80    984.90     4.93     33.71  
12   TR877TS001_5        001     71.30    100.00  10    N/A       N/A        0.55      N/A        49.30    N/A           27.30    40.78    3.021    3.895    142   1    0     0     75.35  85.92  N/A         N/A          0.60         N/A          85.92  66.796   1.89     20.40       15.3        137      2.6      3.22          0.59    74.30     0.63    0.68    0.93    0.30    0.91     82.12   6.35    89.07   75.60   0.79    935.70     4.85     N/A    
13   TR877TS118_1        118     71.30    100.00  10    0.50      N/A        0.55      N/A        49.65    N/A           28.61    42.06    2.792    3.817    142   0    0     0     74.65  90.85  0.49        N/A          0.56         N/A          90.85  65.206   1.96     20.06       16.4        136      2.4      1.97          0.60    73.24     0.60    0.66    0.94    0.28    0.91     77.85   6.23    86.84   73.89   0.80    991.60     4.61     N/A    
14   TR877TS450_3        450     71.13    100.00  14    N/A       N/A        0.53      N/A        49.65    N/A           30.03    42.32    2.972    3.833    142   0    0     0     71.83  85.21  N/A         N/A          0.38         N/A          85.21  64.667   2.01     19.89       16.1        139      2.7      1.56          0.61    71.83     0.64    0.66    0.93    0.28    0.90     82.60   6.35    90.17   75.90   0.79    977.50     4.94     34.79  
15   TR877TS250_2        250s    71.13    100.00  14    N/A       N/A        0.53      0.74       49.82    N/A           29.26    41.60    3.092    3.963    142   0    0     0     72.54  84.51  N/A         N/A          0.42         0.57         84.51  64.686   1.81     19.38       15.8        138      2.8      0.66          0.63    73.59     0.64    0.68    0.93    0.29    0.90     80.30   6.35    88.98   75.66   0.79    963.40     5.42     41.42  
16   TR877TS412_4        412     70.95    100.00  16    N/A       N/A        0.52      N/A        50.00    N/A           28.94    40.96    3.006    3.822    142   0    0     0     73.24  84.51  N/A         N/A          0.47         N/A          84.51  64.548   2.00     20.06       15.5        137      2.6      1.24          0.61    73.59     0.63    0.67    0.93    0.29    0.90     79.83   6.35    88.98   74.73   0.79    946.30     5.37     35.84  
17   TR877TS430_4        430s    70.95    100.00  16    N/A       N/A        0.52      0.71       49.82    N/A           28.00    41.35    2.962    3.895    142   0    0     0     75.35  86.62  N/A         N/A          0.60         0.86         86.62  65.972   1.85     19.38       15.9        138      2.6      1.51          0.62    74.65     0.63    0.67    0.93    0.26    0.91     82.00   6.35    89.05   74.99   0.79    968.30     5.28     35.79  
18   TR877TS250_3        250s    70.95    100.00  16    N/A       N/A        0.52      0.71       49.83    N/A           29.72    41.19    3.079    3.925    142   0    0     0     71.13  83.80  N/A         N/A          0.33         0.42         83.80  65.163   1.97     19.38       15.9        138      2.8      0.66          0.63    73.94     0.65    0.68    0.93    0.28    0.90     80.30   6.35    89.01   75.80   0.79    968.00     5.43     41.43  
19   TR877TS001_4        001     70.95    100.00  16    N/A       N/A        0.52      N/A        49.47    N/A           28.73    40.69    3.029    3.843    142   0    0     0     74.65  84.51  N/A         N/A          0.56         N/A          84.51  66.38    1.91     19.55       15.5        136      2.6      3.15          0.62    73.94     0.62    0.68    0.93    0.30    0.90     85.30   6.35    89.02   75.92   0.79    944.40     4.75     N/A    
20   TR877TS250_1        250s    70.95    100.00  16    0.47      0.66       0.52      0.71       49.65    0.67          28.45    41.07    3.111    3.998    142   0    0     0     72.54  83.80  0.35        0.47         0.42         0.57         83.80  64.547   1.80     19.38       15.7        138      2.8      0.53          0.63    73.94     0.64    0.68    0.93    0.29    0.90     80.30   6.35    88.84   75.28   0.78    956.60     5.50     41.63  
21   TR877TS081_1        081     70.95    100.00  16    0.47      N/A        0.52      N/A        49.47    N/A           27.99    40.58    3.02     3.986    142   0    0     0     73.24  85.92  0.39        N/A          0.47         N/A          85.92  65.513   1.91     20.06       15.8        135      2.5      0.92          0.62    74.65     0.63    0.66    0.93    0.29    0.90     82.40   6.35    88.94   74.56   0.79    963.00     5.58     81.73  
22   TR877TS204_5        204     70.78    100.00  22    N/A       N/A        0.50      N/A        49.47    N/A           28.15    40.48    2.998    3.883    142   0    0     0     73.94  85.21  N/A         N/A          0.51         N/A          85.21  65.293   1.97     20.06       15.8        138      2.6      0.74          0.62    74.65     0.63    0.68    0.93    0.29    0.90     73.60   6.35    89.10   74.90   0.79    962.40     5.28     N/A    
23   TR877TS412_5        412     70.78    100.00  22    N/A       N/A        0.50      N/A        49.83    N/A           29.72    41.32    2.986    3.843    142   0    0     0     74.65  87.32  N/A         N/A          0.56         N/A          87.32  65.001   1.91     20.40       15.6        137      2.6      1.21          0.62    74.65     0.63    0.67    0.93    0.29    0.90     81.72   6.35    89.03   74.85   0.79    947.70     5.32     35.67  
24   TR877TS188_1        188     70.78    100.00  22    0.45      N/A        0.50      N/A        49.12    N/A           26.91    40.55    3.022    3.836    142   0    0     0     74.65  85.92  0.49        N/A          0.56         N/A          85.92  64.665   1.91     20.06       15.4        139      2.7      3.03          0.61    74.65     0.63    0.67    0.93    0.30    0.90     77.60   6.35    88.52   74.12   0.79    941.90     5.42     N/A    
25   TR877TS265_2        265     70.78    100.00  22    N/A       N/A        0.50      N/A        50.70    N/A           28.91    42.37    3.013    3.837    142   0    0     0     74.65  86.62  N/A         N/A          0.56         N/A          86.62  66.789   1.99     19.55       15.9        136      2.6      1.26          0.63    75.70     0.63    0.69    0.93    0.27    0.91     84.60   6.35    89.27   75.62   0.79    967.90     4.94     83.90  
26   TR877TS081_2        081     70.78    100.00  22    N/A       N/A        0.50      N/A        50.18    N/A           28.17    41.32    3.012    3.876    142   0    0     0     73.24  86.62  N/A         N/A          0.47         N/A          86.62  64.659   1.90     20.06       15.7        138      2.7      0.85          0.62    74.30     0.63    0.67    0.93    0.28    0.90     82.40   6.35    88.87   74.64   0.79    957.30     5.60     81.23  
27   TR877TS430_2        430s    70.60    100.00  27    N/A       N/A        0.49      0.66       49.30    N/A           27.87    41.27    3.013    3.92     142   0    0     0     74.65  86.62  N/A         N/A          0.56         0.79         86.62  65.152   1.91     20.40       15.7        138      2.7      1.83          0.61    75.00     0.63    0.67    0.93    0.28    0.90     82.40   6.35    88.86   74.64   0.79    957.60     5.35     36.17  
28   TR877TS250_5        250s    70.60    100.00  27    N/A       N/A        0.49      0.66       49.29    N/A           28.98    41.61    3.087    3.979    142   0    0     0     71.83  84.51  N/A         N/A          0.38         0.49         84.51  64.558   1.81     19.38       15.8        139      2.9      0.66          0.62    73.24     0.64    0.68    0.93    0.30    0.90     80.30   6.35    89.04   75.50   0.78    961.50     5.47     41.45  
29   TR877TS430_1        430s    70.60    100.00  27    0.43      0.61       0.49      0.66       49.12    0.60          27.89    41.20    2.995    3.924    142   0    0     0     74.65  87.32  0.49        0.64         0.56         0.79         87.32  64.621   1.85     20.23       15.7        137      2.6      1.38          0.62    74.65     0.63    0.67    0.93    0.27    0.90     82.40   6.35    88.91   74.72   0.79    967.40     5.36     36.05  
30   TR877TS430_3        430s    70.60    100.00  27    N/A       N/A        0.49      0.66       49.65    N/A           28.29    41.20    2.989    3.927    142   0    0     0     74.65  86.62  N/A         N/A          0.56         0.79         86.62  65.215   1.89     19.38       15.7        138      2.6      1.90          0.62    74.65     0.63    0.67    0.93    0.27    0.90     82.00   6.35    88.94   74.74   0.79    960.60     5.37     36.10  
31   TR877TS430_5        430s    70.60    100.00  27    N/A       N/A        0.49      0.66       49.30    N/A           27.30    40.92    2.984    3.895    142   0    0     0     74.65  87.32  N/A         N/A          0.56         0.79         87.32  65.289   1.90     20.40       15.8        138      2.6      1.12          0.62    74.65     0.64    0.67    0.93    0.26    0.91     82.40   6.35    89.02   74.95   0.79    963.30     5.27     35.99  
32   TR877TS265_3        265     70.60    100.00  27    N/A       N/A        0.49      N/A        50.00    N/A           29.01    42.99    3.034    3.882    142   0    0     0     75.35  87.32  N/A         N/A          0.60         N/A          87.32  65.637   1.92     19.89       15.5        138      2.7      1.06          0.62    75.35     0.63    0.68    0.93    0.28    0.91     84.60   6.35    88.62   75.02   0.79    945.90     5.30     83.30  
33   TR877TS412_1        412     70.60    100.00  27    0.43      N/A        0.49      N/A        49.83    N/A           29.06    40.97    2.985    3.833    142   0    0     0     75.35  87.32  0.53        N/A          0.60         N/A          87.32  65.112   1.87     19.72       15.6        137      2.6      1.43          0.61    73.24     0.63    0.67    0.93    0.29    0.90     81.72   6.35    89.00   74.76   0.79    947.80     5.27     35.76  
34   TR877TS396_2        396     70.42    100.00  34    N/A       N/A        0.47      N/A        49.65    N/A           27.57    40.89    3.009    3.876    142   0    0     0     73.94  87.32  N/A         N/A          0.51         N/A          87.32  64.412   1.92     20.06       15.7        139      2.7      1.56          0.62    73.94     0.64    0.67    0.93    0.29    0.90     82.40   6.35    89.02   74.84   0.79    957.10     5.38     N/A    
35   TR877TS396_1        396     70.42    100.00  34    0.42      N/A        0.47      N/A        49.65    N/A           27.57    40.89    3.009    3.876    142   0    0     0     73.94  87.32  0.44        N/A          0.51         N/A          87.32  64.412   1.92     20.06       15.7        139      2.7      1.56          0.62    73.94     0.64    0.67    0.93    0.29    0.90     82.40   6.35    89.02   74.84   0.79    957.10     5.38     N/A    
36   TR877TS162_4        162     70.42    100.00  34    N/A       N/A        0.47      N/A        49.47    N/A           28.53    41.69    2.948    3.8      142   0    0     0     76.76  88.03  N/A         N/A          0.69         N/A          88.03  65.097   1.97     20.40       15.7        138      2.6      1.12          0.61    75.00     0.63    0.67    0.93    0.27    0.91     81.30   6.35    88.61   74.91   0.80    956.00     5.36     N/A    
37   TR877TS412_3        412     70.42    100.00  34    N/A       N/A        0.47      N/A        49.83    N/A           28.61    40.28    2.983    3.82     142   0    0     0     73.94  87.32  N/A         N/A          0.51         N/A          87.32  65.111   1.97     20.06       15.6        137      2.6      1.40          0.61    75.00     0.63    0.67    0.93    0.29    0.90     81.72   6.35    89.11   74.88   0.79    949.50     5.29     35.83  
38   TR877TS011_1        011     70.42    100.00  34    0.42      N/A        0.47      N/A        49.47    N/A           27.47    40.10    2.971    3.93     142   0    0     0     71.83  88.03  0.30        N/A          0.38         N/A          88.03  68.543   2.00     19.55       16          138      2.5      2.23          0.61    70.42     0.63    0.66    0.93    0.32    0.90     86.80   6.35    89.80   76.33   0.79    972.60     5.25     36.76  
39   TR877TS273_1        273     70.42    100.00  34    0.42      N/A        0.47      N/A        49.65    N/A           30.06    42.25    2.968    3.874    142   0    0     0     74.65  85.92  0.49        N/A          0.56         N/A          85.92  64.693   1.87     20.06       16          138      2.6      2.37          0.62    74.30     0.64    0.68    0.93    0.26    0.91     84.40   6.35    89.60   76.32   0.79    975.40     4.87     N/A    
40   TR877TS324_1        324     70.42    100.00  34    0.42      N/A        0.47      N/A        50.17    N/A           24.73    39.51    2.931    3.858    142   0    0     0     73.24  87.32  0.39        N/A          0.47         N/A          87.32  65.128   2.06     20.06       15.9        140      2.7      2.79          0.61    73.24     0.62    0.67    0.93    0.29    0.90     85.90   6.35    90.59   76.14   0.79    970.50     5.19     28.69  
41   TR877TS250_4        250s    70.42    100.00  34    N/A       N/A        0.47      0.64       49.30    N/A           27.75    40.06    3.088    3.995    142   0    0     0     71.83  84.51  N/A         N/A          0.38         0.49         84.51  64.844   1.81     19.38       15.6        139      2.8      0.53          0.62    73.24     0.64    0.68    0.93    0.29    0.90     80.30   6.35    88.82   75.35   0.79    954.10     5.35     41.60  
42   TR877TS294_1        294     70.42    100.00  34    0.42      N/A        0.47      N/A        49.65    N/A           27.11    40.14    3.019    3.947    142   0    0     0     72.54  84.51  0.35        N/A          0.42         N/A          84.51  65.503   1.98     20.06       15.8        138      2.6      1.51          0.61    74.65     0.62    0.67    0.93    0.29    0.90     81.20   6.35    88.95   74.81   0.79    963.40     5.41     35.80  
43   TR877TS204_2        204     70.42    100.00  34    N/A       N/A        0.47      N/A        49.29    N/A           24.31    37.77    3.003    3.917    142   0    0     0     72.54  87.32  N/A         N/A          0.42         N/A          87.32  63.217   2.02     20.23       15.4        137      2.6      0.53          0.61    74.30     0.62    0.67    0.93    0.30    0.90     77.50   6.11    88.81   74.96   0.79    941.30     5.03     N/A    
44   TR877TS102_1        102     70.25    100.00  44    0.40      N/A        0.46      N/A        48.95    N/A           25.30    38.98    3.05     4.05     142   0    0     0     71.13  83.10  0.25        N/A          0.33         N/A          83.10  61.813   1.85     19.72       15.1        137      2.7      1.34          0.61    71.48     0.61    0.66    0.92    0.31    0.90     80.83   6.35    88.33   73.60   0.79    924.70     5.68     N/A    
45   TR877TS208_3        208     70.25    100.00  44    N/A       N/A        0.46      N/A        48.59    N/A           30.06    41.90    2.988    3.874    142   0    0     0     73.94  85.92  N/A         N/A          0.51         N/A          85.92  67.806   1.93     20.23       16          138      2.6      1.31          0.63    75.35     0.64    0.69    0.93    0.28    0.90     83.60   6.35    89.33   76.02   0.79    972.80     5.15     35.82  
46   TR877TS017_2        017     70.25    100.00  44    N/A       N/A        0.46      N/A        49.12    N/A           28.43    41.29    2.988    3.845    142   0    0     0     73.94  86.62  N/A         N/A          0.51         N/A          86.62  64.743   1.90     20.06       15.7        138      2.6      2.39          0.62    74.65     0.63    0.68    0.93    0.28    0.90     84.20   6.23    89.00   74.69   0.79    958.70     5.45     87.08  
47   TR877TS073_5        073     70.25    100.00  44    N/A       N/A        0.46      N/A        49.47    N/A           27.23    40.55    2.994    3.855    142   0    0     0     74.65  85.21  N/A         N/A          0.56         N/A          85.21  64.566   1.99     20.23       15.7        139      2.7      2.52          0.62    73.94     0.63    0.67    0.93    0.29    0.90     74.40   6.35    89.04   74.82   0.79    959.50     5.38     87.82  
48   TR877TS480_1        480     70.25    100.00  44    0.40      N/A        0.46      N/A        48.94    N/A           27.93    40.58    2.962    3.876    142   0    0     0     73.24  85.92  0.39        N/A          0.47         N/A          85.92  64.511   1.91     20.40       15.7        139      2.6      2.46          0.62    75.00     0.63    0.68    0.93    0.28    0.90     84.60   6.35    89.34   74.83   0.79    957.40     5.33     28.85  
49   TR877TS162_1        162     70.25    100.00  44    0.40      N/A        0.46      N/A        48.77    N/A           29.09    41.13    3.032    3.853    142   0    0     0     77.46  85.21  0.67        N/A          0.74         N/A          85.21  64.216   1.90     19.89       15.5        139      2.7      1.56          0.61    75.00     0.63    0.67    0.93    0.29    0.91     81.00   6.35    88.56   75.42   0.79    948.30     5.44     N/A    
50   TR877TS017_5        017     70.25    100.00  44    N/A       N/A        0.46      N/A        48.95    N/A           27.78    40.48    2.999    3.882    142   0    0     0     73.24  86.62  N/A         N/A          0.47         N/A          86.62  64.504   1.93     20.06       15.5        138      2.7      1.40          0.61    73.94     0.63    0.67    0.93    0.28    0.90     80.53   6.35    89.00   74.64   0.79    943.20     5.41     87.13  
51   TR877TS265_5        265     70.07    100.00  51    N/A       N/A        0.44      N/A        49.65    N/A           27.20    41.66    3.008    3.873    142   0    0     0     72.54  83.80  N/A         N/A          0.42         N/A          83.80  64.671   2.00     20.40       15.4        138      2.7      1.50          0.62    74.30     0.63    0.68    0.93    0.28    0.91     83.40   6.35    89.21   74.74   0.79    940.80     5.33     82.51  
52   TR877TS393_1        393     70.07    100.00  51    0.39      N/A        0.44      N/A        48.77    N/A           25.61    41.78    2.958    3.845    142   0    0     0     73.24  84.51  0.39        N/A          0.47         N/A          84.51  65.598   1.90     19.89       15.9        139      2.7      3.41          0.62    75.00     0.62    0.69    0.93    0.30    0.91     84.40   6.35    89.54   75.89   0.80    970.50     5.27     28.27  
53   TR877TS450_4        450     70.07    100.00  51    N/A       N/A        0.44      N/A        48.59    N/A           27.37    41.56    2.976    3.986    142   0    0     0     71.83  87.32  N/A         N/A          0.38         N/A          87.32  64.891   1.98     19.72       16.3        139      2.7      1.98          0.61    70.07     0.63    0.65    0.93    0.31    0.91     85.80   6.35    90.62   76.73   0.79    989.00     4.84     34.29  
54   TR877TS220_2        220s    70.07    100.00  51    N/A       N/A        0.44      0.59       48.59    N/A           27.18    39.25    3.009    3.803    142   0    0     0     73.24  87.32  N/A         N/A          0.47         0.64         87.32  63.826   1.98     19.72       15.5        138      2.6      1.97          0.61    73.24     0.63    0.67    0.93    0.30    0.90     83.60   6.35    89.09   75.08   0.79    945.30     5.50     36.11  
55   TR877TS162_2        162     70.07    100.00  51    N/A       N/A        0.44      N/A        49.30    N/A           28.48    40.70    3.013    3.873    142   0    0     0     75.35  85.92  N/A         N/A          0.60         N/A          85.92  65.344   1.89     20.23       15.6        137      2.6      1.26          0.61    75.00     0.62    0.67    0.93    0.26    0.90     82.00   6.35    88.45   74.23   0.79    952.70     5.50     N/A    
56   TR877TS204_4        204     69.89    100.00  56    N/A       N/A        0.42      N/A        48.77    N/A           27.39    39.18    2.904    3.88     142   0    0     0     71.13  88.03  N/A         N/A          0.33         N/A          88.03  63.706   2.05     20.06       16          139      2.7      0.50          0.62    76.41     0.63    0.69    0.94    0.26    0.91     84.40   6.35    89.96   77.21   0.79    972.40     4.43     N/A    
57   TR877TS324_2        324     69.89    100.00  56    N/A       N/A        0.42      N/A        49.47    N/A           25.80    39.28    2.948    3.837    142   0    0     0     73.24  85.92  N/A         N/A          0.47         N/A          85.92  64.564   2.10     20.06       15.9        139      2.6      2.77          0.61    74.30     0.64    0.68    0.93    0.30    0.90     80.00   6.35    90.42   76.30   0.79    968.10     5.11     28.83  
58   TR877TS324_3        324     69.89    100.00  56    N/A       N/A        0.42      N/A        49.47    N/A           27.36    39.88    2.955    3.819    142   0    0     0     72.54  86.62  N/A         N/A          0.42         N/A          86.62  63.929   1.91     19.72       15.9        139      2.6      2.61          0.61    74.30     0.63    0.67    0.93    0.29    0.90     85.70   6.35    90.39   76.35   0.79    969.00     5.07     28.95  
59   TR877TS017_3        017     69.89    100.00  56    N/A       N/A        0.42      N/A        49.12    N/A           28.13    40.79    2.994    3.853    142   0    0     0     72.54  86.62  N/A         N/A          0.42         N/A          86.62  65.071   1.94     20.06       15.6        139      2.7      2.26          0.60    74.30     0.63    0.68    0.93    0.28    0.90     83.40   6.23    88.99   74.79   0.79    953.80     5.43     87.19  
60   TR877TS257_1        257     69.89    100.00  56    0.37      N/A        0.42      N/A        48.06    N/A           26.15    39.89    3.026    3.9      142   0    0     0     76.76  85.92  0.63        N/A          0.69         N/A          85.92  63.564   2.10     19.38       15.2        139      2.8      2.21          0.60    71.48     0.62    0.65    0.93    0.31    0.90     82.70   6.35    88.73   75.18   0.79    933.60     5.23     35.85  
61   TR877TS412_2        412     69.89    100.00  56    N/A       N/A        0.42      N/A        48.95    N/A           28.43    40.72    3.009    3.869    142   0    0     0     73.94  86.62  N/A         N/A          0.51         N/A          86.62  63.736   1.91     20.23       15.4        138      2.7      1.48          0.61    72.89     0.63    0.67    0.93    0.28    0.90     79.83   6.35    89.01   74.80   0.79    937.60     5.42     35.89  
62   TR877TS208_1        208     69.89    100.00  56    0.37      N/A        0.42      N/A        48.42    N/A           29.45    41.73    2.99     3.863    142   0    0     0     73.94  86.62  0.44        N/A          0.51         N/A          86.62  67.214   1.90     19.72       16          136      2.5      2.01          0.63    75.35     0.64    0.69    0.93    0.29    0.90     83.60   6.35    89.29   76.03   0.79    973.00     5.15     35.88  
63   TR877TS208_4        208     69.89    100.00  56    N/A       N/A        0.42      N/A        48.59    N/A           30.11    41.80    2.992    3.89     142   0    0     0     73.94  85.92  N/A         N/A          0.51         N/A          85.92  64.086   1.92     19.72       16          136      2.5      1.76          0.63    76.06     0.64    0.69    0.93    0.29    0.90     83.60   6.35    89.26   75.80   0.79    974.50     5.23     35.92  
64   TR877TS450_5        450     69.89    100.00  56    N/A       N/A        0.42      N/A        48.77    N/A           26.63    41.19    2.937    3.964    142   0    0     0     71.13  85.21  N/A         N/A          0.33         N/A          85.21  65.425   1.92     19.55       16.3        140      2.7      1.83          0.61    71.48     0.62    0.65    0.94    0.29    0.90     87.80   6.35    90.22   76.58   0.79    991.10     4.67     35.28  
65   TR877TS265_1        265     69.72    100.00  65    0.35      N/A        0.41      N/A        48.77    N/A           28.04    41.34    3.118    3.933    142   0    0     0     73.24  85.92  0.39        N/A          0.47         N/A          85.92  65.055   1.94     20.06       15          139      2.9      1.30          0.61    74.65     0.62    0.67    0.93    0.30    0.90     84.60   6.35    87.90   74.25   0.78    922.60     5.25     82.43  
66   TR877TS023_2        023     69.72    100.00  65    N/A       N/A        0.41      N/A        48.59    N/A           28.53    40.16    3.083    4.013    142   0    0     0     70.42  84.51  N/A         N/A          0.29         N/A          84.51  65.253   2.00     20.23       15.9        137      2.7      1.16          0.62    74.30     0.64    0.67    0.93    0.31    0.90     80.40   6.35    89.45   77.53   0.78    968.70     4.83     31.81  
67   TR877TS073_4        073     69.72    100.00  65    N/A       N/A        0.41      N/A        48.77    N/A           29.52    41.78    3.101    3.911    142   0    0     0     71.13  83.10  N/A         N/A          0.33         N/A          83.10  62.837   1.85     19.72       15.9        134      2.5      1.42          0.62    75.00     0.63    0.67    0.93    0.31    0.90     82.00   6.23    89.41   74.85   0.79    967.20     5.04     87.67  
68   TR877TS396_5        396     69.72    100.00  65    N/A       N/A        0.41      N/A        47.89    N/A           28.38    40.23    3.029    3.884    142   0    0     0     76.76  85.92  N/A         N/A          0.69         N/A          85.92  63.754   2.10     19.38       15.3        139      2.8      1.81          0.60    70.07     0.61    0.65    0.93    0.31    0.90     82.70   6.35    88.68   75.12   0.79    934.20     5.26     N/A    
69   TR877TS208_2        208     69.72    100.00  65    N/A       N/A        0.41      N/A        48.77    N/A           28.57    41.64    2.994    3.866    142   0    0     0     73.24  85.92  N/A         N/A          0.47         N/A          85.92  64.321   1.97     19.72       15.8        138      2.7      1.78          0.63    75.35     0.64    0.69    0.93    0.29    0.90     83.60   6.35    89.26   75.97   0.79    965.10     5.14     35.96  
70   TR877TS208_5        208     69.72    100.00  65    N/A       N/A        0.41      N/A        48.07    N/A           28.84    41.52    3.003    3.887    142   0    0     0     73.24  86.62  N/A         N/A          0.47         N/A          86.62  64.539   1.98     19.89       15.8        136      2.5      1.01          0.63    75.70     0.64    0.69    0.93    0.29    0.90     83.60   6.35    89.32   75.88   0.79    966.60     5.23     36.01  
71   TR877TS396_4        396     69.54    100.00  71    N/A       N/A        0.39      N/A        47.89    N/A           30.00    41.19    2.932    3.883    142   0    0     0     72.54  86.62  N/A         N/A          0.42         N/A          86.62  63.553   1.99     19.72       15.6        139      2.7      1.49          0.61    72.89     0.63    0.66    0.93    0.29    0.90     82.20   6.35    89.53   75.06   0.79    953.00     5.36     N/A    
72   TR877TS324_5        324     69.54    100.00  71    N/A       N/A        0.39      N/A        48.95    N/A           29.05    40.18    3.005    3.832    142   0    0     0     73.94  87.32  N/A         N/A          0.51         N/A          87.32  65.354   1.91     19.72       15.7        138      2.6      2.73          0.62    74.65     0.64    0.68    0.93    0.30    0.90     85.70   6.35    90.08   76.07   0.79    961.00     5.13     29.20  
73   TR877TS450_2        450     69.54    100.00  71    N/A       N/A        0.39      N/A        48.24    N/A           26.57    40.22    3.034    4.062    142   0    0     0     71.83  88.03  N/A         N/A          0.38         N/A          88.03  65.557   1.89     19.55       15.9        137      2.6      1.55          0.59    69.01     0.61    0.63    0.93    0.29    0.90     89.30   6.35    90.06   76.34   0.79    970.50     4.92     37.10  
74   TR877TS102_2        102     69.37    100.00  74    N/A       N/A        0.38      N/A        48.42    N/A           23.78    37.60    2.937    3.984    142   6    0     0     68.31  88.03  N/A         N/A          0.15         N/A          88.03  64.725   2.01     19.89       15.3        136      2.6      1.69          0.60    70.07     0.60    0.66    0.93    0.29    0.90     78.94   6.23    88.64   74.00   0.79    933.50     5.45     N/A    
75   TR877TS001_3        001     69.37    100.00  74    N/A       N/A        0.38      N/A        47.36    N/A           25.66    39.79    3.128    4.055    142   0    0     0     71.83  85.21  N/A         N/A          0.38         N/A          85.21  64.286   1.99     19.89       15          133      2.4      2.42          0.60    73.24     0.60    0.66    0.92    0.30    0.90     84.30   6.35    88.49   73.77   0.78    919.40     5.60     N/A    
76   TR877TS001_2        001     69.37    100.00  74    N/A       N/A        0.38      N/A        47.36    N/A           27.20    38.81    3.164    4.067    142   0    0     0     73.94  85.21  N/A         N/A          0.51         N/A          85.21  63.344   2.07     19.21       14.9        134      2.5      2.05          0.60    75.35     0.62    0.66    0.92    0.29    0.90     83.01   6.23    88.04   73.76   0.78    912.30     5.40     N/A    
77   TR877TS162_5        162     69.37    100.00  74    N/A       N/A        0.38      N/A        47.71    N/A           27.44    40.08    3.038    3.898    142   0    0     0     73.94  85.92  N/A         N/A          0.51         N/A          85.92  64.736   2.00     20.23       15.1        139      2.7      1.01          0.60    73.24     0.62    0.66    0.93    0.28    0.90     83.00   6.35    87.82   73.53   0.79    923.50     5.97     N/A    
78   TR877TS396_3        396     69.37    100.00  74    N/A       N/A        0.38      N/A        47.88    N/A           27.50    39.06    3.064    3.935    142   0    0     0     72.54  85.92  N/A         N/A          0.42         N/A          85.92  63.816   1.99     19.55       15          138      2.7      1.94          0.60    71.13     0.62    0.65    0.93    0.31    0.90     82.70   6.23    88.89   73.94   0.78    922.30     5.88     N/A    
79   TR877TS011_2        011     69.37    100.00  74    N/A       N/A        0.38      N/A        48.24    N/A           24.43    38.47    3.021    4.032    142   0    0     0     71.13  86.62  N/A         N/A          0.33         N/A          86.62  63.744   2.00     19.38       15.5        138      2.6      1.92          0.59    67.25     0.62    0.64    0.93    0.30    0.90     90.00   6.35    89.65   74.54   0.78    949.20     5.43     37.33  
80   TR877TS220_3        220s    69.37    100.00  74    N/A       N/A        0.38      0.50       48.06    N/A           27.90    40.07    3.035    4.045    142   0    0     0     71.13  82.39  N/A         N/A          0.33         0.42         82.39  63.552   2.01     20.06       15.8        139      2.7      1.97          0.60    71.13     0.61    0.65    0.93    0.32    0.90     84.00   6.35    89.40   75.25   0.79    963.10     5.54     36.55  
81   TR877TS011_3        011     69.19    100.00  81    N/A       N/A        0.36      N/A        47.71    N/A           26.82    39.73    3.003    3.98     142   0    0     0     71.13  85.21  N/A         N/A          0.33         N/A          85.21  63.373   1.88     19.72       15.6        138      2.6      1.49          0.61    71.83     0.62    0.65    0.93    0.32    0.90     87.90   6.35    89.78   75.28   0.78    953.30     5.43     36.41  
82   TR877TS011_4        011     69.19    100.00  81    N/A       N/A        0.36      N/A        48.06    N/A           27.69    39.87    3.054    4.059    142   1    0     0     70.42  84.51  N/A         N/A          0.29         N/A          84.51  63.449   1.95     19.72       15.6        138      2.7      2.07          0.59    67.25     0.63    0.63    0.93    0.32    0.90     88.00   6.35    89.76   74.43   0.78    951.80     5.53     36.36  
83   TR877TS017_1        017     69.19    100.00  81    0.30      N/A        0.36      N/A        48.06    N/A           28.74    41.26    2.985    3.833    142   2    0     0     73.24  85.92  0.39        N/A          0.47         N/A          85.92  64.745   1.93     20.06       15.6        139      2.7      2.48          0.62    74.65     0.63    0.69    0.93    0.30    0.90     83.40   6.23    88.96   74.46   0.79    951.60     5.49     87.05  
84   TR877TS017_4        017     69.19    100.00  81    N/A       N/A        0.36      N/A        47.71    N/A           28.66    41.15    2.985    3.83     142   2    0     0     73.24  85.92  N/A         N/A          0.47         N/A          85.92  64.733   1.93     20.23       15.6        138      2.6      2.43          0.62    74.65     0.63    0.69    0.93    0.29    0.90     82.70   6.23    88.97   74.45   0.79    953.40     5.48     87.01  
85   TR877TS162_3        162     69.01    100.00  85    N/A       N/A        0.34      N/A        47.89    N/A           27.65    40.50    3.039    3.92     142   0    0     0     76.06  86.62  N/A         N/A          0.65         N/A          86.62  66.866   1.87     20.40       15.4        138      2.7      1.36          0.61    74.65     0.62    0.66    0.93    0.29    0.90     82.00   6.35    88.17   74.16   0.79    940.90     5.60     N/A    
86   TR877TS102_5        102     69.01    100.00  85    N/A       N/A        0.34      N/A        47.18    N/A           26.21    38.93    3.127    4.207    142   0    0     0     69.01  83.80  N/A         N/A          0.19         N/A          83.80  63.519   1.92     19.21       14.8        137      2.8      1.99          0.60    71.48     0.60    0.64    0.92    0.32    0.90     78.15   6.11    88.03   72.91   0.78    905.80     6.12     84.61  
87   TR877TS102_3        102     69.01    100.00  85    N/A       N/A        0.34      N/A        46.83    N/A           25.47    38.93    3.017    4.076    142   0    0     0     71.83  85.92  N/A         N/A          0.38         N/A          85.92  63.596   1.96     19.55       15          137      2.7      1.86          0.58    70.77     0.60    0.65    0.92    0.31    0.90     80.63   6.35    87.85   71.68   0.78    915.30     6.33     84.93  
88   TR877TS393_3        393     69.01    100.00  85    N/A       N/A        0.34      N/A        47.36    N/A           29.15    41.48    2.9      3.857    142   0    0     0     72.54  85.92  N/A         N/A          0.42         N/A          85.92  66.619   1.96     19.55       15.7        140      2.7      3.20          0.61    72.89     0.62    0.67    0.93    0.32    0.90     84.80   6.23    89.76   76.16   0.79    956.80     5.01     28.46  
89   TR877TS474_1        474     69.01    100.00  85    0.29      N/A        0.34      N/A        47.36    N/A           25.87    39.07    2.832    3.874    142   0    0     0     73.94  88.03  0.44        N/A          0.51         N/A          88.03  65.743   1.99     19.04       16          137      2.5      3.52          0.58    73.59     0.58    0.66    0.94    0.30    0.91     75.30   6.35    89.18   75.01   0.80    974.40     4.79     83.18  
90   TR877TS324_4        324     68.84    100.00  90    N/A       N/A        0.33      N/A        48.06    N/A           26.61    39.21    3.037    3.947    142   0    0     0     69.72  84.51  N/A         N/A          0.24         N/A          84.51  64.471   2.10     19.72       15.7        138      2.6      2.50          0.61    72.54     0.62    0.67    0.93    0.34    0.90     83.90   6.23    90.36   76.11   0.79    960.40     5.28     29.79  
91   TR877TS446_1        446s    68.66    100.00  91    0.25      0.37       0.31      0.40       46.30    0.24          24.36    38.42    3.096    4.058    142   0    0     0     71.13  84.51  0.25        0.35         0.33         0.42         84.51  63.736   2.01     19.89       15.1        135      2.6      0.68          0.60    75.35     0.61    0.67    0.93    0.27    0.90     79.20   6.35    87.78   74.27   0.78    924.10     4.90     84.92  
92   TR877TS393_4        393     68.66    100.00  91    N/A       N/A        0.31      N/A        47.01    N/A           26.10    39.39    3.005    3.88     142   0    0     0     74.65  86.62  N/A         N/A          0.56         N/A          86.62  63.736   1.99     18.87       15.3        139      2.7      3.20          0.60    73.24     0.61    0.66    0.93    0.32    0.90     83.40   6.23    88.82   75.50   0.79    934.90     5.14     28.79  
93   TR877TS220_1        220s    68.49    100.00  93    0.24      0.35       0.30      0.38       48.06    0.47          27.89    39.62    3.046    3.886    142   0    0     0     73.24  85.92  0.39        0.53         0.47         0.64         85.92  63.167   1.96     19.89       15.3        138      2.7      2.28          0.61    72.54     0.63    0.66    0.93    0.29    0.90     83.20   6.35    88.90   74.96   0.78    935.80     5.37     36.56  
94   TR877TS393_5        393     68.31    100.00  94    N/A       N/A        0.28      N/A        46.66    N/A           24.22    38.44    3.24     4.316    142   1    0     0     66.90  83.10  N/A         N/A          0.06         N/A          83.10  63.687   1.96     19.55       15.1        136      2.6      3.46          0.59    67.25     0.59    0.63    0.92    0.36    0.89     81.70   6.23    88.62   72.62   0.78    926.50     6.50     30.01  
95   TR877TS220_4        220s    67.78    100.00  95    N/A       N/A        0.23      0.28       47.19    N/A           26.75    37.85    3.033    4.055    142   0    0     0     68.31  85.21  N/A         N/A          0.15         0.13         85.21  63.293   2.15     20.40       15.4        138      2.7      2.16          0.60    72.89     0.62    0.65    0.93    0.30    0.91     83.80   6.35    89.94   76.54   0.78    940.60     4.98     36.59  
96   TR877TS393_2        393     67.78    100.00  95    N/A       N/A        0.23      N/A        45.60    N/A           28.52    40.09    3.043    3.915    142   0    0     0     75.35  85.92  N/A         N/A          0.60         N/A          85.92  64.396   1.98     19.21       15.4        136      2.6      3.05          0.61    74.65     0.62    0.68    0.93    0.32    0.90     81.30   6.23    88.96   76.98   0.79    942.90     4.36     28.69  
97   TR877TS247_1        247     67.43    100.00  97    0.14      N/A        0.20      N/A        46.66    N/A           23.20    36.50    3.142    4.152    142   1    0     0     68.31  85.92  0.06        N/A          0.15         N/A          85.92  61.066   2.20     19.89       14.6        136      2.7      0.80          0.58    74.30     0.60    0.65    0.93    0.35    0.90     81.00   6.11    86.87   75.40   0.76    899.50     4.65     N/A    
98   TR877TS102_4        102     67.43    100.00  97    N/A       N/A        0.20      N/A        45.07    N/A           24.88    37.55    3.193    4.227    142   0    0     0     67.61  84.51  N/A         N/A          0.10         N/A          84.51  63.24    1.95     20.23       14.7        136      2.7      1.96          0.58    67.96     0.58    0.64    0.92    0.31    0.89     84.30   6.23    87.44   69.84   0.77    899.70     6.68     84.14  
99   TR877TS480_4        480     67.08    100.00  99    N/A       N/A        0.17      N/A        47.18    N/A           24.82    37.40    3.63     4.581    142   2    0     0     67.61  81.69  N/A         N/A          0.10         N/A          81.69  61.315   2.00     19.04       14.1        134      2.7      3.31          0.57    66.55     0.58    0.61    0.85    0.48    0.88     85.30   5.99    81.34   70.08   0.76    872.30     7.59     32.59  
100  TR877TS480_2        480     66.90    100.00  100   N/A       N/A        0.16      N/A        46.83    N/A           24.36    37.84    3.449    4.503    142   0    0     0     68.31  83.80  N/A         N/A          0.15         N/A          83.80  62.093   2.02     18.70       14.3        134      2.8      3.25          0.57    66.90     0.58    0.61    0.89    0.47    0.89     82.60   6.11    83.34   71.17   0.76    883.10     7.28     31.83  
101  TR877TS001_1        001     66.72    100.00  101   0.07      N/A        0.14      N/A        45.25    N/A           27.11    37.92    3.067    3.836    142   3    0     0     68.31  82.39  0.06        N/A          0.15         N/A          82.39  60.379   2.04     20.40       14.4        137      2.9      3.33          0.58    75.70     0.61    0.68    0.93    0.30    0.90     78.05   6.23    87.69   74.91   0.77    887.00     4.72     N/A    
102  TR877TS118_4        118     66.55    100.00  102   N/A       N/A        0.12      N/A        44.90    N/A           24.49    34.77    3.143    4.216    142   0    0     0     69.72  85.21  N/A         N/A          0.24         N/A          85.21  62.657   2.14     19.72       14.1        136      2.8      1.44          0.57    70.42     0.60    0.64    0.92    0.30    0.90     81.12   6.23    87.00   74.40   0.76    869.30     4.70     N/A    
103  TR877TS257_2        257     66.20    100.00  103   N/A       N/A        0.09      N/A        45.42    N/A           27.64    38.20    3.202    4.16     142   0    0     0     69.72  85.21  N/A         N/A          0.24         N/A          85.21  61.029   2.11     19.38       14.1        136      2.7      2.09          0.57    68.31     0.60    0.63    0.92    0.35    0.90     82.70   6.23    87.42   71.46   0.77    869.40     6.05     37.91  
104  TR877TS073_1        073     65.84    100.00  104   -0.01     N/A        0.06      N/A        44.19    N/A           26.67    35.27    3.45     4.158    142   0    0     0     64.08  80.99  -0.22       N/A          -0.12        N/A          80.99  59       2.10     19.89       13.9        135      2.8      1.44          0.59    73.24     0.61    0.65    0.91    0.33    0.89     82.00   6.23    88.21   73.90   0.75    858.90     5.05     85.60  
105  TR877TS295_4        295     65.67    100.00  105   N/A       N/A        0.05      N/A        44.37    N/A           20.98    34.89    3.492    4.746    142   0    0     0     62.68  80.28  N/A         N/A          -0.21        N/A          80.28  60.488   2.12     19.38       14.1        133      2.5      2.91          0.49    61.27     0.54    0.58    0.89    0.38    0.89     82.10   6.23    86.45   69.53   0.77    871.00     7.21     N/A    
106  TR877TS247_2        247     65.14    100.00  106   N/A       N/A        -0.00     N/A        44.02    N/A           23.20    35.78    3.204    4.085    142   1    0     0     63.38  83.10  N/A         N/A          -0.17        N/A          83.10  58.564   2.11     18.35       14.2        136      2.8      0.66          0.58    70.77     0.59    0.65    0.92    0.38    0.89     77.50   6.11    86.79   73.61   0.76    877.60     5.54     N/A    
107  TR877TS081_5        081     64.97    100.00  107   N/A       N/A        -0.02     N/A        43.84    N/A           21.73    34.75    3.391    4.292    142   0    0     0     61.27  81.69  N/A         N/A          -0.30        N/A          81.69  57.831   2.22     19.55       13.2        137      3.2      1.28          0.55    67.61     0.58    0.63    0.91    0.34    0.89     78.10   6.23    84.59   69.27   0.74    821.20     6.49     85.99  
108  TR877TS060_4        060     64.79    100.00  108   N/A       N/A        -0.03     N/A        42.25    N/A           18.48    32.62    3.555    4.574    142   0    0     0     66.20  78.17  N/A         N/A          0.01         N/A          78.17  56.382   2.16     19.04       12.7        132      2.9      1.50          0.52    59.86     0.55    0.56    0.91    0.39    0.88     71.70   6.23    86.32   69.89   0.73    796.50     5.39     82.03  
109  TR877TS295_5        295     64.44    100.00  109   N/A       N/A        -0.06     N/A        42.60    N/A           19.79    31.95    3.642    4.618    142   0    0     0     64.08  82.39  N/A         N/A          -0.12        N/A          82.39  58.497   2.10     19.55       12.1        129      2.6      3.30          0.50    59.86     0.55    0.58    0.90    0.39    0.89     82.50   6.23    86.05   69.29   0.74    764.80     7.29     N/A    
110  TR877TS118_5        118     64.44    100.00  109   N/A       N/A        -0.06     N/A        42.08    N/A           24.73    35.90    3.149    4.149    142   0    0     0     68.31  85.92  N/A         N/A          0.15         N/A          85.92  60.72    2.06     20.40       14.2        136      2.8      1.54          0.57    69.37     0.60    0.63    0.92    0.36    0.90     82.02   6.23    87.75   71.67   0.76    873.30     5.69     N/A    
111  TR877TS081_4        081     64.26    100.00  111   N/A       N/A        -0.08     N/A        42.60    N/A           23.45    35.11    3.402    4.312    142   0    0     0     63.38  82.39  N/A         N/A          -0.17        N/A          83.10  65.166   2.05     19.21       13.3        136      3.1      1.46          0.56    68.31     0.57    0.63    0.91    0.34    0.89     84.60   6.11    85.99   70.30   0.75    827.70     6.36     86.91  
112  TR877TS118_2        118     64.26    100.00  111   N/A       N/A        -0.08     N/A        43.49    N/A           25.89    35.37    3.428    4.303    142   0    0     0     60.56  83.80  N/A         N/A          -0.35        N/A          83.80  58.873   2.03     19.89       14.4        135      3.1      2.04          0.58    68.31     0.60    0.64    0.92    0.34    0.88     83.90   6.11    86.77   72.31   0.76    887.10     5.55     N/A    
113  TR877TS060_2        060     63.73    100.00  113   N/A       N/A        -0.13     N/A        42.78    N/A           21.89    33.70    4.76     5.528    142   0    0     0     64.79  78.17  N/A         N/A          -0.08        N/A          78.17  61.434   2.11     18.18       12.5        127      2.7      1.33          0.54    59.15     0.56    0.58    0.86    0.38    0.87     75.20   5.99    86.48   68.86   0.72    787.40     8.24     80.65  
114  TR877TS480_3        480     63.56    100.00  114   N/A       N/A        -0.14     N/A        44.01    N/A           19.59    33.87    4.404    5.552    142   0    0     0     61.97  77.46  N/A         N/A          -0.26        N/A          77.46  58.075   2.07     16.99       12.9        126      2.6      3.07          0.54    59.51     0.56    0.57    0.85    0.43    0.86     83.70   5.86    78.85   69.60   0.72    806.70     7.50     35.61  
115  TR877TS220_5        220s    63.38    100.00  115   N/A       N/A        -0.16     -0.32      42.26    N/A           22.50    32.78    3.675    4.618    142   0    0     0     62.68  84.51  N/A         N/A          -0.21        -0.46        84.51  60.92    2.05     19.72       14.5        135      2.7      2.16          0.53    58.10     0.57    0.57    0.87    0.45    0.88     80.90   6.11    79.87   65.24   0.77    893.70     9.08     41.54  
116  TR877TS279_1        279     63.38    100.00  115   -0.23     N/A        -0.16     N/A        41.37    N/A           21.75    32.93    3.33     4.171    142   3    0     0     59.86  83.80  -0.50       N/A          -0.39        N/A          83.80  58.363   2.09     19.89       13          132      2.7      1.51          0.54    69.72     0.59    0.62    0.92    0.34    0.89     86.49   5.99    86.12   70.66   0.75    807.40     5.38     76.76  
117  TR877TS060_5        060     63.20    100.00  117   N/A       N/A        -0.17     N/A        41.90    N/A           17.78    30.57    3.845    4.818    142   0    0     0     59.86  76.06  N/A         N/A          -0.39        N/A          76.06  56.792   2.15     18.87       12          129      3        1.21          0.52    57.04     0.55    0.56    0.90    0.40    0.88     77.50   6.11    85.52   66.68   0.72    757.40     7.54     81.24  
118  TR877TS118_3        118     63.03    100.00  118   N/A       N/A        -0.19     N/A        41.20    N/A           21.73    33.29    3.548    4.537    142   0    0     0     64.08  80.28  N/A         N/A          -0.12        N/A          80.28  57.007   2.21     19.04       13.8        135      3        1.67          0.57    67.61     0.60    0.64    0.91    0.37    0.88     83.71   6.11    87.97   70.16   0.74    854.10     6.91     N/A    
119  TR877TS081_3        081     63.03    100.00  118   N/A       N/A        -0.19     N/A        41.37    N/A           22.11    32.22    3.472    4.363    142   0    0     0     60.56  83.80  N/A         N/A          -0.35        N/A          83.80  59.768   2.07     19.55       13.1        137      3.2      1.46          0.56    68.31     0.58    0.64    0.91    0.33    0.89     85.60   6.11    85.96   70.73   0.74    820.30     5.88     87.28  
120  TR877TS247_5        247     62.68    100.00  120   N/A       N/A        -0.22     N/A        41.73    N/A           24.55    33.73    3.565    4.396    142   1    0     0     61.27  80.28  N/A         N/A          -0.30        N/A          80.28  57.039   2.23     18.87       13.3        133      2.9      1.12          0.57    68.66     0.58    0.62    0.91    0.39    0.89     81.30   6.11    85.65   73.92   0.74    827.00     5.39     N/A    
121  TR877TS073_3        073     62.15    100.00  121   N/A       N/A        -0.27     N/A        40.67    N/A           19.83    30.74    3.679    4.467    142   0    0     0     61.27  79.58  N/A         N/A          -0.30        N/A          79.58  56.774   2.20     19.72       13          132      3        1.08          0.57    68.66     0.60    0.63    0.90    0.34    0.88     80.60   6.11    87.15   73.48   0.73    810.00     5.67     83.22  
122  TR877TS330_3        330     61.44    100.00  122   N/A       N/A        -0.33     N/A        39.44    N/A           18.75    29.82    3.553    4.294    142   1    0     0     56.34  79.58  N/A         N/A          -0.62        N/A          79.58  54.537   2.34     19.38       13          135      3.1      2.18          0.54    66.55     0.56    0.61    0.91    0.38    0.87     77.00   6.23    86.09   71.21   0.72    812.10     4.79     86.89  
123  TR877TS480_5        480     61.27    100.00  123   N/A       N/A        -0.35     N/A        38.73    N/A           22.91    32.07    3.289    4.156    142   0    0     0     64.08  81.69  N/A         N/A          -0.12        N/A          81.69  58.613   2.33     20.23       12.1        138      3        2.81          0.54    72.18     0.56    0.61    0.93    0.32    0.90     84.20   6.11    85.84   69.12   0.73    765.50     5.55     33.64  
124  TR877TS060_3        060     61.09    100.00  124   N/A       N/A        -0.36     N/A        41.02    N/A           17.44    31.72    5.32     6.009    142   0    0     0     59.15  73.94  N/A         N/A          -0.44        N/A          73.94  56.664   2.03     18.01       11.7        122      2.9      1.61          0.51    54.93     0.54    0.55    0.84    0.44    0.86     78.00   5.73    85.56   66.63   0.70    741.40     9.68     79.81  
125  TR877TS295_2        295     59.68    100.00  125   N/A       N/A        -0.49     N/A        37.67    N/A           18.57    28.60    4.133    5.085    142   0    0     0     57.75  78.87  N/A         N/A          -0.53        N/A          78.87  55.599   2.08     18.01       11.9        131      3.1      3.05          0.50    59.86     0.54    0.59    0.88    0.42    0.87     83.10   5.99    84.92   69.45   0.71    751.60     7.17     N/A    
126  TR877TS247_3        247     59.68    100.00  125   N/A       N/A        -0.49     N/A        39.08    N/A           20.15    30.84    4.267    5.148    142   0    0     0     54.93  78.17  N/A         N/A          -0.71        N/A          78.17  53.601   2.18     18.18       12.6        129      2.9      0.80          0.55    64.08     0.59    0.61    0.89    0.46    0.87     78.40   6.11    84.96   72.37   0.72    787.90     6.27     N/A    
127  TR877TS060_1        060     59.68    100.00  125   -0.58     N/A        -0.49     N/A        39.97    N/A           20.53    31.43    5.483    6.148    142   0    0     0     60.56  73.24  -0.46       N/A          -0.35        N/A          73.24  53.009   2.08     17.67       11.2        119      2.6      1.65          0.51    55.63     0.56    0.55    0.84    0.40    0.86     77.80   5.73    85.21   66.08   0.69    716.00     10.23    78.00  
128  TR877TS295_3        295     59.33    100.00  128   N/A       N/A        -0.52     N/A        37.33    N/A           17.36    29.33    4.027    5.096    142   0    0     0     59.15  78.17  N/A         N/A          -0.44        N/A          78.17  54.895   2.27     18.01       11.4        129      2.8      3.20          0.49    57.39     0.53    0.56    0.88    0.44    0.87     70.30   5.86    84.56   66.02   0.71    726.20     7.57     N/A    
129  TR877TS295_1        295     58.63    100.00  129   -0.68     N/A        -0.58     N/A        36.44    N/A           18.57    29.42    3.998    4.967    142   0    0     0     57.75  76.76  -0.64       N/A          -0.53        N/A          76.76  56.213   2.11     18.01       11.8        128      2.9      3.14          0.47    59.15     0.53    0.58    0.88    0.43    0.87     80.80   5.86    84.43   67.53   0.71    746.60     7.27     N/A    
130  TR877TS418_1        418     57.75    100.00  130   -0.76     N/A        -0.66     N/A        35.56    N/A           17.58    27.39    3.833    4.585    142   0    0     0     58.45  76.76  -0.60       N/A          -0.49        N/A          76.76  51.603   2.35     19.21       9.9         131      3.3      3.46          0.49    56.34     0.55    0.55    0.88    0.47    0.87     61.70   6.11    77.25   59.90   0.69    643.00     9.00     44.62  
131  TR877TS418_5        418     56.16    100.00  131   N/A       N/A        -0.80     N/A        35.21    N/A           15.37    25.37    4.537    5.409    142   0    0     0     51.41  74.65  N/A         N/A          -0.94        N/A          74.65  52.708   2.34     18.35       9.7         123      2.9      3.64          0.45    49.65     0.51    0.47    0.82    0.61    0.85     67.30   5.86    73.46   59.29   0.68    642.20     17.40    47.12  
132  TR877TS418_4        418     55.46    100.00  132   N/A       N/A        -0.87     N/A        33.27    N/A           15.76    25.92    4.015    4.784    142   0    0     0     54.93  72.54  N/A         N/A          -0.71        N/A          72.54  51.962   2.31     19.72       9.3         127      3.1      3.83          0.47    59.86     0.53    0.53    0.88    0.44    0.88     68.10   5.86    80.66   63.02   0.68    612.00     9.09     46.26  
133  TR877TS418_3        418     55.46    100.00  132   N/A       N/A        -0.87     N/A        33.45    N/A           14.99    25.23    4.556    5.239    142   0    0     0     56.34  75.35  N/A         N/A          -0.62        N/A          75.35  51.164   2.47     18.35       9.1         128      3.4      3.72          0.46    55.28     0.53    0.50    0.82    0.55    0.84     73.00   5.99    71.69   60.30   0.66    598.20     13.43    46.71  
134  TR877TS330_4        330     54.58    100.00  134   N/A       N/A        -0.94     N/A        34.51    N/A           15.51    24.90    5.253    5.792    142   0    0     0     52.82  74.65  N/A         N/A          -0.85        N/A          74.65  49.384   2.41     17.50       9.9         121      2.9      1.32          0.51    57.75     0.55    0.56    0.81    0.46    0.84     68.10   5.33    82.70   67.49   0.65    644.20     7.68     73.19  
135  TR877TS275_4        275s    54.23    100.00  135   N/A       N/A        -0.98     -1.57      35.21    N/A           17.68    27.45    6.406    7.104    142   2    0     0     56.34  73.94  N/A         N/A          -0.62        -1.11        73.94  52.87    2.11     15.11       10.4        123      3        3.29          0.45    45.77     0.51    0.45    0.58    0.72    0.79     75.60   5.60    64.54   57.20   0.68    669.70     29.13    48.99  
136  TR877TS418_2        418     54.05    100.00  136   N/A       N/A        -0.99     N/A        30.81    N/A           13.48    22.12    4.004    4.948    142   1    0     0     47.89  73.24  N/A         N/A          -1.17        N/A          73.24  48.01    2.51     17.33       8.2         128      3.4      3.74          0.47    53.52     0.51    0.52    0.87    0.46    0.87     62.10   5.99    78.02   61.59   0.66    566.10     10.73    48.22  
137  TR877TS275_2        275s    54.05    100.00  136   N/A       N/A        -0.99     -1.59      33.27    N/A           13.50    24.75    6.517    7.428    142   1    0     0     53.52  72.54  N/A         N/A          -0.80        -1.41        72.54  51.541   2.21     16.82       10          122      3.2      3.70          0.48    51.76     0.53    0.54    0.77    0.70    0.78     75.80   5.86    71.09   63.24   0.66    658.00     18.22    49.46  
138  TR877TS275_3        275s    53.70    100.00  138   N/A       N/A        -1.02     -1.64      35.21    N/A           18.68    27.18    6.399    7.133    142   2    0     0     52.82  72.54  N/A         N/A          -0.85        -1.48        73.24  53.016   2.14     14.77       10.3        121      2.8      3.35          0.45    44.72     0.52    0.46    0.57    0.75    0.79     72.70   5.60    64.22   56.93   0.68    665.60     29.75    49.18  
139  TR877TS275_5        275s    52.99    100.00  139   N/A       N/A        -1.09     -1.74      34.69    N/A           17.97    26.48    6.461    7.123    142   2    0     0     49.30  73.24  N/A         N/A          -1.08        -1.84        76.06  50.498   2.29     14.60       10.8        123      2.9      3.67          0.45    46.13     0.52    0.46    0.57    0.72    0.79     68.80   5.73    65.15   57.02   0.68    694.40     28.22    49.91  
140  TR877TS330_5        330     52.82    100.00  140   N/A       N/A        -1.10     N/A        31.69    N/A           16.91    23.28    4.51     5.385    142   2    0     0     38.03  74.65  N/A         N/A          -1.80        N/A          74.65  50.414   2.23     18.35       10.8        126      3.3      2.19          0.51    58.10     0.54    0.55    0.86    0.48    0.84     70.60   5.73    81.86   67.85   0.67    691.90     7.12     77.15  
141  TR877TS275_1        275s    50.18    100.00  141   -1.46     -1.98      -1.34     -2.12      29.05    -1.98         10.29    19.09    5.042    5.838    142   0    0     0     42.96  66.20  -1.63       -1.99        -1.48        -2.50        66.20  44.384   2.35     18.53       6.2         114      3.3      3.85          0.43    47.54     0.51    0.46    0.81    0.59    0.83     59.20   5.60    70.53   57.88   0.61    467.30     13.28    52.48  
142  TR877TS330_1        330     45.60    100.00  142   -1.88     N/A        -1.75     N/A        24.82    N/A           6.98     12.93    5.417    6.315    142   0    0     0     28.17  62.68  -2.62       N/A          -2.44        N/A          62.68  40.668   2.52     15.97       7.7         120      3.6      1.33          0.44    45.77     0.51    0.47    0.79    0.60    0.81     76.50   5.60    73.33   59.16   0.60    523.50     9.87     62.61  
143  TR877TS330_2        330     36.44    100.00  143   N/A       N/A        -2.57     N/A        19.02    N/A           6.83     10.13    7.193    7.971    142   0    0     0     3.52   46.48  N/A         N/A          -4.03        N/A          50.00  33.704   2.27     10.16       2.8         94       4.1      1.26          0.37    33.10     0.48    0.36    0.67    0.88    0.72     52.80   5.04    59.30   54.01   0.49    262.60     24.26    51.88  
144  TR877TS399_4        399     15.67    100.00  144   N/A       N/A        -4.42     N/A        10.04    N/A           3.08     6.03     17.821   18.478   142   31   0     0     0.00   2.11   N/A         N/A          -4.25        N/A          28.17  15.983   2.65     0.95        0           0        N/A      4.64          0.06    12.32     0.33    0.13    0.02    2.05    0.49     43.00   0.73    32.84   33.91   0.26    N/A        111.28   28.64  
145  TR877TS399_5        399     13.91    100.00  145   N/A       N/A        -4.58     N/A        7.92     N/A           1.90     4.02     17.168   17.878   142   26   0     0     0.00   10.56  N/A         N/A          -4.25        N/A          22.54  17.473   2.56     0.44        0           0        N/A      4.39          0.07    11.97     0.34    0.15    0.03    1.86    0.51     44.00   1.24    33.79   34.90   0.25    N/A        123.30   28.90  
146  TR877TS399_3        399     13.56    100.00  146   N/A       N/A        -4.61     N/A        7.75     N/A           0.90     3.96     17.79    18.459   142   29   0     0     2.11   4.93   N/A         N/A          -4.12        N/A          28.87  18.393   2.55     0.44        0           0        N/A      4.48          0.06    10.56     0.34    0.13    -0.02   2.07    0.48     44.00   1.24    31.12   33.41   0.28    N/A        116.79   29.23  
147  TR877TS399_1        399     13.56    100.00  146   -4.85     N/A        -4.61     N/A        7.57     N/A           0.98     3.82     17.468   18.22    142   35   0     0     2.11   8.45   -4.37       N/A          -4.12        N/A          30.28  19.671   2.76     0.27        0           0        N/A      4.23          0.06    10.56     0.34    0.14    -0.01   2.09    0.48     44.00   1.64    31.25   33.80   0.27    N/A        125.32   27.31  
148  TR877TS399_2        399     13.38    100.00  148   N/A       N/A        -4.63     N/A        7.75     N/A           2.77     5.45     17.56    18.138   142   33   0     0     1.41   7.75   N/A         N/A          -4.16        N/A          30.99  18.375   2.70     0.61        0           0        N/A      4.49          0.05    10.56     0.33    0.10    -0.01   2.08    0.48     41.90   1.64    33.01   32.07   0.28    N/A        121.12   26.69  

