#    Model               GR#     GDT_TS   NP_P    RANK  Z-M1-GDT  Z-M1s-GDT  Z-MA-GDT  Z-MAs-GDT  GDT_HA   Z-M1s-GDT-HA  GDC_SC   GDC_ALL  RMS_CA   RMS_ALL  NP    err  PC01  PC05  AL0_P  AL4_P  Z-M1-AL0_p  Z-M1s-AL0_p  Z-MA-AL0_p   Z-MAs-AL0_p  ALI_P  LGA_S    RMSD[L]  Z-score[M]  Z-Score[D]  Al.Res.  RMSD[D]  MolPrb_Score  LDDT    SphGr     CAD_AA  RPF     CODM    DFM     Handed.  SOV     CE      QCS     CONTS   TMscore  Dali(raw)  FlexE    QSE    

-    Starting model      -       69.43    -       -     -         -          -         -          49.01    -             26.33    -        3.44     4.41     -     -    -     -     -      -      -           -            -            -            -      -        -        26.46       23.90       194      2.20     2.68          0.56    56.93     0.53    0.58    0.90    0.36    0.89     64.90   6.81    85.98   65.71   0.85     1885.60    8.84     -      

1    TR881TS001_3        001     71.41    100.00  1     N/A       N/A        0.61      N/A        50.74    N/A           27.66    38.99    3.328    4.136    202   36   0     0     0.00   0.00   N/A         N/A          -2.46        N/A          0.00   85.155   1.71     26.76       23.7        192      2        4.41          0.20    61.63     0.52    0.60    0.90    0.35    0.90     72.54   6.81    86.40   65.71   0.87    1870.40    11.51    N/A    
2    TR881TS250_4        250s    70.92    100.00  2     N/A       N/A        0.58      0.74       51.24    N/A           30.37    42.34    3.425    4.306    202   0    0     0     65.84  90.10  N/A         N/A          0.58         0.52         90.10  84.873   1.75     25.84       24.7        193      2.1      1.05          0.58    61.14     0.56    0.60    0.90    0.35    0.90     74.80   6.81    87.02   67.39   0.86    1946.50    7.85     38.52  
3    TR881TS204_3        204     70.79    100.00  3     N/A       N/A        0.57      N/A        51.73    N/A           30.48    42.18    3.414    4.399    202   2    0     0     63.86  90.10  N/A         N/A          0.49         N/A          90.10  74.367   1.72     25.84       23.8        192      2.2      1.00          0.58    58.91     0.56    0.59    0.91    0.37    0.90     71.30   6.81    86.33   65.95   0.85    1882.10    8.63     N/A    
4    TR881TS265_1        265     70.79    100.00  3     0.51      N/A        0.57      N/A        49.75    N/A           32.45    43.60    3.334    4.2      202   5    0     0     66.83  90.59  0.59        N/A          0.63         N/A          90.59  84.981   1.72     26.30       23.2        193      2        1.32          0.56    56.44     0.54    0.57    0.90    0.36    0.90     79.20   6.81    86.18   64.95   0.86    1835.20    9.36     82.25  
5    TR881TS265_2        265     70.67    100.00  5     N/A       N/A        0.56      N/A        50.00    N/A           30.64    42.71    3.314    4.238    202   5    0     0     66.83  90.59  N/A         N/A          0.63         N/A          90.59  84.538   1.65     26.61       23.2        192      2.1      1.28          0.56    55.69     0.54    0.56    0.90    0.37    0.90     79.20   6.81    86.16   65.56   0.86    1836.80    9.27     82.27  
6    TR881TS023_1        023     70.67    100.00  5     0.50      N/A        0.56      N/A        51.12    N/A           32.20    41.26    3.472    4.312    202   0    0     0     65.84  89.60  0.54        N/A          0.58         N/A          89.60  85.6     1.74     26.46       24.4        193      2        1.05          0.58    61.39     0.55    0.60    0.91    0.33    0.90     77.10   6.81    86.66   66.76   0.86    1922.30    8.39     31.89  
7    TR881TS204_1        204     70.55    100.00  7     0.50      N/A        0.55      N/A        51.36    N/A           32.13    43.39    3.434    4.399    202   1    0     0     0.00   0.00   -2.41       N/A          -2.46        N/A          0.00   72.899   1.72     25.69       23.7        192      2.2      0.85          0.58    57.92     0.57    0.60    0.90    0.37    0.89     75.60   6.81    86.03   65.79   0.85    1875.50    8.76     N/A    
8    TR881TS023_3        023     70.55    100.00  7     N/A       N/A        0.55      N/A        50.99    N/A           32.57    41.58    3.462    4.309    202   0    0     0     66.34  90.10  N/A         N/A          0.60         N/A          90.10  85.301   1.72     26.46       24.4        193      2        1.14          0.58    60.89     0.55    0.60    0.91    0.33    0.90     77.10   6.81    86.66   66.73   0.86    1924.90    8.37     31.79  
9    TR881TS204_2        204     70.55    100.00  7     N/A       N/A        0.55      N/A        51.73    N/A           31.90    43.87    3.397    4.379    202   1    0     0     64.36  89.11  N/A         N/A          0.51         N/A          89.11  80.605   1.76     25.84       23.9        193      2.2      0.81          0.58    58.17     0.56    0.60    0.91    0.37    0.90     74.80   6.81    86.05   65.74   0.86    1886.70    8.68     N/A    
10   TR881TS001_2        001     70.42    100.00  10    N/A       N/A        0.55      N/A        49.63    N/A           26.82    40.13    3.365    4.252    202   12   0     0     65.84  90.59  N/A         N/A          0.58         N/A          90.59  85.07    1.71     26.30       23.6        193      2.1      3.49          0.50    58.66     0.54    0.59    0.91    0.35    0.90     80.90   6.70    85.77   64.90   0.86    1863.90    8.72     N/A    
11   TR881TS446_1        446s    70.17    100.00  11    0.47      1.39       0.53      0.58       50.87    1.57          31.23    42.12    3.329    4.316    202   1    0     0     66.34  88.61  0.56        0.70         0.60         0.54         88.61  84.365   1.71     26.30       23.4        192      2.2      0.77          0.56    58.91     0.55    0.58    0.90    0.37    0.90     63.50   6.81    85.92   64.91   0.86    1852.10    9.81     82.90  
12   TR881TS273_1        273     70.17    100.00  11    0.47      N/A        0.53      N/A        50.87    N/A           29.21    39.83    3.416    4.328    202   5    0     0     63.86  88.12  0.45        N/A          0.49         N/A          88.12  72.804   1.72     26.30       24.2        194      2.2      2.59          0.57    59.16     0.56    0.60    0.91    0.35    0.89     75.50   6.81    86.29   66.70   0.86    1913.00    8.51     N/A    
13   TR881TS204_5        204     70.05    100.00  13    N/A       N/A        0.52      N/A        49.51    N/A           26.83    38.75    3.465    4.428    202   1    0     0     64.85  90.10  N/A         N/A          0.54         N/A          90.10  75.622   1.77     26.46       23.9        193      2.2      1.32          0.56    57.92     0.54    0.58    0.90    0.36    0.89     71.20   6.81    85.64   65.53   0.85    1889.20    8.88     N/A    
14   TR881TS324_4        324     70.05    100.00  13    N/A       N/A        0.52      N/A        50.25    N/A           24.04    38.67    3.401    4.389    202   1    0     0     63.86  88.61  N/A         N/A          0.49         N/A          88.61  69.704   1.76     26.46       23.8        194      2.2      3.03          0.56    58.17     0.53    0.58    0.90    0.38    0.89     67.20   6.81    85.80   65.81   0.85    1883.90    8.78     31.69  
15   TR881TS023_2        023     69.93    100.00  15    N/A       N/A        0.51      N/A        50.49    N/A           28.42    39.73    3.378    4.354    202   0    0     0     64.85  88.61  N/A         N/A          0.54         N/A          88.61  71.726   1.77     26.61       24          192      2.3      1.22          0.57    60.64     0.55    0.59    0.91    0.36    0.89     76.10   6.81    86.46   66.22   0.85    1892.60    8.10     32.30  
16   TR881TS324_3        324     69.80    100.00  16    N/A       N/A        0.50      N/A        49.88    N/A           25.32    38.99    3.406    4.388    202   1    0     0     63.86  89.11  N/A         N/A          0.49         N/A          89.11  69.843   1.81     26.61       23.8        194      2.2      2.90          0.56    57.92     0.52    0.58    0.91    0.37    0.89     65.50   6.81    85.92   66.05   0.85    1884.00    8.80     31.75  
17   TR881TS324_5        324     69.80    100.00  16    N/A       N/A        0.50      N/A        50.12    N/A           24.95    39.89    3.421    4.505    202   1    0     0     62.87  88.61  N/A         N/A          0.44         N/A          88.61  70.202   1.84     26.61       23.9        194      2.2      2.91          0.55    57.18     0.52    0.57    0.90    0.37    0.89     67.20   6.81    85.70   65.77   0.85    1885.30    8.91     31.77  
18   TR881TS250_2        250s    69.80    100.00  16    N/A       N/A        0.50      0.50       50.37    N/A           29.47    40.89    3.416    4.316    202   0    0     0     64.36  91.09  N/A         N/A          0.51         0.45         91.09  85.02    1.76     25.69       24.7        194      2.1      1.14          0.57    58.17     0.55    0.59    0.90    0.35    0.90     72.60   6.81    86.54   66.94   0.86    1948.30    7.91     38.84  
19   TR881TS011_3        011     69.80    100.00  16    N/A       N/A        0.50      N/A        50.12    N/A           29.85    41.58    3.383    4.28     202   1    0     0     67.33  89.11  N/A         N/A          0.65         N/A          89.11  69.59    1.84     26.91       24.1        194      2.2      2.05          0.59    61.63     0.57    0.63    0.91    0.33    0.90     58.70   6.81    87.72   68.71   0.85    1906.70    8.36     37.39  
20   TR881TS430_3        430s    69.68    100.00  20    N/A       N/A        0.49      0.47       49.75    N/A           26.81    38.50    3.437    4.403    202   4    0     0     63.86  89.11  N/A         N/A          0.49         0.42         89.11  80.507   1.89     26.76       23.3        194      2.3      1.86          0.56    58.42     0.54    0.58    0.91    0.38    0.89     68.50   6.70    85.53   65.37   0.85    1842.50    8.99     39.42  
21   TR881TS324_2        324     69.68    100.00  20    N/A       N/A        0.49      N/A        50.00    N/A           26.28    40.05    3.414    4.357    202   2    0     0     28.22  46.53  N/A         N/A          -1.16        N/A          46.53  69.741   1.77     26.46       23.9        194      2.2      2.90          0.56    58.42     0.53    0.58    0.91    0.36    0.89     68.50   6.81    85.99   66.25   0.85    1888.90    8.74     31.78  
22   TR881TS324_1        324     69.68    100.00  20    0.43      N/A        0.49      N/A        49.88    N/A           27.58    40.22    3.422    4.344    202   2    0     0     0.00   0.00   -2.41       N/A          -2.46        N/A          0.00   71.197   1.78     26.46       23.8        194      2.2      3.17          0.56    58.42     0.53    0.58    0.90    0.37    0.89     68.60   6.81    85.94   66.10   0.85    1884.90    8.74     31.80  
23   TR881TS412_3        412     69.68    100.00  20    N/A       N/A        0.49      N/A        49.01    N/A           26.23    38.66    3.455    4.465    202   5    0     0     63.37  88.12  N/A         N/A          0.47         N/A          88.12  72.717   1.79     26.91       23.6        193      2.2      1.90          0.55    57.43     0.54    0.57    0.90    0.37    0.89     65.77   6.81    85.95   65.58   0.85    1860.70    8.85     32.23  
24   TR881TS073_5        073     69.55    100.00  24    N/A       N/A        0.49      N/A        48.88    N/A           26.27    38.85    3.449    4.416    202   5    0     0     63.86  88.61  N/A         N/A          0.49         N/A          88.61  74.026   1.81     26.46       23.8        194      2.2      3.38          0.56    56.93     0.53    0.58    0.90    0.36    0.89     64.40   6.81    85.86   65.50   0.85    1882.30    8.96     84.54  
25   TR881TS017_1        017     69.55    100.00  24    0.42      N/A        0.49      N/A        48.76    N/A           26.54    38.89    3.427    4.382    202   1    0     0     63.86  89.11  0.45        N/A          0.49         N/A          89.11  74.712   1.75     26.46       23.9        194      2.2      3.03          0.56    57.18     0.53    0.59    0.91    0.35    0.89     63.50   6.81    85.91   65.75   0.86    1888.30    8.77     86.37  
26   TR881TS430_2        430s    69.55    100.00  24    N/A       N/A        0.49      0.45       49.26    N/A           26.25    37.41    3.441    4.407    202   4    0     0     66.34  89.11  N/A         N/A          0.60         0.54         89.11  73.073   1.84     26.76       23          194      2.3      1.67          0.56    57.43     0.54    0.57    0.90    0.38    0.89     69.40   6.81    85.39   64.86   0.85    1821.70    8.92     39.71  
27   TR881TS396_3        396     69.43    100.00  27    N/A       N/A        0.48      N/A        48.89    N/A           26.24    38.42    3.457    4.432    202   5    0     0     63.86  88.12  N/A         N/A          0.49         N/A          88.12  72.774   1.79     26.46       23.7        193      2.2      2.42          0.55    56.93     0.54    0.58    0.90    0.37    0.89     65.70   6.81    85.93   65.56   0.85    1875.20    8.94     N/A    
28   TR881TS102_1        102     69.43    100.00  27    0.41      N/A        0.48      N/A        49.51    N/A           26.24    39.13    3.432    4.376    202   10   0     0     66.34  89.11  0.56        N/A          0.60         N/A          89.11  71.479   1.86     26.76       23.5        193      2.2      1.19          0.56    53.96     0.53    0.58    0.91    0.36    0.89     76.72   6.81    85.63   65.64   0.85    1857.50    9.03     N/A    
29   TR881TS430_1        430s    69.43    100.00  27    0.41      0.38       0.48      0.42       49.26    -0.33         27.00    38.26    3.435    4.399    202   4    0     0     63.86  88.12  0.45        -0.47        0.49         0.42         88.12  71.822   1.89     26.61       23.3        194      2.3      1.82          0.56    58.91     0.54    0.58    0.91    0.38    0.89     68.50   6.70    85.46   65.20   0.85    1842.90    8.92     39.47  
30   TR881TS265_3        265     69.43    100.00  27    N/A       N/A        0.48      N/A        48.02    N/A           28.56    41.54    3.37     4.26     202   6    0     0     0.00   0.00   N/A         N/A          -2.46        N/A          0.00   85.398   1.66     26.61       23.3        193      2        1.43          0.55    54.46     0.52    0.55    0.90    0.38    0.90     82.80   6.81    85.98   64.72   0.86    1842.90    9.67     81.30  
31   TR881TS430_4        430s    69.43    100.00  27    N/A       N/A        0.48      0.42       49.51    N/A           26.94    38.31    3.452    4.409    202   4    0     0     63.86  88.12  N/A         N/A          0.49         0.42         88.12  73.991   1.88     26.91       23.2        194      2.3      1.78          0.56    58.66     0.54    0.57    0.91    0.38    0.89     68.50   6.70    85.47   65.38   0.85    1834.30    9.00     39.61  
32   TR881TS204_4        204     69.43    100.00  27    N/A       N/A        0.48      N/A        49.75    N/A           29.82    42.19    3.375    4.323    202   1    0     0     64.85  88.12  N/A         N/A          0.54         N/A          88.12  73.148   1.78     26.61       22.9        192      2.3      0.62          0.57    61.14     0.55    0.58    0.91    0.38    0.90     74.10   6.70    85.69   65.81   0.85    1816.60    8.86     N/A    
33   TR881TS396_1        396     69.43    100.00  27    0.41      N/A        0.48      N/A        48.89    N/A           26.24    38.42    3.457    4.432    202   5    0     0     63.86  88.12  0.45        N/A          0.49         N/A          88.12  72.774   1.79     26.46       23.7        193      2.2      2.42          0.55    56.93     0.54    0.58    0.90    0.37    0.89     65.70   6.81    85.93   65.56   0.85    1875.20    8.94     N/A    
34   TR881TS396_2        396     69.43    100.00  27    N/A       N/A        0.48      N/A        48.89    N/A           26.24    38.42    3.457    4.432    202   5    0     0     63.86  88.12  N/A         N/A          0.49         N/A          88.12  72.774   1.79     26.46       23.7        193      2.2      2.42          0.55    56.93     0.54    0.58    0.90    0.37    0.89     65.70   6.81    85.93   65.56   0.85    1875.20    8.94     N/A    
35   TR881TS208_5        208     69.31    100.00  35    N/A       N/A        0.47      N/A        49.51    N/A           27.69    38.72    3.439    4.376    202   5    0     0     63.37  88.61  N/A         N/A          0.47         N/A          88.61  71.784   1.84     26.15       23.8        192      2.2      1.91          0.57    57.67     0.55    0.59    0.90    0.38    0.89     69.20   6.81    85.78   64.91   0.85    1880.60    9.20     38.48  
36   TR881TS208_2        208     69.31    100.00  35    N/A       N/A        0.47      N/A        49.50    N/A           28.22    39.03    3.445    4.377    202   5    0     0     28.22  46.53  N/A         N/A          -1.16        N/A          46.53  71.933   1.87     26.15       23.7        193      2.2      2.01          0.57    58.17     0.55    0.59    0.90    0.38    0.89     65.60   6.81    85.75   64.79   0.85    1875.40    9.19     38.46  
37   TR881TS208_1        208     69.31    100.00  35    0.41      N/A        0.47      N/A        49.51    N/A           29.95    41.38    3.429    4.343    202   5    0     0     64.85  88.12  0.50        N/A          0.54         N/A          88.12  79.125   1.79     26.00       23.6        192      2.2      1.94          0.57    58.66     0.55    0.59    0.90    0.37    0.89     69.20   6.81    85.85   65.02   0.85    1869.40    9.06     38.23  
38   TR881TS412_5        412     69.31    100.00  35    N/A       N/A        0.47      N/A        49.01    N/A           26.65    38.65    3.468    4.44     202   5    0     0     63.37  88.61  N/A         N/A          0.47         N/A          88.61  70.805   1.82     26.76       23.5        192      2.2      1.79          0.55    57.43     0.53    0.57    0.90    0.37    0.89     67.17   6.81    85.86   65.50   0.85    1855.00    8.89     32.32  
39   TR881TS250_3        250s    69.31    100.00  35    N/A       N/A        0.47      0.40       49.88    N/A           29.70    41.42    3.507    4.357    202   0    0     0     63.86  90.59  N/A         N/A          0.49         0.42         90.59  84.176   1.78     25.08       24.4        193      2.1      1.22          0.57    58.42     0.55    0.59    0.90    0.35    0.89     72.60   6.81    86.01   66.58   0.86    1923.40    8.05     39.48  
40   TR881TS294_1        294     69.31    100.00  35    0.41      N/A        0.47      N/A        49.01    N/A           25.23    37.93    3.449    4.488    202   0    0     0     63.37  88.12  0.43        N/A          0.47         N/A          88.12  76.639   1.80     26.46       23.8        194      2.2      2.56          0.55    57.18     0.53    0.58    0.90    0.37    0.89     63.30   6.81    86.02   65.52   0.85    1878.10    8.79     32.35  
41   TR881TS011_4        011     69.31    100.00  35    N/A       N/A        0.47      N/A        50.74    N/A           29.75    41.02    3.43     4.276    202   2    0     0     66.34  89.11  N/A         N/A          0.60         N/A          89.11  70.619   1.81     26.61       23.8        192      2.2      1.75          0.59    61.88     0.57    0.62    0.91    0.34    0.90     63.20   6.81    86.45   68.52   0.85    1884.50    8.09     37.09  
42   TR881TS412_1        412     69.31    100.00  35    0.41      N/A        0.47      N/A        48.64    N/A           25.93    38.59    3.444    4.471    202   5    0     0     63.86  88.61  0.45        N/A          0.49         N/A          88.61  72.938   1.78     26.61       23.5        193      2.2      1.81          0.55    56.68     0.53    0.57    0.90    0.37    0.89     67.07   6.81    85.99   65.41   0.85    1858.60    8.86     32.16  
43   TR881TS102_2        102     69.18    100.00  43    N/A       N/A        0.46      N/A        49.01    N/A           25.05    38.53    3.409    4.375    202   33   0     0     66.34  89.11  N/A         N/A          0.60         N/A          89.11  66.757   1.81     26.46       22.4        193      2.4      2.45          0.55    55.94     0.53    0.58    0.90    0.36    0.89     80.70   6.81    85.32   65.48   0.85    1774.70    9.84     N/A    
44   TR881TS208_4        208     69.18    100.00  43    N/A       N/A        0.46      N/A        49.26    N/A           27.53    38.85    3.421    4.342    202   5    0     0     63.86  88.61  N/A         N/A          0.49         N/A          88.61  71.684   1.78     26.91       23.7        193      2.2      1.89          0.57    58.17     0.55    0.59    0.90    0.37    0.89     65.60   6.81    85.92   65.17   0.85    1870.90    9.00     38.68  
45   TR881TS412_2        412     69.18    100.00  43    N/A       N/A        0.46      N/A        48.76    N/A           25.52    38.19    3.461    4.477    202   5    0     0     63.37  88.61  N/A         N/A          0.47         N/A          88.61  70.886   1.79     26.46       23.5        193      2.2      1.71          0.54    56.93     0.53    0.57    0.90    0.36    0.89     68.46   6.81    85.86   65.49   0.85    1854.00    8.96     32.43  
46   TR881TS412_4        412     69.18    100.00  43    N/A       N/A        0.46      N/A        48.64    N/A           25.41    37.94    3.482    4.441    202   5    0     0     63.37  88.61  N/A         N/A          0.47         N/A          88.61  69.931   1.80     26.46       23.4        194      2.3      1.71          0.55    56.93     0.53    0.57    0.90    0.36    0.89     67.17   6.81    85.85   65.55   0.85    1850.60    8.92     32.60  
47   TR881TS017_2        017     69.06    100.00  47    N/A       N/A        0.45      N/A        48.02    N/A           27.04    39.49    3.431    4.374    202   6    0     0     64.85  90.10  N/A         N/A          0.54         N/A          90.10  72.721   1.77     26.15       24          194      2.2      3.14          0.56    58.17     0.53    0.59    0.91    0.35    0.89     63.50   6.81    85.84   66.09   0.86    1894.90    8.75     86.33  
48   TR881TS208_3        208     69.06    100.00  47    N/A       N/A        0.45      N/A        49.13    N/A           28.57    40.03    3.417    4.31     202   5    0     0     63.86  89.11  N/A         N/A          0.49         N/A          89.11  70.957   1.81     26.15       23.6        194      2.2      1.85          0.57    58.42     0.55    0.60    0.90    0.37    0.89     69.20   6.81    85.93   65.18   0.85    1868.70    8.94     38.37  
49   TR881TS450_4        450     69.06    100.00  47    N/A       N/A        0.45      N/A        49.13    N/A           27.87    40.19    3.525    4.37     202   1    0     0     65.84  87.62  N/A         N/A          0.58         N/A          87.62  71.498   1.80     26.61       22.8        191      2.3      2.16          0.57    57.43     0.55    0.60    0.91    0.35    0.89     74.40   6.70    85.80   67.20   0.84    1810.30    8.96     39.12  
50   TR881TS017_3        017     69.06    100.00  47    N/A       N/A        0.45      N/A        48.02    N/A           27.19    39.45    3.43     4.375    202   5    0     0     65.35  89.60  N/A         N/A          0.56         N/A          89.60  71.246   1.77     26.61       24          194      2.2      3.13          0.56    58.17     0.53    0.59    0.91    0.35    0.89     63.50   6.81    85.84   66.07   0.86    1894.60    8.73     86.36  
51   TR881TS017_4        017     69.06    100.00  47    N/A       N/A        0.45      N/A        47.90    N/A           27.00    39.40    3.431    4.374    202   5    0     0     64.85  89.11  N/A         N/A          0.54         N/A          89.11  71.237   1.80     26.61       24          194      2.2      3.13          0.56    58.17     0.53    0.59    0.91    0.35    0.89     63.50   6.81    85.84   66.08   0.86    1895.10    8.74     86.33  
52   TR881TS011_1        011     69.06    100.00  47    0.39      N/A        0.45      N/A        49.13    N/A           29.02    40.06    3.444    4.307    202   1    0     0     65.35  88.61  0.52        N/A          0.56         N/A          88.61  75.256   1.83     26.30       23.3        192      2.2      2.34          0.58    59.65     0.57    0.61    0.91    0.34    0.89     64.80   6.81    86.11   67.82   0.85    1844.30    8.39     38.32  
53   TR881TS017_5        017     69.06    100.00  47    N/A       N/A        0.45      N/A        47.90    N/A           27.02    39.39    3.431    4.374    202   5    0     0     65.35  89.60  N/A         N/A          0.56         N/A          89.60  71.305   1.76     26.61       24          194      2.2      3.12          0.56    58.17     0.53    0.59    0.91    0.35    0.89     63.50   6.81    85.84   66.09   0.86    1895.70    8.75     86.33  
54   TR881TS265_5        265     68.94    100.00  54    N/A       N/A        0.44      N/A        47.77    N/A           30.07    42.23    3.261    4.189    202   5    0     0     66.83  90.59  N/A         N/A          0.63         N/A          90.59  83.941   1.73     26.46       23.5        193      2        1.36          0.56    56.68     0.54    0.57    0.90    0.37    0.90     83.30   6.81    85.71   65.22   0.86    1861.40    9.42     80.89  
55   TR881TS430_5        430s    68.94    100.00  54    N/A       N/A        0.44      0.32       48.64    N/A           27.00    37.66    3.449    4.398    202   4    0     0     63.86  88.12  N/A         N/A          0.49         0.42         88.12  71.102   1.89     26.91       23.1        194      2.3      1.39          0.56    58.66     0.54    0.57    0.90    0.38    0.89     68.50   6.81    85.64   64.86   0.85    1830.70    8.98     39.71  
56   TR881TS073_2        073     68.94    100.00  54    N/A       N/A        0.44      N/A        47.90    N/A           29.82    39.88    3.488    4.499    202   5    0     0     65.35  90.59  N/A         N/A          0.56         N/A          90.59  79.732   1.77     26.15       22.8        193      2.3      1.71          0.55    55.45     0.53    0.56    0.89    0.38    0.89     75.40   6.70    84.96   64.87   0.85    1809.60    10.20    83.67  
57   TR881TS450_2        450     68.81    100.00  57    N/A       N/A        0.43      N/A        48.76    N/A           29.91    41.57    3.497    4.364    202   1    0     0     67.33  87.62  N/A         N/A          0.65         N/A          87.62  73.316   1.76     26.46       22.8        194      2.4      2.25          0.58    59.90     0.56    0.61    0.91    0.35    0.89     66.40   6.81    86.14   67.51   0.84    1809.90    8.67     38.85  
58   TR881TS188_1        188     68.81    100.00  57    0.37      N/A        0.43      N/A        47.90    N/A           26.69    38.91    3.476    4.481    202   1    0     0     63.86  88.61  0.45        N/A          0.49         N/A          88.61  72.596   1.81     26.46       23.5        192      2.2      3.05          0.54    55.69     0.53    0.57    0.90    0.38    0.89     69.50   6.81    85.91   65.13   0.85    1860.70    8.93     N/A    
59   TR881TS247_2        247     68.81    100.00  57    N/A       N/A        0.43      N/A        47.65    N/A           25.75    40.16    3.46     4.423    202   1    0     0     65.84  88.12  N/A         N/A          0.58         N/A          88.12  70.437   1.92     25.23       23.3        195      2.3      1.24          0.55    58.42     0.55    0.56    0.91    0.37    0.89     79.20   6.81    85.21   66.26   0.85    1847.80    9.04     N/A    
60   TR881TS081_1        081     68.81    100.00  57    0.37      N/A        0.43      N/A        47.27    N/A           26.21    37.55    3.521    4.512    202   5    0     0     63.86  88.61  0.45        N/A          0.49         N/A          88.61  79.633   1.83     26.46       23.3        193      2.2      1.06          0.55    55.94     0.53    0.56    0.90    0.38    0.89     67.10   6.81    85.21   64.40   0.85    1842.00    9.60     78.32  
61   TR881TS220_1        220s    68.81    100.00  57    0.37      -0.46      0.43      0.29       49.51    -0.04         24.57    39.74    3.482    4.356    202   2    0     0     67.33  87.13  0.61        1.16         0.65         0.59         87.13  76.312   1.83     26.61       23.7        194      2.4      2.20          0.57    56.93     0.55    0.59    0.91    0.33    0.89     62.40   6.81    87.38   68.58   0.84    1871.10    8.47     38.01  
62   TR881TS162_2        162     68.69    100.00  62    N/A       N/A        0.43      N/A        47.03    N/A           26.36    37.75    3.536    4.511    202   0    0     0     64.36  89.60  N/A         N/A          0.51         N/A          89.60  71.223   1.87     26.30       22.9        194      2.3      1.41          0.54    54.95     0.53    0.54    0.90    0.39    0.89     64.60   6.81    85.24   63.98   0.85    1816.60    9.82     N/A    
63   TR881TS220_2        220s    68.69    100.00  62    N/A       N/A        0.43      0.26       48.89    N/A           29.63    41.21    3.514    4.386    202   2    0     0     0.00   0.00   N/A         N/A          -2.46        -2.59        0.00   78.057   1.84     26.15       23.4        194      2.4      1.98          0.57    57.43     0.56    0.59    0.91    0.34    0.89     63.60   6.81    87.22   68.26   0.85    1855.60    9.01     38.04  
64   TR881TS450_3        450     68.69    100.00  62    N/A       N/A        0.43      N/A        48.64    N/A           27.96    40.64    3.472    4.311    202   1    0     0     67.82  89.60  N/A         N/A          0.67         N/A          89.60  68.608   1.82     26.00       22.9        192      2.3      2.10          0.57    57.67     0.56    0.61    0.91    0.35    0.90     76.60   6.70    85.81   67.56   0.84    1818.20    8.69     39.03  
65   TR881TS023_5        023     68.56    100.00  65    N/A       N/A        0.42      N/A        48.76    N/A           30.87    41.09    3.482    4.3      202   0    0     0     66.83  89.60  N/A         N/A          0.63         N/A          89.60  72.177   1.81     26.76       24          193      2.1      1.00          0.57    61.39     0.55    0.61    0.91    0.33    0.89     75.50   6.81    86.27   66.65   0.86    1899.40    8.29     32.11  
66   TR881TS162_1        162     68.56    100.00  65    0.35      N/A        0.42      N/A        47.28    N/A           27.30    37.96    3.471    4.45     202   0    0     0     63.86  89.60  0.45        N/A          0.49         N/A          89.60  80.083   1.80     26.30       22.9        193      2.2      1.46          0.54    55.45     0.53    0.55    0.90    0.39    0.89     61.90   6.81    85.62   64.11   0.85    1818.40    9.58     N/A    
67   TR881TS393_3        393     68.56    100.00  65    N/A       N/A        0.42      N/A        48.27    N/A           27.69    38.87    3.453    4.416    202   5    0     0     63.86  89.60  N/A         N/A          0.49         N/A          89.60  71.532   1.80     26.46       23.5        195      2.2      3.39          0.56    56.68     0.53    0.58    0.90    0.35    0.89     68.00   6.70    85.44   65.00   0.85    1859.10    9.20     32.24  
68   TR881TS393_1        393     68.56    100.00  65    0.35      N/A        0.42      N/A        48.27    N/A           27.69    38.87    3.453    4.416    202   5    0     0     63.86  89.60  0.45        N/A          0.49         N/A          89.60  71.532   1.80     26.46       23.5        195      2.2      3.39          0.56    56.68     0.53    0.58    0.90    0.35    0.89     68.00   6.70    85.44   65.00   0.85    1859.10    9.20     32.24  
69   TR881TS001_5        001     68.44    100.00  69    N/A       N/A        0.41      N/A        48.02    N/A           30.34    40.84    3.538    4.36     202   5    0     0     65.35  90.59  N/A         N/A          0.56         N/A          90.59  84.491   1.70     25.54       23.1        191      2.2      3.26          0.56    56.68     0.55    0.59    0.90    0.38    0.89     62.69   6.81    85.79   64.48   0.86    1825.70    9.40     N/A    
70   TR881TS102_5        102     68.32    100.00  70    N/A       N/A        0.40      N/A        46.91    N/A           24.39    37.14    3.413    4.384    202   5    0     0     63.37  89.11  N/A         N/A          0.47         N/A          89.11  73.073   1.87     26.46       23          192      2.2      1.50          0.53    54.95     0.53    0.57    0.91    0.37    0.90     74.83   6.70    85.51   64.55   0.85    1822.00    8.92     81.85  
71   TR881TS023_4        023     68.32    100.00  70    N/A       N/A        0.40      N/A        48.15    N/A           29.06    38.99    3.48     4.319    202   0    0     0     66.34  89.60  N/A         N/A          0.60         N/A          89.60  72.831   1.80     26.61       23.4        192      2.2      1.19          0.56    59.90     0.55    0.60    0.91    0.36    0.89     77.00   6.70    85.86   65.90   0.86    1851.70    8.53     32.41  
72   TR881TS250_5        250s    68.19    100.00  72    N/A       N/A        0.39      0.16       48.52    N/A           28.53    39.85    3.524    4.436    202   0    0     0     62.87  89.11  N/A         N/A          0.44         0.38         89.11  84.71    1.77     26.15       24.3        192      2        1.28          0.56    57.18     0.55    0.58    0.90    0.37    0.89     63.50   6.70    85.94   65.77   0.86    1916.50    8.67     40.03  
73   TR881TS011_5        011     68.19    100.00  72    N/A       N/A        0.39      N/A        48.76    N/A           29.09    40.23    3.475    4.329    202   1    0     0     64.36  87.62  N/A         N/A          0.51         N/A          87.62  74.023   1.89     26.76       22.9        194      2.4      2.04          0.58    60.15     0.56    0.61    0.91    0.36    0.89     63.20   6.81    85.56   67.20   0.84    1817.60    8.58     38.45  
74   TR881TS250_1        250s    68.19    100.00  72    0.33      -1.31      0.39      0.16       48.52    -1.20         27.81    38.42    3.564    4.453    202   0    0     0     61.88  88.61  0.36        -1.39        0.40         0.33         88.61  84.035   1.77     26.00       24          192      2.1      1.02          0.56    56.68     0.55    0.58    0.90    0.37    0.89     63.90   6.70    85.94   65.73   0.86    1894.60    8.84     40.76  
75   TR881TS450_1        450     67.82    100.00  75    0.30      N/A        0.37      N/A        47.77    N/A           27.95    40.28    3.574    4.387    202   1    0     0     65.84  89.11  0.54        N/A          0.58         N/A          89.11  66.569   1.90     26.46       22.3        193      2.4      2.27          0.57    59.41     0.56    0.60    0.90    0.36    0.89     66.80   6.70    85.82   66.50   0.84    1771.00    8.94     39.08  
76   TR881TS102_4        102     67.82    100.00  75    N/A       N/A        0.37      N/A        46.41    N/A           24.93    36.56    3.517    4.461    202   5    0     0     64.36  88.12  N/A         N/A          0.51         N/A          88.12  66.268   1.83     26.46       22.1        193      2.3      1.69          0.52    55.20     0.53    0.56    0.90    0.38    0.89     82.09   6.81    84.94   64.67   0.84    1755.50    9.25     81.62  
77   TR881TS011_2        011     67.82    100.00  75    N/A       N/A        0.37      N/A        47.77    N/A           26.88    38.07    3.497    4.387    202   1    0     0     64.85  87.13  N/A         N/A          0.54         N/A          87.13  67.336   1.82     26.46       23          193      2.4      2.04          0.57    59.16     0.56    0.60    0.91    0.35    0.89     72.80   6.70    86.10   67.47   0.84    1823.50    8.32     38.89  
78   TR881TS265_4        265     67.82    100.00  75    N/A       N/A        0.37      N/A        46.78    N/A           27.75    40.54    3.512    4.399    202   5    0     0     33.17  52.48  N/A         N/A          -0.93        N/A          52.48  81.195   1.78     25.84       22.2        192      2.1      1.49          0.54    53.47     0.52    0.54    0.89    0.39    0.89     72.70   6.70    85.49   63.21   0.85    1765.30    9.92     79.64  
79   TR881TS480_3        480     67.57    100.00  79    N/A       N/A        0.35      N/A        46.53    N/A           21.77    35.41    3.537    4.505    202   5    0     0     62.87  88.12  N/A         N/A          0.44         N/A          88.12  79.682   1.83     26.15       23.4        193      2.3      3.11          0.55    56.19     0.52    0.58    0.90    0.36    0.89     67.50   6.81    85.37   65.07   0.84    1854.40    9.01     33.56  
80   TR881TS220_3        220s    67.57    100.00  79    N/A       N/A        0.35      0.02       46.78    N/A           26.61    40.12    3.548    4.442    202   1    0     0     0.00   0.00   N/A         N/A          -2.46        -2.59        0.00   79.81    1.88     25.84       22.6        193      2.1      2.27          0.53    55.20     0.52    0.54    0.89    0.41    0.89     75.30   6.70    82.16   61.06   0.85    1790.40    10.16    39.40  
81   TR881TS001_1        001     67.45    100.00  81    0.27      N/A        0.34      N/A        45.42    N/A           27.44    38.68    3.564    4.542    202   5    0     0     64.85  90.59  0.50        N/A          0.54         N/A          90.59  82.786   1.80     25.39       21.8        192      2.3      2.34          0.53    55.94     0.53    0.55    0.90    0.38    0.89     76.02   6.70    84.71   61.91   0.85    1730.70    9.87     N/A    
82   TR881TS450_5        450     67.45    100.00  81    N/A       N/A        0.34      N/A        46.78    N/A           27.71    39.14    3.517    4.412    202   1    0     0     64.36  88.12  N/A         N/A          0.51         N/A          88.12  72.819   1.83     26.00       22.3        193      2.4      1.75          0.57    60.15     0.55    0.60    0.91    0.35    0.89     57.80   6.70    85.82   66.49   0.84    1771.40    8.70     38.58  
83   TR881TS247_3        247     67.45    100.00  81    N/A       N/A        0.34      N/A        46.04    N/A           23.46    37.59    3.623    4.651    202   3    0     0     63.37  84.65  N/A         N/A          0.47         N/A          86.63  69.412   1.76     25.69       21.8        195      2.4      1.03          0.53    50.50     0.52    0.53    0.90    0.40    0.89     63.50   6.81    84.80   64.03   0.84    1738.60    9.87     N/A    
84   TR881TS247_1        247     67.20    100.00  84    0.25      N/A        0.32      N/A        45.55    N/A           23.71    36.84    3.615    4.669    202   3    0     0     63.86  86.14  0.45        N/A          0.49         N/A          86.14  68.378   1.81     25.69       22.7        196      2.5      1.03          0.53    53.71     0.51    0.54    0.90    0.40    0.89     62.10   6.81    85.67   65.49   0.84    1801.10    9.25     N/A    
85   TR881TS247_5        247     67.08    100.00  85    N/A       N/A        0.32      N/A        45.92    N/A           20.91    36.59    3.776    4.821    202   2    0     0     62.38  86.14  N/A         N/A          0.42         N/A          87.62  69.444   1.86     26.30       22.3        192      2.3      1.06          0.52    48.76     0.51    0.52    0.89    0.40    0.88     67.50   6.70    83.96   62.53   0.84    1772.30    10.51    N/A    
86   TR881TS001_4        001     66.95    100.00  86    N/A       N/A        0.31      N/A        45.17    N/A           25.33    37.86    3.555    4.455    202   5    0     0     66.34  89.60  N/A         N/A          0.60         N/A          89.60  77.975   1.81     26.00       22.5        191      2.2      2.08          0.55    56.68     0.54    0.57    0.90    0.37    0.89     66.77   6.81    85.51   63.43   0.85    1779.70    9.40     N/A    
87   TR881TS073_1        073     66.71    100.00  87    0.22      N/A        0.29      N/A        44.31    N/A           27.55    38.76    3.542    4.494    202   5    0     0     62.87  89.11  0.41        N/A          0.44         N/A          89.11  70.506   1.85     25.84       22.6        192      2.3      1.52          0.55    57.18     0.55    0.57    0.89    0.39    0.89     76.30   6.70    84.21   64.70   0.84    1796.80    9.99     83.49  
88   TR881TS073_3        073     66.58    100.00  88    N/A       N/A        0.28      N/A        44.43    N/A           26.44    38.24    3.542    4.517    202   5    0     0     64.36  90.10  N/A         N/A          0.51         N/A          90.10  78.562   1.86     26.00       22.5        193      2.4      1.57          0.55    55.94     0.53    0.57    0.89    0.40    0.89     58.70   6.70    84.51   64.75   0.84    1783.00    9.92     83.64  
89   TR881TS102_3        102     66.58    100.00  88    N/A       N/A        0.28      N/A        44.68    N/A           23.40    37.32    3.479    4.45     202   5    0     0     65.84  89.60  N/A         N/A          0.58         N/A          89.60  68.061   1.86     26.46       22.4        193      2.2      2.14          0.52    54.70     0.52    0.56    0.90    0.38    0.89     79.01   6.81    84.69   63.37   0.85    1778.90    9.35     81.53  
90   TR881TS073_4        073     66.34    100.00  90    N/A       N/A        0.26      N/A        44.43    N/A           26.28    37.91    3.547    4.537    202   5    0     0     64.85  90.59  N/A         N/A          0.54         N/A          90.59  72.65    1.87     25.69       22.3        192      2.3      1.58          0.54    54.95     0.53    0.56    0.89    0.39    0.89     66.70   6.70    84.22   64.18   0.84    1768.80    9.94     83.39  
91   TR881TS480_2        480     66.21    100.00  91    N/A       N/A        0.25      N/A        44.06    N/A           21.60    35.89    3.468    4.449    202   2    0     0     63.86  89.60  N/A         N/A          0.49         N/A          89.60  76.335   1.94     26.30       21.5        194      2.3      3.15          0.52    53.96     0.51    0.54    0.91    0.39    0.89     63.60   6.81    83.85   61.98   0.84    1713.30    9.50     33.04  
92   TR881TS118_4        118     66.09    100.00  92    N/A       N/A        0.25      N/A        44.68    N/A           25.10    37.18    3.758    4.508    202   5    0     0     63.37  86.14  N/A         N/A          0.47         N/A          86.14  65.185   1.86     26.15       21.8        194      2.7      1.52          0.55    60.89     0.56    0.58    0.90    0.41    0.89     66.87   6.81    86.46   66.71   0.83    1732.50    9.11     N/A    
93   TR881TS247_4        247     65.72    100.00  93    N/A       N/A        0.22      N/A        43.94    N/A           21.39    36.64    3.699    4.603    202   1    0     0     30.20  54.46  N/A         N/A          -1.07        N/A          54.46  68.45    1.91     26.00       21.5        192      2.3      1.28          0.51    50.74     0.50    0.52    0.90    0.40    0.89     62.50   6.70    84.31   62.23   0.84    1715.00    9.99     N/A    
94   TR881TS418_1        418     65.47    100.00  94    0.13      N/A        0.20      N/A        45.42    N/A           24.00    36.48    3.829    4.764    202   2    0     0     58.91  85.15  0.23        N/A          0.26         N/A          85.15  69.213   1.92     24.01       20          184      2.2      3.17          0.53    50.50     0.50    0.54    0.86    0.54    0.88     60.30   6.47    82.82   62.09   0.81    1605.10    11.44    33.75  
95   TR881TS480_5        480     64.73    100.00  95    N/A       N/A        0.15      N/A        42.45    N/A           19.53    33.83    3.8      4.675    202   2    0     0     61.39  86.14  N/A         N/A          0.38         N/A          86.14  66.667   2.03     25.84       20.3        191      2.6      3.27          0.51    52.97     0.51    0.52    0.89    0.42    0.89     66.00   6.70    83.91   61.70   0.82    1626.20    10.97    34.13  
96   TR881TS418_5        418     64.73    100.00  95    N/A       N/A        0.15      N/A        44.68    N/A           20.86    35.56    3.967    4.927    202   3    0     0     60.40  86.14  N/A         N/A          0.33         N/A          86.14  65.558   2.02     24.32       20.1        185      2.3      3.07          0.52    51.73     0.49    0.53    0.86    0.52    0.88     61.60   6.47    82.40   61.96   0.82    1614.10    10.46    34.32  
97   TR881TS396_4        396     64.60    100.00  97    N/A       N/A        0.14      N/A        43.94    N/A           21.15    35.85    4.018    5.064    202   1    0     0     61.88  87.13  N/A         N/A          0.40         N/A          87.13  69.17    1.81     26.30       21.8        190      2.2      2.45          0.52    47.52     0.51    0.52    0.85    0.51    0.88     56.50   6.81    80.65   61.45   0.83    1730.40    12.38    N/A    
98   TR881TS396_5        396     64.36    100.00  98    N/A       N/A        0.13      N/A        45.05    N/A           24.71    36.51    4.017    4.922    202   0    0     0     61.39  85.15  N/A         N/A          0.38         N/A          85.15  63.235   2.00     25.23       20.9        188      2.5      1.83          0.53    47.52     0.53    0.54    0.86    0.45    0.88     70.90   6.70    83.64   64.58   0.81    1669.60    11.76    N/A    
99   TR881TS480_4        480     64.23    100.00  99    N/A       N/A        0.12      N/A        42.33    N/A           21.25    34.30    3.692    4.62     202   5    0     0     61.88  87.13  N/A         N/A          0.40         N/A          87.13  64.6     1.95     26.30       20.1        190      2.5      2.74          0.51    54.70     0.50    0.52    0.89    0.42    0.88     67.50   6.58    84.32   60.27   0.83    1611.80    10.50    34.55  
100  TR881TS081_2        081     63.98    100.00  100   N/A       N/A        0.10      N/A        42.82    N/A           23.67    35.75    3.785    4.635    202   5    0     0     63.37  84.65  N/A         N/A          0.47         N/A          84.65  64.006   1.97     25.39       20.4        192      2.5      1.76          0.53    50.25     0.53    0.55    0.88    0.43    0.88     80.00   6.70    85.65   62.71   0.82    1631.60    10.24    86.12  
101  TR881TS081_4        081     63.61    100.00  101   N/A       N/A        0.08      N/A        40.97    N/A           24.63    36.48    3.453    4.243    202   5    0     0     62.38  83.66  N/A         N/A          0.42         N/A          84.16  63.191   1.90     26.46       20.4        190      2.6      1.65          0.54    55.69     0.54    0.58    0.91    0.37    0.90     77.80   6.70    84.72   65.01   0.82    1633.30    9.24     85.04  
102  TR881TS480_1        480     63.61    100.00  101   -0.01     N/A        0.08      N/A        41.34    N/A           21.40    34.03    3.637    4.533    202   5    0     0     63.86  87.13  0.45        N/A          0.49         N/A          87.13  66.958   1.91     26.46       21.1        192      2.4      2.76          0.52    54.70     0.50    0.54    0.89    0.40    0.89     69.60   6.70    84.63   62.79   0.83    1681.10    10.65    34.90  
103  TR881TS418_3        418     63.61    100.00  101   N/A       N/A        0.08      N/A        42.82    N/A           21.08    34.64    3.827    4.874    202   2    0     0     61.88  87.13  N/A         N/A          0.40         N/A          87.13  65.113   2.03     25.08       20.8        187      2.2      3.30          0.53    51.24     0.49    0.55    0.87    0.49    0.88     51.50   6.58    84.12   63.03   0.82    1663.70    10.06    34.48  
104  TR881TS257_1        257     63.49    100.00  104   -0.01     N/A        0.07      N/A        42.20    N/A           21.20    33.09    3.769    4.622    202   2    0     0     61.88  87.62  0.36        N/A          0.40         N/A          87.62  63.95    2.01     26.46       20.4        193      2.6      2.64          0.53    52.72     0.52    0.55    0.89    0.42    0.88     73.20   6.70    85.72   64.05   0.81    1631.90    10.22    35.35  
105  TR881TS393_5        393     63.37    100.00  105   N/A       N/A        0.06      N/A        43.19    N/A           24.03    35.71    4.035    4.95     202   2    0     0     61.39  85.64  N/A         N/A          0.38         N/A          86.63  64.962   2.00     24.32       20.6        192      2.5      3.33          0.52    47.03     0.50    0.55    0.85    0.47    0.87     81.70   6.70    82.34   62.73   0.82    1646.70    12.72    35.66  
106  TR881TS474_2        474     63.12    100.00  106   N/A       N/A        0.04      N/A        41.59    N/A           20.31    33.09    3.787    4.722    202   2    0     0     63.37  87.62  N/A         N/A          0.47         N/A          87.62  63.995   2.08     26.61       20.1        193      2.6      2.84          0.51    50.99     0.51    0.54    0.89    0.43    0.88     73.20   6.70    85.41   63.30   0.81    1613.80    10.45    75.76  
107  TR881TS418_4        418     63.12    100.00  106   N/A       N/A        0.04      N/A        42.58    N/A           21.19    34.63    3.995    5.077    202   3    0     0     59.41  85.64  N/A         N/A          0.28         N/A          85.64  64.744   1.92     24.32       20.1        183      2.3      3.41          0.52    46.53     0.49    0.53    0.86    0.57    0.88     61.50   6.58    83.86   63.22   0.81    1610.80    11.44    35.21  
108  TR881TS257_2        257     62.87    100.00  108   N/A       N/A        0.02      N/A        42.70    N/A           24.74    35.44    4.001    4.969    202   2    0     0     63.37  85.64  N/A         N/A          0.47         N/A          86.63  64.531   1.97     25.84       20.4        191      2.5      2.54          0.53    46.53     0.51    0.54    0.85    0.47    0.87     80.10   6.70    82.32   62.64   0.81    1635.50    12.82    35.51  
109  TR881TS393_4        393     62.87    100.00  108   N/A       N/A        0.02      N/A        41.22    N/A           22.07    35.39    3.771    4.617    202   2    0     0     63.86  87.13  N/A         N/A          0.49         N/A          87.13  62.292   1.95     26.46       20.7        193      2.6      3.30          0.53    51.98     0.51    0.56    0.89    0.41    0.88     73.50   6.70    86.17   64.38   0.82    1653.40    9.92     35.03  
110  TR881TS162_3        162     62.87    100.00  108   N/A       N/A        0.02      N/A        43.56    N/A           24.66    35.07    4.649    5.42     202   0    0     0     57.92  85.15  N/A         N/A          0.22         N/A          85.15  66.869   1.85     23.86       20.5        189      2.4      1.43          0.50    44.31     0.50    0.49    0.82    0.51    0.84     64.20   6.47    77.12   56.07   0.82    1637.50    17.43    N/A    
111  TR881TS279_1        279     62.75    100.00  111   -0.07     N/A        0.02      N/A        42.70    N/A           23.30    35.02    4.028    5.009    202   7    0     0     58.42  80.20  0.21        N/A          0.24         N/A          80.20  61.131   1.91     25.23       18.8        183      2.5      1.54          0.51    43.56     0.50    0.50    0.87    0.48    0.88     73.43   6.47    84.38   58.85   0.80    1511.10    12.19    74.59  
112  TR881TS474_1        474     62.62    100.00  112   -0.08     N/A        0.01      N/A        42.20    N/A           20.78    34.39    4.084    5.096    202   2    0     0     62.87  86.14  0.41        N/A          0.44         N/A          87.13  64.209   1.97     26.46       20.1        192      2.5      3.47          0.50    43.32     0.49    0.51    0.85    0.49    0.87     80.10   6.58    82.02   61.79   0.81    1611.50    13.22    75.16  
113  TR881TS381_3        381     62.62    91.58   112   N/A       N/A        0.01      N/A        43.69    N/A           27.18    34.30    3.518    4.462    185   1    0     0     57.92  82.18  N/A         N/A          0.22         N/A          82.18  71.596   1.84     24.11       15.7        163      2.5      2.91          0.47    49.75     0.50    0.49    0.76    0.00    0.89     41.75   6.23    71.24   54.14   0.78    1205.00    N/A      32.88  
114  TR881TS381_5        381     62.50    91.09   114   N/A       N/A        -0.00     N/A        43.81    N/A           27.20    33.98    3.516    4.475    184   1    0     0     56.93  80.69  N/A         N/A          0.17         N/A          80.69  73.422   1.76     23.84       16.2        166      2.5      3.04          0.47    49.75     0.50    0.49    0.75    0.00    0.89     43.76   6.23    71.16   53.38   0.78    1237.90    N/A      32.75  
115  TR881TS118_1        118     62.50    100.00  114   -0.09     N/A        -0.00     N/A        40.47    N/A           24.20    33.02    3.572    4.421    202   5    0     0     0.00   0.00   -2.41       N/A          -2.46        N/A          0.00   58.102   2.20     26.30       20.2        194      2.8      2.13          0.52    57.67     0.54    0.57    0.90    0.34    0.89     81.20   6.70    85.44   65.24   0.81    1612.60    9.80     N/A    
116  TR881TS162_5        162     62.38    100.00  116   N/A       N/A        -0.01     N/A        42.08    N/A           23.87    33.76    4.673    5.465    202   0    0     0     58.91  86.14  N/A         N/A          0.26         N/A          86.14  64.324   1.89     24.16       20.2        189      2.4      1.38          0.49    42.82     0.50    0.48    0.81    0.51    0.84     55.80   6.58    77.29   55.57   0.82    1617.00    17.70    N/A    
117  TR881TS381_1        381     62.25    91.58   117   -0.10     N/A        -0.02     N/A        42.95    N/A           27.20    34.08    3.514    4.463    185   1    0     0     57.43  81.68  0.16        N/A          0.19         N/A          81.68  69.58    1.81     24.27       16.1        167      2.6      3.22          0.47    50.50     0.50    0.50    0.76    0.00    0.89     43.85   6.35    71.07   53.99   0.78    1227.20    N/A      32.75  
118  TR881TS162_4        162     62.25    100.00  117   N/A       N/A        -0.02     N/A        41.59    N/A           24.63    34.71    4.641    5.419    202   0    0     0     57.92  84.65  N/A         N/A          0.22         N/A          84.65  69.566   1.90     24.32       20.4        189      2.4      1.20          0.50    43.56     0.50    0.49    0.82    0.51    0.84     66.30   6.58    77.02   56.19   0.82    1630.70    17.41    N/A    
119  TR881TS381_4        381     62.25    91.09   117   N/A       N/A        -0.02     N/A        43.20    N/A           26.97    33.88    3.522    4.461    184   1    0     0     57.43  82.18  N/A         N/A          0.19         N/A          82.18  75.414   1.83     24.00       16.4        167      2.6      2.77          0.46    50.25     0.50    0.49    0.75    0.00    0.89     43.26   6.35    71.13   53.91   0.78    1247.60    N/A      32.77  
120  TR881TS381_2        381     61.76    91.58   120   N/A       N/A        -0.05     N/A        42.33    N/A           27.67    34.01    3.497    4.449    185   1    0     0     57.43  81.68  N/A         N/A          0.19         N/A          81.68  70.227   1.82     24.42       15.4        165      2.7      3.13          0.47    50.25     0.50    0.50    0.76    0.00    0.89     41.00   6.35    70.96   53.85   0.78    1179.60    N/A      32.75  
121  TR881TS081_3        081     61.51    100.00  121   N/A       N/A        -0.07     N/A        39.60    N/A           21.89    32.97    3.796    4.685    202   5    0     0     59.90  83.66  N/A         N/A          0.31         N/A          83.66  58.915   1.97     25.84       20          190      2.6      2.03          0.53    51.49     0.52    0.56    0.88    0.42    0.88     74.60   6.70    85.62   63.11   0.80    1604.30    9.95     86.51  
122  TR881TS081_5        081     61.39    100.00  122   N/A       N/A        -0.08     N/A        39.23    N/A           23.17    32.80    3.806    4.658    202   5    0     0     53.47  72.28  N/A         N/A          0.01         N/A          72.28  58.497   2.05     26.30       20.3        191      2.8      1.43          0.52    51.98     0.53    0.56    0.89    0.42    0.88     73.80   6.70    85.86   63.68   0.80    1623.00    10.03    86.49  
123  TR881TS295_3        295     61.26    100.00  123   N/A       N/A        -0.09     N/A        40.47    N/A           21.92    32.81    4.049    5.103    202   0    0     0     56.93  76.73  N/A         N/A          0.17         N/A          76.73  59.855   2.03     24.32       17.1        183      2.8      3.14          0.42    44.80     0.46    0.48    0.87    0.55    0.89     68.60   6.58    82.70   56.88   0.78    1387.50    11.26    N/A    
124  TR881TS118_2        118     61.14    100.00  124   N/A       N/A        -0.10     N/A        39.98    N/A           23.45    33.99    3.757    4.548    202   5    0     0     0.00   0.00   N/A         N/A          -2.46        N/A          0.00   57.335   2.07     26.46       19.4        188      2.7      2.07          0.52    56.44     0.52    0.56    0.88    0.42    0.88     72.44   6.58    84.15   63.67   0.79    1554.10    10.63    N/A    
125  TR881TS418_2        418     60.52    100.00  125   N/A       N/A        -0.14     N/A        40.22    N/A           20.05    32.41    4.211    5.231    202   2    0     0     59.90  84.16  N/A         N/A          0.31         N/A          84.16  61.518   2.02     22.17       19.2        182      2.4      3.38          0.50    47.77     0.48    0.50    0.85    0.53    0.87     51.60   6.47    81.61   61.48   0.79    1543.90    11.34    36.72  
126  TR881TS295_4        295     59.53    100.00  126   N/A       N/A        -0.21     N/A        37.75    N/A           18.35    29.38    4.05     4.974    202   0    0     0     54.95  80.20  N/A         N/A          0.08         N/A          80.20  55.631   2.13     24.93       16.8        186      2.8      3.51          0.45    41.09     0.46    0.49    0.86    0.50    0.87     68.30   6.58    82.26   56.06   0.78    1367.60    12.02    N/A    
127  TR881TS118_5        118     59.41    100.00  127   N/A       N/A        -0.21     N/A        36.88    N/A           20.39    31.42    3.959    4.7      202   5    0     0     55.45  77.72  N/A         N/A          0.10         N/A          77.72  55.897   2.07     25.54       17.6        189      3        1.42          0.51    55.20     0.52    0.55    0.88    0.42    0.88     71.25   6.58    82.43   61.60   0.78    1423.70    10.61    N/A    
128  TR881TS393_2        393     59.16    100.00  128   N/A       N/A        -0.23     N/A        39.36    N/A           19.61    30.92    4.571    5.43     202   2    0     0     55.94  84.16  N/A         N/A          0.12         N/A          84.16  65.183   1.96     24.47       20.3        190      2.6      3.29          0.50    43.81     0.49    0.52    0.81    0.51    0.86     70.60   6.58    79.93   60.76   0.81    1629.00    18.67    40.12  
129  TR881TS295_1        295     59.03    100.00  129   -0.34     N/A        -0.24     N/A        36.63    N/A           19.11    30.40    4.062    5.141    202   0    0     0     51.98  81.68  -0.08       N/A          -0.06        N/A          81.68  56.562   2.10     24.47       17          185      2.7      3.32          0.43    41.58     0.46    0.47    0.85    0.56    0.87     70.50   6.58    82.16   55.38   0.79    1383.50    11.85    N/A    
130  TR881TS295_2        295     58.91    100.00  130   N/A       N/A        -0.25     N/A        35.89    N/A           17.46    30.24    4.041    5.042    202   0    0     0     56.93  81.68  N/A         N/A          0.17         N/A          81.68  57.389   2.05     25.84       17.5        182      2.6      3.37          0.40    39.60     0.44    0.47    0.85    0.53    0.87     65.10   6.35    83.98   56.42   0.79    1418.40    12.91    N/A    
131  TR881TS118_3        118     57.67    100.00  131   N/A       N/A        -0.34     N/A        36.02    N/A           21.91    29.44    4.209    4.956    202   5    0     0     52.48  78.22  N/A         N/A          -0.04        N/A          80.20  55.84    2.12     25.08       18.5        189      3        1.84          0.51    54.21     0.52    0.54    0.87    0.42    0.87     71.74   6.47    83.46   62.43   0.77    1495.50    10.96    N/A    
132  TR881TS295_5        295     56.81    100.00  132   N/A       N/A        -0.39     N/A        35.77    N/A           19.62    30.36    4.745    5.57     202   0    0     0     0.00   0.00   N/A         N/A          -2.46        N/A          0.00   57.251   2.08     24.16       17          186      2.9      3.17          0.41    41.34     0.47    0.47    0.83    0.53    0.86     63.20   6.35    81.97   54.14   0.78    1384.80    13.21    N/A    
133  TR881TS220_4        220s    56.68    100.00  133   N/A       N/A        -0.40     -2.30      37.01    N/A           19.08    26.70    4.91     5.466    202   1    0     0     53.96  83.66  N/A         N/A          0.03         -0.04        84.16  59.297   2.14     23.40       18.4        187      2.6      1.90          0.46    44.31     0.49    0.46    0.80    0.60    0.85     58.10   6.47    75.25   55.25   0.79    1484.40    15.78    49.20  
134  TR881TS220_5        220s    53.96    100.00  134   N/A       N/A        -0.59     -2.88      35.52    N/A           19.40    28.70    5.425    6.231    202   2    0     0     49.50  81.19  N/A         N/A          -0.17        -0.25        81.19  59.979   2.05     22.63       17.4        184      2.7      2.33          0.42    35.89     0.46    0.38    0.71    0.80    0.84     60.60   6.35    72.24   50.59   0.78    1411.60    25.65    49.18  
135  TR881TS060_5        060     53.84    100.00  135   N/A       N/A        -0.60     N/A        35.64    N/A           18.02    26.05    6.209    6.887    202   0    0     0     18.32  27.23  N/A         N/A          -1.61        N/A          27.23  51.226   1.97     17.13       13.5        168      3.4      1.33          0.43    34.90     0.48    0.43    0.79    0.59    0.82     64.40   5.86    78.50   51.62   0.70    1129.30    23.61    74.03  
136  TR881TS060_2        060     52.48    100.00  136   N/A       N/A        -0.69     N/A        34.53    N/A           19.18    29.07    6.506    7.043    202   0    0     0     50.50  67.82  N/A         N/A          -0.13        N/A          68.32  51.926   1.89     16.67       13.7        167      3.4      1.69          0.42    33.17     0.47    0.42    0.75    0.70    0.81     60.40   5.86    78.92   51.52   0.69    1147.70    22.31    75.06  
137  TR881TS060_4        060     52.23    100.00  137   N/A       N/A        -0.71     N/A        36.14    N/A           17.65    28.05    6.857    7.338    202   0    0     0     46.53  61.39  N/A         N/A          -0.31        N/A          63.86  48.786   1.92     18.35       12.3        159      3.4      1.35          0.41    30.69     0.45    0.40    0.75    0.70    0.81     61.50   5.46    79.17   51.05   0.67    1042.90    23.33    76.49  
138  TR881TS060_3        060     50.12    100.00  138   N/A       N/A        -0.86     N/A        32.18    N/A           14.15    22.98    6.824    7.324    202   0    0     0     47.03  66.83  N/A         N/A          -0.29        N/A          66.83  49.821   1.99     16.67       12.1        161      3.5      1.59          0.40    31.19     0.46    0.41    0.72    0.71    0.81     58.00   5.46    77.67   50.05   0.68    1021.10    25.17    75.63  
139  TR881TS060_1        060     49.38    100.00  139   -1.03     N/A        -0.91     N/A        32.30    N/A           15.08    26.05    7.173    7.631    202   0    0     0     46.53  62.87  -0.32       N/A          -0.31        N/A          65.84  49.23    1.90     15.30       11.7        148      2.7      1.83          0.39    29.70     0.45    0.39    0.73    0.68    0.81     59.40   4.89    77.90   49.28   0.66    996.90     25.54    72.89  
140  TR881TS330_4        330     18.94    100.00  140   N/A       N/A        -3.01     N/A        10.03    N/A           3.86     6.37     16.994   17.203   202   4    0     0     0.99   16.83  N/A         N/A          -2.41        N/A          27.23  16.941   2.67     4.75        1.5         81       5.1      1.18          0.23    9.41      0.38    0.16    0.09    1.84    0.51     46.60   3.50    45.93   35.61   0.32    258.20     125.18   32.94  
141  TR881TS330_5        330     14.73    100.00  141   N/A       N/A        -3.30     N/A        9.29     N/A           3.24     6.59     21.502   21.53    202   5    0     0     0.50   11.88  N/A         N/A          -2.44        N/A          27.72  20.827   1.96     2.61        1.2         65       3.5      2.20          0.20    4.70      0.35    0.08    -0.07   2.17    0.49     40.30   1.64    32.42   26.96   0.30    239.40     281.26   39.17  
142  TR881TS330_3        330     13.24    100.00  142   N/A       N/A        -3.41     N/A        6.94     N/A           1.92     2.95     16.787   17.133   202   6    0     0     0.00   0.00   N/A         N/A          -2.46        N/A          28.22  19.215   2.38     1.84        0.7         68       3.8      1.24          0.21    4.46      0.34    0.08    0.02    2.06    0.52     56.40   3.07    35.70   27.06   0.32    227.20     159.01   29.34  
143  TR881TS330_2        330     12.99    100.00  143   N/A       N/A        -3.42     N/A        6.44     N/A           0.73     2.86     19.326   19.638   202   4    0     0     0.00   5.45   N/A         N/A          -2.46        N/A          26.24  16.777   2.63     1.54        0.4         61       3        1.76          0.19    4.46      0.34    0.04    -0.04   2.28    0.48     40.70   1.99    32.09   24.22   0.35    172.60     159.48   33.26  
144  TR881TS330_1        330     11.76    100.00  144   -3.75     N/A        -3.51     N/A        6.19     N/A           1.94     3.28     18.526   18.74    202   3    0     0     0.00   0.00   -2.41       N/A          -2.46        N/A          27.72  17.288   2.33     3.22        0.5         63       4.1      1.43          0.20    4.70      0.34    0.06    -0.04   2.20    0.50     56.70   1.64    29.79   23.99   0.29    204.20     161.41   27.08  
145  TR881TS399_2        399     8.54     100.00  145   N/A       N/A        -3.73     N/A        4.33     N/A           0.68     1.58     20.516   20.683   202   44   0     0     0.99   0.00   N/A         N/A          -2.41        N/A          20.30  12.828   2.82     0.47        0           0        N/A      4.68          0.03    4.95      0.29    0.02    -0.12   2.40    0.50     25.30   1.24    23.42   22.31   0.27    N/A        173.69   23.80  
146  TR881TS399_1        399     8.54     100.00  145   -3.99     N/A        -3.73     N/A        4.33     N/A           0.68     1.58     20.53    20.695   202   44   0     0     0.00   0.00   -2.41       N/A          -2.46        N/A          21.78  11.798   2.45     0.62        0           0        N/A      4.63          0.03    4.95      0.29    0.02    -0.12   2.41    0.50     25.30   1.24    23.42   22.31   0.27    N/A        173.58   24.19  
147  TR881TS399_5        399     8.29     100.00  147   N/A       N/A        -3.75     N/A        4.83     N/A           1.28     2.34     20.784   21.098   202   44   0     0     0.00   4.46   N/A         N/A          -2.46        N/A          22.28  11.543   2.66     0.16        0           0        N/A      4.58          0.03    4.70      0.29    0.01    -0.24   2.57    0.49     24.30   1.99    21.95   22.32   0.26    N/A        190.51   25.86  
148  TR881TS399_4        399     7.92     100.00  148   N/A       N/A        -3.77     N/A        4.21     N/A           0.63     2.46     21.193   21.392   202   49   0     0     0.00   0.50   N/A         N/A          -2.46        N/A          16.83  9.975    2.69     -0.76       0           0        N/A      4.54          0.03    4.95      0.29    0.02    -0.16   2.34    0.50     25.70   1.99    20.75   21.78   0.24    N/A        198.64   22.99  
149  TR881TS399_3        399     7.67     100.00  149   N/A       N/A        -3.79     N/A        4.21     N/A           0.66     2.46     20.579   20.889   202   42   0     0     0.00   1.98   N/A         N/A          -2.46        N/A          19.80  11.902   2.55     -0.14       0           0        N/A      4.48          0.03    4.46      0.30    0.02    -0.12   2.33    0.49     29.40   1.99    22.10   22.18   0.25    N/A        219.44   22.32  

