#    Model               GR#     GDT_TS   NP_P    RANK  Z-M1-GDT  Z-M1s-GDT  Z-MA-GDT  Z-MAs-GDT  GDT_HA   Z-M1s-GDT-HA  GDC_SC   GDC_ALL  RMS_CA   RMS_ALL  NP    err  PC01  PC05  AL0_P  AL4_P  Z-M1-AL0_p  Z-M1s-AL0_p  Z-MA-AL0_p   Z-MAs-AL0_p  ALI_P  LGA_S    RMSD[L]  Z-score[M]  Z-Score[D]  Al.Res.  RMSD[D]  MolPrb_Score  LDDT    SphGr     CAD_AA  RPF     CODM    DFM     Handed.  SOV     CE      QCS     CONTS   TMscore  Dali(raw)  FlexE    QSE    

-    Starting model      -       87.66    -       -     -         -          -         -          70.25    -             45.95    -        2.07     2.69     -     -    -     -     -      -      -           -            -            -            -      -        -        12.26       12.60       78       1.70     0.50          0.75    72.78     0.75    0.81    0.96    0.13    0.94     97.10   5.19    94.85   91.32   0.84     470.80     1.70     -      

1    TR882TS023_4        023     92.72    100.00  1     N/A       N/A        0.74      N/A        78.16    N/A           48.40    65.18    1.712    2.31     79    0    0     0     93.67  97.47  N/A         N/A          0.46         N/A          97.47  95.803   1.07     12.26       14.2        78       1.3      0.74          0.80    83.54     0.78    0.85    0.98    0.07    0.96     94.90   5.33    96.75   94.31   0.89    524.00     1.24     19.68  
2    TR882TS247_3        247     91.46    100.00  2     N/A       N/A        0.64      N/A        78.17    N/A           50.15    64.33    2.132    2.616    79    0    0     0     91.14  94.94  N/A         N/A          0.33         N/A          94.94  93.255   1.20     12.26       14.1        78       1.7      0.62          0.80    82.28     0.78    0.85    0.97    0.08    0.95     95.40   5.33    96.98   94.40   0.88    520.10     1.25     N/A    
3    TR882TS396_4        396     91.46    100.00  2     N/A       N/A        0.64      N/A        74.37    N/A           48.72    62.65    1.915    2.526    79    1    0     0     89.87  96.20  N/A         N/A          0.26         N/A          96.20  94.77    1.38     12.26       12.8        78       1.5      0.79          0.77    72.78     0.75    0.83    0.97    0.10    0.94     97.50   5.33    95.95   92.41   0.87    503.30     1.21     N/A    
4    TR882TS250_2        250s    91.14    100.00  4     N/A       N/A        0.61      1.66       75.63    N/A           48.92    64.84    1.786    2.419    79    0    0     0     93.67  96.20  N/A         N/A          0.46         1.79         96.20  95.064   1.19     12.26       13.8        78       1.4      0.74          0.78    75.32     0.77    0.84    0.98    0.08    0.95     95.40   5.33    96.30   94.05   0.88    510.10     1.45     18.46  
5    TR882TS250_4        250s    91.14    100.00  4     N/A       N/A        0.61      1.66       75.63    N/A           47.62    63.52    1.736    2.389    79    0    0     0     93.67  96.20  N/A         N/A          0.46         1.79         96.20  94.926   1.33     12.26       13.9        78       1.3      0.86          0.78    78.48     0.78    0.84    0.98    0.08    0.95     94.90   5.33    96.41   93.95   0.88    514.10     1.19     18.41  
6    TR882TS265_4        265     90.82    100.00  6     N/A       N/A        0.59      N/A        77.22    N/A           46.02    64.03    1.702    2.453    79    0    0     0     93.67  97.47  N/A         N/A          0.46         N/A          97.47  95.048   1.15     12.26       14.5        78       1.4      0.90          0.78    72.15     0.76    0.83    0.98    0.06    0.95     97.50   5.46    96.72   92.69   0.88    531.40     1.04     94.66  
7    TR882TS247_5        247     90.82    100.00  6     N/A       N/A        0.59      N/A        76.90    N/A           53.37    65.80    1.819    2.381    79    0    0     0     92.41  97.47  N/A         N/A          0.40         N/A          97.47  94.815   1.21     12.26       14.2        78       1.4      0.50          0.80    84.18     0.79    0.85    0.98    0.07    0.95     97.50   5.33    96.92   94.13   0.88    522.40     1.05     N/A    
8    TR882TS247_1        247     90.82    100.00  6     0.59      N/A        0.59      N/A        75.32    N/A           49.58    63.46    1.946    2.609    79    0    0     0     89.87  94.94  0.14        N/A          0.26         N/A          94.94  94.42    1.38     12.26       13.8        78       1.6      0.50          0.79    81.01     0.78    0.84    0.98    0.08    0.94     97.50   5.33    96.81   93.52   0.86    511.40     0.91     N/A    
9    TR882TS324_1        324     90.51    100.00  9     0.55      N/A        0.56      N/A        75.31    N/A           46.83    62.65    1.978    2.566    79    0    0     0     89.87  94.94  0.14        N/A          0.26         N/A          94.94  93.538   1.35     12.26       13.3        78       1.6      1.98          0.75    71.52     0.76    0.81    0.97    0.12    0.94     94.30   5.33    95.75   91.53   0.87    493.10     1.77     17.83  
10   TR882TS220_1        220s    90.51    100.00  9     0.55      1.47       0.56      1.09       76.58    1.53          43.88    63.26    1.775    2.653    79    0    0     0     91.14  94.94  0.23        0.58         0.33         -0.18        94.94  93.704   1.21     12.26       14.1        78       1.5      1.57          0.76    67.72     0.75    0.80    0.97    0.07    0.95     94.90   5.33    96.93   93.92   0.88    519.30     1.50     24.35  
11   TR882TS220_5        220s    90.51    100.00  9     N/A       N/A        0.56      1.09       74.36    N/A           44.30    64.72    1.429    2.465    79    0    0     0     93.67  98.73  N/A         N/A          0.46         1.79         98.73  94.853   1.23     12.26       13.9        78       1.2      1.95          0.75    68.35     0.74    0.79    0.98    0.09    0.95     92.90   5.33    96.65   91.70   0.89    513.00     1.28     23.80  
12   TR882TS220_4        220s    90.19    100.00  12    N/A       N/A        0.54      0.80       75.00    N/A           44.35    63.35    1.679    2.847    79    0    0     0     91.14  93.67  N/A         N/A          0.33         -0.18        93.67  93.232   1.38     12.26       13.5        78       1.5      1.69          0.74    64.56     0.73    0.77    0.97    0.12    0.94     94.90   5.33    95.87   89.55   0.87    500.30     1.94     24.02  
13   TR882TS250_5        250s    89.87    100.00  13    N/A       N/A        0.51      0.50       74.69    N/A           44.64    59.63    1.995    2.658    79    0    0     0     91.14  94.94  N/A         N/A          0.33         -0.18        94.94  92.888   1.39     12.26       13.2        77       1.5      0.50          0.77    76.58     0.76    0.82    0.96    0.12    0.94     94.60   5.33    95.48   92.58   0.86    490.40     1.78     20.31  
14   TR882TS023_2        023     89.87    100.00  13    N/A       N/A        0.51      N/A        74.36    N/A           45.21    62.68    1.825    2.446    79    0    0     0     93.67  97.47  N/A         N/A          0.46         N/A          97.47  94.654   1.19     12.26       13.8        78       1.4      0.74          0.77    77.22     0.76    0.84    0.98    0.09    0.95     94.90   5.33    96.45   94.47   0.87    510.20     1.42     20.51  
15   TR882TS247_2        247     89.87    100.00  13    N/A       N/A        0.51      N/A        74.05    N/A           48.89    62.23    2.127    2.689    79    0    0     0     91.14  94.94  N/A         N/A          0.33         N/A          94.94  93.41    1.41     12.26       13.5        78       1.7      0.50          0.77    79.11     0.76    0.82    0.97    0.09    0.94     98.10   5.33    96.43   92.55   0.86    499.00     1.48     N/A    
16   TR882TS220_2        220s    89.56    100.00  16    N/A       N/A        0.48      0.22       76.27    N/A           43.98    61.19    1.786    2.737    79    0    0     0     92.41  96.20  N/A         N/A          0.40         0.81         96.20  94.198   1.47     12.26       13.7        78       1.5      1.19          0.75    63.92     0.73    0.79    0.97    0.11    0.94     93.80   5.33    96.07   92.18   0.87    507.40     1.63     25.31  
17   TR882TS017_3        017     89.56    100.00  16    N/A       N/A        0.48      N/A        75.00    N/A           42.97    60.75    1.843    2.627    79    0    0     0     92.41  96.20  N/A         N/A          0.40         N/A          96.20  94.109   1.37     12.26       13.2        78       1.6      1.60          0.72    72.78     0.72    0.79    0.98    0.09    0.95     96.70   5.33    96.03   91.84   0.86    491.50     1.51     89.14  
18   TR882TS017_2        017     89.56    100.00  16    N/A       N/A        0.48      N/A        75.32    N/A           44.10    59.66    1.857    2.624    79    0    0     0     92.41  96.20  N/A         N/A          0.40         N/A          96.20  93.926   1.41     12.26       12.9        78       1.6      2.16          0.73    73.42     0.72    0.80    0.98    0.10    0.95     94.10   5.33    95.38   91.74   0.86    482.20     1.81     88.99  
19   TR882TS017_5        017     89.56    100.00  16    N/A       N/A        0.48      N/A        75.32    N/A           44.03    59.75    1.855    2.624    79    0    0     0     92.41  96.20  N/A         N/A          0.40         N/A          96.20  93.948   1.40     12.26       13          78       1.6      2.12          0.73    73.42     0.72    0.80    0.98    0.10    0.95     94.10   5.33    95.40   91.73   0.86    483.30     1.79     88.91  
20   TR882TS017_1        017     89.24    100.00  20    0.42      N/A        0.46      N/A        75.00    N/A           43.24    60.47    1.843    2.626    79    0    0     0     92.41  96.20  0.31        N/A          0.40         N/A          96.20  94.01    1.37     12.26       13.2        78       1.6      1.74          0.72    72.78     0.72    0.79    0.98    0.10    0.95     96.70   5.33    95.93   91.77   0.86    489.50     1.54     89.46  
21   TR882TS017_4        017     89.24    100.00  20    N/A       N/A        0.46      N/A        75.31    N/A           43.54    59.59    1.854    2.622    79    0    0     0     92.41  96.20  N/A         N/A          0.40         N/A          96.20  93.948   1.40     12.26       13          78       1.6      2.14          0.73    73.42     0.72    0.80    0.98    0.10    0.94     94.10   5.33    95.47   91.74   0.86    484.30     1.77     89.01  
22   TR882TS001_2        001     89.24    100.00  20    N/A       N/A        0.46      N/A        74.05    N/A           45.92    61.97    1.58     2.166    79    0    0     0     92.41  94.94  N/A         N/A          0.40         N/A          94.94  94.193   1.37     12.26       14.1        78       1.4      1.64          0.79    75.95     0.77    0.83    0.98    0.06    0.95     94.29   5.33    96.48   92.99   0.88    517.50     1.14     N/A    
23   TR882TS324_2        324     89.24    100.00  20    N/A       N/A        0.46      N/A        74.68    N/A           42.70    61.24    1.905    2.658    79    0    0     0     89.87  94.94  N/A         N/A          0.26         N/A          94.94  92.572   1.31     12.26       13          78       1.6      2.19          0.74    65.82     0.75    0.79    0.96    0.12    0.94     92.90   5.33    95.30   90.14   0.86    483.80     1.94     18.20  
24   TR882TS265_1        265     89.24    100.00  20    0.42      N/A        0.46      N/A        74.37    N/A           46.51    60.52    1.932    2.645    79    0    0     0     92.41  96.20  0.31        N/A          0.40         N/A          96.20  94.004   1.39     12.26       13.8        78       1.6      0.90          0.78    74.05     0.75    0.82    0.97    0.07    0.94     92.00   5.33    96.25   91.75   0.86    510.30     1.65     92.96  
25   TR882TS220_3        220s    88.92    100.00  25    N/A       N/A        0.43      -0.36      72.78    N/A           38.53    61.29    1.687    2.61     79    0    0     0     89.87  93.67  N/A         N/A          0.26         -1.17        93.67  93.965   1.49     12.26       13.1        77       1.4      1.99          0.72    62.66     0.72    0.76    0.97    0.12    0.94     88.60   5.33    95.77   89.08   0.87    488.90     1.99     24.08  
26   TR882TS265_2        265     88.92    100.00  25    N/A       N/A        0.43      N/A        74.05    N/A           46.59    59.86    1.974    2.62     79    0    0     0     91.14  94.94  N/A         N/A          0.33         N/A          94.94  93.438   1.47     12.26       13.7        79       2        1.10          0.78    73.42     0.76    0.82    0.98    0.07    0.94     95.80   5.33    96.15   91.74   0.85    506.90     1.37     92.58  
27   TR882TS204_4        204     88.92    100.00  25    N/A       N/A        0.43      N/A        75.64    N/A           46.44    60.88    1.935    2.514    79    0    0     0     89.87  94.94  N/A         N/A          0.26         N/A          94.94  92.977   1.32     12.26       13.9        79       1.9      0.50          0.80    74.05     0.77    0.84    0.98    0.07    0.94     93.80   5.33    96.04   92.17   0.86    512.20     1.38     N/A    
28   TR882TS204_1        204     88.92    100.00  25    0.38      N/A        0.43      N/A        74.05    N/A           45.43    60.71    1.977    2.59     79    0    0     0     89.87  94.94  0.14        N/A          0.26         N/A          94.94  92.777   1.34     12.26       13.4        78       1.6      0.60          0.78    73.42     0.77    0.83    0.97    0.09    0.94     97.10   5.33    95.64   91.75   0.86    498.10     1.48     N/A    
29   TR882TS250_1        250s    88.92    100.00  25    0.38      0.07       0.43      -0.36      72.47    -0.20         46.19    58.95    2.01     2.537    79    0    0     0     91.14  94.94  0.23        0.58         0.33         -0.18        94.94  92.683   1.37     12.26       13.1        78       1.7      0.50          0.76    75.95     0.77    0.83    0.96    0.12    0.94     94.60   5.33    95.32   92.15   0.85    486.80     1.75     20.53  
30   TR882TS430_2        430s    88.92    100.00  25    N/A       N/A        0.43      -0.36      73.73    N/A           43.29    59.93    2.01     2.679    79    0    0     0     89.87  94.94  N/A         N/A          0.26         -1.17        94.94  92.76    1.36     12.26       13.3        78       1.7      1.06          0.76    70.25     0.76    0.80    0.97    0.10    0.94     97.10   5.33    95.58   92.05   0.85    494.50     1.46     26.65  
31   TR882TS324_4        324     88.92    100.00  25    N/A       N/A        0.43      N/A        74.68    N/A           42.88    61.82    1.963    2.584    79    0    0     0     87.34  93.67  N/A         N/A          0.12         N/A          93.67  92.605   1.39     12.26       13          78       1.7      2.00          0.74    69.62     0.74    0.80    0.96    0.12    0.94     94.10   5.33    95.31   90.41   0.86    485.90     1.92     18.23  
32   TR882TS118_1        118     88.92    100.00  25    0.38      N/A        0.43      N/A        72.15    N/A           43.88    62.74    2.007    2.605    79    0    0     0     92.41  97.47  0.31        N/A          0.40         N/A          97.47  92.927   1.30     12.26       14          78       1.6      1.60          0.74    78.48     0.74    0.84    0.98    0.07    0.94     96.17   5.33    96.42   92.38   0.87    515.00     1.20     N/A    
33   TR882TS162_2        162     88.61    100.00  33    N/A       N/A        0.41      N/A        70.57    N/A           46.68    59.06    1.861    2.531    79    0    0     0     89.87  94.94  N/A         N/A          0.26         N/A          94.94  92.738   1.39     12.26       13.3        78       1.6      0.50          0.75    70.89     0.74    0.80    0.97    0.12    0.94     94.90   5.33    95.77   91.69   0.85    493.80     1.65     N/A    
34   TR882TS430_1        430s    88.61    100.00  33    0.35      -0.21      0.41      -0.65      72.78    -0.07         45.33    59.85    2.01     2.65     79    0    0     0     89.87  94.94  0.14        -1.73        0.26         -1.17        94.94  92.561   1.36     12.26       13.3        78       1.7      1.53          0.76    72.78     0.76    0.81    0.97    0.10    0.94     97.10   5.33    95.55   92.13   0.85    494.60     1.46     26.67  
35   TR882TS247_4        247     88.61    100.00  33    N/A       N/A        0.41      N/A        71.84    N/A           49.51    62.26    1.89     2.457    79    0    0     0     91.14  96.20  N/A         N/A          0.33         N/A          96.20  92.605   1.38     12.26       13.5        78       1.6      1.02          0.77    81.01     0.76    0.83    0.97    0.08    0.94     98.70   5.33    96.40   92.63   0.85    500.30     0.99     N/A    
36   TR882TS060_4        060     88.61    100.00  33    N/A       N/A        0.41      N/A        72.78    N/A           39.95    61.68    1.848    2.639    79    0    0     0     93.67  97.47  N/A         N/A          0.46         N/A          97.47  94.137   1.21     12.26       13.7        78       1.5      1.19          0.73    65.82     0.71    0.77    0.98    0.10    0.94     87.00   5.33    95.72   91.30   0.87    506.40     1.12     94.21  
37   TR882TS430_5        430s    88.61    100.00  33    N/A       N/A        0.41      -0.65      73.10    N/A           44.87    59.67    2.009    2.681    79    0    0     0     89.87  94.94  N/A         N/A          0.26         -1.17        94.94  92.583   1.36     12.26       13.3        78       1.7      0.83          0.76    70.25     0.76    0.80    0.97    0.10    0.94     97.10   5.33    95.62   92.18   0.85    493.50     1.46     26.70  
38   TR882TS204_3        204     88.61    100.00  33    N/A       N/A        0.41      N/A        74.05    N/A           47.69    61.19    1.954    2.571    79    0    0     0     89.87  94.94  N/A         N/A          0.26         N/A          94.94  92.66    1.34     12.26       13.6        78       1.6      0.50          0.78    72.78     0.77    0.83    0.97    0.09    0.94     95.00   5.33    95.78   91.87   0.86    502.30     1.55     N/A    
39   TR882TS324_5        324     88.61    100.00  33    N/A       N/A        0.41      N/A        73.73    N/A           43.32    61.58    1.986    2.691    79    0    0     0     87.34  92.41  N/A         N/A          0.12         N/A          92.41  92.189   1.35     12.26       13          77       1.5      2.30          0.74    67.09     0.74    0.80    0.96    0.12    0.94     92.50   5.33    95.25   90.07   0.85    483.80     1.80     18.37  
40   TR882TS273_1        273     88.61    100.00  33    0.35      N/A        0.41      N/A        72.47    N/A           43.12    58.57    1.957    2.614    79    0    0     0     89.87  94.94  0.14        N/A          0.26         N/A          94.94  92.827   1.34     12.26       13.1        78       1.6      1.79          0.74    68.35     0.73    0.80    0.96    0.12    0.94     96.30   5.33    95.38   91.83   0.86    486.70     1.83     N/A    
41   TR882TS204_2        204     88.61    100.00  33    N/A       N/A        0.41      N/A        74.37    N/A           44.94    59.92    1.945    2.592    79    0    0     0     89.87  94.94  N/A         N/A          0.26         N/A          94.94  92.744   1.34     12.26       13.6        78       1.6      0.60          0.78    72.78     0.77    0.83    0.97    0.08    0.94     93.20   5.33    95.66   91.58   0.85    502.80     1.55     N/A    
42   TR882TS102_1        102     88.61    100.00  33    0.35      N/A        0.41      N/A        73.10    N/A           44.91    59.27    2.031    2.872    79    0    0     0     89.87  94.94  0.14        N/A          0.26         N/A          94.94  92.416   1.41     12.26       13.3        78       1.6      0.86          0.75    65.82     0.73    0.80    0.97    0.09    0.94     92.00   5.33    95.69   91.54   0.85    495.60     1.63     N/A    
43   TR882TS081_2        081     88.29    100.00  43    N/A       N/A        0.38      N/A        71.52    N/A           46.19    59.97    2.068    2.621    79    0    0     0     89.87  94.94  N/A         N/A          0.26         N/A          94.94  92.438   1.41     12.26       13.1        78       1.7      0.50          0.76    74.05     0.75    0.81    0.96    0.11    0.94     92.00   5.33    95.56   92.64   0.85    489.10     1.63     91.93  
44   TR882TS081_5        081     88.29    100.00  43    N/A       N/A        0.38      N/A        71.52    N/A           46.73    59.46    2.026    2.614    79    1    0     0     89.87  94.94  N/A         N/A          0.26         N/A          94.94  92.644   1.38     12.26       13.1        78       1.7      0.50          0.76    70.89     0.75    0.81    0.97    0.10    0.94     94.60   5.33    95.48   92.22   0.85    487.40     1.82     92.22  
45   TR882TS430_3        430s    88.29    100.00  43    N/A       N/A        0.38      -0.94      72.47    N/A           46.44    59.63    2.01     2.642    79    0    0     0     91.14  94.94  N/A         N/A          0.33         -0.18        94.94  92.366   1.37     12.26       13.3        78       1.7      1.21          0.76    74.68     0.76    0.81    0.97    0.10    0.94     97.10   5.33    95.47   92.16   0.85    494.90     1.45     26.76  
46   TR882TS430_4        430s    88.29    100.00  43    N/A       N/A        0.38      -0.94      72.15    N/A           44.20    59.25    2.031    2.673    79    0    0     0     91.14  94.94  N/A         N/A          0.33         -0.18        94.94  92.566   1.37     12.26       13.3        78       1.7      1.24          0.76    73.42     0.75    0.81    0.97    0.10    0.94     97.10   5.33    95.62   92.32   0.85    493.00     1.42     26.82  
47   TR882TS162_5        162     88.29    100.00  43    N/A       N/A        0.38      N/A        70.57    N/A           41.70    59.38    2.1      2.803    79    0    0     0     91.14  94.94  N/A         N/A          0.33         N/A          94.94  91.778   1.38     12.26       13          78       1.7      0.62          0.73    68.35     0.73    0.77    0.96    0.11    0.94     94.60   5.33    95.19   90.98   0.85    485.60     1.85     N/A    
48   TR882TS250_3        250s    88.29    100.00  43    N/A       N/A        0.38      -0.94      71.52    N/A           41.18    58.20    2.019    2.754    79    0    0     0     91.14  94.94  N/A         N/A          0.33         -0.18        94.94  92.311   1.43     12.26       13          78       1.7      0.50          0.75    71.52     0.75    0.80    0.96    0.12    0.94     94.60   5.33    95.45   92.18   0.85    485.00     1.81     20.67  
49   TR882TS081_1        081     88.29    100.00  43    0.32      N/A        0.38      N/A        71.83    N/A           46.09    58.90    2.017    2.565    79    1    0     0     91.14  94.94  0.23        N/A          0.33         N/A          94.94  92.433   1.38     12.26       13          78       1.7      0.50          0.76    73.42     0.75    0.81    0.96    0.11    0.94     94.60   5.19    95.50   92.25   0.85    485.20     1.81     92.16  
50   TR882TS324_3        324     88.29    100.00  43    N/A       N/A        0.38      N/A        72.78    N/A           40.91    60.44    2.04     2.818    79    0    0     0     88.61  93.67  N/A         N/A          0.19         N/A          93.67  92.161   1.46     12.26       12.8        78       1.8      2.67          0.73    67.72     0.74    0.79    0.97    0.13    0.93     90.80   5.33    95.21   89.78   0.85    479.20     1.80     18.86  
51   TR882TS412_1        412     88.29    100.00  43    0.32      N/A        0.38      N/A        70.57    N/A           44.62    58.87    2.053    2.58     79    0    0     0     89.87  94.94  0.14        N/A          0.26         N/A          94.94  92.388   1.44     12.26       12.7        77       1.6      1.34          0.74    71.52     0.75    0.81    0.96    0.12    0.94     94.59   5.19    94.86   91.26   0.84    472.30     1.72     29.71  
52   TR882TS023_3        023     88.29    100.00  43    N/A       N/A        0.38      N/A        71.83    N/A           45.43    61.46    1.929    2.919    79    0    0     0     92.41  96.20  N/A         N/A          0.40         N/A          96.20  93.615   1.36     12.26       13.6        78       1.5      1.22          0.77    74.05     0.76    0.83    0.98    0.10    0.94     96.20   5.33    95.71   94.00   0.86    502.70     1.14     21.50  
53   TR882TS208_4        208     87.97    100.00  53    N/A       N/A        0.36      N/A        71.83    N/A           41.62    57.74    2.062    2.726    79    0    0     0     91.14  94.94  N/A         N/A          0.33         N/A          94.94  92.366   1.40     12.26       13.1        78       1.7      1.00          0.75    69.62     0.75    0.81    0.97    0.12    0.94     92.00   5.33    95.54   92.00   0.85    487.00     1.77     26.37  
54   TR882TS208_1        208     87.97    100.00  53    0.28      N/A        0.36      N/A        71.83    N/A           43.29    58.87    2.026    2.668    79    0    0     0     91.14  94.94  0.23        N/A          0.33         N/A          94.94  92.483   1.37     12.26       13.1        78       1.7      1.30          0.75    71.52     0.75    0.81    0.97    0.11    0.94     91.30   5.33    95.51   91.84   0.85    489.20     1.73     26.13  
55   TR882TS118_3        118     87.97    100.00  53    N/A       N/A        0.36      N/A        70.89    N/A           45.36    58.64    2.179    2.825    79    0    0     0     88.61  92.41  N/A         N/A          0.19         N/A          92.41  90.606   1.37     12.26       13.9        78       1.8      1.44          0.75    75.32     0.75    0.83    0.98    0.08    0.93     94.98   5.46    95.73   91.80   0.84    510.30     0.93     N/A    
56   TR882TS162_3        162     87.97    100.00  53    N/A       N/A        0.36      N/A        70.25    N/A           43.29    58.58    2.04     2.622    79    0    0     0     89.87  94.94  N/A         N/A          0.26         N/A          94.94  92.205   1.43     12.26       13          78       1.7      0.50          0.74    69.62     0.74    0.79    0.96    0.12    0.94     91.30   5.33    95.23   91.51   0.84    485.10     1.65     N/A    
57   TR882TS060_5        060     87.97    100.00  53    N/A       N/A        0.36      N/A        68.99    N/A           35.53    57.15    1.813    2.618    79    0    0     0     93.67  97.47  N/A         N/A          0.46         N/A          97.47  93.255   1.32     12.26       13.8        79       1.8      1.09          0.73    67.72     0.71    0.77    0.98    0.08    0.94     97.20   5.33    96.18   91.91   0.86    508.90     0.87     93.53  
58   TR882TS060_2        060     87.97    100.00  53    N/A       N/A        0.36      N/A        72.47    N/A           41.40    60.55    1.815    2.601    79    0    0     0     94.94  97.47  N/A         N/A          0.53         N/A          97.47  93.887   1.23     12.26       13.6        78       1.4      1.02          0.73    68.99     0.71    0.77    0.98    0.10    0.94     99.20   5.33    96.14   92.58   0.87    502.70     0.82     94.09  
59   TR882TS480_1        480     87.97    100.00  53    0.28      N/A        0.36      N/A        72.47    N/A           34.89    54.93    2.019    2.783    79    0    0     0     89.87  92.41  0.14        N/A          0.26         N/A          92.41  91.311   1.26     12.26       13.1        78       1.9      2.37          0.72    62.03     0.70    0.77    0.96    0.10    0.93     92.00   5.33    94.49   88.36   0.85    487.10     1.67     19.55  
60   TR882TS257_2        257     87.97    100.00  53    N/A       N/A        0.36      N/A        69.94    N/A           45.82    57.80    2.075    2.64     79    3    0     0     89.87  94.94  N/A         N/A          0.26         N/A          94.94  91.395   1.37     12.26       12.4        78       1.7      2.21          0.65    70.25     0.75    0.81    0.96    0.14    0.94     82.60   5.19    94.13   90.62   0.84    464.50     2.13     30.03  
61   TR882TS265_3        265     87.97    100.00  53    N/A       N/A        0.36      N/A        72.15    N/A           41.52    57.55    1.959    2.712    79    0    0     0     89.87  94.94  N/A         N/A          0.26         N/A          94.94  92.355   1.37     12.26       13.3        78       1.6      1.24          0.74    66.46     0.73    0.79    0.97    0.11    0.94     98.70   5.33    95.39   91.38   0.85    492.70     1.39     92.64  
62   TR882TS001_4        001     87.97    100.00  53    N/A       N/A        0.36      N/A        69.94    N/A           44.72    59.68    1.915    2.542    79    0    0     0     94.94  97.47  N/A         N/A          0.53         N/A          97.47  93.715   1.31     12.26       13.6        78       1.5      2.29          0.76    71.52     0.72    0.81    0.98    0.08    0.95     92.81   5.33    95.67   91.27   0.86    501.10     0.98     N/A    
63   TR882TS001_5        001     87.97    100.00  53    N/A       N/A        0.36      N/A        71.52    N/A           45.87    60.45    1.912    2.467    79    0    0     0     91.14  94.94  N/A         N/A          0.33         N/A          94.94  92.644   1.31     12.26       13.5        78       1.6      1.49          0.76    76.58     0.75    0.80    0.97    0.09    0.94     94.59   5.33    95.83   91.52   0.86    497.40     1.44     N/A    
64   TR882TS412_2        412     87.97    100.00  53    N/A       N/A        0.36      N/A        70.89    N/A           41.38    57.05    2.06     2.634    79    0    0     0     89.87  94.94  N/A         N/A          0.26         N/A          94.94  92.311   1.44     12.26       12.6        78       1.7      1.18          0.72    70.25     0.75    0.81    0.96    0.13    0.94     94.59   5.19    94.83   91.39   0.84    469.80     1.71     29.89  
65   TR882TS412_4        412     87.97    100.00  53    N/A       N/A        0.36      N/A        70.57    N/A           44.74    58.49    2.085    2.605    79    0    0     0     91.14  94.94  N/A         N/A          0.33         N/A          94.94  92.244   1.44     12.26       12.8        78       1.7      1.00          0.73    72.78     0.75    0.81    0.96    0.12    0.94     94.59   5.19    94.99   91.50   0.84    474.50     1.72     29.79  
66   TR882TS208_5        208     87.97    100.00  53    N/A       N/A        0.36      N/A        72.15    N/A           42.95    58.60    2.01     2.665    79    0    0     0     91.14  94.94  N/A         N/A          0.33         N/A          94.94  92.2     1.36     12.26       13.2        78       1.7      0.83          0.75    71.52     0.75    0.81    0.97    0.11    0.94     91.30   5.33    95.39   91.73   0.85    491.30     1.74     26.12  
67   TR882TS208_3        208     87.97    100.00  53    N/A       N/A        0.36      N/A        71.52    N/A           45.09    58.87    2.037    2.691    79    0    0     0     91.14  94.94  N/A         N/A          0.33         N/A          94.94  92.561   1.38     12.26       13.1        78       1.7      1.07          0.75    72.15     0.75    0.81    0.97    0.12    0.94     92.00   5.33    95.53   91.91   0.85    487.70     1.78     26.21  
68   TR882TS208_2        208     87.66    100.00  68    N/A       N/A        0.33      N/A        71.52    N/A           42.21    58.20    2.024    2.671    79    0    0     0     91.14  94.94  N/A         N/A          0.33         N/A          94.94  92.144   1.37     12.26       13.1        78       1.7      1.30          0.75    70.89     0.75    0.81    0.97    0.11    0.94     91.30   5.33    95.45   91.65   0.85    488.20     1.72     26.20  
69   TR882TS162_4        162     87.66    100.00  68    N/A       N/A        0.33      N/A        70.25    N/A           42.43    58.01    2.002    2.67     79    0    0     0     91.14  94.94  N/A         N/A          0.33         N/A          94.94  92.166   1.37     12.26       13.1        78       1.6      0.50          0.74    68.99     0.73    0.78    0.97    0.11    0.94     92.00   5.19    95.77   90.80   0.85    486.70     1.88     N/A    
70   TR882TS204_5        204     87.66    100.00  68    N/A       N/A        0.33      N/A        70.89    N/A           45.01    57.76    2.06     2.689    79    0    0     0     89.87  94.94  N/A         N/A          0.26         N/A          94.94  92.294   1.44     12.26       12.7        78       1.7      0.50          0.75    71.52     0.75    0.81    0.96    0.13    0.94     94.60   5.19    95.05   91.70   0.84    475.70     1.70     N/A    
71   TR882TS265_5        265     87.66    100.00  68    N/A       N/A        0.33      N/A        70.25    N/A           44.05    58.14    1.927    2.65     79    0    0     0     91.14  94.94  N/A         N/A          0.33         N/A          94.94  92.333   1.38     12.26       13.2        79       1.9      1.24          0.74    70.25     0.74    0.79    0.97    0.11    0.94     95.80   5.33    95.86   91.26   0.85    492.40     1.52     92.35  
72   TR882TS393_4        393     87.66    100.00  68    N/A       N/A        0.33      N/A        70.57    N/A           47.20    60.77    1.985    2.663    79    1    0     0     93.67  96.20  N/A         N/A          0.46         N/A          96.20  93.038   1.44     12.26       12.8        78       1.6      2.54          0.74    72.78     0.74    0.82    0.97    0.12    0.94     98.00   5.33    94.73   91.61   0.85    477.30     1.24     18.16  
73   TR882TS396_2        396     87.66    100.00  68    N/A       N/A        0.33      N/A        70.89    N/A           45.13    57.65    2.07     2.698    79    0    0     0     91.14  94.94  N/A         N/A          0.33         N/A          94.94  92.288   1.45     12.26       11.9        78       1.7      0.73          0.75    72.15     0.75    0.81    0.96    0.12    0.94     97.50   5.19    94.81   91.35   0.84    471.50     1.69     N/A    
74   TR882TS412_3        412     87.66    100.00  68    N/A       N/A        0.33      N/A        70.57    N/A           43.69    57.47    2.036    2.597    79    0    0     0     89.87  93.67  N/A         N/A          0.26         N/A          93.67  92.05    1.38     12.26       12.8        78       1.7      1.20          0.73    70.25     0.75    0.81    0.96    0.12    0.94     94.59   5.19    94.81   91.38   0.84    474.70     1.69     29.83  
75   TR882TS257_3        257     87.66    100.00  68    N/A       N/A        0.33      N/A        69.62    N/A           47.08    58.87    2.089    2.642    79    3    0     0     91.14  94.94  N/A         N/A          0.33         N/A          94.94  91.289   1.45     12.26       12.3        78       1.7      2.27          0.63    70.25     0.75    0.81    0.96    0.14    0.94     82.60   5.19    94.06   90.39   0.84    462.80     2.23     29.98  
76   TR882TS396_1        396     87.66    100.00  68    0.25      N/A        0.33      N/A        70.89    N/A           45.13    57.66    2.071    2.698    79    0    0     0     91.14  94.94  0.23        N/A          0.33         N/A          94.94  92.288   1.45     12.26       12.6        78       1.7      0.74          0.75    72.15     0.75    0.81    0.96    0.12    0.94     97.10   5.19    94.82   91.35   0.84    470.70     1.69     N/A    
77   TR882TS162_1        162     87.66    100.00  68    0.25      N/A        0.33      N/A        70.89    N/A           42.36    57.10    2.071    2.741    79    0    0     0     89.87  94.94  0.14        N/A          0.26         N/A          94.94  91.067   1.40     12.26       13          77       1.6      0.50          0.74    68.99     0.73    0.79    0.96    0.12    0.94     91.30   5.33    95.30   90.64   0.84    484.70     1.67     N/A    
78   TR882TS118_5        118     87.34    100.00  78    N/A       N/A        0.30      N/A        68.99    N/A           43.34    60.13    1.774    2.483    79    0    0     0     92.41  96.20  N/A         N/A          0.40         N/A          96.20  93.216   1.43     12.26       13.3        78       1.6      1.02          0.74    74.05     0.75    0.82    0.98    0.09    0.94     93.50   5.33    95.32   90.36   0.86    492.70     1.01     N/A    
79   TR882TS446_1        446s    87.34    100.00  78    0.22      -1.33      0.30      -1.81      69.94    -1.27         44.15    56.96    2.071    2.676    79    0    0     0     91.14  94.94  0.23        0.58         0.33         -0.18        94.94  92.1     1.45     12.26       12.6        78       1.7      0.50          0.74    72.78     0.75    0.81    0.96    0.12    0.94     97.10   5.19    94.90   91.47   0.84    471.40     1.72     92.98  
80   TR882TS396_3        396     87.34    100.00  78    N/A       N/A        0.30      N/A        68.36    N/A           42.53    58.74    1.873    2.77     79    0    0     0     89.87  94.94  N/A         N/A          0.26         N/A          94.94  92.05    1.28     12.26       12.1        78       1.6      0.95          0.73    68.35     0.74    0.80    0.97    0.12    0.94     92.40   5.33    94.51   90.38   0.86    478.50     1.56     N/A    
81   TR882TS073_5        073     87.34    100.00  78    N/A       N/A        0.30      N/A        69.31    N/A           45.99    57.38    2.068    2.686    79    0    0     0     91.14  94.94  N/A         N/A          0.33         N/A          94.94  92.1     1.45     12.26       12.5        78       1.7      1.01          0.75    73.42     0.75    0.81    0.96    0.13    0.94     97.10   5.19    94.75   91.23   0.84    468.10     1.74     89.58  
82   TR882TS412_5        412     87.03    100.00  82    N/A       N/A        0.28      N/A        69.62    N/A           42.78    58.04    2.09     2.658    79    0    0     0     89.87  93.67  N/A         N/A          0.26         N/A          93.67  91.45    1.30     12.26       12.6        78       1.7      1.01          0.74    71.52     0.74    0.81    0.96    0.13    0.94     94.59   5.19    94.81   91.29   0.84    469.20     1.72     29.88  
83   TR882TS060_1        060     87.03    100.00  82    0.18      N/A        0.28      N/A        69.30    N/A           40.07    58.24    1.821    2.696    79    0    0     0     93.67  97.47  0.39        N/A          0.46         N/A          97.47  93.604   1.27     12.26       13.5        79       1.8      1.12          0.72    65.82     0.69    0.77    0.98    0.09    0.94     97.20   5.33    95.81   91.62   0.86    500.50     0.98     93.59  
84   TR882TS294_1        294     87.03    100.00  82    0.18      N/A        0.28      N/A        69.62    N/A           40.64    55.02    2.075    2.883    79    0    0     0     89.87  94.94  0.14        N/A          0.26         N/A          94.94  92.133   1.47     12.26       12.5        78       1.7      1.92          0.72    64.56     0.71    0.80    0.96    0.14    0.94     94.30   5.19    94.95   91.53   0.84    467.60     1.57     29.88  
85   TR882TS393_3        393     87.03    100.00  82    N/A       N/A        0.28      N/A        68.99    N/A           48.23    60.63    1.992    2.655    79    1    0     0     92.41  96.20  N/A         N/A          0.40         N/A          96.20  93.055   1.45     12.26       12.6        78       1.6      2.91          0.74    74.05     0.74    0.82    0.97    0.12    0.94     98.00   5.33    94.66   91.15   0.85    472.50     1.25     18.28  
86   TR882TS023_1        023     87.03    100.00  82    0.18      N/A        0.28      N/A        70.25    N/A           43.44    58.91    2.078    2.647    79    0    0     0     88.61  93.67  0.06        N/A          0.19         N/A          93.67  91.161   1.29     12.26       13          78       1.7      0.74          0.76    74.05     0.76    0.83    0.96    0.11    0.94     94.60   5.33    95.80   92.91   0.84    485.20     1.70     22.72  
87   TR882TS480_5        480     87.03    100.00  82    N/A       N/A        0.28      N/A        70.25    N/A           36.63    55.23    2.104    2.758    79    0    0     0     89.87  93.67  N/A         N/A          0.26         N/A          93.67  91.322   1.28     12.26       12.3        78       1.7      3.05          0.72    68.99     0.72    0.80    0.96    0.13    0.94     97.10   5.19    94.46   90.57   0.84    460.80     1.68     19.21  
88   TR882TS102_2        102     87.03    100.00  82    N/A       N/A        0.28      N/A        69.62    N/A           42.65    59.12    2.01     2.865    79    3    0     0     89.87  94.94  N/A         N/A          0.26         N/A          94.94  92.266   1.41     12.26       13.1        78       1.6      0.98          0.73    66.46     0.71    0.79    0.97    0.10    0.94     97.50   5.33    95.80   91.43   0.85    488.10     1.48     N/A    
89   TR882TS081_4        081     86.71    100.00  89    N/A       N/A        0.25      N/A        68.98    N/A           35.45    55.08    1.89     2.968    79    0    0     0     88.61  94.94  N/A         N/A          0.19         N/A          94.94  92.499   1.63     12.26       13.1        78       1.6      1.70          0.71    58.23     0.71    0.77    0.96    0.13    0.92     84.50   5.33    93.52   88.73   0.84    489.20     1.31     94.59  
90   TR882TS001_3        001     86.71    100.00  89    N/A       N/A        0.25      N/A        68.36    N/A           45.31    56.50    2.058    2.543    79    0    0     0     89.87  94.94  N/A         N/A          0.26         N/A          94.94  90.928   1.57     12.26       13.1        78       1.8      1.50          0.76    74.68     0.75    0.80    0.97    0.08    0.93     94.59   5.19    95.57   91.44   0.83    485.20     1.50     N/A    
91   TR882TS023_5        023     86.71    100.00  89    N/A       N/A        0.25      N/A        69.62    N/A           45.43    59.00    2.045    2.632    79    0    0     0     89.87  94.94  N/A         N/A          0.26         N/A          94.94  92.094   1.42     12.26       13          78       1.7      0.50          0.75    70.89     0.76    0.82    0.96    0.12    0.94     94.60   5.19    95.67   92.76   0.84    483.00     1.73     22.53  
92   TR882TS188_1        188     86.71    100.00  89    0.15      N/A        0.25      N/A        68.98    N/A           45.01    58.45    2.078    2.655    79    0    0     0     91.14  94.94  0.23        N/A          0.33         N/A          94.94  92.183   1.45     12.26       12.4        78       1.7      2.43          0.71    72.15     0.73    0.81    0.96    0.13    0.94     93.80   5.19    94.53   90.75   0.84    466.50     1.88     N/A    
93   TR882TS102_5        102     86.39    100.00  93    N/A       N/A        0.23      N/A        69.62    N/A           40.25    56.94    2.065    2.858    79    0    0     0     89.87  94.94  N/A         N/A          0.26         N/A          94.94  91.533   1.49     12.26       12.4        78       1.7      1.27          0.71    62.66     0.72    0.78    0.96    0.11    0.94     87.80   5.19    94.56   88.63   0.84    465.80     2.12     86.03  
94   TR882TS011_2        011     86.39    100.00  93    N/A       N/A        0.23      N/A        70.25    N/A           42.48    58.33    2.071    2.792    79    0    0     0     88.61  93.67  N/A         N/A          0.19         N/A          93.67  91.256   1.50     12.26       13.3        79       2.1      1.64          0.75    68.99     0.76    0.79    0.97    0.10    0.93     95.00   5.33    95.76   91.29   0.84    494.10     1.53     26.68  
95   TR882TS102_4        102     86.08    100.00  95    N/A       N/A        0.20      N/A        67.41    N/A           41.94    57.02    1.995    2.843    79    0    0     0     93.67  96.20  N/A         N/A          0.46         N/A          96.20  92.605   1.47     12.26       12.7        78       1.6      1.92          0.67    63.29     0.71    0.76    0.97    0.10    0.94     94.10   5.19    94.45   88.84   0.84    473.40     1.62     87.38  
96   TR882TS450_3        450     86.08    100.00  95    N/A       N/A        0.20      N/A        68.35    N/A           42.83    58.74    1.961    2.702    79    0    0     0     89.87  96.20  N/A         N/A          0.26         N/A          96.20  92.333   1.51     12.26       13.1        79       2        1.65          0.75    70.25     0.75    0.80    0.98    0.08    0.94     95.40   5.33    95.83   90.56   0.84    487.20     1.38     26.95  
97   TR882TS393_2        393     86.08    100.00  95    N/A       N/A        0.20      N/A        68.04    N/A           44.99    56.65    2.092    2.676    79    0    0     0     89.87  94.94  N/A         N/A          0.26         N/A          94.94  91.756   1.50     12.26       12.1        78       1.8      2.10          0.73    70.25     0.74    0.80    0.96    0.15    0.94     97.10   5.19    94.12   90.88   0.84    456.90     1.91     19.57  
98   TR882TS011_1        011     86.08    100.00  95    0.08      N/A        0.20      N/A        68.99    N/A           46.02    60.49    2.047    2.548    79    0    0     0     88.61  94.94  0.06        N/A          0.19         N/A          94.94  91.428   1.46     12.26       13.3        79       2        1.46          0.77    74.68     0.77    0.82    0.97    0.09    0.93     90.00   5.33    95.95   91.21   0.84    493.80     1.63     26.78  
99   TR882TS396_5        396     86.08    100.00  95    N/A       N/A        0.20      N/A        67.41    N/A           40.37    56.44    2.171    2.835    79    0    0     0     89.87  93.67  N/A         N/A          0.26         N/A          93.67  91.073   1.39     12.26       11.5        78       1.8      0.73          0.71    72.78     0.72    0.79    0.95    0.14    0.93     92.50   5.19    94.47   89.43   0.84    457.70     1.78     N/A    
100  TR882TS474_2        474     85.76    100.00  100   N/A       N/A        0.18      N/A        65.51    N/A           33.46    55.92    2.025    3.099    79    0    0     0     92.41  94.94  N/A         N/A          0.40         N/A          94.94  92.044   1.37     12.26       12.6        78       1.7      2.98          0.67    52.53     0.67    0.76    0.96    0.13    0.93     90.00   5.33    95.57   89.11   0.85    471.10     1.62     92.76  
101  TR882TS060_3        060     85.76    100.00  100   N/A       N/A        0.18      N/A        67.09    N/A           39.39    56.83    1.917    2.747    79    0    0     0     92.41  96.20  N/A         N/A          0.40         N/A          96.20  92.588   1.43     12.26       13.1        78       1.6      1.02          0.72    63.92     0.71    0.76    0.98    0.10    0.94     99.20   5.33    95.71   90.88   0.84    488.60     1.12     92.76  
102  TR882TS118_2        118     85.44    100.00  102   N/A       N/A        0.15      N/A        65.82    N/A           39.26    58.29    2.028    2.725    79    0    0     0     92.41  94.94  N/A         N/A          0.40         N/A          94.94  91.417   1.39     12.26       12.9        78       1.7      1.38          0.73    70.25     0.73    0.79    0.97    0.10    0.93     82.94   5.33    94.45   89.57   0.84    478.00     1.23     N/A    
103  TR882TS102_3        102     85.44    100.00  102   N/A       N/A        0.15      N/A        66.78    N/A           41.57    56.65    2.174    2.943    79    0    0     0     88.61  92.41  N/A         N/A          0.19         N/A          92.41  90.434   1.47     12.26       12.7        78       1.9      2.04          0.70    65.19     0.71    0.78    0.96    0.10    0.93     94.90   5.33    94.66   89.23   0.83    475.80     1.54     85.51  
104  TR882TS393_1        393     85.13    100.00  104   -0.02     N/A        0.12      N/A        66.77    N/A           44.72    56.37    2.098    2.686    79    0    0     0     89.87  94.94  0.14        N/A          0.26         N/A          94.94  91.067   1.51     12.26       11.9        77       1.6      2.54          0.72    70.25     0.74    0.80    0.96    0.15    0.94     97.10   5.19    93.71   89.42   0.83    449.00     1.98     19.66  
105  TR882TS118_4        118     85.13    100.00  104   N/A       N/A        0.12      N/A        67.09    N/A           41.01    58.18    2.231    3.056    79    0    0     0     88.61  93.67  N/A         N/A          0.19         N/A          93.67  91.428   1.45     12.26       12.9        78       1.8      1.30          0.72    65.19     0.72    0.79    0.97    0.12    0.93     93.70   5.33    95.37   90.75   0.84    478.70     1.36     N/A    
106  TR882TS418_4        418     85.13    100.00  104   N/A       N/A        0.12      N/A        65.82    N/A           44.05    55.39    2.097    2.588    79    0    0     0     89.87  93.67  N/A         N/A          0.26         N/A          93.67  90.445   1.37     12.26       11.8        78       1.8      3.26          0.71    68.99     0.71    0.80    0.95    0.16    0.94     93.70   5.19    93.86   89.32   0.83    446.40     1.86     30.50  
107  TR882TS011_5        011     85.13    100.00  104   N/A       N/A        0.12      N/A        68.98    N/A           41.70    59.39    2.131    2.794    79    0    0     0     88.61  93.67  N/A         N/A          0.19         N/A          93.67  90.673   1.39     12.26       13.2        79       2.1      1.42          0.75    70.25     0.74    0.79    0.97    0.12    0.93     95.80   5.33    95.74   90.79   0.84    490.40     1.49     27.27  
108  TR882TS011_4        011     84.81    100.00  108   N/A       N/A        0.10      N/A        68.99    N/A           43.22    58.23    2.091    2.896    79    0    0     0     88.61  94.94  N/A         N/A          0.19         N/A          94.94  90.834   1.51     12.26       13.1        79       2.1      1.44          0.75    68.99     0.74    0.79    0.97    0.10    0.93     95.00   5.19    95.54   90.36   0.83    487.50     1.67     26.52  
109  TR882TS330_1        330     84.81    100.00  108   -0.05     N/A        0.10      N/A        68.67    N/A           44.87    61.05    2.735    3.137    79    0    0     0     88.61  94.94  0.06        N/A          0.19         N/A          94.94  91.378   1.40     12.26       13.2        77       1.6      1.66          0.77    77.85     0.76    0.82    0.97    0.10    0.94     99.20   5.33    96.42   93.09   0.84    491.30     1.08     93.59  
110  TR882TS418_5        418     84.81    100.00  108   N/A       N/A        0.10      N/A        65.19    N/A           36.04    53.78    2.072    2.844    79    0    0     0     89.87  93.67  N/A         N/A          0.26         N/A          93.67  91.062   1.40     12.26       11.8        78       1.8      3.40          0.70    65.19     0.70    0.79    0.95    0.16    0.94     93.70   5.19    94.14   89.03   0.83    444.90     1.89     30.44  
111  TR882TS474_1        474     84.49    100.00  111   -0.09     N/A        0.07      N/A        64.56    N/A           33.59    55.66    2.076    3.111    79    0    0     0     92.41  94.94  0.31        N/A          0.40         N/A          94.94  92.216   1.41     12.26       12.5        78       1.7      2.74          0.66    53.16     0.67    0.76    0.96    0.14    0.93     90.80   5.33    95.40   88.56   0.85    469.10     1.64     92.41  
112  TR882TS011_3        011     84.49    100.00  111   N/A       N/A        0.07      N/A        66.45    N/A           41.03    57.03    2.047    2.938    79    0    0     0     87.34  94.94  N/A         N/A          0.12         N/A          94.94  90.851   1.52     12.26       13          78       1.8      2.20          0.73    65.19     0.74    0.78    0.97    0.10    0.93     87.80   5.33    95.53   90.17   0.83    485.40     1.79     26.71  
113  TR882TS450_1        450     84.49    100.00  111   -0.09     N/A        0.07      N/A        67.72    N/A           42.68    57.56    2.004    2.692    79    0    0     0     89.87  94.94  0.14        N/A          0.26         N/A          94.94  91.939   1.55     12.26       13.1        79       2        1.71          0.75    74.05     0.75    0.79    0.97    0.09    0.94     95.00   5.33    95.94   90.97   0.83    489.60     1.54     25.63  
114  TR882TS073_4        073     84.49    100.00  111   N/A       N/A        0.07      N/A        66.14    N/A           43.54    55.49    2.167    2.714    79    0    0     0     91.14  96.20  N/A         N/A          0.33         N/A          96.20  91.2     1.63     12.26       12.6        78       1.8      0.62          0.74    70.89     0.74    0.81    0.96    0.10    0.93     94.90   5.19    95.35   91.25   0.82    470.40     1.63     92.66  
115  TR882TS418_3        418     84.49    100.00  111   N/A       N/A        0.07      N/A        65.19    N/A           40.39    53.43    2.159    2.738    79    0    0     0     89.87  93.67  N/A         N/A          0.26         N/A          93.67  89.818   1.44     12.26       11.5        78       1.8      2.91          0.71    69.62     0.71    0.80    0.95    0.17    0.93     93.70   5.19    93.36   89.08   0.82    434.50     1.85     31.11  
116  TR882TS418_2        418     84.18    100.00  116   N/A       N/A        0.05      N/A        65.51    N/A           33.49    52.41    2.09     2.713    79    0    0     0     89.87  93.67  N/A         N/A          0.26         N/A          93.67  89.818   1.44     12.26       11.5        78       1.8      3.50          0.69    65.19     0.70    0.79    0.95    0.20    0.93     93.70   5.19    92.84   88.70   0.82    435.30     1.89     30.83  
117  TR882TS279_1        279     84.18    100.00  116   -0.12     N/A        0.05      N/A        64.24    N/A           36.31    54.24    1.998    2.66     79    0    0     0     91.14  94.94  0.23        N/A          0.33         N/A          94.94  91.173   1.45     12.26       12.9        78       1.8      0.86          0.70    66.46     0.70    0.79    0.97    0.10    0.93     92.71   5.33    94.61   89.96   0.83    479.40     1.71     90.70  
118  TR882TS450_5        450     84.18    100.00  116   N/A       N/A        0.05      N/A        67.09    N/A           41.42    57.45    2.162    2.889    79    0    0     0     87.34  96.20  N/A         N/A          0.12         N/A          96.20  90.417   1.49     12.26       13.1        79       2.2      1.59          0.74    68.35     0.73    0.79    0.98    0.09    0.93     89.70   5.33    96.15   91.13   0.83    486.40     1.18     25.79  
119  TR882TS001_1        001     84.18    100.00  116   -0.12     N/A        0.05      N/A        65.82    N/A           44.79    55.63    2.003    2.628    79    0    0     0     92.41  96.20  0.31        N/A          0.40         N/A          96.20  90.701   1.53     12.26       13.2        78       1.7      2.12          0.74    70.89     0.73    0.80    0.98    0.08    0.93     94.29   5.33    95.87   91.17   0.83    487.60     1.11     N/A    
120  TR882TS073_3        073     83.86    100.00  120   N/A       N/A        0.02      N/A        63.61    N/A           41.89    55.47    2.077    2.671    79    0    0     0     91.14  96.20  N/A         N/A          0.33         N/A          96.20  91.528   1.58     12.26       12.5        78       1.8      0.50          0.74    70.89     0.73    0.81    0.96    0.11    0.94     94.90   5.19    95.11   91.21   0.82    467.60     1.60     92.30  
121  TR882TS073_1        073     83.86    100.00  120   -0.15     N/A        0.02      N/A        64.24    N/A           39.09    53.54    2.207    2.795    79    0    0     0     91.14  96.20  0.23        N/A          0.33         N/A          96.20  90.756   1.68     12.26       12.5        78       1.9      0.62          0.73    69.62     0.72    0.80    0.96    0.10    0.93     94.90   5.19    95.23   91.02   0.82    467.40     1.61     91.98  
122  TR882TS450_4        450     83.54    100.00  122   N/A       N/A        -0.01     N/A        66.77    N/A           42.11    56.18    2.19     2.893    79    0    0     0     88.61  93.67  N/A         N/A          0.19         N/A          93.67  89.546   1.62     12.26       12.6        79       2.2      1.95          0.75    72.78     0.74    0.79    0.97    0.09    0.93     90.30   5.33    95.63   90.72   0.82    472.70     1.48     27.74  
123  TR882TS061_1        061     83.23    100.00  123   -0.22     N/A        -0.03     N/A        64.24    N/A           41.99    54.41    2.267    2.886    79    0    0     0     87.34  94.94  -0.02       N/A          0.12         N/A          94.94  90.434   1.59     12.26       11.7        78       1.9      1.10          0.72    73.42     0.73    0.81    0.96    0.14    0.94     94.60   5.19    93.89   90.38   0.82    442.10     1.89     N/A    
124  TR882TS450_2        450     83.23    100.00  123   N/A       N/A        -0.03     N/A        63.29    N/A           41.72    55.09    2.054    2.686    79    0    0     0     92.41  94.94  N/A         N/A          0.40         N/A          94.94  90.834   1.56     12.26       12.5        79       2.1      1.76          0.73    69.62     0.74    0.77    0.97    0.09    0.93     88.10   5.19    95.44   90.05   0.81    469.90     1.65     28.05  
125  TR882TS073_2        073     82.91    100.00  125   N/A       N/A        -0.06     N/A        62.97    N/A           43.41    54.62    2.286    2.731    79    0    0     0     88.61  92.41  N/A         N/A          0.19         N/A          92.41  88.463   1.55     12.26       12.2        78       1.9      0.77          0.74    71.52     0.73    0.81    0.95    0.10    0.93     97.50   5.19    94.92   90.53   0.81    458.80     1.76     92.23  
126  TR882TS295_1        295     82.91    100.00  125   -0.25     N/A        -0.06     N/A        63.92    N/A           30.44    51.56    2.173    3.408    79    0    0     0     86.08  93.67  -0.11       N/A          0.05         N/A          93.67  90.306   1.61     12.26       11.6        77       1.8      2.80          0.60    44.94     0.62    0.70    0.96    0.19    0.92     92.20   5.19    93.92   84.74   0.82    439.40     2.98     N/A    
127  TR882TS418_1        418     82.59    100.00  127   -0.29     N/A        -0.08     N/A        62.98    N/A           34.55    50.88    2.197    2.882    79    0    0     0     89.87  94.94  0.14        N/A          0.26         N/A          94.94  89.49    1.63     12.26       11.4        78       1.9      3.58          0.69    63.92     0.68    0.78    0.95    0.17    0.93     93.70   5.19    93.82   89.40   0.81    431.50     1.84     31.57  
128  TR882TS393_5        393     82.28    100.00  128   N/A       N/A        -0.11     N/A        63.92    N/A           41.70    54.67    2.492    3.163    79    0    0     0     84.81  94.94  N/A         N/A          -0.02        N/A          94.94  90.001   1.59     12.26       11.9        76       1.7      3.31          0.71    62.03     0.71    0.78    0.94    0.19    0.92     83.00   5.19    90.86   87.74   0.81    457.70     2.01     21.59  
129  TR882TS081_3        081     81.96    100.00  129   N/A       N/A        -0.13     N/A        64.24    N/A           38.03    54.63    2.421    3.135    79    0    0     0     89.87  93.67  N/A         N/A          0.26         N/A          93.67  88.252   1.41     11.85       12.4        75       1.6      1.75          0.70    57.59     0.71    0.77    0.94    0.19    0.91     94.90   5.04    94.92   89.48   0.81    463.80     2.13     N/A    
130  TR882TS257_1        257     81.65    100.00  130   -0.39     N/A        -0.16     N/A        62.02    N/A           37.08    52.64    2.406    3.159    79    0    0     0     86.08  92.41  -0.11       N/A          0.05         N/A          92.41  88.857   1.57     12.26       11.3        77       2        1.96          0.69    63.29     0.70    0.76    0.94    0.16    0.92     92.40   5.19    92.57   86.16   0.80    429.30     2.47     32.64  
131  TR882TS480_4        480     81.01    100.00  131   N/A       N/A        -0.21     N/A        60.76    N/A           35.06    51.26    2.347    3.012    79    0    0     0     91.14  93.67  N/A         N/A          0.33         N/A          93.67  86.137   1.44     12.26       12.1        78       2.1      2.70          0.70    62.66     0.69    0.75    0.96    0.11    0.91     94.60   5.19    94.59   88.89   0.80    455.70     1.80     21.89  
132  TR882TS480_2        480     79.75    100.00  132   N/A       N/A        -0.31     N/A        60.44    N/A           27.96    48.23    2.423    3.181    79    0    0     0     86.08  92.41  N/A         N/A          0.05         N/A          92.41  87.159   1.54     12.26       11.6        78       2.3      2.81          0.68    56.96     0.68    0.74    0.95    0.13    0.92     97.50   5.19    94.06   87.78   0.79    438.30     1.81     21.88  
133  TR882TS480_3        480     77.22    100.00  133   N/A       N/A        -0.52     N/A        56.96    N/A           29.90    46.66    2.678    3.352    79    0    0     0     82.28  89.87  N/A         N/A          -0.16        N/A          89.87  85.859   1.69     12.26       10.9        77       2.3      2.98          0.66    55.70     0.67    0.74    0.95    0.20    0.90     94.60   5.04    91.41   85.22   0.76    417.40     2.71     24.23  
134  TR882TS295_2        295     68.04    100.00  134   N/A       N/A        -1.27     N/A        48.10    N/A           22.06    33.55    3.345    4.464    79    0    0     0     63.29  81.01  N/A         N/A          -1.20        N/A          81.01  65.859   2.03     11.85       7.8         74       3        3.20          0.51    31.65     0.60    0.65    0.91    0.39    0.86     91.10   4.74    87.07   76.49   0.66    315.00     4.14     N/A    
135  TR882TS330_2        330     62.02    100.00  135   N/A       N/A        -1.76     N/A        43.36    N/A           17.76    29.00    7.154    7.707    79    0    0     0     62.03  75.95  N/A         N/A          -1.27        N/A          75.95  62.512   2.08     10.42       6.6         67       2.6      1.74          0.54    31.01     0.59    0.55    0.59    0.53    0.80     84.80   4.58    78.66   72.09   0.61    279.40     7.51     83.67  
136  TR882TS295_5        295     55.38    100.00  136   N/A       N/A        -2.30     N/A        37.02    N/A           12.24    22.34    4.818    5.976    79    0    0     0     35.44  72.15  N/A         N/A          -2.73        N/A          72.15  53.905   2.25     10.22       5.2         69       3.3      3.19          0.45    24.68     0.55    0.55    0.86    0.55    0.78     69.80   4.25    81.56   71.36   0.55    232.80     5.89     N/A    
137  TR882TS330_3        330     54.75    100.00  137   N/A       N/A        -2.35     N/A        34.49    N/A           12.63    16.07    5.909    6.4      79    0    0     0     20.25  72.15  N/A         N/A          -3.56        N/A          72.15  53.073   2.04     10.83       5.9         64       2.7      0.94          0.51    25.95     0.57    0.55    0.67    0.50    0.79     75.40   4.58    76.87   65.83   0.56    254.60     7.33     69.39  
138  TR882TS295_3        295     54.75    100.00  137   N/A       N/A        -2.35     N/A        34.18    N/A           6.95     18.60    4.589    6.084    79    0    0     0     39.24  72.15  N/A         N/A          -2.52        N/A          72.15  49.138   2.59     5.91        3.9         65       3.1      3.40          0.40    15.19     0.51    0.49    0.80    0.71    0.78     62.70   4.25    75.22   61.69   0.53    191.10     8.87     N/A    
139  TR882TS295_4        295     52.53    100.00  139   N/A       N/A        -2.53     N/A        32.91    N/A           15.85    22.79    4.53     5.858    79    0    0     0     39.24  72.15  N/A         N/A          -2.52        N/A          72.15  54.294   2.40     7.96        5.5         68       3.1      2.89          0.38    16.46     0.50    0.42    0.77    0.72    0.79     72.00   4.07    74.62   53.55   0.57    241.40     9.83     N/A    
140  TR882TS330_4        330     50.32    100.00  140   N/A       N/A        -2.71     N/A        32.60    N/A           15.72    21.79    8.253    9.042    79    0    0     0     46.84  70.89  N/A         N/A          -2.10        N/A          70.89  51.74    2.47     7.96        5.3         64       3.2      1.09          0.47    27.22     0.58    0.48    0.60    0.73    0.74     78.30   4.25    67.06   64.40   0.52    235.40     9.17     63.05  
141  TR882TS330_5        330     45.57    100.00  141   N/A       N/A        -3.09     N/A        33.86    N/A           17.25    26.54    14.009   14.948   79    0    0     0     32.91  41.77  N/A         N/A          -2.86        N/A          69.62  57.212   2.18     5.30        5.5         59       2.6      0.94          0.43    24.68     0.56    0.44    0.35    1.14    0.52     75.20   3.70    52.56   63.62   0.53    242.60     14.71    57.22  
142  TR882TS399_5        399     35.13    100.00  142   N/A       N/A        -3.94     N/A        25.00    N/A           8.16     14.44    11.212   11.462   79    6    0     0     29.11  31.65  N/A         N/A          -3.07        N/A          36.71  32.058   2.19     3.45        0.1         36       4.2      3.39          0.20    13.29     0.47    0.32    0.11    1.20    0.58     53.50   1.99    39.68   50.68   0.33    78.90      26.27    45.39  
143  TR882TS399_3        399     33.86    100.00  143   N/A       N/A        -4.05     N/A        24.37    N/A           10.47    17.54    10.952   11.535   79    3    0     0     27.85  34.18  N/A         N/A          -3.14        N/A          48.10  37.953   2.19     2.84        1.4         44       4.3      3.26          0.24    13.29     0.46    0.29    0.30    1.15    0.58     48.40   2.58    39.82   50.17   0.40    120.00     49.69    42.97  
144  TR882TS399_2        399     32.59    100.00  144   N/A       N/A        -4.15     N/A        22.79    N/A           8.18     14.43    12.683   12.996   79    5    0     0     0.00   0.00   N/A         N/A          -4.67        N/A          39.24  29.66    2.23     2.64        0           0        N/A      3.50          0.21    10.13     0.44    0.27    0.27    1.46    0.58     53.50   1.99    35.49   46.88   0.30    N/A        47.15    50.40  
145  TR882TS399_1        399     32.28    100.00  145   -5.64     N/A        -4.17     N/A        22.79    N/A           8.16     14.44    12.999   13.474   79    6    0     0     0.00   0.00   -5.80       N/A          -4.67        N/A          36.71  29.736   2.38     2.64        0           0        N/A      3.31          0.20    11.39     0.44    0.28    0.27    1.47    0.57     49.70   2.30    33.78   47.98   0.30    N/A        48.73    49.82  
146  TR882TS399_4        399     31.01    100.00  146   N/A       N/A        -4.28     N/A        23.10    N/A           8.16     14.39    15.72    16.175   79    7    0     0     0.00   0.00   N/A         N/A          -4.67        N/A          36.71  27.877   2.25     2.23        0           0        N/A      3.69          0.17    12.03     0.46    0.32    0.09    1.45    0.53     47.80   2.30    36.81   51.78   0.30    N/A        35.27    44.03  

