#    Model               GR#     GDT_TS   NP_P    RANK  Z-M1-GDT  Z-M1s-GDT  Z-MA-GDT  Z-MAs-GDT  GDT_HA   Z-M1s-GDT-HA  GDC_SC   GDC_ALL  RMS_CA   RMS_ALL  NP    err  PC01  PC05  AL0_P  AL4_P  Z-M1-AL0_p  Z-M1s-AL0_p  Z-MA-AL0_p   Z-MAs-AL0_p  ALI_P  LGA_S    RMSD[L]  Z-score[M]  Z-Score[D]  Al.Res.  RMSD[D]  MolPrb_Score  LDDT    SphGr     CAD_AA  RPF     CODM    DFM     Handed.  SOV     CE      QCS     CONTS   TMscore  Dali(raw)  FlexE    QSE    

-    Starting model      -       53.88    -       -     -         -          -         -          37.42    -             19.93    -        13.35    13.65    -     -    -     -     -      -      -           -            -            -            -      -        -        16.09       9.80        114      2.50     1.37          0.72    96.58     0.73    0.75    0.66    0.98    0.74     76.10   5.99    59.49   88.89   0.59     618.90     0.98     -      

1    TR887TS023_4        023     72.05    100.00  1     N/A       N/A        2.53      N/A        51.09    N/A           29.57    40.44    2.406    2.836    161   0    0     0     73.91  93.17  N/A         N/A          2.11         N/A          93.17  79.747   2.10     22.81       13.6        161      2.4      0.50          0.77    98.45     0.78    0.83    0.99    0.10    0.92     84.40   6.47    85.89   91.32   0.82    945.60     0.77     26.59  
2    TR887TS023_5        023     68.01    100.00  2     N/A       N/A        2.05      N/A        47.05    N/A           26.84    36.08    2.93     3.534    161   0    0     0     66.46  87.58  N/A         N/A          1.57         N/A          87.58  67.923   2.21     22.32       13.1        161      2.9      0.83          0.75    96.89     0.76    0.82    0.99    0.11    0.87     73.10   6.35    83.49   89.58   0.79    913.60     1.05     30.23  
3    TR887TS279_1        279     63.98    100.00  3     1.68      N/A        1.58      N/A        50.16    N/A           32.46    41.77    13.589   13.826   161   1    0     0     72.05  75.78  2.12        N/A          1.98         N/A          75.78  70.306   1.71     17.07       11.6        124      1.8      0.91          0.80    98.76     0.79    0.80    0.66    0.98    0.79     79.80   6.47    59.62   93.02   0.69    781.40     0.47     74.00  
4    TR887TS247_3        247     61.80    100.00  4     N/A       N/A        1.32      N/A        47.83    N/A           29.27    38.45    13.501   13.706   161   0    0     0     66.46  74.53  N/A         N/A          1.57         N/A          74.53  68.931   1.96     17.07       11.5        124      2.2      0.64          0.81    98.45     0.79    0.81    0.66    0.97    0.78     91.00   6.23    59.49   93.01   0.67    783.40     0.67     N/A    
5    TR887TS220_3        220s    60.09    100.00  5     N/A       N/A        1.12      1.35       44.56    N/A           26.66    35.33    13.451   13.748   161   0    0     0     55.28  70.19  N/A         N/A          0.76         0.96         70.19  64.677   1.75     16.74       10.9        114      2        1.19          0.78    96.58     0.77    0.79    0.68    0.88    0.77     91.50   6.23    59.94   92.00   0.65    675.90     0.72     46.77  
6    TR887TS247_4        247     59.47    100.00  6     N/A       N/A        1.05      N/A        45.19    N/A           25.29    32.77    13.931   14.147   161   0    0     0     54.04  70.81  N/A         N/A          0.67         N/A          70.81  65.087   1.77     16.41       10.6        124      2.7      0.75          0.78    94.10     0.77    0.78    0.64    1.02    0.76     73.80   6.23    58.23   89.37   0.64    739.30     1.33     N/A    
7    TR887TS118_4        118     59.16    100.00  7     N/A       N/A        1.01      N/A        43.63    N/A           26.14    37.20    13.457   13.746   161   0    0     0     63.98  69.57  N/A         N/A          1.39         N/A          69.57  64.678   1.77     16.74       11          113      1.7      1.39          0.74    97.52     0.75    0.77    0.66    0.91    0.77     94.60   6.35    59.39   91.88   0.64    678.70     0.69     N/A    
8    TR887TS247_5        247     58.23    100.00  8     N/A       N/A        0.90      N/A        42.70    N/A           25.47    30.49    13.792   13.999   161   0    0     0     51.55  67.70  N/A         N/A          0.49         N/A          67.70  62.411   1.89     16.74       11.2        124      2.8      0.83          0.79    96.58     0.78    0.78    0.65    0.97    0.77     77.50   6.23    59.05   92.01   0.62    739.30     0.83     N/A    
9    TR887TS118_3        118     58.23    100.00  8     N/A       N/A        0.90      N/A        43.79    N/A           23.05    30.77    13.36    13.619   161   0    0     0     57.14  69.57  N/A         N/A          0.90         N/A          69.57  60.218   2.20     15.59       10.8        113      2.2      1.52          0.76    97.20     0.75    0.76    0.64    0.91    0.76     94.30   6.23    60.49   91.10   0.60    664.40     0.79     N/A    
10   TR887TS247_1        247     58.23    100.00  8     0.87      N/A        0.90      N/A        43.79    N/A           21.89    27.85    12.864   13.082   161   0    0     0     54.04  65.84  0.55        N/A          0.67         N/A          65.84  60.282   1.90     16.41       12.4        114      2.5      0.83          0.83    98.45     0.79    0.82    0.65    0.92    0.76     95.90   6.35    61.06   94.23   0.61    752.10     0.58     N/A    
11   TR887TS118_5        118     57.45    100.00  11    N/A       N/A        0.81      N/A        41.62    N/A           25.71    34.94    13.055   13.301   161   0    0     0     62.11  70.19  N/A         N/A          1.26         N/A          70.19  63.472   1.96     15.76       11.4        118      2.5      1.16          0.77    97.20     0.75    0.78    0.66    0.93    0.77     82.20   6.35    60.90   91.81   0.63    704.30     0.76     N/A    
12   TR887TS220_1        220s    56.68    100.00  12    0.65      1.40       0.72      0.77       39.59    0.81          23.04    32.27    13.669   13.91    161   0    0     0     63.35  72.67  1.36        1.47         1.35         2.03         72.67  64.303   2.06     17.40       9.8         114      1.9      1.31          0.73    95.34     0.75    0.75    0.67    0.95    0.77     91.10   6.11    59.58   90.21   0.64    615.10     0.90     47.36  
13   TR887TS011_3        011     56.37    100.00  13    N/A       N/A        0.69      N/A        39.44    N/A           23.75    31.02    13.608   13.867   161   0    0     0     52.17  69.57  N/A         N/A          0.54         N/A          69.57  61.391   1.86     17.40       9.9         114      2.1      1.19          0.74    95.96     0.75    0.76    0.68    0.94    0.77     85.10   6.11    59.51   90.44   0.63    624.20     0.88     48.46  
14   TR887TS011_2        011     56.21    100.00  14    N/A       N/A        0.67      N/A        39.28    N/A           25.19    31.26    13.591   13.864   161   0    0     0     60.25  72.67  N/A         N/A          1.12         N/A          72.67  61.07    2.11     17.07       10.1        114      2        1.24          0.75    93.48     0.76    0.75    0.66    0.97    0.77     84.00   6.11    59.18   89.73   0.63    629.70     1.11     48.40  
15   TR887TS118_2        118     56.21    100.00  14    N/A       N/A        0.67      N/A        40.69    N/A           24.53    32.20    13.298   13.511   161   0    0     0     60.25  72.05  N/A         N/A          1.12         N/A          72.05  58.593   2.26     16.41       11.7        123      2.8      1.02          0.78    95.34     0.76    0.77    0.65    0.92    0.76     74.30   6.47    60.01   91.63   0.62    767.40     1.16     N/A    
16   TR887TS011_1        011     56.21    100.00  14    0.59      N/A        0.67      N/A        39.75    N/A           25.89    31.37    13.621   13.887   161   0    0     0     60.87  72.67  1.14        N/A          1.17         N/A          72.67  60.875   2.10     17.24       10          114      2.1      1.17          0.74    95.65     0.75    0.76    0.67    0.93    0.77     91.10   6.11    60.91   91.00   0.63    627.40     0.87     48.42  
17   TR887TS001_5        001     56.21    100.00  14    N/A       N/A        0.67      N/A        39.44    N/A           24.45    31.88    13.384   13.643   161   0    0     0     61.49  70.19  N/A         N/A          1.21         N/A          70.19  62.16    2.10     16.25       10.2        114      2.1      2.56          0.74    97.52     0.75    0.77    0.66    0.96    0.76     91.50   6.11    59.94   90.05   0.62    636.70     0.87     N/A    
18   TR887TS204_3        204     56.06    100.00  18    N/A       N/A        0.65      N/A        41.46    N/A           22.48    30.35    13.354   13.622   161   0    0     0     50.93  65.84  N/A         N/A          0.45         N/A          65.84  60.293   1.98     15.92       10.5        114      2.3      0.50          0.75    97.83     0.76    0.77    0.67    0.95    0.75     67.80   6.11    59.46   91.14   0.61    655.20     0.78     N/A    
19   TR887TS204_2        204     56.06    100.00  18    N/A       N/A        0.65      N/A        40.37    N/A           23.13    30.79    13.368   13.629   161   0    0     0     50.31  66.46  N/A         N/A          0.40         N/A          66.46  60.909   1.97     15.92       10.5        114      2.3      0.50          0.75    97.52     0.76    0.77    0.67    0.93    0.76     77.40   6.11    59.26   91.04   0.61    651.30     0.78     N/A    
20   TR887TS204_1        204     56.06    100.00  18    0.57      N/A        0.65      N/A        42.08    N/A           23.50    30.81    13.365   13.622   161   0    0     0     49.69  65.84  0.17        N/A          0.36         N/A          65.84  60.75    1.91     15.92       10.6        114      2.3      0.50          0.76    96.89     0.76    0.77    0.67    0.94    0.76     75.70   6.23    60.66   91.20   0.61    656.70     0.80     N/A    
21   TR887TS187_5        187     56.06    100.00  18    N/A       N/A        0.65      N/A        40.22    N/A           23.19    30.37    13.346   13.693   161   0    0     0     49.07  66.46  N/A         N/A          0.31         N/A          66.46  61.401   1.88     16.41       10          114      2.3      2.22          0.63    95.65     0.74    0.74    0.66    0.97    0.75     83.10   6.11    58.61   89.32   0.61    628.60     1.08     N/A    
22   TR887TS480_1        480     55.74    100.00  22    0.52      N/A        0.61      N/A        39.13    N/A           19.15    28.67    13.402   13.722   161   0    0     0     49.07  65.84  0.12        N/A          0.31         N/A          65.84  60.717   1.88     16.74       10          114      2.2      2.43          0.71    95.03     0.71    0.75    0.66    0.96    0.75     85.20   6.11    59.74   89.19   0.61    625.90     0.99     46.15  
23   TR887TS450_1        450     55.59    100.00  23    0.50      N/A        0.59      N/A        38.51    N/A           25.51    30.91    13.534   13.794   161   0    0     0     51.55  68.32  0.33        N/A          0.49         N/A          68.32  60.595   1.83     17.07       10.1        124      2.7      1.31          0.75    95.03     0.76    0.76    0.68    0.92    0.77     90.40   6.11    59.72   90.91   0.63    678.90     0.79     48.91  
24   TR887TS001_3        001     55.59    100.00  23    N/A       N/A        0.59      N/A        39.28    N/A           23.90    31.50    13.477   13.734   161   0    0     0     59.01  69.57  N/A         N/A          1.03         N/A          69.57  61.283   2.09     16.74       10.2        114      2.1      1.97          0.74    97.52     0.75    0.77    0.65    0.93    0.76     91.10   6.11    59.54   90.56   0.62    634.30     0.83     N/A    
25   TR887TS011_4        011     55.59    100.00  23    N/A       N/A        0.59      N/A        39.28    N/A           23.62    30.82    13.606   13.866   161   1    0     0     52.17  68.32  N/A         N/A          0.54         N/A          68.32  60.387   1.80     17.24       9.8         114      2.2      1.50          0.74    92.86     0.75    0.76    0.67    0.95    0.77     82.10   6.11    59.44   89.97   0.63    615.40     1.08     48.49  
26   TR887TS450_3        450     55.28    100.00  26    N/A       N/A        0.56      N/A        38.04    N/A           25.87    31.01    13.537   13.819   161   0    0     0     59.63  72.05  N/A         N/A          1.08         N/A          72.05  58.468   2.04     17.40       9.6         114      2.1      1.09          0.74    93.79     0.75    0.75    0.68    1.00    0.76     80.00   6.11    59.32   88.70   0.63    604.20     1.16     48.65  
27   TR887TS001_4        001     55.28    100.00  26    N/A       N/A        0.56      N/A        38.82    N/A           23.80    30.64    13.559   13.773   161   0    0     0     51.55  65.84  N/A         N/A          0.49         N/A          65.84  58.727   1.96     16.41       10          114      2.1      1.65          0.73    97.83     0.74    0.75    0.66    0.94    0.75     73.70   6.23    58.80   88.72   0.61    624.30     0.96     N/A    
28   TR887TS450_5        450     55.12    100.00  28    N/A       N/A        0.54      N/A        37.89    N/A           24.71    30.34    13.583   13.84    161   0    0     0     52.80  68.94  N/A         N/A          0.58         N/A          68.94  61.232   1.72     16.74       9.8         113      2.2      1.32          0.74    94.41     0.75    0.75    0.68    0.97    0.76     83.70   6.11    58.48   89.51   0.62    614.50     1.09     49.35  
29   TR887TS204_4        204     55.12    100.00  28    N/A       N/A        0.54      N/A        39.13    N/A           25.09    32.36    13.344   13.544   161   0    0     0     52.17  67.08  N/A         N/A          0.54         N/A          67.08  60.701   1.98     16.58       10.6        114      2.2      0.50          0.76    98.14     0.76    0.77    0.66    0.95    0.76     74.60   6.11    59.18   91.27   0.62    658.60     0.72     N/A    
30   TR887TS118_1        118     55.12    100.00  28    0.43      N/A        0.54      N/A        38.20    N/A           26.00    32.80    13.239   13.499   161   0    0     0     59.01  69.57  0.98        N/A          1.03         N/A          69.57  60.885   2.05     15.76       11          120      2.8      1.68          0.76    97.52     0.75    0.77    0.66    0.93    0.77     87.30   6.35    60.13   91.75   0.62    693.40     0.69     N/A    
31   TR887TS450_4        450     54.97    100.00  31    N/A       N/A        0.52      N/A        38.20    N/A           24.57    30.19    13.611   13.899   161   0    0     0     60.87  70.81  N/A         N/A          1.17         N/A          70.81  55.997   2.11     16.74       9.7         123      2.6      1.57          0.74    93.17     0.75    0.74    0.67    0.97    0.76     93.50   6.11    59.13   89.62   0.62    653.30     1.13     49.33  
32   TR887TS187_1        187     54.97    100.00  31    0.41      N/A        0.52      N/A        38.35    N/A           22.18    29.88    13.458   13.722   161   0    0     0     50.31  66.46  0.23        N/A          0.40         N/A          66.46  61.158   1.78     16.41       9.8         113      2.3      2.06          0.64    97.52     0.73    0.75    0.66    0.94    0.74     84.20   6.11    58.92   89.11   0.61    615.50     1.07     N/A    
33   TR887TS430_1        430s    54.81    100.00  33    0.39      0.30       0.50      0.46       39.75    0.90          20.10    28.33    13.409   13.749   161   0    0     0     49.69  64.60  0.17        -0.76        0.36         0.22         64.60  59.11    2.02     15.59       10.1        114      2.4      1.27          0.74    96.27     0.75    0.76    0.66    0.92    0.75     85.10   6.11    59.93   89.20   0.60    630.50     0.95     51.17  
34   TR887TS208_1        208     54.81    100.00  33    0.39      N/A        0.50      N/A        38.66    N/A           21.64    29.02    13.38    13.688   161   0    0     0     49.07  65.84  0.12        N/A          0.31         N/A          65.84  59.923   1.96     15.59       10.4        114      2.4      1.47          0.75    97.20     0.76    0.77    0.67    0.96    0.75     84.60   6.11    59.58   90.87   0.60    647.30     0.80     51.30  
35   TR887TS208_3        208     54.81    100.00  33    N/A       N/A        0.50      N/A        38.82    N/A           21.48    29.13    13.39    13.72    161   0    0     0     49.69  65.84  N/A         N/A          0.36         N/A          65.84  60.023   1.94     15.59       10.4        114      2.4      1.09          0.75    96.89     0.75    0.77    0.67    0.95    0.75     85.10   6.11    59.58   90.86   0.60    650.30     0.79     51.22  
36   TR887TS073_3        073     54.81    100.00  33    N/A       N/A        0.50      N/A        38.20    N/A           21.09    26.32    13.357   13.6     161   0    0     0     47.20  65.22  N/A         N/A          0.18         N/A          66.46  59.273   1.93     16.74       9           114      2.5      1.25          0.72    96.58     0.74    0.75    0.65    0.98    0.76     76.10   5.86    58.16   88.36   0.61    574.00     1.04     69.61  
37   TR887TS073_2        073     54.81    100.00  33    N/A       N/A        0.50      N/A        37.73    N/A           21.12    26.73    13.439   13.69    161   0    0     0     47.20  65.22  N/A         N/A          0.18         N/A          66.46  58.796   1.94     16.91       9           114      2.5      1.25          0.72    96.58     0.74    0.75    0.65    1.00    0.76     76.10   5.99    58.10   88.33   0.61    572.30     1.05     69.34  
38   TR887TS208_4        208     54.81    100.00  33    N/A       N/A        0.50      N/A        38.66    N/A           21.16    29.00    13.384   13.704   161   0    0     0     49.69  66.46  N/A         N/A          0.36         N/A          66.46  60.094   1.98     15.59       10.4        114      2.4      1.08          0.75    97.52     0.76    0.77    0.67    0.95    0.75     85.10   6.11    60.13   90.80   0.60    645.80     0.80     51.25  
39   TR887TS011_5        011     54.81    100.00  33    N/A       N/A        0.50      N/A        38.04    N/A           24.24    29.95    13.648   13.911   161   0    0     0     56.52  71.43  N/A         N/A          0.85         N/A          71.43  57.325   2.28     16.91       9.7         114      2.2      1.50          0.75    94.41     0.76    0.77    0.66    0.93    0.77     91.10   6.11    59.23   89.76   0.62    611.80     1.00     48.58  
40   TR887TS208_5        208     54.81    100.00  33    N/A       N/A        0.50      N/A        38.82    N/A           21.27    28.91    13.365   13.663   161   0    0     0     50.31  65.84  N/A         N/A          0.40         N/A          65.84  59.456   1.96     15.92       10.4        114      2.4      1.11          0.75    97.52     0.76    0.77    0.67    0.96    0.75     84.60   6.11    59.58   90.90   0.60    649.20     0.79     51.27  
41   TR887TS102_3        102     54.81    100.00  33    N/A       N/A        0.50      N/A        38.82    N/A           20.59    29.14    13.473   13.778   161   0    0     0     49.69  65.22  N/A         N/A          0.36         N/A          65.22  60.668   1.89     15.92       9.6         114      2.5      1.43          0.72    96.89     0.72    0.74    0.67    0.92    0.75     85.80   6.11    59.18   88.80   0.61    605.00     1.05     71.90  
42   TR887TS450_2        450     54.66    100.00  42    N/A       N/A        0.48      N/A        37.58    N/A           24.38    30.14    13.574   13.837   161   0    0     0     60.25  72.05  N/A         N/A          1.12         N/A          72.05  58.633   2.12     16.91       9.9         114      2.1      1.17          0.74    95.96     0.75    0.76    0.68    0.98    0.77     90.40   6.11    59.70   90.59   0.62    623.70     0.84     48.52  
43   TR887TS102_1        102     54.66    100.00  42    0.37      N/A        0.48      N/A        39.91    N/A           19.57    28.85    13.373   13.672   161   0    0     0     49.07  65.84  0.12        N/A          0.31         N/A          65.84  60.089   1.99     15.76       10.1        114      2.4      0.50          0.73    97.52     0.74    0.75    0.67    0.94    0.75     85.80   6.11    60.30   90.45   0.60    632.40     0.84     N/A    
44   TR887TS001_1        001     54.66    100.00  42    0.37      N/A        0.48      N/A        37.73    N/A           22.32    29.41    13.537   13.798   161   0    0     0     50.93  65.84  0.28        N/A          0.45         N/A          65.84  60.083   2.02     16.74       9.4         114      2.2      1.82          0.72    97.52     0.74    0.74    0.67    0.94    0.76     91.10   6.11    58.54   87.56   0.61    596.20     0.95     N/A    
45   TR887TS187_4        187     54.66    100.00  42    N/A       N/A        0.48      N/A        37.89    N/A           17.89    26.78    13.52    13.79    161   0    0     0     47.83  65.84  N/A         N/A          0.22         N/A          65.84  59.98    1.93     15.76       9.7         114      2.5      2.71          0.62    93.48     0.73    0.75    0.68    0.98    0.74     84.00   6.11    57.04   88.05   0.59    608.90     1.39     N/A    
46   TR887TS162_2        162     54.66    100.00  42    N/A       N/A        0.48      N/A        38.35    N/A           20.78    27.56    13.357   13.661   161   0    0     0     47.83  65.22  N/A         N/A          0.22         N/A          65.22  59.387   1.91     15.76       9.8         114      2.5      0.64          0.72    94.41     0.74    0.74    0.66    0.91    0.74     76.80   6.11    60.00   89.14   0.59    617.10     0.94     N/A    
47   TR887TS430_4        430s    54.66    100.00  42    N/A       N/A        0.48      0.43       38.51    N/A           20.55    28.48    13.427   13.768   161   0    0     0     50.31  64.60  N/A         N/A          0.40         0.30         64.60  51.081   1.96     15.76       10          114      2.4      1.25          0.74    95.65     0.74    0.75    0.67    0.93    0.74     85.10   6.11    59.99   89.05   0.60    629.00     0.98     51.02  
48   TR887TS430_2        430s    54.50    100.00  48    N/A       N/A        0.47      0.41       39.59    N/A           19.99    28.22    13.403   13.742   161   0    0     0     48.45  65.84  N/A         N/A          0.27         0.05         65.84  59.859   1.98     15.59       10          114      2.4      1.05          0.74    95.65     0.75    0.76    0.66    0.92    0.75     85.10   6.11    60.08   89.30   0.61    629.30     0.92     51.28  
49   TR887TS324_5        324     54.50    100.00  48    N/A       N/A        0.47      N/A        38.04    N/A           20.01    26.55    13.456   13.641   161   0    0     0     48.45  68.94  N/A         N/A          0.27         N/A          68.94  58.418   2.07     16.74       10          123      2.7      2.24          0.73    97.20     0.74    0.75    0.65    0.97    0.76     85.20   6.11    58.95   89.96   0.61    667.20     0.95     46.26  
50   TR887TS081_2        081     54.50    100.00  48    N/A       N/A        0.47      N/A        38.82    N/A           20.13    30.93    13.112   13.437   161   0    0     0     59.01  68.94  N/A         N/A          1.03         N/A          68.94  59.819   2.06     15.27       9.4         113      2.2      1.60          0.69    95.03     0.72    0.71    0.66    0.95    0.76     82.90   6.11    58.41   87.04   0.60    598.20     1.40     72.75  
51   TR887TS187_3        187     54.35    100.00  51    N/A       N/A        0.45      N/A        38.66    N/A           19.59    26.30    13.424   13.732   161   0    0     0     45.34  62.73  N/A         N/A          0.04         N/A          62.73  58.029   1.85     15.92       9           114      2.6      2.40          0.63    90.99     0.73    0.74    0.66    0.94    0.75     81.80   5.99    58.05   85.89   0.59    576.10     1.83     N/A    
52   TR887TS273_1        273     54.35    100.00  51    0.33      N/A        0.45      N/A        38.04    N/A           20.22    28.34    13.398   13.723   161   0    0     0     49.07  65.84  0.12        N/A          0.31         N/A          65.84  59.291   2.02     15.92       10.1        114      2.4      1.67          0.72    96.58     0.74    0.76    0.66    0.95    0.75     85.10   6.11    60.07   90.01   0.61    633.00     0.88     N/A    
53   TR887TS430_5        430s    54.35    100.00  51    N/A       N/A        0.45      0.38       39.44    N/A           20.35    28.32    13.41    13.74    161   0    0     0     49.07  65.22  N/A         N/A          0.31         0.13         65.22  59.155   1.98     15.92       10.1        114      2.4      0.50          0.74    95.34     0.75    0.76    0.66    0.93    0.75     85.10   6.11    59.43   89.18   0.60    629.70     0.93     51.17  
54   TR887TS265_4        265     54.35    100.00  51    N/A       N/A        0.45      N/A        38.51    N/A           21.59    28.11    13.578   13.877   161   0    0     0     48.45  66.46  N/A         N/A          0.27         N/A          66.46  57.113   2.01     16.74       10.8        114      2.2      0.96          0.76    95.96     0.76    0.77    0.66    0.99    0.76     90.40   6.23    58.33   91.57   0.61    671.00     0.78     66.32  
55   TR887TS324_3        324     54.35    100.00  51    N/A       N/A        0.45      N/A        37.89    N/A           21.23    26.66    13.594   13.858   161   0    0     0     50.31  68.94  N/A         N/A          0.40         N/A          68.94  59.796   2.00     16.74       9.9         123      2.7      2.36          0.73    96.58     0.74    0.75    0.65    0.95    0.76     85.20   6.11    58.69   89.93   0.62    665.30     0.94     46.16  
56   TR887TS250_4        250s    54.19    100.00  56    N/A       N/A        0.43      0.35       38.35    N/A           23.16    29.84    13.268   13.549   161   0    0     0     47.83  66.46  N/A         N/A          0.22         -0.03        66.46  60.629   1.95     16.09       10.1        114      2.4      0.75          0.74    97.20     0.76    0.76    0.68    0.93    0.75     84.00   6.11    59.36   90.13   0.60    630.50     0.94     51.21  
57   TR887TS204_5        204     54.19    100.00  56    N/A       N/A        0.43      N/A        37.58    N/A           20.32    27.44    13.355   13.657   161   0    0     0     49.07  65.84  N/A         N/A          0.31         N/A          65.84  59.933   1.96     16.09       9.9         114      2.5      0.50          0.72    96.27     0.73    0.75    0.66    0.94    0.74     76.10   6.11    59.61   89.10   0.59    621.20     0.95     N/A    
58   TR887TS208_2        208     54.19    100.00  56    N/A       N/A        0.43      N/A        38.35    N/A           21.12    28.61    13.372   13.665   161   0    0     0     48.45  65.22  N/A         N/A          0.27         N/A          65.22  59.893   1.94     15.76       10.4        114      2.4      1.05          0.75    97.20     0.76    0.77    0.67    0.95    0.75     84.60   6.11    59.54   90.88   0.60    648.10     0.81     51.38  
59   TR887TS430_3        430s    54.19    100.00  56    N/A       N/A        0.43      0.35       38.51    N/A           20.55    28.48    13.416   13.758   161   0    0     0     50.31  64.60  N/A         N/A          0.40         0.30         64.60  51.003   1.94     15.76       10.1        114      2.4      1.19          0.74    95.96     0.75    0.75    0.67    0.92    0.74     85.10   6.11    59.83   89.19   0.60    632.80     0.96     51.06  
60   TR887TS102_2        102     54.19    100.00  56    N/A       N/A        0.43      N/A        38.51    N/A           19.16    29.56    13.352   13.631   161   3    0     0     49.69  63.98  N/A         N/A          0.36         N/A          63.98  57.97    1.99     16.09       10.2        114      2.4      0.69          0.73    97.20     0.73    0.75    0.67    0.94    0.76     91.50   6.23    60.09   90.21   0.61    636.60     0.91     N/A    
61   TR887TS250_5        250s    54.04    100.00  61    N/A       N/A        0.41      0.33       38.20    N/A           22.68    29.70    13.274   13.56    161   0    0     0     47.83  65.84  N/A         N/A          0.22         -0.03        65.84  59.626   2.01     15.76       10.1        114      2.4      0.75          0.74    97.52     0.76    0.76    0.68    0.94    0.75     84.00   6.11    59.40   90.15   0.60    630.00     0.93     51.24  
62   TR887TS324_1        324     54.04    100.00  61    0.28      N/A        0.41      N/A        37.42    N/A           21.48    28.48    13.539   13.77    161   0    0     0     51.55  67.70  0.33        N/A          0.49         N/A          67.70  57.781   2.05     16.74       10          114      2.3      2.49          0.74    96.89     0.75    0.76    0.65    0.97    0.76     85.20   6.11    58.95   89.89   0.61    629.50     0.92     45.53  
63   TR887TS023_3        023     54.04    100.00  61    N/A       N/A        0.41      N/A        39.13    N/A           23.87    30.15    13.326   13.604   161   0    0     0     48.45  66.46  N/A         N/A          0.27         N/A          66.46  59.799   1.98     15.76       10.1        114      2.4      1.02          0.75    96.89     0.75    0.77    0.68    0.91    0.75     84.00   6.11    60.57   90.10   0.60    633.00     0.97     47.07  
64   TR887TS162_1        162     54.04    100.00  61    0.28      N/A        0.41      N/A        37.73    N/A           20.84    27.55    13.415   13.73    161   0    0     0     47.83  66.46  0.01        N/A          0.22         N/A          66.46  59.07    1.98     15.92       9.8         114      2.5      0.50          0.73    95.03     0.74    0.74    0.67    0.94    0.74     76.50   6.11    59.57   89.09   0.59    618.10     0.96     N/A    
65   TR887TS073_1        073     53.88    100.00  65    0.26      N/A        0.39      N/A        36.96    N/A           20.81    26.79    13.405   13.664   161   0    0     0     47.20  65.84  -0.05       N/A          0.18         N/A          65.84  58.997   1.90     16.74       9.1         114      2.5      1.25          0.72    96.58     0.74    0.75    0.65    1.01    0.76     76.10   5.99    58.32   88.73   0.61    579.60     1.04     68.64  
66   TR887TS023_2        023     53.88    100.00  65    N/A       N/A        0.39      N/A        38.35    N/A           23.50    30.16    13.389   13.671   161   0    0     0     49.69  65.84  N/A         N/A          0.36         N/A          65.84  59.545   1.95     15.59       9.8         112      2.3      0.93          0.74    94.41     0.75    0.76    0.68    0.96    0.75     84.60   5.99    60.40   89.34   0.59    614.30     1.14     47.38  
67   TR887TS294_1        294     53.88    100.00  65    0.26      N/A        0.39      N/A        37.27    N/A           18.70    27.80    13.345   13.668   161   0    0     0     49.07  65.22  0.12        N/A          0.31         N/A          65.22  59.882   1.94     16.09       9.9         114      2.5      1.77          0.72    95.96     0.72    0.75    0.65    0.97    0.74     85.10   6.11    59.47   89.27   0.61    621.80     0.96     47.39  
68   TR887TS073_5        073     53.88    100.00  65    N/A       N/A        0.39      N/A        37.42    N/A           19.97    27.56    13.354   13.651   161   0    0     0     47.83  65.22  N/A         N/A          0.22         N/A          65.22  59.479   1.92     16.09       9.8         114      2.5      1.42          0.72    96.58     0.73    0.75    0.66    0.98    0.74     76.10   5.99    59.49   88.89   0.59    618.70     0.98     76.03  
69   TR887TS295_4        295     53.73    100.00  69    N/A       N/A        0.38      N/A        37.73    N/A           18.85    24.86    13.768   14.109   161   0    0     0     47.20  63.35  N/A         N/A          0.18         N/A          63.35  60.006   1.75     15.43       8.7         114      2.8      2.35          0.61    87.58     0.70    0.70    0.67    0.95    0.74     80.90   5.99    56.10   83.66   0.61    557.90     2.06     N/A    
70   TR887TS001_2        001     53.73    100.00  69    N/A       N/A        0.38      N/A        36.65    N/A           19.04    26.24    13.662   13.898   161   0    0     0     48.45  66.46  N/A         N/A          0.27         N/A          66.46  58.172   2.03     16.74       9.1         113      2.4      0.97          0.71    96.89     0.72    0.74    0.65    0.94    0.76     91.10   5.99    56.57   86.84   0.61    577.30     1.05     N/A    
71   TR887TS265_1        265     53.73    100.00  69    0.24      N/A        0.38      N/A        37.89    N/A           21.19    26.95    13.512   13.776   161   0    0     0     54.04  68.94  0.55        N/A          0.67         N/A          68.94  55.757   2.14     16.91       10.2        123      2.7      0.83          0.75    96.58     0.75    0.76    0.65    0.98    0.76     85.10   6.11    58.74   89.80   0.61    673.80     0.88     66.55  
72   TR887TS081_1        081     53.73    100.00  69    0.24      N/A        0.38      N/A        38.20    N/A           21.72    28.38    13.395   13.711   161   0    0     0     47.20  65.22  -0.05       N/A          0.18         N/A          65.22  59.633   1.97     15.76       9.9         114      2.5      0.50          0.74    96.27     0.74    0.75    0.66    0.95    0.74     80.30   6.11    59.97   89.26   0.61    622.30     0.96     63.23  
73   TR887TS295_2        295     53.73    100.00  69    N/A       N/A        0.38      N/A        36.96    N/A           16.46    24.19    13.673   14.015   161   0    0     0     47.83  65.22  N/A         N/A          0.22         N/A          65.22  58.52    1.92     15.76       8.9         114      2.6      2.48          0.57    87.89     0.69    0.69    0.68    0.95    0.74     73.70   6.11    57.63   82.80   0.61    569.20     2.24     N/A    
74   TR887TS250_1        250s    53.73    100.00  69    0.24      -0.34      0.38      0.28       37.89    -0.13         22.70    29.64    13.295   13.602   161   0    0     0     47.83  66.46  0.01        -1.06        0.22         -0.03        66.46  60.016   1.95     16.09       10          114      2.5      0.64          0.75    96.58     0.76    0.76    0.68    0.93    0.75     82.40   6.11    60.47   90.03   0.60    629.00     0.98     51.49  
75   TR887TS396_2        396     53.73    100.00  69    N/A       N/A        0.38      N/A        37.27    N/A           20.17    27.55    13.356   13.657   161   0    0     0     49.07  65.84  N/A         N/A          0.31         N/A          65.84  60.004   1.96     16.09       9.4         114      2.5      0.97          0.72    96.58     0.73    0.75    0.65    0.98    0.74     76.10   5.99    58.37   89.02   0.59    619.40     0.96     N/A    
76   TR887TS396_1        396     53.73    100.00  69    0.24      N/A        0.38      N/A        37.27    N/A           20.17    27.57    13.356   13.657   161   0    0     0     49.07  65.84  0.12        N/A          0.31         N/A          65.84  60.004   1.96     16.09       9.9         114      2.5      1.02          0.72    96.58     0.73    0.75    0.65    0.98    0.74     76.10   5.99    58.37   89.02   0.61    619.60     0.96     N/A    
77   TR887TS188_1        188     53.57    100.00  77    0.22      N/A        0.36      N/A        37.11    N/A           20.32    27.43    13.359   13.656   161   0    0     0     49.07  65.22  0.12        N/A          0.31         N/A          65.22  59.828   1.97     16.09       9.8         114      2.5      1.55          0.71    96.89     0.73    0.75    0.66    0.96    0.74     76.10   5.99    58.41   89.00   0.61    617.80     0.97     N/A    
78   TR887TS393_4        393     53.57    100.00  77    N/A       N/A        0.36      N/A        36.80    N/A           21.58    28.46    13.319   13.591   161   1    0     0     47.20  67.08  N/A         N/A          0.18         N/A          67.08  60.288   1.95     15.92       9.4         114      2.5      2.21          0.73    96.58     0.73    0.75    0.66    0.97    0.75     76.10   6.11    58.08   88.90   0.59    620.30     0.96     47.21  
79   TR887TS187_2        187     53.57    100.00  77    N/A       N/A        0.36      N/A        37.27    N/A           18.77    26.93    13.492   13.775   161   0    0     0     49.07  66.46  N/A         N/A          0.31         N/A          66.46  59.113   1.96     15.43       9.4         114      2.5      2.13          0.63    95.65     0.72    0.75    0.69    0.98    0.74     84.50   6.11    58.83   87.26   0.59    596.80     1.23     N/A    
80   TR887TS324_2        324     53.42    100.00  80    N/A       N/A        0.34      N/A        36.49    N/A           20.50    27.87    13.523   13.737   161   0    0     0     49.69  68.94  N/A         N/A          0.36         N/A          68.94  60.03    2.04     16.25       10.2        114      2.4      2.38          0.74    96.58     0.75    0.75    0.65    0.98    0.76     85.20   6.11    59.18   90.04   0.61    635.70     0.92     46.26  
81   TR887TS073_4        073     53.26    100.00  81    N/A       N/A        0.32      N/A        36.49    N/A           20.10    25.89    13.355   13.608   161   0    0     0     47.20  64.60  N/A         N/A          0.18         N/A          65.84  58.675   1.91     16.58       8.9         114      2.5      1.27          0.72    96.58     0.74    0.75    0.65    1.01    0.75     76.10   5.86    58.13   88.26   0.60    569.60     1.06     68.99  
82   TR887TS295_1        295     53.26    100.00  81    0.17      N/A        0.32      N/A        37.42    N/A           16.35    25.20    13.652   14.003   161   0    0     0     49.07  65.22  0.12        N/A          0.31         N/A          65.22  60.894   1.82     15.59       9.1         114      2.7      2.53          0.59    90.06     0.69    0.71    0.67    0.98    0.74     73.60   5.99    56.79   85.21   0.61    579.70     1.82     N/A    
83   TR887TS265_2        265     53.26    100.00  81    N/A       N/A        0.32      N/A        38.04    N/A           18.31    24.55    13.11    13.407   161   0    0     0     46.58  66.46  N/A         N/A          0.13         N/A          66.46  58.1     2.08     16.09       10.4        114      2.6      1.15          0.75    97.20     0.75    0.77    0.67    0.99    0.76     85.10   6.11    58.75   89.94   0.60    649.50     0.89     63.57  
84   TR887TS265_5        265     53.26    100.00  81    N/A       N/A        0.32      N/A        37.11    N/A           18.46    25.64    13.226   13.512   161   0    0     0     46.58  67.08  N/A         N/A          0.13         N/A          67.08  58.359   1.95     16.41       10.2        114      2.6      1.02          0.74    96.58     0.74    0.76    0.67    0.98    0.76     74.90   6.11    58.54   89.32   0.59    635.90     0.97     63.30  
85   TR887TS102_4        102     53.26    100.00  81    N/A       N/A        0.32      N/A        36.34    N/A           18.66    26.80    13.288   13.615   161   0    0     0     49.07  63.98  N/A         N/A          0.31         N/A          63.98  59.041   1.98     15.76       9.7         114      2.5      1.45          0.71    97.52     0.71    0.73    0.67    0.93    0.75     75.10   6.11    59.89   87.74   0.61    610.70     1.13     72.73  
86   TR887TS412_1        412     53.11    100.00  86    0.15      N/A        0.30      N/A        36.95    N/A           19.44    27.01    13.288   13.597   161   0    0     0     49.07  65.22  0.12        N/A          0.31         N/A          65.22  58.288   2.03     16.09       9.9         114      2.6      1.17          0.72    96.89     0.73    0.75    0.66    0.94    0.74     76.50   6.11    59.59   89.17   0.58    620.20     0.97     N/A    
87   TR887TS250_3        250s    53.11    100.00  86    N/A       N/A        0.30      0.17       37.42    N/A           22.95    29.03    13.367   13.678   161   0    0     0     47.20  64.60  N/A         N/A          0.18         -0.11        64.60  59.158   1.93     15.43       9.8         112      2.4      0.64          0.73    93.17     0.75    0.75    0.68    0.96    0.75     82.40   5.99    59.49   89.75   0.59    615.20     1.13     52.09  
88   TR887TS412_2        412     53.11    100.00  86    N/A       N/A        0.30      N/A        36.95    N/A           20.39    26.36    13.313   13.623   161   0    0     0     47.20  65.22  N/A         N/A          0.18         N/A          65.22  58.612   1.92     16.09       9.8         114      2.6      1.02          0.71    96.89     0.73    0.74    0.66    0.95    0.74     76.50   6.11    57.69   89.03   0.58    617.30     0.99     N/A    
89   TR887TS023_1        023     53.11    100.00  86    0.15      N/A        0.30      N/A        38.51    N/A           23.02    28.58    13.346   13.626   161   0    0     0     48.45  65.84  0.06        N/A          0.27         N/A          65.84  59.436   2.01     15.59       9.9         112      2.4      0.83          0.74    94.10     0.75    0.76    0.68    0.96    0.75     84.00   5.99    60.47   89.64   0.59    619.50     1.08     48.19  
90   TR887TS412_3        412     53.11    100.00  86    N/A       N/A        0.30      N/A        36.95    N/A           19.43    26.70    13.301   13.616   161   0    0     0     47.83  65.84  N/A         N/A          0.22         N/A          65.84  59.294   2.00     15.59       9.8         114      2.6      0.64          0.72    96.58     0.73    0.74    0.66    0.96    0.74     76.10   6.11    59.53   89.05   0.58    617.20     1.01     N/A    
91   TR887TS393_3        393     52.95    100.00  91    N/A       N/A        0.28      N/A        35.56    N/A           20.92    27.44    13.674   13.925   161   0    0     0     45.96  65.84  N/A         N/A          0.09         N/A          65.84  48.709   2.08     16.91       8.8         123      2.8      2.00          0.71    95.65     0.73    0.74    0.63    0.98    0.77     78.20   6.11    57.28   88.20   0.62    620.60     1.01     46.36  
92   TR887TS412_4        412     52.95    100.00  91    N/A       N/A        0.28      N/A        36.65    N/A           20.11    26.70    13.291   13.605   161   0    0     0     47.83  65.22  N/A         N/A          0.22         N/A          65.22  59.16    1.97     15.92       9.9         114      2.6      1.06          0.72    96.58     0.73    0.74    0.66    0.96    0.74     85.10   5.99    58.28   89.19   0.58    617.50     0.96     N/A    
93   TR887TS102_5        102     52.80    100.00  93    N/A       N/A        0.27      N/A        36.02    N/A           17.75    27.04    13.327   13.726   161   0    0     0     48.45  65.22  N/A         N/A          0.27         N/A          65.22  58.722   1.94     15.76       9.8         114      2.5      1.42          0.70    95.34     0.71    0.73    0.67    0.94    0.74     84.80   6.11    59.57   88.57   0.60    615.10     1.13     71.84  
94   TR887TS412_5        412     52.80    100.00  93    N/A       N/A        0.27      N/A        36.80    N/A           19.33    26.97    13.304   13.597   161   0    0     0     47.83  65.84  N/A         N/A          0.22         N/A          65.84  58.273   2.03     16.09       9.8         114      2.6      0.83          0.72    96.89     0.74    0.74    0.66    0.96    0.74     76.50   6.11    58.03   89.09   0.59    617.10     1.00     N/A    
95   TR887TS396_3        396     52.64    100.00  95    N/A       N/A        0.25      N/A        35.25    N/A           20.61    26.97    13.681   13.914   161   0    0     0     45.34  65.84  N/A         N/A          0.04         N/A          65.84  54.259   2.03     16.91       8.7         123      2.8      0.82          0.71    95.65     0.73    0.73    0.64    0.98    0.77     81.90   6.11    57.10   88.18   0.61    616.30     1.02     N/A    
96   TR887TS257_1        257     52.33    100.00  96    0.04      N/A        0.21      N/A        34.94    N/A           19.89    26.91    13.679   13.939   161   0    0     0     45.96  65.22  -0.15       N/A          0.09         N/A          65.22  54.035   2.03     17.07       9.2         123      2.8      1.47          0.71    95.34     0.73    0.74    0.64    0.99    0.77     78.20   6.23    57.10   88.05   0.60    617.20     1.05     N/A    
97   TR887TS295_3        295     52.33    100.00  96    N/A       N/A        0.21      N/A        36.80    N/A           16.56    22.04    13.183   13.498   161   0    0     0     44.72  63.98  N/A         N/A          -0.00        N/A          63.98  57.378   1.93     15.27       8.4         112      2.8      2.24          0.60    89.44     0.70    0.71    0.71    0.96    0.75     76.40   5.99    58.37   84.31   0.59    544.20     1.96     N/A    
98   TR887TS257_5        257     52.33    100.00  96    N/A       N/A        0.21      N/A        34.94    N/A           20.04    26.91    13.677   13.931   161   2    0     0     45.96  65.22  N/A         N/A          0.09         N/A          65.22  54.035   2.03     17.07       9.2         123      2.8      1.83          0.70    95.34     0.73    0.74    0.64    1.00    0.77     76.70   6.23    56.97   87.44   0.60    617.20     1.84     N/A    
99   TR887TS257_4        257     52.33    100.00  96    N/A       N/A        0.21      N/A        34.94    N/A           19.89    26.91    13.662   13.94    161   1    0     0     45.96  65.22  N/A         N/A          0.09         N/A          65.22  54.035   2.03     17.07       9.2         123      2.8      1.64          0.70    95.34     0.73    0.74    0.64    1.00    0.77     78.00   6.23    57.05   87.88   0.60    617.20     1.63     N/A    
100  TR887TS247_2        247     52.17    100.00  100   N/A       N/A        0.19      N/A        37.27    N/A           17.73    24.29    13.038   13.289   161   0    0     0     49.69  60.87  N/A         N/A          0.36         N/A          60.87  50.191   2.08     16.09       10.9        114      2.9      0.75          0.78    95.03     0.76    0.77    0.63    1.01    0.75     91.00   6.35    57.84   89.59   0.58    672.10     1.15     N/A    
101  TR887TS250_2        250s    52.17    100.00  100   N/A       N/A        0.19      0.02       36.49    N/A           22.11    28.39    13.356   13.64    161   0    0     0     47.83  65.22  N/A         N/A          0.22         -0.03        65.22  57.847   2.04     15.76       9.6         112      2.4      0.83          0.73    95.03     0.75    0.75    0.68    0.95    0.75     82.40   5.99    58.93   89.32   0.59    607.10     1.15     52.48  
102  TR887TS265_3        265     52.02    100.00  102   N/A       N/A        0.17      N/A        35.87    N/A           19.22    23.80    13.651   13.957   161   0    0     0     43.48  66.46  N/A         N/A          -0.09        N/A          66.46  49.963   2.19     16.74       10.4        124      3.2      0.90          0.75    96.27     0.75    0.77    0.65    0.99    0.75     84.40   6.11    57.69   90.56   0.58    686.70     0.85     63.28  
103  TR887TS446_1        446s    52.02    100.00  102   -0.00     -1.35      0.17      -0.01      35.25    -1.59         23.64    28.25    13.558   13.849   161   0    0     0     56.52  69.57  0.77        0.35         0.85         1.12         69.57  55.055   2.09     16.91       9.6         123      2.8      0.50          0.72    95.34     0.73    0.73    0.65    0.99    0.77     91.10   5.99    57.99   89.10   0.61    635.60     1.01     66.09  
104  TR887TS480_3        480     51.86    100.00  104   N/A       N/A        0.16      N/A        36.02    N/A           16.87    26.66    13.935   14.264   161   0    0     0     47.20  63.98  N/A         N/A          0.18         N/A          63.98  57.775   1.96     15.76       9.2         111      2.4      2.88          0.68    92.55     0.69    0.73    0.67    0.94    0.74     84.90   5.99    58.29   87.10   0.58    584.20     1.48     48.36  
105  TR887TS324_4        324     51.71    100.00  105   N/A       N/A        0.14      N/A        34.47    N/A           21.09    25.82    13.553   13.813   161   0    0     0     47.83  68.94  N/A         N/A          0.22         N/A          68.94  53.559   2.16     16.74       9.9         123      2.8      2.22          0.73    96.89     0.75    0.75    0.65    0.96    0.76     85.20   5.99    58.87   89.58   0.61    663.10     0.93     46.91  
106  TR887TS017_4        017     50.78    100.00  106   N/A       N/A        0.03      N/A        34.47    N/A           15.29    21.36    13.372   13.665   161   0    0     0     40.99  67.08  N/A         N/A          -0.27        N/A          67.08  52.503   2.20     16.09       10          120      3.1      2.06          0.74    97.20     0.75    0.76    0.65    1.00    0.75     91.10   5.99    58.98   89.53   0.58    650.40     1.03     82.14  
107  TR887TS295_5        295     50.47    100.00  107   N/A       N/A        -0.01     N/A        34.01    N/A           17.25    24.40    13.14    13.434   161   0    0     0     44.72  63.98  N/A         N/A          -0.00        N/A          63.98  54.753   2.02     14.94       8.5         112      2.9      2.25          0.60    90.06     0.69    0.71    0.71    0.91    0.75     81.90   5.99    59.52   83.79   0.59    549.80     1.84     N/A    
108  TR887TS081_4        081     50.47    100.00  107   N/A       N/A        -0.01     N/A        35.71    N/A           21.26    28.15    13.394   13.703   161   0    0     0     47.20  57.76  N/A         N/A          0.18         N/A          57.76  51.655   2.02     14.28       8.5         110      3.4      1.69          0.66    90.37     0.70    0.68    0.63    0.96    0.74     84.40   5.60    55.24   83.97   0.54    547.90     1.99     68.30  
109  TR887TS017_2        017     50.31    100.00  109   N/A       N/A        -0.03     N/A        34.32    N/A           15.27    20.68    13.364   13.661   161   0    0     0     39.13  64.60  N/A         N/A          -0.41        N/A          64.60  51.55    2.11     16.09       9.9         114      2.8      2.01          0.74    96.58     0.75    0.75    0.66    0.97    0.75     91.10   5.99    58.54   89.26   0.58    621.90     1.06     82.41  
110  TR887TS474_1        474     50.16    100.00  110   -0.26     N/A        -0.04     N/A        33.08    N/A           17.22    25.17    13.642   13.901   161   0    0     0     44.10  63.35  -0.32       N/A          -0.05        N/A          64.60  54.77    2.09     16.58       8.3         114      2.8      2.80          0.65    94.41     0.72    0.73    0.70    0.95    0.76     77.70   6.11    57.55   85.07   0.59    537.00     1.26     62.84  
111  TR887TS017_3        017     50.16    100.00  110   N/A       N/A        -0.04     N/A        34.01    N/A           15.16    20.98    13.362   13.66    161   0    0     0     40.37  65.22  N/A         N/A          -0.32        N/A          65.22  50.343   2.12     16.09       9.9         114      2.8      2.13          0.74    97.20     0.75    0.76    0.65    1.00    0.75     91.10   5.99    58.67   89.39   0.58    623.00     1.05     82.28  
112  TR887TS017_5        017     50.16    100.00  110   N/A       N/A        -0.04     N/A        34.32    N/A           15.02    20.83    13.362   13.661   161   0    0     0     45.96  67.70  N/A         N/A          0.09         N/A          67.70  52.696   2.32     16.09       9.9         114      2.8      2.12          0.74    96.89     0.75    0.76    0.65    0.98    0.75     91.10   5.99    58.56   89.33   0.58    623.70     1.05     82.44  
113  TR887TS017_1        017     50.00    100.00  113   -0.28     N/A        -0.06     N/A        33.70    N/A           15.50    20.70    13.367   13.663   161   0    0     0     41.61  66.46  -0.53       N/A          -0.23        N/A          66.46  51.816   2.23     16.09       9.9         114      2.8      1.98          0.74    96.27     0.75    0.75    0.66    0.99    0.75     91.10   5.99    58.52   89.21   0.58    619.20     1.05     82.29  
114  TR887TS220_2        220s    50.00    100.00  113   N/A       N/A        -0.06     -0.35      36.34    N/A           19.41    27.89    15.684   16.305   161   0    0     0     43.48  57.76  N/A         N/A          -0.09        -0.61        59.01  47.143   2.17     13.79       9.2         113      4.4      1.84          0.72    95.96     0.75    0.78    0.79    0.35    0.76     90.40   5.86    59.02   89.13   0.55    586.10     1.02     55.85  
115  TR887TS480_5        480     49.07    100.00  115   N/A       N/A        -0.17     N/A        31.05    N/A           16.27    23.74    13.394   13.684   161   0    0     0     52.17  67.08  N/A         N/A          0.54         N/A          67.08  50.152   2.44     16.74       9.1         114      2.6      2.65          0.68    95.96     0.70    0.73    0.66    0.91    0.73     81.60   6.11    56.77   84.93   0.58    577.90     1.22     49.09  
116  TR887TS480_2        480     48.60    100.00  116   N/A       N/A        -0.23     N/A        30.90    N/A           12.41    20.87    13.383   13.669   161   0    0     0     42.24  60.87  N/A         N/A          -0.18        N/A          62.11  52.764   2.00     15.43       9           114      3.2      2.54          0.68    93.79     0.68    0.72    0.68    0.94    0.74     90.00   5.99    56.56   84.81   0.56    576.60     1.13     51.73  
117  TR887TS393_1        393     48.29    100.00  117   -0.52     N/A        -0.26     N/A        31.21    N/A           18.10    21.07    13.464   13.599   161   1    0     0     38.51  62.11  -0.80       N/A          -0.45        N/A          62.11  47.744   2.14     16.58       8.6         114      3.1      1.98          0.72    96.58     0.74    0.74    0.64    1.01    0.76     84.80   5.99    56.82   87.69   0.57    576.50     0.95     52.45  
118  TR887TS081_5        081     48.29    100.00  117   N/A       N/A        -0.26     N/A        31.68    N/A           13.68    21.78    12.7     12.986   161   0    0     0     42.86  56.52  N/A         N/A          -0.14        N/A          58.39  48.423   2.20     14.77       8.5         115      3.6      1.37          0.67    95.65     0.69    0.71    0.64    0.92    0.76     90.60   5.73    59.47   87.44   0.52    554.40     1.30     74.81  
119  TR887TS257_3        257     48.14    100.00  119   N/A       N/A        -0.28     N/A        31.21    N/A           18.78    24.35    13.031   13.253   161   0    0     0     39.75  58.39  N/A         N/A          -0.36        N/A          59.63  50.538   2.25     14.28       8.3         114      3.4      1.71          0.69    94.72     0.72    0.72    0.67    0.97    0.75     70.50   5.73    57.28   87.48   0.53    533.80     1.10     N/A    
120  TR887TS396_5        396     48.14    100.00  119   N/A       N/A        -0.28     N/A        31.21    N/A           18.67    24.10    13.034   13.249   161   0    0     0     39.13  58.39  N/A         N/A          -0.41        N/A          59.63  50.487   2.24     14.28       7.9         114      3.4      0.82          0.69    94.72     0.72    0.72    0.67    0.96    0.75     70.50   5.73    57.28   87.60   0.54    537.30     1.08     N/A    
121  TR887TS393_2        393     48.14    100.00  119   N/A       N/A        -0.28     N/A        31.37    N/A           19.22    24.65    13.043   13.246   161   1    0     0     40.37  58.39  N/A         N/A          -0.32        N/A          60.25  51.004   2.04     14.45       7.9         114      3.4      2.27          0.69    94.41     0.72    0.72    0.66    0.99    0.75     82.30   5.73    56.84   87.29   0.54    540.00     1.13     53.73  
122  TR887TS381_5        381     47.98    85.09   122   N/A       N/A        -0.30     N/A        35.40    N/A           20.42    24.38    12.673   12.865   137   0    0     0     44.72  56.52  N/A         N/A          -0.00        N/A          56.52  50.722   2.02     10.76       7.1         89       3.1      1.86          0.58    80.12     0.64    0.56    0.50    0.00    0.67     48.51   5.33    41.06   67.24   0.52    356.00     N/A      N/A    
123  TR887TS381_4        381     47.67    86.34   123   N/A       N/A        -0.34     N/A        34.94    N/A           20.04    23.89    12.906   13.034   139   0    0     0     44.72  54.66  N/A         N/A          -0.00        N/A          55.28  44.462   1.99     12.59       6.9         90       2.8      1.86          0.58    81.37     0.65    0.57    0.51    0.00    0.66     43.62   5.46    42.55   68.30   0.53    385.80     N/A      N/A    
124  TR887TS381_3        381     47.67    86.34   123   N/A       N/A        -0.34     N/A        34.94    N/A           20.04    23.89    12.906   13.034   139   0    0     0     44.72  54.66  N/A         N/A          -0.00        N/A          55.28  44.462   1.99     12.59       6.9         90       2.8      1.86          0.58    81.37     0.65    0.57    0.51    0.00    0.66     43.62   5.46    42.55   68.30   0.53    385.80     N/A      N/A    
125  TR887TS396_4        396     47.67    100.00  123   N/A       N/A        -0.34     N/A        30.59    N/A           17.33    20.23    13.494   13.646   161   1    0     0     36.65  61.49  N/A         N/A          -0.59        N/A          62.73  46.073   2.24     16.25       8.5         114      3.2      0.80          0.71    95.96     0.74    0.74    0.64    1.00    0.75     84.80   5.99    56.94   87.50   0.56    570.10     0.95     N/A    
126  TR887TS381_2        381     47.52    85.09   126   N/A       N/A        -0.35     N/A        34.94    N/A           20.40    25.06    13.009   13.126   137   0    0     0     44.72  56.52  N/A         N/A          -0.00        N/A          56.52  51.973   1.90     11.62       7.4         89       2.3      1.77          0.57    80.12     0.64    0.55    0.49    0.00    0.66     43.28   5.33    40.77   66.35   0.53    406.30     N/A      N/A    
127  TR887TS381_1        381     47.52    85.09   126   -0.63     N/A        -0.35     N/A        34.94    N/A           20.40    25.06    13.009   13.126   137   0    0     0     44.72  56.52  -0.26       N/A          -0.00        N/A          56.52  51.973   1.90     11.62       7.4         89       2.3      1.77          0.57    80.12     0.64    0.55    0.49    0.00    0.66     43.28   5.33    40.77   66.35   0.53    406.30     N/A      N/A    
128  TR887TS418_1        418     46.89    100.00  128   -0.72     N/A        -0.43     N/A        29.19    N/A           12.35    20.97    12.689   13.012   161   0    0     0     42.86  65.22  -0.42       N/A          -0.14        N/A          65.22  47.82    2.16     16.58       7.4         114      3        3.83          0.64    92.55     0.67    0.72    0.76    0.85    0.75     70.00   5.86    56.81   81.91   0.58    490.80     1.70     N/A    
129  TR887TS418_3        418     46.27    100.00  129   N/A       N/A        -0.50     N/A        28.41    N/A           12.81    20.98    12.577   12.889   161   1    0     0     37.27  62.73  N/A         N/A          -0.54        N/A          62.73  44.017   2.33     15.76       7.3         113      3.3      3.84          0.63    90.68     0.65    0.70    0.74    0.78    0.74     70.10   6.11    57.41   79.28   0.55    487.00     2.00     N/A    
130  TR887TS162_3        162     46.12    100.00  130   N/A       N/A        -0.52     N/A        29.19    N/A           15.59    19.86    13.563   14.033   161   0    0     0     34.16  63.98  N/A         N/A          -0.77        N/A          63.98  48.825   2.17     15.59       8.4         111      2.7      0.73          0.63    86.34     0.70    0.65    0.64    1.14    0.70     72.20   5.86    56.08   81.95   0.56    544.50     1.90     N/A    
131  TR887TS480_4        480     45.96    100.00  131   N/A       N/A        -0.54     N/A        29.19    N/A           12.15    21.39    13.468   13.812   161   0    0     0     42.86  63.98  N/A         N/A          -0.14        N/A          63.98  42.654   2.49     15.10       8.8         113      3        2.12          0.67    94.72     0.69    0.73    0.70    1.02    0.71     65.40   6.11    55.75   83.25   0.54    562.80     1.50     52.42  
132  TR887TS162_5        162     45.65    100.00  132   N/A       N/A        -0.57     N/A        28.88    N/A           14.03    18.21    13.587   14.051   161   0    0     0     34.16  63.98  N/A         N/A          -0.77        N/A          63.98  52.04    2.09     15.43       8.1         111      2.8      0.77          0.63    87.27     0.70    0.66    0.64    1.13    0.69     72.80   5.73    56.12   82.24   0.58    530.20     2.01     N/A    
133  TR887TS162_4        162     45.65    100.00  132   N/A       N/A        -0.57     N/A        28.73    N/A           14.24    17.77    13.514   13.979   161   0    0     0     31.68  60.87  N/A         N/A          -0.95        N/A          60.87  48.433   2.23     15.43       7.9         111      2.9      0.50          0.63    86.96     0.70    0.65    0.65    1.12    0.70     81.40   5.73    56.07   81.71   0.58    519.60     2.00     N/A    
134  TR887TS257_2        257     45.34    100.00  134   N/A       N/A        -0.61     N/A        27.95    N/A           15.50    18.07    13.439   13.549   161   0    0     0     34.78  58.39  N/A         N/A          -0.72        N/A          59.63  44.653   2.15     15.43       7.1         111      3.4      1.40          0.65    95.03     0.71    0.69    0.62    0.94    0.76     80.10   5.60    51.18   83.64   0.54    474.80     1.55     N/A    
135  TR887TS060_1        060     43.94    100.00  135   -1.13     N/A        -0.77     N/A        27.80    N/A           12.76    20.78    13.646   14.112   161   0    0     0     37.89  62.11  -0.86       N/A          -0.50        N/A          62.11  43.033   2.28     15.10       7.4         113      3.2      0.75          0.62    88.20     0.67    0.66    0.78    0.87    0.70     90.70   5.99    56.23   81.46   0.55    489.00     2.23     64.29  
136  TR887TS081_3        081     41.77    100.00  136   N/A       N/A        -1.03     N/A        26.71    N/A           13.27    18.11    12.592   12.955   161   0    0     0     35.40  52.17  N/A         N/A          -0.68        N/A          52.17  37.333   2.37     13.79       9.3         113      4.2      1.63          0.67    91.93     0.71    0.70    0.65    0.97    0.72     89.80   5.99    56.73   87.47   0.48    587.80     1.29     71.07  
137  TR887TS418_4        418     41.46    100.00  137   N/A       N/A        -1.06     N/A        25.62    N/A           14.14    19.02    12.752   13.013   161   1    0     0     37.27  53.42  N/A         N/A          -0.54        N/A          53.42  41.838   2.29     13.95       4.7         95       2.9      3.81          0.55    83.85     0.63    0.66    0.71    0.91    0.73     72.30   5.60    52.81   77.96   0.49    349.00     4.12     N/A    
138  TR887TS060_2        060     40.53    100.00  138   N/A       N/A        -1.17     N/A        24.69    N/A           10.69    16.43    12.85    13.302   161   0    0     0     3.73   40.99  N/A         N/A          -2.98        N/A          50.31  33.321   2.70     12.97       7.5         121      4.9      0.50          0.64    89.13     0.69    0.68    0.72    0.92    0.72     81.40   5.86    54.99   83.10   0.48    526.80     2.36     59.22  
139  TR887TS393_5        393     38.82    100.00  139   N/A       N/A        -1.37     N/A        28.42    N/A           14.08    16.47    13.197   13.296   161   0    0     0     32.92  39.13  N/A         N/A          -0.86        N/A          45.34  37.61    2.10     10.51       5.5         116      6.9      2.79          0.69    84.78     0.72    0.70    0.66    1.19    0.66     90.10   5.33    51.25   83.96   0.47    473.10     5.53     66.46  
140  TR887TS220_5        220s    38.35    100.00  140   N/A       N/A        -1.43     -2.30      29.35    N/A           18.59    24.91    13.577   13.761   161   0    0     0     31.06  37.89  N/A         N/A          -0.99        -2.25        42.86  35.694   2.22     9.52        6.3         117      7.8      1.42          0.69    82.92     0.73    0.71    0.68    1.29    0.63     84.00   5.33    50.50   85.30   0.44    502.90     6.20     66.87  
141  TR887TS060_3        060     38.04    100.00  141   N/A       N/A        -1.47     N/A        22.67    N/A           9.66     14.09    12.303   12.754   161   0    0     0     23.60  44.72  N/A         N/A          -1.54        N/A          45.34  35.49    2.27     12.31       7.3         123      5.3      0.64          0.63    88.51     0.67    0.68    0.76    0.84    0.71     81.00   5.60    56.66   82.64   0.47    527.10     2.44     56.50  
142  TR887TS060_4        060     38.04    100.00  141   N/A       N/A        -1.47     N/A        22.05    N/A           8.62     13.97    12.884   13.23    161   0    0     0     23.60  46.58  N/A         N/A          -1.54        N/A          51.55  35.591   2.25     11.33       7.5         113      4.5      0.50          0.64    87.27     0.69    0.68    0.74    0.99    0.72     80.70   5.73    56.33   83.03   0.49    496.80     2.54     61.57  
143  TR887TS220_4        220s    36.34    100.00  143   N/A       N/A        -1.67     -2.64      27.02    N/A           15.78    22.52    13.751   13.899   161   0    0     0     32.92  36.02  N/A         N/A          -0.86        -2.01        37.89  32.013   1.54     8.21        7.5         115      6.6      1.72          0.68    82.61     0.72    0.70    0.68    1.24    0.62     81.30   5.33    50.31   85.29   0.42    577.90     4.92     67.74  
144  TR887TS060_5        060     35.25    100.00  144   N/A       N/A        -1.79     N/A        20.81    N/A           7.48     12.49    10.92    11.568   161   0    0     0     16.77  39.13  N/A         N/A          -2.03        N/A          43.48  29.255   2.38     10.34       7.6         113      5.4      0.60          0.64    89.13     0.68    0.68    0.78    0.64    0.69     80.30   5.60    55.67   83.22   0.41    502.80     2.45     54.15  
145  TR887TS418_5        418     34.78    100.00  145   N/A       N/A        -1.85     N/A        22.20    N/A           8.95     14.11    14.995   15.413   161   1    0     0     12.42  36.65  N/A         N/A          -2.35        N/A          39.13  26.343   2.53     10.51       4.1         79       4.1      3.89          0.53    72.67     0.63    0.61    0.73    0.97    0.55     73.80   5.33    44.43   76.34   0.42    297.50     8.12     N/A    
146  TR887TS418_2        418     34.63    100.00  146   N/A       N/A        -1.87     N/A        22.05    N/A           9.22     15.24    15.493   15.854   161   1    0     0     33.54  45.34  N/A         N/A          -0.81        N/A          45.34  33.111   2.36     10.84       3.9         92       8.7      3.81          0.54    74.22     0.63    0.60    0.60    1.41    0.56     74.50   5.60    42.04   76.09   0.40    306.60     7.83     N/A    
147  TR887TS330_4        330     29.04    100.00  147   N/A       N/A        -2.52     N/A        18.63    N/A           6.35     10.74    20.238   20.563   161   0    0     0     20.50  33.54  N/A         N/A          -1.76        N/A          36.02  27.059   2.52     7.39        2.1         72       5        1.24          0.53    70.50     0.62    0.53    0.47    1.27    0.68     63.30   3.89    37.50   74.47   0.32    258.30     8.50     41.28  
148  TR887TS399_4        399     27.48    100.00  148   N/A       N/A        -2.71     N/A        17.70    N/A           4.32     10.45    13.917   14.711   161   18   0     0     0.00   24.84  N/A         N/A          -3.25        N/A          30.43  22.785   2.33     5.59        2.7         109      9.8      3.07          0.33    68.94     0.60    0.57    0.30    1.10    0.49     90.90   5.04    41.82   77.62   0.35    295.20     11.31    49.10  
149  TR887TS330_1        330     27.17    100.00  149   -3.49     N/A        -2.74     N/A        17.08    N/A           6.04     10.67    16.774   17.209   161   3    0     0     18.63  32.30  -2.53       N/A          -1.90        N/A          34.78  25.293   2.35     6.41        3.9         68       4.4      2.55          0.58    76.09     0.63    0.59    0.66    1.15    0.68     61.90   3.07    38.97   75.08   0.34    211.60     4.06     45.92  
150  TR887TS330_3        330     25.62    100.00  150   N/A       N/A        -2.92     N/A        17.23    N/A           6.74     12.25    18.132   18.474   161   0    0     0     0.00   0.00   N/A         N/A          -3.25        N/A          31.06  21.837   2.60     6.08        3.7         68       3.3      1.65          0.54    67.39     0.61    0.53    0.54    1.30    0.63     62.90   3.50    34.36   71.17   0.35    247.40     12.96    43.04  
151  TR887TS399_1        399     25.00    100.00  151   -3.79     N/A        -3.00     N/A        16.15    N/A           4.64     8.88     15.16    15.667   161   18   0     0     0.00   24.84  -4.15       N/A          -3.25        N/A          30.43  22.785   2.33     5.59        2.6         103      11.4     3.29          0.33    68.32     0.59    0.56    0.30    1.08    0.50     79.00   5.04    40.56   76.66   0.31    289.60     11.38    55.71  
152  TR887TS399_3        399     24.84    100.00  152   N/A       N/A        -3.02     N/A        15.99    N/A           4.66     8.92     15.103   15.643   161   18   0     0     0.00   26.09  N/A         N/A          -3.25        N/A          32.30  22.959   2.38     5.42        2.6         105      11.4     3.15          0.33    67.39     0.59    0.56    0.30    1.02    0.50     79.00   5.04    40.51   76.42   0.31    287.90     11.59    54.02  
153  TR887TS399_2        399     24.53    100.00  153   N/A       N/A        -3.05     N/A        15.99    N/A           4.64     8.87     15.698   16.228   161   7    0     0     0.00   24.84  N/A         N/A          -3.25        N/A          30.43  22.785   2.33     5.59        2.3         103      15.2     3.12          0.36    67.39     0.61    0.57    0.59    0.96    0.48     79.00   5.04    38.99   75.97   0.31    271.30     11.57    56.46  
154  TR887TS399_5        399     24.07    100.00  154   N/A       N/A        -3.11     N/A        16.30    N/A           4.64     8.87     19.329   19.646   161   9    0     0     0.00   24.84  N/A         N/A          -3.25        N/A          30.43  22.785   2.33     5.59        2           105      16.3     3.11          0.36    66.77     0.60    0.58    0.63    0.76    0.55     65.00   5.04    38.80   76.07   0.31    250.20     11.45    46.65  
155  TR887TS330_5        330     23.91    100.00  155   N/A       N/A        -3.13     N/A        16.30    N/A           3.87     8.49     19.158   19.358   161   0    0     0     19.25  24.84  N/A         N/A          -1.85        N/A          36.02  25.808   2.21     4.60        3           64       3.9      1.56          0.52    64.60     0.61    0.50    0.55    1.32    0.62     56.90   2.30    34.33   70.71   0.30    216.00     13.18    41.28  
156  TR887TS330_2        330     22.52    100.00  156   N/A       N/A        -3.29     N/A        13.66    N/A           3.22     6.50     18.341   18.597   161   0    0     0     6.83   31.06  N/A         N/A          -2.75        N/A          33.54  23.31    2.56     5.75        2.7         66       5.2      0.95          0.52    61.80     0.61    0.50    0.58    1.33    0.65     58.70   3.07    34.42   70.23   0.30    203.50     8.35     35.11  

