#    Model               GR#     GDT_TS   NP_P    RANK  Z-M1-GDT  Z-M1s-GDT  Z-MA-GDT  Z-MAs-GDT  GDT_HA   Z-M1s-GDT-HA  GDC_SC   GDC_ALL  RMS_CA   RMS_ALL  NP    err  PC01  PC05  AL0_P  AL4_P  Z-M1-AL0_p  Z-M1s-AL0_p  Z-MA-AL0_p   Z-MAs-AL0_p  ALI_P  LGA_S    RMSD[L]  Z-score[M]  Z-Score[D]  Al.Res.  RMSD[D]  MolPrb_Score  LDDT    SphGr     CAD_AA  RPF     CODM    DFM     Handed.  SOV     CE      QCS     CONTS   TMscore  Dali(raw)  FlexE    QSE    

-    Starting model      -       60.76    -       -     -         -          -         -          47.38    -             22.86    -        8.16     8.48     -     -    -     -     -      -      -           -            -            -            -      -        -        8.49        7.30        69       2.80     2.14          0.47    40.12     0.56    0.48    0.51    0.93    0.65     58.80   3.89    58.85   62.35   0.64     330.60     29.89    -      

1    TR896TS220_2        220s    76.45    100.00  1     N/A       N/A        1.92      1.96       60.47    N/A           37.34    51.11    4.421    5.135    86    0    0     0     75.58  83.72  N/A         N/A          1.59         1.90         83.72  81.457   1.62     12.08       10.8        80       2.8      2.04          0.65    69.77     0.66    0.70    0.85    0.37    0.86     100.00  5.19    92.00   80.41   0.75    452.40     5.42     34.93  
2    TR896TS220_3        220s    75.58    100.00  2     N/A       N/A        1.84      1.83       61.05    N/A           39.98    51.20    5.232    5.622    86    0    0     0     73.26  79.07  N/A         N/A          1.44         1.60         79.07  77.907   1.43     11.68       10.6        73       1.8      1.33          0.64    66.86     0.65    0.69    0.77    0.35    0.85     96.70   5.04    91.48   78.85   0.74    439.90     6.99     36.19  
3    TR896TS220_1        220s    74.13    100.00  3     1.99      1.73       1.72      1.61       58.72    1.73          37.92    50.03    4.519    5.188    86    0    0     0     75.58  82.56  1.86        1.72         1.59         1.90         82.56  79.519   1.63     12.08       10.6        80       2.8      2.12          0.65    70.35     0.66    0.71    0.86    0.34    0.85     81.00   5.19    91.66   80.76   0.74    445.10     5.42     34.20  
4    TR896TS220_4        220s    72.97    100.00  4     N/A       N/A        1.62      1.44       57.56    N/A           36.54    48.41    5.483    5.823    86    0    0     0     72.09  79.07  N/A         N/A          1.37         1.45         79.07  76.135   1.65     11.48       9.9         72       2        2.09          0.63    66.28     0.65    0.68    0.78    0.37    0.85     81.90   5.04    91.03   78.44   0.71    412.80     7.65     36.77  
5    TR896TS081_1        081     61.92    100.00  5     0.66      N/A        0.68      N/A        50.58    N/A           25.43    35.93    8.1      8.425    86    0    0     0     58.14  58.14  0.44        N/A          0.49         N/A          70.93  71.946   1.62     8.49        7.7         65       1.7      0.74          0.49    42.44     0.57    0.48    0.52    0.97    0.66     59.20   4.07    58.59   61.74   0.66    341.80     29.54    68.45  
6    TR896TS480_1        480     61.34    100.00  6     0.60      N/A        0.63      N/A        47.38    N/A           18.89    32.77    8.074    8.423    86    0    0     0     58.14  59.30  0.44        N/A          0.49         N/A          69.77  69.779   1.75     8.49        7.5         68       2.4      2.98          0.47    39.53     0.53    0.48    0.52    0.94    0.65     57.50   3.89    58.99   62.17   0.64    331.10     29.31    44.92  
7    TR896TS187_4        187     61.34    100.00  6     N/A       N/A        0.63      N/A        47.67    N/A           19.64    31.26    7.913    8.349    86    0    0     0     59.30  58.14  N/A         N/A          0.56         N/A          70.93  62.866   1.81     9.09        7.2         67       2.4      3.29          0.44    36.05     0.52    0.47    0.50    1.07    0.66     57.10   3.89    58.11   60.00   0.64    320.90     26.26    N/A    
8    TR896TS250_4        250s    61.05    100.00  8     N/A       N/A        0.61      -0.35      46.51    N/A           21.93    31.84    7.851    8.236    86    0    0     0     58.14  60.47  N/A         N/A          0.49         -0.34        69.77  70.073   1.78     9.09        7.4         70       2.7      0.83          0.48    40.70     0.54    0.47    0.51    1.01    0.67     63.00   4.07    59.38   62.25   0.64    333.60     27.05    59.76  
9    TR896TS412_3        412     61.05    100.00  8     N/A       N/A        0.61      N/A        48.26    N/A           21.60    33.84    8.156    8.505    86    0    0     0     56.98  60.47  N/A         N/A          0.41         N/A          72.09  70.385   1.69     8.49        7.5         64       1.8      1.78          0.48    39.53     0.56    0.47    0.51    0.94    0.66     60.78   4.07    58.76   62.22   0.65    330.30     30.11    49.73  
10   TR896TS412_5        412     61.05    100.00  8     N/A       N/A        0.61      N/A        47.97    N/A           24.12    33.98    8.166    8.519    86    0    0     0     56.98  59.30  N/A         N/A          0.41         N/A          70.93  70.455   1.83     8.49        7.6         67       2.3      1.62          0.48    39.53     0.55    0.48    0.51    0.94    0.66     57.82   4.07    59.08   62.33   0.64    331.40     30.00    49.93  
11   TR896TS250_3        250s    61.05    100.00  8     N/A       N/A        0.61      -0.35      47.09    N/A           22.57    33.37    7.696    8.045    86    0    0     0     56.98  60.47  N/A         N/A          0.41         -0.48        70.93  70.79    1.82     9.29        7.8         69       2.3      0.83          0.49    41.28     0.55    0.48    0.52    0.97    0.67     63.00   4.07    59.73   63.49   0.65    341.40     27.30    58.89  
12   TR896TS294_1        294     60.76    100.00  12    0.54      N/A        0.58      N/A        47.09    N/A           20.62    33.03    8.154    8.476    86    0    0     0     56.98  59.30  0.35        N/A          0.41         N/A          70.93  70.084   1.72     8.49        7.5         67       2.3      1.82          0.47    38.95     0.54    0.47    0.51    0.93    0.65     60.10   3.89    59.02   62.28   0.64    330.30     29.80    45.18  
13   TR896TS393_1        393     60.76    100.00  12    0.54      N/A        0.58      N/A        47.67    N/A           23.21    34.58    8.116    8.456    86    1    0     0     55.81  60.47  0.26        N/A          0.34         N/A          74.42  70.571   1.80     8.49        6.1         67       2.3      3.28          0.48    38.95     0.55    0.48    0.52    0.93    0.65     59.40   3.89    59.09   61.77   0.66    329.20     29.37    44.79  
14   TR896TS381_5        381     60.76    100.00  12    N/A       N/A        0.58      N/A        46.51    N/A           23.86    34.50    8.113    8.438    86    0    0     0     55.81  60.47  N/A         N/A          0.34         N/A          72.09  70.577   1.60     8.49        7.5         64       1.8      2.47          0.49    38.95     0.56    0.49    0.51    0.93    0.65     61.90   3.89    59.13   62.41   0.64    329.40     28.92    49.79  
15   TR896TS081_2        081     60.76    100.00  12    N/A       N/A        0.58      N/A        47.97    N/A           24.59    34.14    8.17     8.501    86    0    0     0     56.98  59.30  N/A         N/A          0.41         N/A          70.93  69.813   1.63     8.49        7.4         64       1.8      1.02          0.48    40.12     0.56    0.47    0.51    0.95    0.65     61.90   3.89    58.38   61.29   0.64    326.20     30.42    65.15  
16   TR896TS412_4        412     60.76    100.00  12    N/A       N/A        0.58      N/A        47.67    N/A           24.19    34.04    8.163    8.489    86    0    0     0     58.14  59.30  N/A         N/A          0.49         N/A          70.93  70.176   1.78     8.49        7.4         64       1.8      1.61          0.47    39.53     0.56    0.47    0.51    0.93    0.66     60.78   3.89    58.87   62.23   0.64    326.10     29.88    50.14  
17   TR896TS204_5        204     60.76    100.00  12    N/A       N/A        0.58      N/A        47.67    N/A           22.70    33.97    8.14     8.444    86    0    0     0     56.98  59.30  N/A         N/A          0.41         N/A          70.93  69.869   1.69     8.89        7.5         64       1.8      0.90          0.48    40.12     0.56    0.48    0.52    0.92    0.66     54.60   3.89    58.88   62.19   0.64    329.40     29.56    N/A    
18   TR896TS188_1        188     60.76    100.00  12    0.54      N/A        0.58      N/A        46.80    N/A           22.93    33.28    8.182    8.494    86    0    0     0     56.98  59.30  0.35        N/A          0.41         N/A          70.93  69.63    1.71     8.49        7.3         67       2.3      3.31          0.48    41.86     0.55    0.48    0.51    0.94    0.65     68.70   3.89    58.80   61.23   0.64    323.70     29.90    N/A    
19   TR896TS412_1        412     60.76    100.00  12    0.54      N/A        0.58      N/A        47.09    N/A           23.37    33.39    8.165    8.518    86    0    0     0     56.98  59.30  0.35        N/A          0.41         N/A          70.93  70.176   1.78     8.49        7.5         64       1.8      1.40          0.48    39.53     0.56    0.48    0.51    0.93    0.65     57.82   4.07    58.95   62.43   0.64    329.00     29.68    50.07  
20   TR896TS381_3        381     60.47    100.00  20    N/A       N/A        0.56      N/A        45.64    N/A           23.79    33.99    8.12     8.45     86    0    0     0     55.81  60.47  N/A         N/A          0.34         N/A          72.09  70.592   1.61     8.49        7.2         69       2.8      2.53          0.48    40.12     0.56    0.49    0.52    0.93    0.65     62.70   3.89    59.10   61.97   0.64    327.30     29.03    49.85  
21   TR896TS250_2        250s    60.47    100.00  20    N/A       N/A        0.56      -0.44      46.51    N/A           21.75    34.14    7.884    8.281    86    0    0     0     56.98  60.47  N/A         N/A          0.41         -0.48        69.77  70.073   1.80     8.89        7.3         70       2.8      0.83          0.48    39.53     0.54    0.47    0.51    1.01    0.66     63.00   4.07    59.43   62.35   0.64    330.90     27.08    59.26  
22   TR896TS412_2        412     60.47    100.00  20    N/A       N/A        0.56      N/A        47.09    N/A           23.30    33.29    8.157    8.492    86    0    0     0     56.98  59.30  N/A         N/A          0.41         N/A          70.93  69.475   1.66     8.49        7.4         64       1.8      1.48          0.48    40.70     0.55    0.48    0.51    0.93    0.66     60.78   4.07    58.94   62.07   0.64    326.40     30.25    50.27  
23   TR896TS446_1        446s    60.47    100.00  20    0.50      -0.45      0.56      -0.44      46.22    -0.47         23.81    34.13    7.963    8.326    86    0    0     0     56.98  59.30  0.35        -0.44        0.41         -0.48        69.77  68.134   1.75     7.49        7           64       1.9      1.02          0.47    40.70     0.55    0.47    0.52    0.95    0.66     60.20   4.07    58.41   61.54   0.63    313.60     26.72    70.47  
24   TR896TS073_5        073     60.47    100.00  20    N/A       N/A        0.56      N/A        46.80    N/A           23.59    34.26    8.148    8.458    86    0    0     0     55.81  59.30  N/A         N/A          0.34         N/A          70.93  69.875   1.63     8.49        7.4         64       1.8      2.93          0.48    40.12     0.56    0.48    0.52    0.92    0.65     61.90   3.89    58.91   62.15   0.64    328.70     29.83    66.98  
25   TR896TS396_1        396     60.47    100.00  20    0.50      N/A        0.56      N/A        46.80    N/A           23.30    34.19    8.164    8.483    86    0    0     0     56.98  59.30  0.35        N/A          0.41         N/A          70.93  70.165   1.62     8.49        7.3         69       2.8      2.07          0.48    40.12     0.56    0.48    0.51    0.93    0.65     61.90   3.89    58.87   62.33   0.64    330.00     29.91    N/A    
26   TR896TS396_2        396     60.47    100.00  20    N/A       N/A        0.56      N/A        46.80    N/A           23.30    34.19    8.164    8.483    86    1    0     0     56.98  59.30  N/A         N/A          0.41         N/A          73.26  71.486   1.72     8.49        6.2         67       2.3      2.03          0.48    40.12     0.56    0.48    0.51    0.93    0.65     61.90   3.89    58.87   62.32   0.65    331.00     29.92    N/A    
27   TR896TS381_4        381     60.47    100.00  20    N/A       N/A        0.56      N/A        45.64    N/A           23.79    33.99    8.12     8.45     86    0    0     0     55.81  60.47  N/A         N/A          0.34         N/A          72.09  70.592   1.61     8.49        7.2         69       2.8      2.53          0.48    40.12     0.56    0.49    0.52    0.93    0.65     62.70   3.89    59.10   61.97   0.64    327.30     29.03    49.85  
28   TR896TS023_1        023     60.17    100.00  28    0.47      N/A        0.53      N/A        47.38    N/A           24.99    34.04    8.203    8.524    86    0    0     0     56.98  59.30  0.35        N/A          0.41         N/A          68.60  68.838   1.75     8.69        7           66       2.7      1.19          0.48    37.79     0.56    0.48    0.50    0.94    0.65     62.10   3.89    58.97   62.38   0.64    321.80     29.45    46.50  
29   TR896TS381_2        381     60.17    100.00  28    N/A       N/A        0.53      N/A        46.80    N/A           24.32    34.17    8.094    8.428    86    0    0     0     55.81  59.30  N/A         N/A          0.34         N/A          70.93  69.594   1.63     8.49        7.1         69       2.8      2.69          0.49    39.53     0.56    0.49    0.52    0.93    0.65     61.00   3.89    59.34   62.27   0.64    325.70     28.67    50.02  
30   TR896TS324_4        324     60.17    100.00  28    N/A       N/A        0.53      N/A        47.09    N/A           25.41    36.05    8.355    8.634    86    0    0     0     58.14  59.30  N/A         N/A          0.49         N/A          70.93  69.431   1.74     8.29        7.5         64       1.8      2.67          0.48    39.53     0.54    0.49    0.51    0.97    0.65     62.10   3.70    59.00   61.56   0.64    331.30     31.57    45.30  
31   TR896TS381_1        381     60.17    100.00  28    0.47      N/A        0.53      N/A        46.80    N/A           24.32    34.17    8.094    8.428    86    0    0     0     55.81  59.30  0.26        N/A          0.34         N/A          70.93  69.594   1.63     8.49        7.1         69       2.8      2.69          0.49    39.53     0.56    0.49    0.52    0.93    0.65     61.00   3.89    59.34   62.27   0.64    325.70     28.67    50.02  
32   TR896TS073_4        073     60.17    100.00  28    N/A       N/A        0.53      N/A        44.19    N/A           23.64    33.66    7.81     8.098    86    0    0     0     59.30  60.47  N/A         N/A          0.56         N/A          70.93  68.704   1.78     9.09        6.9         66       2.2      1.56          0.47    41.28     0.54    0.48    0.52    0.95    0.66     59.30   3.89    58.04   60.55   0.63    311.20     28.28    77.25  
33   TR896TS023_2        023     59.88    100.00  33    N/A       N/A        0.51      N/A        47.09    N/A           23.17    35.84    8.132    8.481    86    0    0     0     56.98  58.14  N/A         N/A          0.41         N/A          68.60  68.528   1.65     8.69        7.2         64       1.9      1.06          0.48    37.79     0.56    0.47    0.50    0.95    0.65     62.10   4.07    59.21   62.06   0.63    318.50     29.35    46.35  
34   TR896TS324_2        324     59.88    100.00  33    N/A       N/A        0.51      N/A        46.80    N/A           25.85    36.17    8.405    8.719    86    0    0     0     58.14  59.30  N/A         N/A          0.49         N/A          70.93  69.008   1.69     8.29        7.5         64       1.8      2.61          0.48    38.95     0.54    0.48    0.51    0.99    0.65     63.80   4.07    58.83   61.46   0.64    331.30     31.26    45.39  
35   TR896TS324_5        324     59.88    100.00  33    N/A       N/A        0.51      N/A        46.22    N/A           25.57    36.37    8.333    8.632    86    0    0     0     58.14  59.30  N/A         N/A          0.49         N/A          70.93  69.417   1.71     8.49        7.6         64       1.7      2.85          0.48    39.53     0.54    0.48    0.51    0.95    0.65     62.10   4.07    58.94   61.69   0.64    332.80     31.48    45.21  
36   TR896TS250_5        250s    59.88    100.00  33    N/A       N/A        0.51      -0.53      45.93    N/A           21.64    34.35    7.768    8.215    86    0    0     0     55.81  58.14  N/A         N/A          0.34         -0.63        69.77  68.1     1.78     9.09        7.2         69       2.7      0.83          0.47    37.21     0.54    0.46    0.51    1.02    0.66     55.90   3.89    55.83   60.96   0.63    321.10     28.56    60.29  
37   TR896TS208_4        208     59.88    100.00  33    N/A       N/A        0.51      N/A        45.35    N/A           20.16    32.56    8.1      8.481    86    0    0     0     55.81  60.47  N/A         N/A          0.34         N/A          72.09  68.36    1.65     8.49        7.1         64       1.9      1.55          0.47    37.21     0.55    0.47    0.51    0.92    0.65     61.20   3.89    58.70   61.56   0.63    317.50     28.81    49.55  
38   TR896TS102_2        102     59.88    100.00  33    N/A       N/A        0.51      N/A        46.22    N/A           23.19    33.80    8.046    8.403    86    9    0     0     56.98  60.47  N/A         N/A          0.41         N/A          72.09  69.415   1.82     9.09        7.2         68       2.4      2.26          0.48    38.95     0.53    0.47    0.50    0.91    0.66     67.90   4.07    58.80   63.37   0.63    312.20     29.38    N/A    
39   TR896TS102_4        102     59.88    100.00  33    N/A       N/A        0.51      N/A        46.51    N/A           20.42    34.58    8.119    8.433    86    0    0     0     58.14  60.47  N/A         N/A          0.49         N/A          72.09  69.742   1.67     8.49        7.4         64       1.7      1.29          0.44    41.28     0.54    0.47    0.48    0.93    0.66     67.00   4.07    58.14   61.87   0.64    325.80     29.29    68.98  
40   TR896TS023_4        023     59.88    100.00  33    N/A       N/A        0.51      N/A        47.09    N/A           23.55    33.51    8.147    8.455    86    0    0     0     55.81  58.14  N/A         N/A          0.34         N/A          67.44  69.191   1.84     8.49        7.3         64       1.9      1.00          0.48    36.63     0.57    0.47    0.50    0.93    0.65     61.90   3.89    58.95   62.15   0.63    323.70     29.25    46.84  
41   TR896TS265_1        265     59.88    100.00  33    0.44      N/A        0.51      N/A        48.26    N/A           24.59    34.53    8.041    8.34     86    0    0     0     58.14  61.63  0.44        N/A          0.49         N/A          72.09  60.628   1.87     8.89        7.1         63       1.8      1.41          0.48    41.86     0.57    0.48    0.54    0.94    0.66     58.80   3.89    58.81   62.73   0.62    318.30     29.34    67.64  
42   TR896TS265_5        265     59.59    100.00  42    N/A       N/A        0.48      N/A        47.97    N/A           26.19    35.16    8.051    8.391    86    0    0     0     60.47  61.63  N/A         N/A          0.63         N/A          72.09  62.175   2.01     8.69        7.1         64       1.9      1.65          0.48    39.53     0.57    0.48    0.52    0.93    0.66     58.80   3.89    59.36   62.58   0.62    315.30     29.79    67.04  
43   TR896TS265_2        265     59.59    100.00  42    N/A       N/A        0.48      N/A        47.97    N/A           25.30    34.49    8.038    8.366    86    0    0     0     59.30  60.47  N/A         N/A          0.56         N/A          72.09  66.916   1.74     8.89        7.2         64       2        1.49          0.48    39.53     0.57    0.48    0.53    0.94    0.66     58.80   3.89    58.91   62.58   0.62    318.30     28.18    68.05  
44   TR896TS324_1        324     59.59    100.00  42    0.41      N/A        0.48      N/A        46.22    N/A           24.81    35.57    8.441    8.73     86    0    0     0     58.14  59.30  0.44        N/A          0.49         N/A          70.93  69.181   1.64     8.29        7.5         64       1.9      2.40          0.47    39.53     0.54    0.48    0.51    0.99    0.64     63.80   4.07    58.84   61.54   0.64    329.60     31.10    45.64  
45   TR896TS204_1        204     59.59    100.00  42    0.41      N/A        0.48      N/A        45.93    N/A           23.21    33.16    8.216    8.443    86    0    0     0     56.98  59.30  0.35        N/A          0.41         N/A          69.77  68.809   1.75     8.49        7.2         64       1.9      0.90          0.47    38.95     0.55    0.47    0.52    0.92    0.65     60.90   3.89    58.76   61.71   0.63    318.80     30.20    N/A    
46   TR896TS250_1        250s    59.59    100.00  42    0.41      -0.59      0.48      -0.57      45.06    -0.68         21.33    33.91    7.791    8.238    86    0    0     0     54.65  58.14  0.16        -0.71        0.27         -0.78        68.60  68.209   1.81     8.89        7.2         69       2.7      0.83          0.47    37.79     0.54    0.46    0.51    1.01    0.66     55.90   3.89    55.79   60.96   0.63    318.90     28.68    60.49  
47   TR896TS324_3        324     59.59    100.00  42    N/A       N/A        0.48      N/A        46.80    N/A           22.51    35.35    8.406    8.677    86    0    0     0     56.98  59.30  N/A         N/A          0.41         N/A          70.93  68.726   1.67     8.29        7.5         64       1.8      2.71          0.47    39.53     0.54    0.48    0.51    0.99    0.65     63.80   4.07    59.00   61.79   0.64    332.00     31.25    45.42  
48   TR896TS265_4        265     59.59    100.00  42    N/A       N/A        0.48      N/A        47.38    N/A           23.95    34.79    8.069    8.398    86    0    0     0     55.81  60.47  N/A         N/A          0.34         N/A          70.93  60.427   1.81     8.49        7.2         64       2        1.24          0.48    41.28     0.57    0.48    0.52    0.95    0.66     63.80   3.89    58.79   63.21   0.62    318.80     28.68    66.03  
49   TR896TS208_3        208     59.30    100.00  49    N/A       N/A        0.46      N/A        45.06    N/A           21.22    32.77    8.097    8.47     86    0    0     0     55.81  60.47  N/A         N/A          0.34         N/A          72.09  68.496   1.73     8.49        7.1         64       1.9      1.66          0.48    37.79     0.55    0.47    0.51    0.93    0.66     61.20   3.89    58.73   61.48   0.63    317.20     28.82    49.54  
50   TR896TS073_1        073     59.30    100.00  49    0.38      N/A        0.46      N/A        43.02    N/A           20.98    31.00    7.827    8.141    86    0    0     0     55.81  59.30  0.26        N/A          0.34         N/A          70.93  62.056   1.89     8.89        6.6         66       2.3      1.66          0.46    38.95     0.54    0.47    0.52    0.93    0.66     64.50   4.25    58.66   59.88   0.62    299.70     28.41    78.72  
51   TR896TS204_3        204     59.30    100.00  49    N/A       N/A        0.46      N/A        45.93    N/A           21.89    32.62    8.199    8.429    86    0    0     0     56.98  58.14  N/A         N/A          0.41         N/A          69.77  69.304   1.70     8.49        7.2         64       1.9      1.12          0.48    39.53     0.55    0.47    0.51    0.92    0.65     59.60   3.89    58.77   61.84   0.63    319.80     30.11    N/A    
52   TR896TS208_2        208     59.30    100.00  49    N/A       N/A        0.46      N/A        44.77    N/A           20.27    31.95    8.082    8.47     86    0    0     0     55.81  60.47  N/A         N/A          0.34         N/A          70.93  68.37    1.66     8.49        7.1         64       1.9      1.38          0.47    38.95     0.55    0.47    0.51    0.94    0.66     61.20   3.89    58.83   61.39   0.63    315.80     28.76    49.71  
53   TR896TS208_1        208     59.30    100.00  49    0.38      N/A        0.46      N/A        44.48    N/A           20.98    32.47    8.087    8.47     86    0    0     0     55.81  60.47  0.26        N/A          0.34         N/A          72.09  69.204   1.73     8.49        7.1         64       1.9      1.91          0.47    37.79     0.55    0.47    0.51    0.94    0.66     61.20   3.89    58.79   61.45   0.63    317.30     28.74    49.59  
54   TR896TS208_5        208     59.30    100.00  49    N/A       N/A        0.46      N/A        44.19    N/A           20.22    32.04    8.091    8.47     86    0    0     0     55.81  60.47  N/A         N/A          0.34         N/A          72.09  68.37    1.66     8.49        7.1         64       1.9      1.77          0.47    38.95     0.55    0.48    0.51    0.94    0.65     61.20   3.89    58.80   61.38   0.63    315.60     28.79    49.71  
55   TR896TS023_5        023     59.30    100.00  49    N/A       N/A        0.46      N/A        45.06    N/A           22.82    32.33    8.25     8.576    86    0    0     0     56.98  59.30  N/A         N/A          0.41         N/A          69.77  68.39    1.76     8.49        7.2         63       1.8      1.19          0.47    38.37     0.55    0.47    0.49    0.92    0.65     60.60   3.89    58.71   61.90   0.63    319.30     29.33    47.15  
56   TR896TS102_1        102     59.01    100.00  56    0.35      N/A        0.43      N/A        44.77    N/A           22.91    33.29    8.149    8.45     86    1    0     0     58.14  60.47  0.44        N/A          0.49         N/A          73.26  69.099   1.78     8.49        7.2         65       1.9      1.29          0.47    38.37     0.54    0.47    0.50    0.93    0.66     63.30   3.89    58.65   62.41   0.63    319.00     29.05    N/A    
57   TR896TS023_3        023     59.01    100.00  56    N/A       N/A        0.43      N/A        45.64    N/A           22.17    34.02    8.374    8.734    86    0    0     0     56.98  58.14  N/A         N/A          0.41         N/A          69.77  68.802   1.94     8.49        6.8         69       3        1.19          0.48    38.37     0.55    0.48    0.50    0.95    0.64     60.60   3.89    59.66   62.62   0.63    318.60     28.76    46.77  
58   TR896TS430_1        430s    59.01    100.00  56    0.35      -0.68      0.43      -0.66      45.64    -0.58         22.93    34.38    8.178    8.502    86    0    0     0     55.81  59.30  0.26        -0.58        0.34         -0.63        70.93  68.08    1.78     8.49        7.2         64       1.9      2.19          0.47    38.37     0.56    0.47    0.51    0.94    0.65     58.30   3.89    57.35   61.26   0.63    320.20     29.95    50.12  
59   TR896TS001_2        001     59.01    100.00  56    N/A       N/A        0.43      N/A        43.31    N/A           20.89    33.82    8.239    8.569    86    0    0     0     58.14  59.30  N/A         N/A          0.49         N/A          69.77  68.695   1.89     8.09        6.8         64       1.9      2.30          0.45    37.21     0.54    0.45    0.50    0.97    0.66     60.88   4.07    56.89   60.14   0.62    305.80     32.66    N/A    
60   TR896TS001_5        001     59.01    100.00  56    N/A       N/A        0.43      N/A        45.93    N/A           22.91    32.28    8.192    8.502    86    0    0     0     56.98  58.14  N/A         N/A          0.41         N/A          69.77  68.108   1.83     8.49        7           64       2        2.32          0.47    37.21     0.55    0.46    0.51    0.94    0.66     51.00   3.89    57.66   62.01   0.62    312.00     30.22    N/A    
61   TR896TS204_4        204     59.01    100.00  56    N/A       N/A        0.43      N/A        45.35    N/A           23.77    35.83    8.27     8.593    86    0    0     0     59.30  61.63  N/A         N/A          0.56         N/A          72.09  69.677   2.03     8.89        7.3         67       2.3      0.95          0.47    39.53     0.55    0.47    0.52    0.94    0.65     65.70   4.07    58.78   61.66   0.64    322.10     29.63    N/A    
62   TR896TS102_5        102     59.01    100.00  56    N/A       N/A        0.43      N/A        44.48    N/A           23.15    33.92    8.251    8.596    86    0    0     0     58.14  61.63  N/A         N/A          0.49         N/A          73.26  70.619   1.80     8.49        7.3         65       1.8      1.75          0.47    37.21     0.54    0.47    0.48    0.95    0.65     65.10   3.89    58.40   61.39   0.64    324.10     29.16    69.39  
63   TR896TS011_4        011     59.01    100.00  56    N/A       N/A        0.43      N/A        45.06    N/A           23.90    32.79    7.961    8.367    86    0    0     0     58.14  58.14  N/A         N/A          0.49         N/A          70.93  61.584   2.06     8.69        7.4         64       1.9      2.30          0.48    37.21     0.54    0.47    0.52    0.96    0.66     62.10   3.89    60.39   62.93   0.62    326.30     27.49    49.63  
64   TR896TS430_4        430s    58.72    100.00  64    N/A       N/A        0.41      -0.70      45.35    N/A           20.38    32.84    8.219    8.532    86    0    0     0     55.81  59.30  N/A         N/A          0.34         -0.63        70.93  68.667   1.77     8.49        7.2         64       1.8      1.94          0.47    38.37     0.55    0.47    0.51    0.94    0.65     58.30   3.89    57.64   61.03   0.63    319.70     30.57    50.47  
65   TR896TS061_1        061     58.72    100.00  64    0.31      N/A        0.41      N/A        44.77    N/A           21.49    32.30    7.831    8.162    86    0    0     0     54.65  60.47  0.16        N/A          0.27         N/A          70.93  67.318   1.93     8.69        6.5         69       2.6      1.28          0.48    40.12     0.53    0.48    0.49    0.98    0.66     58.20   4.07    59.49   61.30   0.61    294.60     26.11    N/A    
66   TR896TS265_3        265     58.72    100.00  64    N/A       N/A        0.41      N/A        47.09    N/A           25.21    36.22    8.162    8.461    86    0    0     0     58.14  60.47  N/A         N/A          0.49         N/A          72.09  60.634   1.83     8.49        7.1         64       1.9      1.12          0.48    39.53     0.57    0.48    0.53    0.94    0.65     61.90   3.89    58.79   62.81   0.62    318.20     29.19    66.62  
67   TR896TS017_5        017     58.72    100.00  64    N/A       N/A        0.41      N/A        44.48    N/A           26.43    33.88    8.088    8.33     86    1    0     0     59.30  61.63  N/A         N/A          0.56         N/A          70.93  61.019   1.84     8.49        6.9         64       2        2.11          0.48    42.44     0.56    0.49    0.54    0.92    0.66     58.30   3.89    58.53   61.58   0.61    308.60     30.19    71.21  
68   TR896TS011_5        011     58.72    100.00  64    N/A       N/A        0.41      N/A        45.64    N/A           22.88    33.86    7.974    8.363    86    0    0     0     58.14  59.30  N/A         N/A          0.49         N/A          72.09  68.683   1.69     8.69        7           66       2.6      1.71          0.48    41.28     0.54    0.48    0.53    0.98    0.66     63.20   3.89    60.93   62.92   0.62    322.80     26.94    49.66  
69   TR896TS011_3        011     58.72    100.00  64    N/A       N/A        0.41      N/A        44.48    N/A           21.64    30.77    7.973    8.379    86    0    0     0     58.14  59.30  N/A         N/A          0.49         N/A          73.26  68.01    1.71     8.49        7.1         63       1.7      2.67          0.47    40.70     0.53    0.47    0.52    0.96    0.66     68.40   4.07    60.37   62.18   0.62    318.80     26.99    50.93  
70   TR896TS430_5        430s    58.72    100.00  64    N/A       N/A        0.41      -0.70      45.64    N/A           22.44    34.12    8.163    8.506    86    0    0     0     55.81  59.30  N/A         N/A          0.34         -0.63        69.77  62.441   1.80     8.49        7.2         64       1.9      2.20          0.47    37.79     0.56    0.47    0.51    0.94    0.65     58.30   3.89    57.26   61.25   0.63    319.90     29.80    50.18  
71   TR896TS430_3        430s    58.72    100.00  64    N/A       N/A        0.41      -0.70      45.64    N/A           21.26    33.16    8.201    8.516    86    0    0     0     55.81  59.30  N/A         N/A          0.34         -0.63        70.93  68.244   1.78     8.49        7.2         64       1.8      2.13          0.47    38.37     0.56    0.47    0.51    0.94    0.65     58.30   3.89    57.63   61.12   0.63    319.60     30.34    50.41  
72   TR896TS430_2        430s    58.72    100.00  64    N/A       N/A        0.41      -0.70      45.35    N/A           22.33    34.25    8.161    8.5      86    0    0     0     55.81  59.30  N/A         N/A          0.34         -0.63        70.93  68.186   1.77     8.49        7.2         64       1.9      1.96          0.47    38.37     0.56    0.47    0.51    0.94    0.65     58.30   3.89    57.27   61.28   0.63    319.30     29.70    50.13  
73   TR896TS220_5        220s    58.72    100.00  64    N/A       N/A        0.41      -0.70      45.35    N/A           23.90    34.40    8.062    8.475    86    0    0     0     56.98  59.30  N/A         N/A          0.41         -0.48        72.09  68.272   1.67     8.09        7.2         63       1.7      1.98          0.47    37.21     0.53    0.47    0.53    0.97    0.66     63.20   4.07    59.54   62.34   0.63    321.80     28.67    49.48  
74   TR896TS073_3        073     58.43    100.00  74    N/A       N/A        0.38      N/A        43.60    N/A           22.15    32.61    7.871    8.182    86    0    0     0     59.30  60.47  N/A         N/A          0.56         N/A          70.93  67.745   1.85     8.89        6.8         64       1.9      1.56          0.47    40.70     0.54    0.47    0.52    0.94    0.66     58.60   3.89    57.82   60.04   0.62    305.80     28.20    77.37  
75   TR896TS017_2        017     58.43    100.00  74    N/A       N/A        0.38      N/A        44.48    N/A           26.63    33.68    8.123    8.358    86    1    0     0     59.30  61.63  N/A         N/A          0.56         N/A          70.93  60.856   1.84     8.49        6.9         64       2        1.95          0.48    42.44     0.56    0.49    0.54    0.93    0.66     58.30   3.89    58.55   61.70   0.61    308.30     30.58    71.76  
76   TR896TS187_2        187     58.43    100.00  74    N/A       N/A        0.38      N/A        43.90    N/A           17.43    29.08    7.988    8.491    86    0    0     0     53.49  60.47  N/A         N/A          0.19         N/A          73.26  61.7     1.95     8.69        7           66       2.3      3.17          0.42    34.30     0.51    0.46    0.49    1.06    0.66     50.30   3.89    59.20   59.75   0.63    315.00     29.58    N/A    
77   TR896TS273_1        273     58.43    100.00  74    0.28      N/A        0.38      N/A        46.22    N/A           24.06    35.80    8.102    8.505    86    0    0     0     55.81  59.30  0.26        N/A          0.34         N/A          72.09  68.436   1.71     8.89        7.3         64       1.9      2.44          0.48    40.70     0.54    0.48    0.51    0.94    0.66     63.80   3.89    58.62   63.09   0.63    324.00     29.46    N/A    
78   TR896TS450_2        450     58.43    100.00  74    N/A       N/A        0.38      N/A        38.08    N/A           20.62    29.38    5.345    5.967    86    1    0     0     52.33  67.44  N/A         N/A          0.12         N/A          67.44  51.342   2.12     10.68       5.7         70       3.3      2.27          0.53    58.14     0.58    0.60    0.77    0.50    0.79     81.60   4.58    76.75   65.48   0.57    268.10     9.08     50.11  
79   TR896TS011_1        011     58.43    100.00  74    0.28      N/A        0.38      N/A        44.77    N/A           22.06    33.39    8        8.413    86    0    0     0     60.47  59.30  0.63        N/A          0.63         N/A          70.93  60.657   1.86     8.09        7.2         64       1.9      2.21          0.48    38.37     0.54    0.47    0.52    0.96    0.66     63.20   3.89    60.69   62.84   0.62    319.80     27.21    49.66  
80   TR896TS011_2        011     58.43    100.00  74    N/A       N/A        0.38      N/A        45.06    N/A           23.24    32.44    7.98     8.374    86    0    0     0     58.14  59.30  N/A         N/A          0.49         N/A          73.26  69.37    1.81     8.69        7.3         65       1.9      1.83          0.47    39.53     0.53    0.47    0.52    0.95    0.66     57.00   3.89    60.58   62.24   0.63    326.90     27.04    49.59  
81   TR896TS204_2        204     58.14    100.00  81    N/A       N/A        0.36      N/A        44.19    N/A           23.33    34.89    8.283    8.502    86    0    0     0     55.81  58.14  N/A         N/A          0.34         N/A          69.77  67.715   1.79     8.49        6.9         63       1.9      0.96          0.47    38.37     0.55    0.47    0.52    0.91    0.65     61.70   4.07    58.69   61.25   0.62    310.50     30.45    N/A    
82   TR896TS450_5        450     58.14    100.00  81    N/A       N/A        0.36      N/A        38.08    N/A           16.98    25.60    5.314    6.017    86    0    0     0     53.49  69.77  N/A         N/A          0.19         N/A          69.77  54.942   2.30     10.68       6.2         70       2.9      2.47          0.50    54.65     0.56    0.57    0.76    0.51    0.80     71.00   4.42    78.55   66.52   0.59    289.00     8.47     49.06  
83   TR896TS017_1        017     57.85    100.00  83    0.22      N/A        0.33      N/A        43.90    N/A           25.32    35.12    8.162    8.399    86    0    0     0     59.30  60.47  0.54        N/A          0.56         N/A          70.93  60.801   1.85     8.49        6.9         64       2        1.70          0.46    42.44     0.56    0.49    0.54    0.93    0.66     58.30   4.07    58.63   61.80   0.61    308.80     31.14    70.61  
84   TR896TS073_2        073     57.85    100.00  83    N/A       N/A        0.33      N/A        40.99    N/A           20.53    30.81    7.856    8.135    86    0    0     0     54.65  58.14  N/A         N/A          0.27         N/A          69.77  67.413   2.02     8.89        6.7         64       2.1      1.49          0.46    41.28     0.54    0.47    0.52    0.92    0.67     64.50   4.07    58.72   61.06   0.62    303.70     27.84    76.79  
85   TR896TS017_3        017     57.85    100.00  83    N/A       N/A        0.33      N/A        43.60    N/A           25.43    35.34    8.147    8.38     86    0    0     0     59.30  60.47  N/A         N/A          0.56         N/A          70.93  60.866   1.84     8.49        6.9         64       2        1.99          0.46    42.44     0.56    0.49    0.54    0.93    0.66     58.30   3.89    58.52   61.67   0.61    308.50     30.99    70.40  
86   TR896TS480_4        480     57.85    100.00  83    N/A       N/A        0.33      N/A        43.31    N/A           19.42    33.79    8.445    8.752    86    0    0     0     54.65  56.98  N/A         N/A          0.27         N/A          70.93  62.323   1.80     8.49        6.9         65       2.1      3.00          0.46    40.70     0.54    0.48    0.53    0.96    0.65     59.30   4.07    57.87   59.95   0.62    311.50     32.91    46.52  
87   TR896TS017_4        017     57.56    100.00  87    N/A       N/A        0.31      N/A        43.60    N/A           24.90    34.56    8.188    8.414    86    0    0     0     59.30  60.47  N/A         N/A          0.56         N/A          70.93  60.898   1.85     8.29        6.9         64       2        1.06          0.47    42.44     0.55    0.48    0.53    0.94    0.66     57.23   3.89    58.74   61.79   0.61    308.30     31.21    70.67  
88   TR896TS480_2        480     56.98    100.00  88    N/A       N/A        0.26      N/A        43.31    N/A           18.45    30.91    8.355    8.731    86    0    0     0     55.81  58.14  N/A         N/A          0.34         N/A          69.77  60.458   1.98     8.49        6.7         64       2.1      3.10          0.45    37.21     0.52    0.45    0.52    1.01    0.65     62.80   3.89    57.06   59.44   0.60    302.10     31.12    47.07  
89   TR896TS102_3        102     56.69    100.00  89    N/A       N/A        0.24      N/A        42.15    N/A           20.51    29.59    8.464    8.819    86    0    0     0     53.49  56.98  N/A         N/A          0.19         N/A          68.60  58.964   2.05     8.49        6           62       2.1      1.77          0.45    36.63     0.52    0.45    0.47    0.96    0.65     56.50   3.89    58.28   60.41   0.60    277.50     33.24    68.30  
90   TR896TS480_5        480     56.69    100.00  89    N/A       N/A        0.24      N/A        42.15    N/A           20.18    31.35    8.335    8.63     86    0    0     0     53.49  58.14  N/A         N/A          0.19         N/A          68.60  58.134   1.87     8.49        6.4         64       2.2      2.95          0.46    38.95     0.54    0.47    0.53    0.95    0.65     62.70   3.89    57.61   60.43   0.59    292.10     29.38    47.66  
91   TR896TS001_1        001     56.69    100.00  89    0.09      N/A        0.24      N/A        43.61    N/A           22.46    35.29    8.394    8.68     86    0    0     0     53.49  58.14  0.07        N/A          0.19         N/A          68.60  61.164   1.78     8.49        6.9         64       2        2.31          0.47    38.95     0.53    0.47    0.52    0.94    0.65     57.92   4.07    58.47   61.96   0.61    308.60     30.83    N/A    
92   TR896TS001_4        001     56.40    100.00  92    N/A       N/A        0.21      N/A        40.99    N/A           19.14    31.45    8.601    8.87     86    0    0     0     55.81  61.63  N/A         N/A          0.34         N/A          72.09  66.696   1.94     8.69        6.7         66       2.2      2.26          0.45    40.70     0.53    0.47    0.52    0.93    0.64     65.13   3.70    57.28   60.43   0.61    302.10     32.93    N/A    
93   TR896TS474_2        474     56.40    100.00  92    N/A       N/A        0.21      N/A        39.83    N/A           19.34    28.53    8.246    8.677    86    0    0     0     53.49  58.14  N/A         N/A          0.19         N/A          72.09  68.108   1.74     8.49        6.6         67       2.3      3.68          0.42    31.98     0.49    0.43    0.49    1.13    0.65     76.30   3.70    57.13   55.22   0.62    300.50     27.54    64.53  
94   TR896TS393_2        393     55.81    100.00  94    N/A       N/A        0.16      N/A        39.24    N/A           18.07    29.02    8.221    8.614    86    0    0     0     53.49  55.81  N/A         N/A          0.19         N/A          69.77  61.101   1.86     8.89        5.4         67       2.4      3.33          0.45    31.98     0.50    0.45    0.51    1.00    0.64     62.20   3.70    57.94   56.70   0.61    299.10     27.03    47.02  
95   TR896TS396_3        396     55.81    100.00  94    N/A       N/A        0.16      N/A        40.99    N/A           19.93    33.09    8.4      8.775    86    0    0     0     55.81  59.30  N/A         N/A          0.34         N/A          70.93  60.543   1.88     7.89        7.3         64       2        1.92          0.44    34.88     0.51    0.44    0.49    1.05    0.64     79.50   3.89    56.94   58.04   0.62    310.30     30.78    N/A    
96   TR896TS393_4        393     55.52    100.00  96    N/A       N/A        0.14      N/A        40.70    N/A           19.38    32.25    8.406    8.781    86    0    0     0     54.65  59.30  N/A         N/A          0.27         N/A          70.93  60.034   1.90     7.89        7.1         64       2        3.15          0.45    36.05     0.51    0.45    0.49    1.04    0.64     64.90   3.89    56.65   57.51   0.62    305.60     29.73    46.30  
97   TR896TS001_3        001     55.52    100.00  96    N/A       N/A        0.14      N/A        40.70    N/A           23.08    34.55    8.397    8.658    86    0    0     0     54.65  58.14  N/A         N/A          0.27         N/A          68.60  60.788   1.77     8.49        6.6         64       2        2.25          0.45    37.21     0.54    0.45    0.51    0.96    0.66     63.55   3.89    57.67   60.82   0.61    297.10     32.10    N/A    
98   TR896TS257_1        257     55.23    100.00  98    -0.07     N/A        0.11      N/A        38.95    N/A           19.27    28.69    8.329    8.704    86    0    0     0     53.49  58.14  0.07        N/A          0.19         N/A          70.93  60.965   2.09     8.49        6.7         67       2.4      2.55          0.45    32.56     0.50    0.44    0.50    1.00    0.65     68.30   3.70    58.18   57.42   0.60    306.20     27.87    52.10  
99   TR896TS257_3        257     54.94    100.00  99    N/A       N/A        0.09      N/A        39.53    N/A           18.82    28.78    8.466    8.907    86    0    0     0     52.33  55.81  N/A         N/A          0.12         N/A          69.77  66.106   1.98     7.49        6.5         65       2.1      2.81          0.43    32.56     0.49    0.44    0.51    1.04    0.65     61.80   3.89    58.39   57.42   0.60    295.40     32.29    52.96  
100  TR896TS396_5        396     54.65    100.00  100   N/A       N/A        0.06      N/A        40.70    N/A           20.47    29.98    9.506    9.872    86    0    0     0     53.49  54.65  N/A         N/A          0.19         N/A          67.44  66.156   1.80     8.09        7.1         62       2        2.15          0.43    31.98     0.51    0.42    0.46    1.12    0.60     58.90   4.07    57.80   57.23   0.61    303.60     34.19    N/A    
101  TR896TS081_3        081     54.65    100.00  100   N/A       N/A        0.06      N/A        38.37    N/A           15.21    25.69    8.287    8.792    86    0    0     0     54.65  56.98  N/A         N/A          0.27         N/A          70.93  65.353   1.84     8.49        5.8         64       2.1      1.81          0.42    35.47     0.51    0.42    0.49    1.04    0.65     60.70   3.70    58.46   56.64   0.60    265.80     32.14    77.21  
102  TR896TS396_4        396     54.65    100.00  100   N/A       N/A        0.06      N/A        39.24    N/A           18.98    28.61    8.464    8.94     86    0    0     0     52.33  55.81  N/A         N/A          0.12         N/A          70.93  66.305   1.99     7.49        6           64       2        1.98          0.43    33.72     0.50    0.44    0.51    1.04    0.65     61.80   3.89    58.39   57.39   0.61    297.00     32.32    N/A    
103  TR896TS118_5        118     54.36    100.00  103   N/A       N/A        0.04      N/A        38.66    N/A           19.89    30.39    8.12     8.545    86    0    0     0     54.65  59.30  N/A         N/A          0.27         N/A          69.77  57.57    2.06     8.69        6           67       2.6      1.61          0.42    40.12     0.54    0.45    0.46    0.96    0.66     56.63   4.07    55.30   58.96   0.60    278.60     33.36    N/A    
104  TR896TS474_1        474     54.36    100.00  103   -0.16     N/A        0.04      N/A        38.66    N/A           16.83    26.43    8.47     8.898    86    0    0     0     52.33  58.14  -0.03       N/A          0.12         N/A          70.93  60.482   1.98     8.49        6.2         67       2.4      3.77          0.42    32.56     0.47    0.42    0.49    1.08    0.64     67.40   3.70    56.85   54.34   0.60    285.70     28.81    63.48  
105  TR896TS393_3        393     54.07    100.00  105   N/A       N/A        0.01      N/A        38.08    N/A           17.45    26.87    8.348    8.779    86    0    0     0     51.16  54.65  N/A         N/A          0.05         N/A          69.77  65.083   1.93     7.69        5.7         64       2        3.30          0.43    32.56     0.48    0.44    0.50    1.06    0.65     76.00   3.89    58.29   56.89   0.60    284.00     31.04    48.65  
106  TR896TS393_5        393     54.07    100.00  105   N/A       N/A        0.01      N/A        39.54    N/A           19.56    30.25    9.4      9.798    86    0    0     0     53.49  55.81  N/A         N/A          0.19         N/A          69.77  65.269   1.79     7.49        6.8         61       1.8      3.29          0.43    31.98     0.49    0.44    0.46    1.10    0.60     58.00   3.89    57.35   55.67   0.61    295.10     34.07    48.62  
107  TR896TS450_1        450     54.07    100.00  105   -0.19     N/A        0.01      N/A        35.17    N/A           17.63    27.22    5.93     6.58     86    0    0     0     50.00  70.93  -0.21       N/A          -0.03        N/A          70.93  52.874   2.30     9.89        4.5         66       3.1      2.72          0.49    54.65     0.56    0.53    0.70    0.55    0.76     63.80   4.07    72.26   60.52   0.56    228.60     10.73    50.25  
108  TR896TS450_4        450     53.78    100.00  108   N/A       N/A        -0.01     N/A        34.30    N/A           17.98    25.85    5.578    6.307    86    0    0     0     41.86  68.60  N/A         N/A          -0.54        N/A          70.93  51.256   2.37     10.28       5.6         71       3.5      1.82          0.51    49.42     0.55    0.57    0.75    0.60    0.77     79.20   4.42    76.46   65.11   0.56    265.60     9.47     51.39  
109  TR896TS081_5        081     53.49    100.00  109   N/A       N/A        -0.04     N/A        37.79    N/A           18.47    29.04    8.769    9.117    86    0    0     0     56.98  59.30  N/A         N/A          0.41         N/A          69.77  64.844   1.89     8.09        6.4         63       2        1.88          0.44    34.88     0.53    0.44    0.48    0.97    0.63     64.30   3.70    58.50   58.59   0.58    293.90     32.24    78.82  
110  TR896TS247_2        247     53.49    100.00  109   N/A       N/A        -0.04     N/A        37.79    N/A           22.48    30.47    8.454    8.806    86    0    0     0     52.33  62.79  N/A         N/A          0.12         N/A          72.09  58.522   1.84     7.89        5.9         66       2.6      1.38          0.45    38.37     0.53    0.44    0.47    0.94    0.63     56.60   3.89    52.78   57.14   0.60    277.30     28.90    N/A    
111  TR896TS279_1        279     53.49    100.00  109   -0.26     N/A        -0.04     N/A        38.37    N/A           21.22    30.30    7.861    8.318    86    2    0     0     52.33  59.30  -0.03       N/A          0.12         N/A          65.12  55.147   2.07     7.49        4.8         61       3.2      2.31          0.42    37.21     0.54    0.41    0.41    0.95    0.70     65.73   3.70    54.12   54.80   0.57    243.90     36.00    63.50  
112  TR896TS187_5        187     53.20    100.00  112   N/A       N/A        -0.06     N/A        37.79    N/A           16.52    29.39    8.367    8.979    86    0    0     0     54.65  58.14  N/A         N/A          0.27         N/A          69.77  58.921   1.85     7.89        6           62       1.9      3.29          0.38    30.81     0.49    0.39    0.41    1.08    0.64     68.00   3.29    53.82   54.04   0.60    283.50     30.06    N/A    
113  TR896TS081_4        081     53.20    100.00  112   N/A       N/A        -0.06     N/A        37.79    N/A           16.81    29.10    9.234    9.493    86    0    0     0     54.65  58.14  N/A         N/A          0.27         N/A          69.77  57.596   1.96     8.09        5.7         63       2.1      1.78          0.42    33.72     0.52    0.42    0.48    1.05    0.61     61.50   3.70    57.51   57.82   0.58    268.20     35.85    76.66  
114  TR896TS118_2        118     52.91    100.00  114   N/A       N/A        -0.09     N/A        39.24    N/A           18.69    30.68    8.805    9.174    86    0    0     0     54.65  56.98  N/A         N/A          0.27         N/A          65.12  61.221   1.92     7.69        5.8         62       2.7      1.48          0.43    35.47     0.52    0.40    0.37    1.01    0.63     53.17   3.89    52.60   56.83   0.57    269.20     36.85    N/A    
115  TR896TS060_5        060     52.62    100.00  115   N/A       N/A        -0.11     N/A        38.66    N/A           16.10    24.45    8.853    9.354    86    0    0     0     51.16  50.00  N/A         N/A          0.05         N/A          61.63  50.292   1.98     7.29        5.4         60       2.6      1.79          0.42    34.30     0.49    0.42    0.47    1.06    0.64     59.90   3.89    56.59   55.96   0.55    261.00     33.71    72.41  
116  TR896TS118_1        118     52.03    100.00  116   -0.41     N/A        -0.16     N/A        37.21    N/A           18.47    31.47    9.136    9.489    86    0    0     0     55.81  58.14  0.26        N/A          0.34         N/A          63.95  54.945   1.68     7.49        5.8         62       2.7      2.03          0.42    36.05     0.51    0.41    0.37    1.06    0.62     59.50   4.07    51.52   57.51   0.56    269.20     40.22    N/A    
117  TR896TS060_3        060     52.03    100.00  116   N/A       N/A        -0.16     N/A        37.21    N/A           17.01    27.93    9.573    10.164   86    0    0     0     50.00  54.65  N/A         N/A          -0.03        N/A          61.63  51.692   1.80     7.09        5.3         64       3.4      1.23          0.40    26.74     0.46    0.37    0.36    1.14    0.62     67.80   3.50    46.44   50.52   0.56    252.40     55.37    70.69  
118  TR896TS187_3        187     52.03    100.00  116   N/A       N/A        -0.16     N/A        36.92    N/A           16.10    29.56    8.632    9.189    86    0    0     0     56.98  58.14  N/A         N/A          0.41         N/A          69.77  56.387   1.99     7.89        5.9         63       2.1      3.72          0.39    33.14     0.48    0.41    0.43    1.12    0.63     58.90   3.70    55.34   54.90   0.59    277.30     34.81    N/A    
119  TR896TS480_3        480     52.03    100.00  116   N/A       N/A        -0.16     N/A        36.34    N/A           15.59    24.62    8.729    8.99     86    0    0     0     51.16  55.81  N/A         N/A          0.05         N/A          68.60  54.733   2.04     7.89        5.4         62       2.2      3.33          0.43    38.95     0.51    0.46    0.48    0.98    0.64     66.40   3.70    56.56   57.43   0.56    256.80     33.95    51.27  
120  TR896TS118_3        118     51.74    100.00  120   N/A       N/A        -0.19     N/A        36.92    N/A           15.26    29.50    8.556    8.921    86    0    0     0     53.49  56.98  N/A         N/A          0.19         N/A          66.28  57.245   1.92     7.89        5.5         62       2.9      1.95          0.42    35.47     0.53    0.41    0.38    1.01    0.64     55.84   3.89    52.63   56.53   0.57    261.50     36.46    N/A    
121  TR896TS060_2        060     51.74    100.00  120   N/A       N/A        -0.19     N/A        37.21    N/A           14.70    26.61    9.527    9.978    86    0    0     0     48.84  52.33  N/A         N/A          -0.10        N/A          61.63  51.764   1.83     6.69        5.3         64       3.2      1.73          0.41    28.49     0.48    0.39    0.40    1.04    0.57     52.60   3.50    50.20   53.76   0.55    256.10     36.32    64.84  
122  TR896TS450_3        450     51.74    100.00  120   N/A       N/A        -0.19     N/A        33.72    N/A           16.52    24.61    6.587    7.217    86    1    0     0     43.02  67.44  N/A         N/A          -0.47        N/A          67.44  47.448   2.31     9.69        4.7         66       3.4      2.11          0.46    53.49     0.52    0.51    0.60    0.64    0.73     59.70   4.07    71.11   60.51   0.53    244.00     10.79    52.55  
123  TR896TS118_4        118     51.45    100.00  123   N/A       N/A        -0.21     N/A        36.05    N/A           21.31    28.15    9.023    9.369    86    0    0     0     53.49  56.98  N/A         N/A          0.19         N/A          69.77  63.009   1.87     7.69        6.5         62       2        2.13          0.42    34.88     0.55    0.43    0.48    0.99    0.62     73.83   3.89    58.01   55.80   0.58    301.30     29.97    N/A    
124  TR896TS418_4        418     51.16    100.00  124   N/A       N/A        -0.23     N/A        36.92    N/A           19.98    29.64    8.919    9.14     86    0    0     0     47.67  55.81  N/A         N/A          -0.17        N/A          66.28  56.247   1.90     7.89        5.2         62       2.5      4.00          0.42    30.81     0.49    0.43    0.50    1.12    0.61     51.00   3.70    55.19   53.12   0.57    253.60     34.30    54.48  
125  TR896TS060_1        060     51.16    100.00  124   -0.51     N/A        -0.23     N/A        37.21    N/A           14.30    25.94    9.914    10.375   86    0    0     0     47.67  51.16  -0.40       N/A          -0.17        N/A          59.30  51.643   2.10     6.49        5.1         61       3.2      0.96          0.40    27.91     0.48    0.37    0.37    1.16    0.58     59.50   3.70    45.17   51.39   0.55    246.30     47.28    66.92  
126  TR896TS187_1        187     50.87    100.00  126   -0.54     N/A        -0.26     N/A        36.05    N/A           15.92    28.14    8.327    9.114    86    0    0     0     52.33  58.14  -0.03       N/A          0.12         N/A          70.93  58.621   2.01     6.89        5.5         63       2.1      3.34          0.37    26.74     0.48    0.38    0.39    1.22    0.65     61.40   3.89    52.89   51.03   0.58    279.80     32.84    N/A    
127  TR896TS247_5        247     50.29    100.00  127   N/A       N/A        -0.31     N/A        36.05    N/A           20.49    28.69    9.083    9.375    86    0    0     0     50.00  55.81  N/A         N/A          -0.03        N/A          63.95  52.648   1.86     7.09        5           58       2.1      1.38          0.44    31.98     0.52    0.42    0.46    1.08    0.58     60.00   3.70    52.75   54.80   0.56    239.90     32.71    N/A    
128  TR896TS060_4        060     50.29    100.00  127   N/A       N/A        -0.31     N/A        37.79    N/A           15.94    26.56    11.151   11.589   86    0    0     0     46.51  50.00  N/A         N/A          -0.25        N/A          55.81  48.916   1.64     6.09        4.7         60       3.8      1.07          0.40    23.84     0.46    0.36    0.30    1.40    0.52     56.30   3.50    53.11   51.14   0.52    232.80     45.13    61.03  
129  TR896TS247_1        247     50.00    100.00  129   -0.64     N/A        -0.33     N/A        35.17    N/A           20.91    27.54    8.938    9.153    86    0    0     0     47.67  60.47  -0.40       N/A          -0.17        N/A          69.77  51.248   2.11     7.89        5.9         64       2.4      1.13          0.45    36.63     0.51    0.44    0.47    1.05    0.60     54.20   3.89    53.41   55.04   0.59    276.50     32.82    N/A    
130  TR896TS295_5        295     49.42    100.00  130   N/A       N/A        -0.38     N/A        33.72    N/A           17.47    26.10    8.668    9.259    86    0    0     0     50.00  58.14  N/A         N/A          -0.03        N/A          72.09  54.27    2.10     8.09        5.2         61       2        3.75          0.37    29.65     0.47    0.39    0.40    1.08    0.62     51.80   3.70    54.42   51.80   0.57    255.20     31.28    N/A    
131  TR896TS247_3        247     49.13    100.00  131   N/A       N/A        -0.41     N/A        34.59    N/A           20.95    26.67    8.451    8.815    86    0    0     0     45.35  54.65  N/A         N/A          -0.32        N/A          67.44  53.302   1.96     7.69        4.9         61       2.5      0.97          0.44    34.30     0.52    0.43    0.47    1.02    0.63     68.70   3.70    52.42   53.97   0.56    240.90     30.65    N/A    
132  TR896TS295_4        295     49.13    100.00  131   N/A       N/A        -0.41     N/A        32.56    N/A           14.28    24.80    8.023    8.606    86    0    0     0     44.19  55.81  N/A         N/A          -0.39        N/A          67.44  54.012   2.20     7.89        5           62       2.1      3.67          0.35    26.74     0.46    0.36    0.38    1.16    0.66     61.80   3.50    50.79   47.83   0.57    240.90     31.81    N/A    
133  TR896TS295_3        295     48.55    100.00  133   N/A       N/A        -0.46     N/A        32.27    N/A           11.66    23.47    8.988    9.666    86    0    0     0     50.00  53.49  N/A         N/A          -0.03        N/A          66.28  52.469   2.20     7.49        5           66       2.9      3.17          0.36    26.74     0.44    0.38    0.40    1.13    0.60     54.00   3.89    52.74   50.77   0.55    246.60     30.12    N/A    
134  TR896TS247_4        247     47.38    100.00  134   N/A       N/A        -0.56     N/A        32.85    N/A           18.96    27.05    9.166    9.419    86    0    0     0     46.51  55.81  N/A         N/A          -0.25        N/A          68.60  51.412   2.11     7.69        5.2         63       2.8      1.28          0.44    33.14     0.50    0.43    0.46    1.07    0.59     54.70   3.29    52.82   53.21   0.56    253.80     34.14    N/A    
135  TR896TS295_1        295     45.93    100.00  135   -1.08     N/A        -0.68     N/A        30.23    N/A           14.54    21.20    9.481    10.207   86    0    0     0     43.02  53.49  -0.78       N/A          -0.47        N/A          62.79  49.585   2.09     7.69        4.2         60       2.4      3.16          0.36    29.07     0.46    0.39    0.39    1.25    0.58     47.60   3.29    51.36   52.37   0.54    216.90     36.11    N/A    
136  TR896TS418_1        418     45.35    100.00  136   -1.14     N/A        -0.73     N/A        33.43    N/A           13.53    24.25    9.877    10.366   86    0    0     0     44.19  44.19  -0.69       N/A          -0.39        N/A          48.84  47.772   1.74     4.70        2.5         49       4.9      4.06          0.32    22.09     0.45    0.30    0.41    1.57    0.59     57.00   3.50    42.71   48.14   0.45    169.70     56.76    62.70  
137  TR896TS418_5        418     43.90    100.00  137   N/A       N/A        -0.85     N/A        31.10    N/A           14.68    21.45    10.787   11.078   86    0    0     0     40.70  44.19  N/A         N/A          -0.61        N/A          44.19  43.003   1.62     5.70        2           48       3.4      4.20          0.33    20.35     0.46    0.30    0.38    1.28    0.60     55.30   3.50    47.82   48.23   0.40    146.00     54.11    62.84  
138  TR896TS295_2        295     42.73    100.00  138   N/A       N/A        -0.95     N/A        25.58    N/A           10.58    18.19    8.907    9.697    86    0    0     0     37.21  53.49  N/A         N/A          -0.83        N/A          66.28  46.686   2.16     7.89        4.5         61       2.5      3.78          0.35    23.26     0.42    0.34    0.38    1.22    0.61     48.50   3.29    55.23   47.13   0.54    229.00     32.41    N/A    
139  TR896TS418_2        418     41.86    100.00  139   N/A       N/A        -1.03     N/A        25.87    N/A           9.38     17.35    8.751    9.129    86    0    0     0     30.23  47.67  N/A         N/A          -1.27        N/A          59.30  43.364   2.53     8.29        2.7         57       2.8      3.90          0.36    25.58     0.45    0.32    0.41    1.07    0.63     45.10   3.29    47.20   42.39   0.48    170.70     34.14    61.75  
140  TR896TS418_3        418     34.59    100.00  140   N/A       N/A        -1.64     N/A        21.22    N/A           5.65     13.12    8.795    9.394    86    0    0     0     30.23  34.88  N/A         N/A          -1.27        N/A          44.19  32.704   2.27     4.50        0           0        N/A      4.08          0.32    11.63     0.40    0.19    0.21    1.45    0.61     23.90   2.58    38.23   34.98   0.35    N/A        84.94    67.71  
141  TR896TS330_1        330     33.72    100.00  141   -2.41     N/A        -1.72     N/A        19.48    N/A           3.66     6.88     11.462   12.237   86    0    0     0     13.95  40.70  -3.14       N/A          -2.30        N/A          46.51  35.058   2.35     2.70        1.5         46       3.4      0.96          0.30    19.77     0.45    0.23    0.14    1.57    0.53     49.60   3.29    36.99   38.68   0.40    135.80     106.62   47.69  
142  TR896TS330_2        330     22.09    100.00  142   N/A       N/A        -2.71     N/A        11.05    N/A           2.13     5.07     11.275   12.33    86    0    0     0     0.00   0.00   N/A         N/A          -3.18        N/A          33.72  28.073   2.23     -0.09       0.4         37       3.5      1.36          0.28    11.63     0.41    0.12    0.00    2.02    0.52     71.00   1.99    33.89   30.89   0.31    82.70      62.82    40.03  
143  TR896TS330_4        330     20.93    100.00  143   N/A       N/A        -2.81     N/A        9.88     N/A           2.99     4.82     11.062   12.059   86    0    0     0     1.16   9.30   N/A         N/A          -3.11        N/A          32.56  22.234   2.77     2.10        0           0        N/A      1.42          0.27    6.98      0.38    0.08    -0.03   1.90    0.52     63.50   3.07    28.50   27.75   0.28    N/A        84.14    32.27  
144  TR896TS257_4        257     20.35    100.00  144   N/A       N/A        -2.85     N/A        13.37    N/A           2.95     5.93     17.596   18.197   86    0    0     0     0.00   0.00   N/A         N/A          -3.18        N/A          31.40  24.093   2.32     -0.29       0           0        N/A      1.61          0.22    6.40      0.42    0.12    -0.02   2.21    0.49     60.00   2.58    25.59   26.53   0.25    N/A        340.84   82.60  
145  TR896TS257_2        257     20.35    100.00  144   N/A       N/A        -2.85     N/A        13.37    N/A           3.26     5.94     17.596   18.198   86    0    0     0     0.00   0.00   N/A         N/A          -3.18        N/A          31.40  24.093   2.32     -0.29       0           0        N/A      2.49          0.13    5.23      0.42    0.11    -0.02   2.21    0.49     60.00   2.58    25.59   26.53   0.25    N/A        340.84   82.60  
146  TR896TS330_5        330     20.06    100.00  146   N/A       N/A        -2.88     N/A        11.63    N/A           2.97     5.97     12.812   13.379   86    1    0     0     0.00   17.44  N/A         N/A          -3.18        N/A          38.37  31.201   2.34     0.71        0.7         46       3.8      1.66          0.27    9.30      0.39    0.12    0.01    1.69    0.50     51.70   1.64    27.81   30.49   0.31    94.60      122.31   44.80  
147  TR896TS257_5        257     19.48    100.00  147   N/A       N/A        -2.93     N/A        12.50    N/A           2.66     5.84     16.377   17.333   86    0    0     0     1.16   3.49   N/A         N/A          -3.11        N/A          32.56  21.845   2.65     0.91        0           0        N/A      1.96          0.21    6.40      0.40    0.10    -0.07   1.79    0.52     30.50   1.64    25.43   27.26   0.21    N/A        166.35   79.60  
148  TR896TS330_3        330     18.89    100.00  148   N/A       N/A        -2.98     N/A        11.92    N/A           4.46     6.63     11.544   12.387   86    1    0     0     12.79  26.74  N/A         N/A          -2.37        N/A          31.40  27.288   2.13     1.51        0           0        N/A      2.51          0.25    6.98      0.37    0.04    -0.07   1.79    0.53     71.10   1.64    25.38   24.01   0.28    N/A        105.89   48.61  
149  TR896TS399_1        399     16.86    100.00  149   -4.25     N/A        -3.15     N/A        11.04    N/A           2.53     5.75     43.786   44.879   86    0    0     0     0.00   0.00   -4.27       N/A          -3.18        N/A          20.93  18.452   2.14     -0.89       0           0        N/A      2.90          0.13    6.40      0.36    0.06    0.17    2.65    0.47     13.20   0.73    18.38   25.80   0.14    N/A        2213.34  37.39  
150  TR896TS399_3        399     16.86    100.00  149   N/A       N/A        -3.15     N/A        11.04    N/A           2.53     5.75     43.786   44.879   86    0    0     0     0.00   0.00   N/A         N/A          -3.18        N/A          20.93  18.452   2.14     -0.89       0           0        N/A      2.89          0.13    6.40      0.36    0.06    0.17    2.65    0.47     13.20   0.73    18.38   25.80   0.14    N/A        2213.34  35.39  
151  TR896TS399_4        399     16.86    100.00  149   N/A       N/A        -3.15     N/A        11.34    N/A           2.53     5.75     28.283   28.837   86    0    0     0     0.00   0.00   N/A         N/A          -3.18        N/A          20.93  18.452   2.14     -0.89       0           0        N/A      2.94          0.13    6.40      0.36    0.06    0.17    2.97    0.49     13.20   1.24    18.56   25.95   0.17    N/A        1024.06  50.52  
152  TR896TS399_2        399     15.12    100.00  152   N/A       N/A        -3.30     N/A        9.88     N/A           1.86     4.34     33.21    33.883   86    0    0     0     0.00   17.44  N/A         N/A          -3.18        N/A          25.58  20.896   2.05     -1.09       0           0        N/A      3.01          0.13    6.40      0.34    0.06    0.15    3.03    0.54     20.10   1.99    19.52   25.42   0.13    N/A        1255.51  48.73  
153  TR896TS399_5        399     14.54    100.00  153   N/A       N/A        -3.35     N/A        8.72     N/A           1.77     4.29     32.27    33.023   86    1    0     0     0.00   2.33   N/A         N/A          -3.18        N/A          23.26  16.305   2.16     -0.49       0           0        N/A      3.46          0.14    7.56      0.33    0.05    -0.06   2.87    0.49     19.50   2.30    19.96   26.00   0.17    N/A        1145.47  45.34  

