#    Model               GR#     GDT_TS   NP_P    RANK  Z-M1-GDT  Z-M1s-GDT  Z-MA-GDT  Z-MAs-GDT  GDT_HA   Z-M1s-GDT-HA  GDC_SC   GDC_ALL  RMS_CA   RMS_ALL  NP    err  PC01  PC05  AL0_P  AL4_P  Z-M1-AL0_p  Z-M1s-AL0_p  Z-MA-AL0_p   Z-MAs-AL0_p  ALI_P  LGA_S    RMSD[L]  Z-score[M]  Z-Score[D]  Al.Res.  RMSD[D]  MolPrb_Score  LDDT    SphGr     CAD_AA  RPF     CODM    DFM     Handed.  SOV     CE      QCS     CONTS   TMscore  Dali(raw)  FlexE    QSE    

-    Starting model      -       70.21    -       -     -         -          -         -          52.08    -             28.66    -        4.41     5.51     -     -    -     -     -      -      -           -            -            -            -      -        -        14.07       13.60       110      2.90     2.31          0.61    63.75     0.59    0.63    0.89    0.32    0.86     78.10   5.73    89.99   75.18   0.75     727.30     7.58     -      

1    TR895TS279_1        279     77.29    100.00  1     0.99      N/A        1.02      N/A        61.88    N/A           39.60    53.75    3.698    4.775    120   2    0     0     75.83  81.67  0.60        N/A          0.65         N/A          81.67  80.939   1.49     15.33       15.2        111      2.9      1.43          0.67    70.42     0.65    0.68    0.92    0.28    0.89     74.38   5.86    91.61   77.58   0.80    800.10     7.18     84.04  
2    TR895TS450_5        450     73.54    100.00  2     N/A       N/A        0.71      N/A        55.62    N/A           33.37    48.80    4.389    5.419    120   0    0     0     76.67  80.00  N/A         N/A          0.70         N/A          81.67  78.548   1.60     14.43       14.6        109      3        2.08          0.64    67.50     0.63    0.67    0.91    0.28    0.86     77.20   5.86    91.66   79.38   0.77    777.50     7.03     37.32  
3    TR895TS011_4        011     73.54    100.00  2     N/A       N/A        0.71      N/A        55.62    N/A           33.37    48.80    4.389    5.419    120   0    0     0     76.67  80.00  N/A         N/A          0.70         N/A          81.67  78.548   1.60     14.43       14.6        109      3        2.08          0.64    67.50     0.63    0.67    0.91    0.28    0.86     77.20   5.86    91.66   79.38   0.77    777.50     7.03     37.32  
4    TR895TS204_3        204     73.33    100.00  4     N/A       N/A        0.69      N/A        57.50    N/A           34.74    47.45    4.382    5.414    120   0    0     0     74.17  81.67  N/A         N/A          0.55         N/A          81.67  80.091   1.69     14.25       14.8        111      3        0.50          0.65    64.58     0.64    0.65    0.90    0.28    0.86     82.60   5.73    91.29   77.55   0.77    783.70     8.00     N/A    
5    TR895TS204_4        204     73.33    100.00  4     N/A       N/A        0.69      N/A        56.25    N/A           31.83    47.27    4.35     5.4      120   0    0     0     75.00  81.67  N/A         N/A          0.60         N/A          81.67  79.119   1.52     14.07       14.9        110      3        0.50          0.63    62.92     0.61    0.65    0.91    0.28    0.86     81.30   5.86    91.00   76.83   0.77    787.50     8.21     N/A    
6    TR895TS220_3        220s    73.33    100.00  4     N/A       N/A        0.69      1.03       56.04    N/A           38.13    50.32    4.439    5.486    120   0    0     0     74.17  80.00  N/A         N/A          0.55         0.46         81.67  79.189   1.54     13.89       15.1        112      3.4      1.44          0.66    68.75     0.65    0.69    0.91    0.26    0.85     62.40   5.86    92.03   79.44   0.77    797.70     6.86     37.12  
7    TR895TS247_3        247     73.33    100.00  4     N/A       N/A        0.69      N/A        53.75    N/A           34.47    45.92    3.632    4.668    120   0    0     0     73.33  84.17  N/A         N/A          0.50         N/A          84.17  78.52    1.66     15.51       15.2        115      2.9      0.90          0.67    77.08     0.65    0.70    0.93    0.24    0.89     75.60   5.99    91.32   79.43   0.78    801.50     5.09     N/A    
8    TR895TS118_2        118     73.12    100.00  8     N/A       N/A        0.67      N/A        56.04    N/A           36.72    47.63    4.196    5.232    120   0    0     0     75.00  81.67  N/A         N/A          0.60         N/A          81.67  77.416   1.65     14.79       14          104      2.5      1.56          0.64    61.67     0.64    0.66    0.89    0.31    0.87     67.43   5.60    90.28   76.37   0.76    743.00     8.31     N/A    
9    TR895TS023_4        023     73.12    100.00  8     N/A       N/A        0.67      N/A        55.00    N/A           30.88    45.95    3.939    4.95     120   0    0     0     73.33  84.17  N/A         N/A          0.50         N/A          84.17  78.988   1.62     13.89       14.4        110      2.7      1.38          0.63    64.17     0.61    0.65    0.91    0.32    0.88     80.20   5.86    91.06   76.87   0.77    767.50     6.40     30.90  
10   TR895TS247_1        247     72.92    100.00  10    0.59      N/A        0.65      N/A        53.33    N/A           36.69    48.72    3.567    4.462    120   0    0     0     77.50  85.83  0.70        N/A          0.75         N/A          85.83  80.899   1.73     15.33       15.1        112      2.5      1.03          0.66    77.08     0.67    0.69    0.93    0.26    0.89     72.70   5.99    90.73   80.09   0.79    797.30     5.40     N/A    
11   TR895TS396_3        396     72.71    100.00  11    N/A       N/A        0.64      N/A        53.54    N/A           27.82    42.27    3.994    5.052    120   0    0     0     73.33  82.50  N/A         N/A          0.50         N/A          82.50  80.406   1.69     12.99       13.4        112      2.9      2.43          0.60    63.33     0.58    0.63    0.90    0.35    0.86     73.40   5.73    89.23   73.14   0.78    744.00     7.00     N/A    
12   TR895TS204_1        204     72.71    100.00  11    0.57      N/A        0.64      N/A        56.04    N/A           35.80    47.61    4.401    5.434    120   0    0     0     74.17  80.83  0.49        N/A          0.55         N/A          80.83  79.635   1.71     14.25       14.7        111      3.1      0.69          0.64    65.00     0.63    0.65    0.90    0.28    0.86     71.80   5.73    91.18   77.44   0.76    779.80     8.01     N/A    
13   TR895TS023_5        023     72.50    100.00  13    N/A       N/A        0.62      N/A        55.83    N/A           34.08    47.16    4.248    5.205    120   0    0     0     71.67  80.83  N/A         N/A          0.41         N/A          80.83  78.371   1.61     14.43       14.6        109      2.8      1.34          0.64    67.50     0.63    0.67    0.90    0.30    0.86     81.30   5.73    91.15   77.63   0.77    776.10     7.22     31.97  
14   TR895TS324_3        324     72.50    100.00  13    N/A       N/A        0.62      N/A        53.55    N/A           26.60    41.28    4.017    4.866    120   0    0     0     75.00  80.83  N/A         N/A          0.60         N/A          81.67  76.547   1.80     15.33       14.5        113      2.8      3.40          0.63    70.83     0.59    0.67    0.91    0.34    0.87     84.40   5.73    90.13   74.78   0.76    771.50     6.25     31.10  
15   TR895TS102_1        102     72.29    100.00  15    0.53      N/A        0.60      N/A        55.00    N/A           33.24    46.76    4.4      5.509    120   3    0     0     71.67  80.00  0.33        N/A          0.41         N/A          80.00  78.283   1.64     14.43       13.8        109      2.8      1.37          0.62    65.83     0.60    0.64    0.89    0.29    0.86     68.60   5.73    90.10   75.56   0.76    736.00     7.93     N/A    
16   TR895TS208_1        208     72.29    100.00  15    0.53      N/A        0.60      N/A        57.08    N/A           32.70    47.33    4.425    5.46     120   0    0     0     70.83  80.00  0.28        N/A          0.36         N/A          80.00  77.741   1.56     13.71       14.3        109      2.9      1.61          0.64    65.42     0.63    0.66    0.88    0.30    0.86     79.00   5.73    90.42   75.95   0.75    763.30     8.55     39.43  
17   TR895TS208_2        208     72.29    100.00  15    N/A       N/A        0.60      N/A        56.46    N/A           31.83    46.92    4.426    5.455    120   0    0     0     70.83  80.00  N/A         N/A          0.36         N/A          80.00  77.716   1.57     14.07       14.3        109      2.9      1.83          0.64    64.17     0.63    0.66    0.88    0.30    0.86     67.10   5.73    90.49   76.11   0.75    761.70     8.57     39.44  
18   TR895TS208_4        208     72.29    100.00  15    N/A       N/A        0.60      N/A        57.29    N/A           34.63    47.71    4.412    5.454    120   0    0     0     71.67  80.83  N/A         N/A          0.41         N/A          80.83  78.337   1.56     13.71       14.4        108      2.8      1.61          0.65    64.58     0.63    0.66    0.88    0.30    0.86     76.50   5.73    90.44   76.00   0.76    764.60     8.59     39.41  
19   TR895TS208_5        208     72.29    100.00  15    N/A       N/A        0.60      N/A        56.25    N/A           31.63    46.72    4.42     5.453    120   0    0     0     70.83  80.00  N/A         N/A          0.36         N/A          80.00  77.993   1.63     14.25       14.3        109      2.9      1.63          0.64    65.00     0.63    0.65    0.88    0.30    0.86     67.50   5.73    90.46   75.94   0.75    758.90     8.63     39.44  
20   TR895TS446_1        446s    72.29    100.00  15    0.53      1.15       0.60      0.68       56.04    1.46          36.41    47.52    4.09     5.247    120   0    0     0     73.33  80.83  0.44        -0.43        0.50         0.35         80.83  79.046   1.59     14.07       14.2        106      2.5      0.91          0.64    63.75     0.63    0.66    0.91    0.30    0.87     68.90   5.86    90.52   75.94   0.76    756.50     7.68     81.59  
21   TR895TS220_1        220s    72.08    100.00  21    0.51      0.82       0.58      0.60       53.12    -1.36         31.62    47.20    4.558    5.683    120   0    0     0     77.50  80.83  0.70        1.71         0.75         0.92         82.50  77.718   1.60     14.43       14.5        112      3.2      1.84          0.62    64.58     0.62    0.65    0.91    0.28    0.85     77.20   5.86    91.69   79.31   0.76    769.40     6.94     38.75  
22   TR895TS208_3        208     72.08    100.00  21    N/A       N/A        0.58      N/A        57.08    N/A           33.47    47.40    4.423    5.469    120   0    0     0     71.67  80.83  N/A         N/A          0.41         N/A          80.83  78.173   1.56     13.89       14.3        108      2.8      1.45          0.65    64.58     0.63    0.66    0.88    0.30    0.86     76.50   5.73    90.41   75.90   0.76    760.80     8.53     39.42  
23   TR895TS073_4        073     72.08    100.00  21    N/A       N/A        0.58      N/A        55.84    N/A           33.27    45.23    4.317    5.356    120   0    0     0     77.50  81.67  N/A         N/A          0.75         N/A          81.67  78.454   1.63     13.89       13.8        110      3.5      1.71          0.63    65.00     0.60    0.66    0.91    0.32    0.86     78.30   5.73    89.72   76.12   0.75    736.70     6.93     84.21  
24   TR895TS324_5        324     72.08    100.00  21    N/A       N/A        0.58      N/A        53.12    N/A           30.17    45.86    3.957    4.778    120   0    0     0     74.17  81.67  N/A         N/A          0.55         N/A          81.67  76.629   1.78     15.33       14.6        112      2.8      2.95          0.62    69.58     0.60    0.67    0.91    0.32    0.87     83.50   5.73    89.79   74.47   0.76    773.00     5.91     30.30  
25   TR895TS011_2        011     71.88    100.00  25    N/A       N/A        0.57      N/A        55.62    N/A           32.71    45.41    4.353    5.414    120   0    0     0     71.67  79.17  N/A         N/A          0.41         N/A          79.17  78.623   1.63     14.97       14.1        109      2.9      1.69          0.62    62.50     0.62    0.63    0.91    0.30    0.86     77.30   5.73    90.19   75.30   0.76    750.40     7.66     39.34  
26   TR895TS450_3        450     71.88    100.00  25    N/A       N/A        0.57      N/A        55.62    N/A           32.71    45.41    4.353    5.414    120   0    0     0     71.67  79.17  N/A         N/A          0.41         N/A          79.17  78.623   1.63     14.97       14.1        109      2.9      1.69          0.62    62.50     0.62    0.63    0.91    0.30    0.86     77.30   5.73    90.19   75.30   0.76    750.40     7.66     39.34  
27   TR895TS220_4        220s    71.67    100.00  27    N/A       N/A        0.55      0.47       54.79    N/A           32.52    45.16    4.436    5.444    120   0    0     0     71.67  80.00  N/A         N/A          0.41         0.12         80.00  77.284   1.60     14.07       14          113      3.3      1.44          0.62    65.00     0.62    0.64    0.90    0.30    0.85     68.30   5.73    89.77   75.14   0.75    745.60     8.64     39.25  
28   TR895TS023_1        023     71.67    100.00  27    0.47      N/A        0.55      N/A        54.17    N/A           33.31    47.46    4.118    5.172    120   0    0     0     74.17  81.67  0.49        N/A          0.55         N/A          81.67  78.594   1.70     14.61       14.7        113      3.1      1.39          0.64    67.50     0.63    0.67    0.90    0.29    0.86     71.70   5.73    90.75   76.83   0.76    778.30     7.78     31.41  
29   TR895TS450_2        450     71.46    100.00  29    N/A       N/A        0.53      N/A        52.29    N/A           32.82    46.70    4.581    5.602    120   0    0     0     75.00  79.17  N/A         N/A          0.60         N/A          80.83  78.082   1.59     14.07       14.1        107      2.8      1.90          0.62    65.83     0.61    0.65    0.90    0.28    0.85     79.40   5.86    90.79   77.10   0.76    751.10     7.18     38.39  
30   TR895TS011_1        011     71.46    100.00  29    0.45      N/A        0.53      N/A        52.29    N/A           32.82    46.70    4.581    5.602    120   0    0     0     75.00  79.17  0.54        N/A          0.60         N/A          80.83  78.082   1.59     14.07       14.1        107      2.8      1.90          0.62    65.83     0.61    0.65    0.90    0.28    0.85     79.40   5.86    90.79   77.10   0.76    751.10     7.18     38.39  
31   TR895TS118_3        118     71.46    100.00  29    N/A       N/A        0.53      N/A        52.71    N/A           30.04    41.87    4.112    5.071    120   0    0     0     70.00  80.00  N/A         N/A          0.31         N/A          80.00  74.471   1.67     14.97       13.3        111      3.3      1.24          0.60    70.42     0.62    0.66    0.91    0.28    0.88     63.17   5.73    87.86   74.63   0.74    711.60     6.20     N/A    
32   TR895TS430_5        430s    71.46    100.00  29    N/A       N/A        0.53      0.40       55.62    N/A           31.78    45.56    4.42     5.603    120   0    0     0     71.67  80.83  N/A         N/A          0.41         0.12         80.83  77.557   1.67     13.53       14.2        110      2.9      1.46          0.63    63.75     0.63    0.65    0.90    0.30    0.86     71.60   5.86    90.21   75.17   0.75    755.40     8.22     39.15  
33   TR895TS324_1        324     71.46    100.00  29    0.45      N/A        0.53      N/A        52.29    N/A           30.65    45.00    4.023    4.924    120   0    0     0     72.50  80.00  0.38        N/A          0.46         N/A          80.00  76.398   1.83     15.15       14.1        112      2.8      2.70          0.62    68.33     0.59    0.65    0.91    0.33    0.87     91.70   5.73    89.47   74.07   0.76    754.00     6.26     30.83  
34   TR895TS324_2        324     71.25    100.00  34    N/A       N/A        0.51      N/A        51.88    N/A           28.34    44.90    4.071    5.118    120   0    0     0     74.17  83.33  N/A         N/A          0.55         N/A          83.33  76.658   1.65     15.51       14.2        112      2.8      2.85          0.61    65.42     0.59    0.65    0.90    0.32    0.86     77.70   5.73    89.46   73.96   0.76    756.10     6.38     30.54  
35   TR895TS381_1        381     71.25    100.00  34    0.43      N/A        0.51      N/A        53.12    N/A           30.22    44.84    4.378    5.494    120   0    0     0     70.83  80.00  0.28        N/A          0.36         N/A          80.00  77.767   1.71     13.89       13.7        107      2.7      2.72          0.61    62.92     0.60    0.64    0.89    0.31    0.86     82.90   5.73    90.23   75.58   0.75    734.00     7.51     N/A    
36   TR895TS250_3        250s    71.25    100.00  34    N/A       N/A        0.51      0.33       53.96    N/A           34.85    47.59    4.288    5.114    120   0    0     0     74.17  82.50  N/A         N/A          0.55         0.46         82.50  79.349   1.76     14.43       14.8        109      2.6      1.20          0.65    67.92     0.63    0.67    0.90    0.26    0.86     78.10   5.73    91.50   78.49   0.76    784.40     7.22     35.38  
37   TR895TS430_2        430s    71.25    100.00  34    N/A       N/A        0.51      0.33       55.00    N/A           32.65    45.67    4.403    5.558    120   0    0     0     71.67  80.00  N/A         N/A          0.41         0.12         80.00  77.732   1.69     13.53       14          110      2.9      1.57          0.63    64.17     0.63    0.65    0.89    0.30    0.86     71.60   5.73    90.00   74.96   0.75    748.30     8.32     39.34  
38   TR895TS430_3        430s    71.04    100.00  38    N/A       N/A        0.50      0.25       54.58    N/A           33.35    45.48    4.475    5.621    120   0    0     0     72.50  80.83  N/A         N/A          0.46         0.23         80.83  77.35    1.62     13.71       14.1        110      2.9      1.71          0.63    64.17     0.63    0.64    0.89    0.31    0.86     75.00   5.73    90.18   75.49   0.75    750.30     8.28     39.03  
39   TR895TS324_4        324     71.04    100.00  38    N/A       N/A        0.50      N/A        51.87    N/A           30.44    43.44    3.966    4.816    120   0    0     0     73.33  81.67  N/A         N/A          0.50         N/A          81.67  76.194   1.82     15.15       14.6        112      2.7      2.54          0.62    69.17     0.60    0.66    0.91    0.34    0.87     82.20   5.73    89.69   74.44   0.76    774.20     5.89     30.68  
40   TR895TS250_1        250s    71.04    100.00  38    0.41      -0.82      0.50      0.25       54.38    -0.14         33.37    46.70    4.306    5.113    120   0    0     0     73.33  81.67  0.44        -0.43        0.50         0.35         81.67  78.673   1.58     14.43       14.8        109      2.6      1.26          0.65    67.92     0.63    0.67    0.90    0.27    0.86     78.10   5.86    91.42   78.30   0.77    783.90     7.35     35.39  
41   TR895TS396_4        396     71.04    100.00  38    N/A       N/A        0.50      N/A        51.25    N/A           28.90    44.58    4.035    5.085    120   0    0     0     74.17  80.00  N/A         N/A          0.55         N/A          81.67  75.08    1.85     15.51       13.3        113      2.9      2.44          0.61    64.58     0.60    0.65    0.90    0.34    0.86     78.50   5.73    89.16   73.21   0.76    736.10     6.82     N/A    
42   TR895TS381_5        381     71.04    100.00  38    N/A       N/A        0.50      N/A        53.75    N/A           30.38    44.92    4.339    5.459    120   0    0     0     70.00  80.00  N/A         N/A          0.31         N/A          80.00  76.662   1.64     13.17       13.8        107      2.7      2.65          0.62    63.33     0.60    0.64    0.89    0.32    0.86     82.00   5.73    90.10   75.50   0.75    737.20     7.66     N/A    
43   TR895TS273_1        273     71.04    100.00  38    0.41      N/A        0.50      N/A        53.55    N/A           32.24    46.19    4.238    5.318    120   0    0     0     70.83  80.83  0.28        N/A          0.36         N/A          80.83  78.366   1.61     13.35       14.1        107      2.6      2.25          0.64    64.17     0.62    0.66    0.90    0.30    0.86     76.00   5.73    90.68   76.78   0.76    750.60     7.62     N/A    
44   TR895TS393_3        393     71.04    100.00  38    N/A       N/A        0.50      N/A        51.67    N/A           28.98    43.67    4.025    4.929    120   1    0     0     73.33  82.50  N/A         N/A          0.50         N/A          82.50  77.776   1.74     15.87       13.7        112      2.8      3.70          0.62    67.08     0.59    0.66    0.91    0.33    0.86     83.40   5.73    88.98   73.82   0.77    755.70     6.08     30.86  
45   TR895TS430_1        430s    70.83    100.00  45    0.40      -1.15      0.48      0.18       54.58    0.05          34.05    45.75    4.438    5.581    120   0    0     0     72.50  80.83  0.38        -0.85        0.46         0.23         80.83  77.674   1.61     14.07       14.1        110      2.9      1.81          0.63    64.17     0.63    0.65    0.89    0.30    0.86     71.60   5.73    90.18   75.28   0.75    752.20     8.29     39.11  
46   TR895TS011_3        011     70.83    100.00  45    N/A       N/A        0.48      N/A        54.16    N/A           30.65    45.54    4.307    5.23     120   0    0     0     70.83  80.00  N/A         N/A          0.36         N/A          80.00  77.216   1.74     14.79       13.6        108      2.9      2.65          0.62    63.33     0.62    0.64    0.90    0.31    0.86     77.80   5.60    89.60   74.51   0.75    726.60     8.53     40.64  
47   TR895TS396_5        396     70.83    100.00  45    N/A       N/A        0.48      N/A        52.09    N/A           25.68    43.19    4.066    4.968    120   0    0     0     72.50  82.50  N/A         N/A          0.46         N/A          82.50  77.317   1.70     15.33       13.7        112      2.9      2.53          0.60    66.25     0.58    0.63    0.90    0.32    0.86     81.80   5.73    89.05   73.83   0.76    755.60     6.79     N/A    
48   TR895TS102_5        102     70.83    100.00  45    N/A       N/A        0.48      N/A        53.12    N/A           30.09    45.75    4.488    5.547    120   0    0     0     72.50  80.83  N/A         N/A          0.46         N/A          80.83  77.35    1.62     14.25       13.4        107      2.8      2.28          0.61    63.75     0.60    0.63    0.88    0.31    0.86     69.70   5.60    89.33   73.37   0.75    720.10     8.75     77.35  
49   TR895TS450_4        450     70.83    100.00  45    N/A       N/A        0.48      N/A        54.16    N/A           30.65    45.54    4.307    5.23     120   0    0     0     70.83  80.00  N/A         N/A          0.36         N/A          80.00  77.216   1.74     14.79       13.6        108      2.9      2.65          0.62    63.33     0.62    0.64    0.90    0.31    0.86     77.80   5.60    89.60   74.51   0.75    726.60     8.53     40.64  
50   TR895TS430_4        430s    70.83    100.00  45    N/A       N/A        0.48      0.18       54.16    N/A           32.53    45.08    4.473    5.618    120   0    0     0     71.67  80.83  N/A         N/A          0.41         0.12         80.83  76.916   1.61     14.07       14          110      2.9      1.79          0.63    64.58     0.63    0.65    0.89    0.31    0.86     76.50   5.73    90.02   75.22   0.75    746.00     8.38     39.22  
51   TR895TS381_2        381     70.83    100.00  45    N/A       N/A        0.48      N/A        52.50    N/A           30.31    44.81    4.373    5.495    120   0    0     0     70.83  80.83  N/A         N/A          0.36         N/A          80.83  78.166   1.66     13.89       13.7        107      2.7      2.76          0.62    62.92     0.60    0.64    0.89    0.31    0.86     82.90   5.73    90.25   75.60   0.75    734.90     7.48     N/A    
52   TR895TS381_3        381     70.83    100.00  45    N/A       N/A        0.48      N/A        52.71    N/A           30.28    44.89    4.372    5.498    120   0    0     0     71.67  80.83  N/A         N/A          0.41         N/A          80.83  78.118   1.68     13.17       13.7        107      2.7      2.71          0.61    62.92     0.60    0.64    0.89    0.32    0.86     78.30   5.73    90.24   75.51   0.75    735.00     7.64     N/A    
53   TR895TS381_4        381     70.83    100.00  45    N/A       N/A        0.48      N/A        52.29    N/A           30.23    44.87    4.375    5.498    120   0    0     0     71.67  80.83  N/A         N/A          0.41         N/A          80.83  78.119   1.69     13.17       13.7        108      2.9      2.71          0.61    62.92     0.60    0.64    0.89    0.31    0.86     78.30   5.73    90.23   75.54   0.75    732.60     7.64     N/A    
54   TR895TS450_1        450     70.62    100.00  54    0.38      N/A        0.46      N/A        52.50    N/A           29.83    45.17    4.4      5.359    120   1    0     0     76.67  81.67  0.65        N/A          0.70         N/A          83.33  77.924   1.57     14.61       14.5        113      3.2      1.59          0.63    67.50     0.61    0.67    0.92    0.26    0.85     82.70   5.86    91.20   78.04   0.76    769.10     7.24     38.13  
55   TR895TS393_2        393     70.62    100.00  54    N/A       N/A        0.46      N/A        51.25    N/A           28.59    44.30    4.06     5.071    120   0    0     0     74.17  80.00  N/A         N/A          0.55         N/A          80.00  75.432   1.65     15.87       13.3        113      3        3.41          0.62    67.50     0.59    0.66    0.90    0.34    0.86     78.10   5.73    89.53   74.30   0.75    737.20     6.42     31.25  
56   TR895TS393_1        393     70.62    100.00  54    0.38      N/A        0.46      N/A        52.92    N/A           31.91    44.57    4.461    5.464    120   0    0     0     71.67  80.83  0.33        N/A          0.41         N/A          80.83  77.629   1.59     13.71       13.7        108      2.9      3.02          0.62    64.17     0.60    0.66    0.90    0.31    0.85     86.40   5.73    89.32   74.61   0.75    739.00     7.72     32.41  
57   TR895TS396_2        396     70.62    100.00  54    N/A       N/A        0.46      N/A        52.09    N/A           31.21    44.50    4.477    5.573    120   0    0     0     70.83  80.00  N/A         N/A          0.36         N/A          80.83  78.246   1.60     13.17       13.7        109      2.8      0.96          0.62    64.17     0.60    0.64    0.89    0.32    0.85     88.90   5.73    89.46   74.85   0.75    741.70     7.90     N/A    
58   TR895TS412_2        412     70.62    100.00  54    N/A       N/A        0.46      N/A        52.50    N/A           30.86    44.55    4.412    5.522    120   0    0     0     71.67  80.00  N/A         N/A          0.41         N/A          80.00  76.608   1.69     14.07       13.4        106      2.7      1.70          0.62    63.33     0.60    0.63    0.89    0.32    0.86     76.56   5.73    89.98   75.02   0.75    715.90     7.67     N/A    
59   TR895TS001_2        001     70.62    100.00  54    N/A       N/A        0.46      N/A        52.08    N/A           32.36    46.12    4.235    5.171    120   1    0     0     72.50  79.17  N/A         N/A          0.46         N/A          80.00  78.333   1.76     13.89       13.9        112      3.4      3.12          0.59    67.92     0.63    0.66    0.91    0.27    0.86     78.84   5.86    88.74   75.99   0.76    739.80     7.25     N/A    
60   TR895TS081_1        081     70.62    100.00  54    0.38      N/A        0.46      N/A        52.29    N/A           32.55    44.67    4.408    5.468    120   0    0     0     70.83  80.00  0.28        N/A          0.36         N/A          80.00  76.773   1.77     14.43       13.6        110      2.9      1.15          0.62    64.58     0.60    0.62    0.89    0.33    0.86     83.00   5.73    89.21   74.10   0.75    727.10     7.84     77.27  
61   TR895TS011_5        011     70.62    100.00  54    N/A       N/A        0.46      N/A        52.50    N/A           29.83    45.17    4.4      5.359    120   1    0     0     76.67  81.67  N/A         N/A          0.70         N/A          83.33  77.924   1.57     14.61       14.5        113      3.2      1.59          0.63    67.50     0.61    0.67    0.92    0.26    0.85     82.70   5.86    91.20   78.04   0.76    769.10     7.24     38.13  
62   TR895TS393_5        393     70.62    100.00  54    N/A       N/A        0.46      N/A        51.67    N/A           28.79    43.26    4.022    5.137    120   0    0     0     71.67  80.83  N/A         N/A          0.41         N/A          82.50  78.337   1.60     15.33       13.6        112      2.9      3.50          0.61    65.00     0.58    0.65    0.91    0.32    0.86     76.80   5.73    89.58   74.53   0.77    752.00     6.48     31.05  
63   TR895TS412_4        412     70.62    100.00  54    N/A       N/A        0.46      N/A        52.29    N/A           30.04    44.36    4.395    5.518    120   0    0     0     71.67  80.83  N/A         N/A          0.41         N/A          80.83  77.148   1.66     13.71       13.5        109      2.9      1.59          0.61    63.75     0.60    0.63    0.89    0.32    0.86     83.99   5.73    89.85   74.96   0.75    718.90     7.67     N/A    
64   TR895TS073_5        073     70.62    100.00  54    N/A       N/A        0.46      N/A        52.50    N/A           30.86    44.67    4.47     5.556    120   0    0     0     70.83  80.00  N/A         N/A          0.36         N/A          80.83  77.697   1.60     13.35       13.9        111      3        2.13          0.62    64.58     0.60    0.64    0.89    0.32    0.85     88.90   5.73    89.40   74.53   0.75    741.70     7.81     83.22  
65   TR895TS412_3        412     70.42    100.00  65    N/A       N/A        0.45      N/A        52.71    N/A           29.56    44.44    4.421    5.513    120   0    0     0     71.67  80.83  N/A         N/A          0.41         N/A          80.83  77.539   1.74     13.35       13.4        106      2.8      1.45          0.62    63.75     0.60    0.63    0.88    0.32    0.86     80.82   5.73    90.00   74.95   0.75    717.20     7.69     N/A    
66   TR895TS412_1        412     70.42    100.00  65    0.36      N/A        0.45      N/A        52.71    N/A           28.83    44.13    4.409    5.541    120   0    0     0     70.83  80.83  0.28        N/A          0.36         N/A          80.83  77.553   1.60     14.43       13.4        106      2.7      1.49          0.58    63.75     0.60    0.62    0.88    0.32    0.86     80.82   5.73    89.89   74.85   0.75    714.70     7.76     N/A    
67   TR895TS204_5        204     70.42    100.00  65    N/A       N/A        0.45      N/A        52.50    N/A           29.46    44.35    4.395    5.524    120   0    0     0     71.67  80.83  N/A         N/A          0.41         N/A          80.83  77.839   1.62     13.53       13.7        107      2.7      0.85          0.61    63.75     0.59    0.63    0.89    0.32    0.86     94.50   5.73    89.88   75.15   0.75    733.30     7.73     N/A    
68   TR895TS001_1        001     70.42    100.00  65    0.36      N/A        0.45      N/A        51.25    N/A           28.98    43.54    3.979    5.167    120   0    0     0     70.00  81.67  0.22        N/A          0.31         N/A          82.50  76.175   1.77     14.61       13.8        114      3.4      2.00          0.60    64.17     0.61    0.63    0.91    0.29    0.87     66.24   5.86    87.50   73.76   0.75    733.20     7.69     N/A    
69   TR895TS023_3        023     70.21    100.00  69    N/A       N/A        0.43      N/A        52.50    N/A           35.25    46.64    4.402    5.358    120   0    0     0     70.83  80.83  N/A         N/A          0.36         N/A          80.83  76.948   1.59     14.07       14.2        109      3.1      1.48          0.64    66.25     0.63    0.66    0.89    0.30    0.86     68.20   5.73    90.25   76.00   0.75    756.90     8.04     33.06  
70   TR895TS017_1        017     70.21    100.00  69    0.34      N/A        0.43      N/A        52.91    N/A           30.30    44.74    4.379    5.455    120   2    0     0     70.83  80.83  0.28        N/A          0.36         N/A          80.83  77.466   1.62     13.35       13.6        109      2.8      2.46          0.62    64.17     0.59    0.65    0.89    0.33    0.86     78.50   5.73    90.15   75.69   0.75    727.00     7.68     83.68  
71   TR895TS412_5        412     70.21    100.00  69    N/A       N/A        0.43      N/A        52.71    N/A           29.83    44.53    4.411    5.496    120   0    0     0     71.67  80.83  N/A         N/A          0.41         N/A          80.83  77.614   1.76     14.07       13.4        106      2.7      1.59          0.61    64.17     0.61    0.63    0.89    0.32    0.86     83.99   5.73    89.88   75.03   0.75    716.20     7.58     N/A    
72   TR895TS396_1        396     70.00    100.00  72    0.32      N/A        0.41      N/A        51.87    N/A           28.24    43.79    4.407    5.513    120   0    0     0     71.67  80.00  0.33        N/A          0.41         N/A          80.00  77.474   1.69     14.07       13.6        110      2.9      2.05          0.61    63.33     0.59    0.63    0.89    0.32    0.86     78.10   5.73    90.01   75.16   0.75    726.90     7.61     N/A    
73   TR895TS017_5        017     70.00    100.00  72    N/A       N/A        0.41      N/A        52.50    N/A           30.33    44.68    4.385    5.459    120   1    0     0     69.17  80.83  N/A         N/A          0.26         N/A          80.83  77.305   1.78     13.35       13.6        109      2.8      2.44          0.62    64.17     0.59    0.65    0.89    0.33    0.86     78.50   5.73    90.10   75.58   0.75    727.80     7.69     83.56  
74   TR895TS102_3        102     70.00    100.00  72    N/A       N/A        0.41      N/A        51.25    N/A           29.46    45.50    4.342    5.431    120   0    0     0     70.83  80.83  N/A         N/A          0.36         N/A          80.83  77.38    1.70     14.79       13.5        110      2.9      1.80          0.59    65.83     0.59    0.63    0.89    0.31    0.86     75.50   5.73    89.05   73.60   0.76    722.20     7.86     78.12  
75   TR895TS017_4        017     70.00    100.00  72    N/A       N/A        0.41      N/A        52.50    N/A           30.38    44.64    4.388    5.462    120   1    0     0     69.17  80.83  N/A         N/A          0.26         N/A          80.83  77.25    1.78     13.35       13.6        109      2.9      2.45          0.62    64.17     0.59    0.64    0.89    0.33    0.86     78.50   5.73    90.09   75.57   0.75    726.70     7.70     83.53  
76   TR895TS017_2        017     70.00    100.00  72    N/A       N/A        0.41      N/A        52.70    N/A           30.25    44.56    4.389    5.463    120   1    0     0     69.17  80.83  N/A         N/A          0.26         N/A          80.83  77.312   1.78     13.35       13.5        107      2.8      2.45          0.62    63.75     0.59    0.64    0.89    0.33    0.86     78.50   5.73    90.08   75.54   0.75    726.00     7.71     83.56  
77   TR895TS188_1        188     70.00    100.00  72    0.32      N/A        0.41      N/A        51.04    N/A           27.93    42.83    4.421    5.492    120   0    0     0     70.00  80.83  0.22        N/A          0.31         N/A          80.83  77.366   1.80     13.35       13.3        107      2.8      3.10          0.60    64.17     0.58    0.62    0.88    0.32    0.85     74.80   5.73    89.95   74.83   0.75    716.30     7.71     N/A    
78   TR895TS393_4        393     70.00    100.00  72    N/A       N/A        0.41      N/A        51.46    N/A           29.49    44.67    4.24     5.102    120   0    0     0     75.00  82.50  N/A         N/A          0.60         N/A          83.33  75.444   1.74     15.69       13.5        112      2.9      3.70          0.61    70.42     0.59    0.66    0.90    0.34    0.86     81.70   5.73    89.27   73.09   0.76    746.00     6.13     30.50  
79   TR895TS257_3        257     69.79    100.00  79    N/A       N/A        0.39      N/A        51.04    N/A           30.89    37.26    4.166    10.9     120   0    0     0     72.50  80.00  N/A         N/A          0.46         N/A          81.67  76.527   1.72     14.97       14.6        111      3.2      2.71          0.00    4.17      0.58    0.67    0.92    0.26    0.86     37.40   5.86    91.18   78.37   0.75    777.00     5.78     N/A    
80   TR895TS017_3        017     69.79    100.00  79    N/A       N/A        0.39      N/A        52.50    N/A           30.38    44.60    4.388    5.462    120   1    0     0     69.17  80.83  N/A         N/A          0.26         N/A          80.83  77.374   1.78     13.35       13.6        107      2.8      2.45          0.62    64.17     0.59    0.64    0.89    0.33    0.86     78.50   5.73    90.09   75.55   0.75    726.20     7.70     83.53  
81   TR895TS250_5        250s    69.79    100.00  79    N/A       N/A        0.39      -0.17      52.71    N/A           33.80    46.30    4.477    5.431    120   0    0     0     70.00  80.83  N/A         N/A          0.31         -0.11        80.83  76.524   1.56     13.71       14.1        110      3.1      1.21          0.64    62.92     0.63    0.66    0.89    0.30    0.85     74.80   5.73    90.64   75.60   0.75    751.40     8.15     37.12  
82   TR895TS250_4        250s    69.58    100.00  82    N/A       N/A        0.37      -0.24      52.92    N/A           34.80    46.25    4.507    5.431    120   0    0     0     70.00  79.17  N/A         N/A          0.31         -0.11        79.17  76.418   1.68     13.89       13.9        107      2.8      1.15          0.63    62.92     0.63    0.66    0.89    0.30    0.85     75.70   5.86    90.65   75.44   0.75    743.00     8.34     37.17  
83   TR895TS023_2        023     69.38    100.00  83    N/A       N/A        0.36      N/A        51.25    N/A           32.16    45.09    4.479    5.551    120   0    0     0     70.00  80.00  N/A         N/A          0.31         N/A          80.00  76.659   1.66     13.71       14.1        111      3.1      1.50          0.62    62.92     0.62    0.64    0.89    0.30    0.85     77.20   5.73    90.18   75.25   0.75    751.30     8.15     33.66  
84   TR895TS247_2        247     69.38    100.00  83    N/A       N/A        0.36      N/A        51.25    N/A           30.88    41.93    4.124    4.961    120   0    0     0     71.67  80.83  N/A         N/A          0.41         N/A          80.83  74.872   1.78     14.61       13.9        112      3.3      0.80          0.64    72.50     0.65    0.67    0.92    0.26    0.87     72.00   5.86    91.37   79.75   0.74    743.20     5.10     N/A    
85   TR895TS250_2        250s    69.38    100.00  83    N/A       N/A        0.36      -0.31      51.88    N/A           30.67    44.88    4.571    5.525    120   0    0     0     70.83  80.00  N/A         N/A          0.36         0.01         80.00  75.958   1.61     14.07       13.7        107      2.9      1.37          0.62    62.50     0.63    0.65    0.88    0.31    0.85     74.10   5.86    90.49   75.21   0.74    734.60     8.81     37.50  
86   TR895TS257_4        257     69.38    100.00  83    N/A       N/A        0.36      N/A        48.96    N/A           31.38    36.64    4.025    12.426   120   0    0     0     75.83  81.67  N/A         N/A          0.65         N/A          81.67  76.486   1.66     15.33       14.4        112      3.1      2.48          0.00    0.42      0.59    0.67    0.93    0.26    0.86     30.60   5.86    91.03   77.70   0.75    764.70     5.88     N/A    
87   TR895TS247_5        247     69.38    100.00  83    N/A       N/A        0.36      N/A        48.96    N/A           31.13    43.07    3.836    4.803    120   1    0     0     71.67  82.50  N/A         N/A          0.41         N/A          82.50  76.902   1.63     15.15       14.4        115      3.6      0.80          0.65    75.00     0.66    0.69    0.93    0.26    0.88     67.20   5.99    91.35   80.40   0.76    765.80     4.96     N/A    
88   TR895TS247_4        247     69.17    100.00  88    N/A       N/A        0.34      N/A        50.84    N/A           31.68    43.88    4.249    5.19     120   0    0     0     72.50  81.67  N/A         N/A          0.46         N/A          81.67  76.838   1.69     14.61       13.5        114      3.7      0.68          0.62    73.33     0.63    0.67    0.92    0.26    0.87     67.80   5.86    90.89   78.05   0.75    722.50     5.41     N/A    
89   TR895TS220_2        220s    69.17    100.00  88    N/A       N/A        0.34      -0.38      50.21    N/A           30.54    45.34    4.614    5.702    120   0    0     0     74.17  78.33  N/A         N/A          0.55         0.46         80.00  75.971   1.59     13.71       13.6        110      3.3      1.80          0.62    65.42     0.62    0.65    0.90    0.30    0.85     82.60   5.86    90.31   76.06   0.74    728.10     7.48     39.07  
90   TR895TS073_1        073     69.17    100.00  88    0.24      N/A        0.34      N/A        50.62    N/A           31.73    42.69    4.286    5.278    120   0    0     0     69.17  79.17  0.17        N/A          0.26         N/A          80.00  73.817   1.75     13.71       13.6        109      3.1      1.55          0.62    64.17     0.59    0.65    0.91    0.31    0.86     79.40   5.73    89.15   75.06   0.74    727.10     7.37     83.35  
91   TR895TS073_2        073     69.17    100.00  88    N/A       N/A        0.34      N/A        51.25    N/A           32.03    43.82    4.567    5.566    120   0    0     0     71.67  80.83  N/A         N/A          0.41         N/A          81.67  75.962   1.70     13.35       13.6        111      3.5      1.55          0.62    63.33     0.59    0.65    0.90    0.33    0.85     78.30   5.73    89.13   75.36   0.74    729.50     7.17     83.57  
92   TR895TS295_3        295     69.17    100.00  88    N/A       N/A        0.34      N/A        51.46    N/A           28.24    42.97    4.626    5.506    120   0    0     0     68.33  77.50  N/A         N/A          0.21         N/A          79.17  75.237   1.71     14.43       13.2        105      2.8      3.30          0.57    62.92     0.59    0.65    0.87    0.32    0.85     73.00   5.73    90.64   75.09   0.74    708.70     7.58     N/A    
93   TR895TS257_2        257     69.17    100.00  88    N/A       N/A        0.34      N/A        50.21    N/A           29.35    35.86    4.189    12.493   120   0    0     0     72.50  80.00  N/A         N/A          0.46         N/A          81.67  76.257   1.73     14.97       14.6        111      3.1      2.81          0.00    3.75      0.58    0.67    0.92    0.26    0.86     31.20   5.86    91.18   78.34   0.75    774.70     5.78     N/A    
94   TR895TS081_2        081     68.96    100.00  94    N/A       N/A        0.32      N/A        50.42    N/A           31.25    43.05    4.415    5.422    120   0    0     0     72.50  80.00  N/A         N/A          0.46         N/A          80.83  76.675   1.74     13.71       13.6        112      3        1.08          0.61    62.08     0.61    0.63    0.89    0.33    0.85     79.00   5.60    88.35   73.39   0.74    726.70     7.75     80.95  
95   TR895TS480_1        480     68.96    100.00  94    0.22      N/A        0.32      N/A        50.00    N/A           25.08    42.03    4.412    5.445    120   0    0     0     70.83  79.17  0.28        N/A          0.36         N/A          79.17  74.24    1.63     13.71       13.2        105      2.5      2.92          0.59    63.33     0.58    0.62    0.89    0.34    0.85     83.20   5.73    88.70   73.96   0.74    740.50     7.56     34.06  
96   TR895TS102_2        102     68.96    100.00  94    N/A       N/A        0.32      N/A        51.04    N/A           29.33    42.79    4.308    5.425    120   15   0     0     68.33  80.00  N/A         N/A          0.21         N/A          80.00  76.217   1.83     14.07       13          107      2.6      2.23          0.59    65.42     0.58    0.63    0.90    0.29    0.86     80.20   5.86    88.92   74.08   0.74    698.60     8.57     N/A    
97   TR895TS295_4        295     68.54    100.00  97    N/A       N/A        0.29      N/A        50.21    N/A           30.23    43.11    4.427    5.392    120   0    0     0     68.33  80.83  N/A         N/A          0.21         N/A          80.83  77.471   1.78     15.33       13.1        106      2.7      2.57          0.55    63.33     0.57    0.63    0.88    0.33    0.85     72.80   5.73    89.18   73.94   0.74    705.40     7.32     N/A    
98   TR895TS001_4        001     68.33    100.00  98    N/A       N/A        0.27      N/A        48.54    N/A           28.08    41.97    5.046    6.005    120   0    0     0     75.00  79.17  N/A         N/A          0.60         N/A          80.00  75.33    1.74     13.53       12.3        108      3.1      2.09          0.58    64.58     0.59    0.62    0.87    0.33    0.84     74.67   5.73    87.61   72.90   0.74    665.90     9.07     N/A    
99   TR895TS102_4        102     68.12    100.00  99    N/A       N/A        0.25      N/A        50.21    N/A           29.54    42.52    4.241    5.348    120   0    0     0     74.17  82.50  N/A         N/A          0.55         N/A          82.50  75.886   1.68     14.43       13.4        110      2.8      2.40          0.60    68.33     0.60    0.63    0.90    0.28    0.86     79.20   5.86    89.69   75.43   0.75    720.40     6.47     79.34  
100  TR895TS257_5        257     67.92    100.00  100   N/A       N/A        0.24      N/A        49.17    N/A           29.33    35.89    4.279    10.229   120   0    0     0     71.67  80.00  N/A         N/A          0.41         N/A          81.67  75.694   1.80     14.97       14.4        111      3.2      2.80          0.00    6.25      0.56    0.68    0.92    0.27    0.86     35.10   5.86    91.09   78.55   0.74    764.90     5.76     N/A    
101  TR895TS480_2        480     67.50    100.00  101   N/A       N/A        0.20      N/A        48.34    N/A           24.28    40.56    4.374    5.607    120   1    0     0     67.50  76.67  N/A         N/A          0.17         N/A          76.67  75.006   1.56     13.89       12.6        106      2.8      3.30          0.58    57.92     0.56    0.60    0.89    0.37    0.84     81.30   5.73    88.17   73.42   0.73    680.40     7.32     34.80  
102  TR895TS073_3        073     67.50    100.00  101   N/A       N/A        0.20      N/A        49.79    N/A           30.41    41.95    4.741    5.756    120   0    0     0     72.50  78.33  N/A         N/A          0.46         N/A          78.33  72.644   1.79     13.53       12.9        107      3.4      1.75          0.61    63.75     0.59    0.65    0.90    0.33    0.85     78.80   5.73    89.19   75.50   0.72    697.00     6.89     82.75  
103  TR895TS001_3        001     67.08    100.00  103   N/A       N/A        0.17      N/A        48.12    N/A           27.40    40.46    4.965    5.931    120   0    0     0     73.33  79.17  N/A         N/A          0.50         N/A          80.00  74.592   1.75     13.17       12          107      3        1.94          0.58    64.17     0.60    0.61    0.88    0.32    0.84     78.24   5.73    87.25   72.25   0.73    652.80     8.53     N/A    
104  TR895TS295_5        295     66.88    100.00  104   N/A       N/A        0.15      N/A        48.12    N/A           28.14    39.81    4.581    5.52     120   0    0     0     66.67  79.17  N/A         N/A          0.12         N/A          79.17  73.887   1.86     14.97       12.5        105      2.6      2.99          0.54    65.83     0.60    0.63    0.88    0.36    0.85     72.00   5.60    89.13   73.14   0.73    677.10     7.99     N/A    
105  TR895TS474_1        474     66.46    100.00  105   -0.00     N/A        0.11      N/A        48.96    N/A           25.66    39.23    6.455    7.101    120   0    0     0     69.17  77.50  0.17        N/A          0.26         N/A          78.33  73.134   1.78     14.61       13          105      3.1      2.26          0.57    54.58     0.58    0.61    0.85    0.34    0.81     72.10   5.86    88.47   75.19   0.70    699.10     11.20    75.99  
106  TR895TS187_4        187     66.46    100.00  105   N/A       N/A        0.11      N/A        47.91    N/A           28.19    41.19    4.913    5.965    120   0    0     0     70.83  78.33  N/A         N/A          0.36         N/A          80.00  75.234   1.73     14.25       12.7        104      2.7      2.84          0.54    64.58     0.59    0.64    0.86    0.35    0.84     73.30   5.60    89.26   72.87   0.73    705.50     8.68     N/A    
107  TR895TS480_3        480     66.25    100.00  107   N/A       N/A        0.10      N/A        46.88    N/A           22.70    38.09    4.609    5.734    120   0    0     0     67.50  75.83  N/A         N/A          0.17         N/A          78.33  72.744   1.73     14.07       12.1        111      3.2      2.89          0.57    62.50     0.55    0.59    0.87    0.34    0.84     80.20   5.60    87.14   70.62   0.72    656.80     7.92     35.89  
108  TR895TS295_1        295     66.25    100.00  107   -0.02     N/A        0.10      N/A        47.92    N/A           29.03    40.42    4.87     5.749    120   0    0     0     65.00  78.33  -0.10       N/A          0.02         N/A          78.33  72.907   1.83     14.43       12.5        107      2.9      2.65          0.55    62.92     0.60    0.63    0.86    0.35    0.84     73.90   5.60    89.23   72.89   0.72    675.70     8.05     N/A    
109  TR895TS187_2        187     66.25    100.00  107   N/A       N/A        0.10      N/A        47.92    N/A           27.59    41.08    4.887    5.83     120   0    0     0     70.83  76.67  N/A         N/A          0.36         N/A          78.33  74.065   1.75     14.61       12.7        102      2.6      3.30          0.55    65.83     0.59    0.64    0.87    0.33    0.84     66.90   5.60    89.40   73.13   0.72    686.10     8.82     N/A    
110  TR895TS187_1        187     65.83    100.00  110   -0.06     N/A        0.06      N/A        47.29    N/A           25.89    38.45    4.97     5.921    120   0    0     0     67.50  74.17  0.06        N/A          0.17         N/A          76.67  68.898   1.72     14.25       12          103      2.7      3.30          0.53    60.00     0.57    0.62    0.85    0.40    0.84     72.60   5.60    89.14   72.36   0.71    677.70     8.71     N/A    
111  TR895TS118_1        118     65.42    100.00  111   -0.10     N/A        0.03      N/A        45.62    N/A           27.37    37.09    4.182    5.177    120   0    0     0     66.67  77.50  0.01        N/A          0.12         N/A          77.50  60.793   2.04     14.61       12.3        107      3        1.74          0.57    67.92     0.60    0.64    0.91    0.30    0.87     65.85   5.60    86.49   72.96   0.71    665.90     6.15     N/A    
112  TR895TS480_4        480     65.21    100.00  112   N/A       N/A        0.01      N/A        44.38    N/A           24.07    38.26    4.215    5.32     120   0    0     0     67.50  81.67  N/A         N/A          0.17         N/A          81.67  73.876   1.87     14.61       11.9        107      2.8      2.99          0.55    60.83     0.55    0.59    0.89    0.36    0.86     56.10   5.60    85.63   67.19   0.73    650.70     9.05     34.35  
113  TR895TS257_1        257     65.21    100.00  112   -0.12     N/A        0.01      N/A        44.59    N/A           27.30    31.91    3.856    13.99    120   0    0     0     73.33  80.00  0.44        N/A          0.50         N/A          81.67  64.89    2.01     15.69       12          112      3.2      2.42          0.00    0.42      0.55    0.62    0.92    0.29    0.87     25.20   5.86    88.45   73.70   0.72    653.00     5.99     N/A    
114  TR895TS187_3        187     65.21    100.00  112   N/A       N/A        0.01      N/A        47.08    N/A           28.50    39.41    4.961    5.962    120   0    0     0     67.50  77.50  N/A         N/A          0.17         N/A          78.33  72.505   1.81     14.43       12.1        106      2.9      2.98          0.54    63.33     0.58    0.62    0.85    0.42    0.84     75.50   5.60    89.02   72.24   0.71    656.70     8.63     N/A    
115  TR895TS295_2        295     65.00    100.00  115   N/A       N/A        -0.01     N/A        46.46    N/A           28.82    39.53    4.946    5.779    120   0    0     0     66.67  77.50  N/A         N/A          0.12         N/A          77.50  71.491   1.87     14.61       12.1        105      2.9      3.14          0.54    65.00     0.59    0.63    0.86    0.39    0.84     71.90   5.60    89.50   73.13   0.71    657.20     8.40     N/A    
116  TR895TS418_3        418     64.79    100.00  116   N/A       N/A        -0.02     N/A        44.58    N/A           25.65    38.54    4.448    5.424    120   0    0     0     72.50  80.83  N/A         N/A          0.46         N/A          80.83  72.378   1.85     13.89       11.8        110      3.1      4.05          0.55    65.00     0.55    0.60    0.88    0.32    0.85     74.80   5.60    87.11   71.39   0.72    642.50     7.53     N/A    
117  TR895TS418_5        418     64.58    100.00  117   N/A       N/A        -0.04     N/A        44.58    N/A           22.27    34.00    4.927    5.86     120   0    0     0     60.83  75.00  N/A         N/A          -0.22        N/A          75.00  68.674   1.86     13.71       11.7        108      3.4      4.20          0.55    60.00     0.55    0.59    0.88    0.33    0.84     81.20   5.73    88.19   72.68   0.69    637.40     7.63     N/A    
118  TR895TS187_5        187     64.58    100.00  117   N/A       N/A        -0.04     N/A        46.25    N/A           27.58    39.69    5.041    5.936    120   0    0     0     65.00  75.00  N/A         N/A          0.02         N/A          77.50  68.878   1.98     14.07       11.9        104      2.7      3.04          0.54    63.75     0.59    0.63    0.85    0.39    0.84     74.10   5.60    89.04   72.73   0.71    662.20     8.61     N/A    
119  TR895TS480_5        480     63.75    100.00  119   N/A       N/A        -0.11     N/A        45.21    N/A           24.05    37.55    4.669    5.674    120   0    0     0     65.83  76.67  N/A         N/A          0.07         N/A          79.17  66.686   1.92     12.99       11.8        108      3        2.78          0.56    61.67     0.57    0.58    0.89    0.37    0.84     76.70   5.73    84.29   67.60   0.71    643.10     8.25     36.52  
120  TR895TS418_2        418     63.12    100.00  120   N/A       N/A        -0.16     N/A        44.59    N/A           22.96    33.71    4.586    5.493    120   0    0     0     57.50  76.67  N/A         N/A          -0.41        N/A          76.67  66.757   1.89     13.89       11.7        110      3.5      4.09          0.56    62.50     0.55    0.60    0.88    0.34    0.84     73.00   5.73    88.15   72.34   0.70    639.50     7.80     N/A    
121  TR895TS060_1        060     61.67    100.00  121   -0.44     N/A        -0.29     N/A        42.29    N/A           20.63    33.31    7.138    7.948    120   0    0     0     63.33  79.17  -0.20       N/A          -0.08        N/A          79.17  56.352   2.11     14.07       9.7         105      3.2      1.42          0.49    52.50     0.55    0.50    0.72    0.56    0.79     79.90   5.46    83.03   67.28   0.68    545.00     15.78    83.93  
122  TR895TS081_4        081     61.67    100.00  121   N/A       N/A        -0.29     N/A        41.25    N/A           21.61    35.15    4.687    5.685    120   0    0     0     66.67  77.50  N/A         N/A          0.12         N/A          79.17  69.145   1.98     13.35       11          106      3.2      1.83          0.53    57.92     0.56    0.57    0.88    0.36    0.85     71.80   5.60    86.40   70.25   0.69    609.30     8.49     85.52  
123  TR895TS060_5        060     61.25    100.00  123   N/A       N/A        -0.32     N/A        42.50    N/A           19.15    30.53    5.122    6.15     120   0    0     0     62.50  76.67  N/A         N/A          -0.12        N/A          76.67  63.625   2.14     14.79       10.2        106      3.3      1.72          0.50    52.92     0.56    0.53    0.84    0.45    0.83     66.30   5.60    84.08   69.01   0.67    568.40     10.06    86.44  
124  TR895TS001_5        001     61.25    100.00  123   N/A       N/A        -0.32     N/A        40.63    N/A           21.51    34.15    4.538    5.636    120   0    0     0     70.83  78.33  N/A         N/A          0.36         N/A          79.17  59.785   1.98     14.61       10.4        102      2.9      1.93          0.55    60.83     0.58    0.57    0.88    0.35    0.85     69.32   5.33    84.70   69.91   0.69    575.70     7.87     N/A    
125  TR895TS081_3        081     60.83    100.00  125   N/A       N/A        -0.36     N/A        41.67    N/A           21.96    32.77    5.392    6.236    120   0    0     0     55.00  75.00  N/A         N/A          -0.56        N/A          76.67  65.885   2.02     12.81       10.8        101      3        1.73          0.55    58.75     0.57    0.58    0.86    0.41    0.82     68.80   5.46    87.56   71.16   0.68    596.00     8.59     82.39  
126  TR895TS118_5        118     60.21    100.00  126   N/A       N/A        -0.41     N/A        40.84    N/A           25.20    34.07    4.588    5.492    120   0    0     0     61.67  78.33  N/A         N/A          -0.17        N/A          79.17  57.083   2.09     14.79       11          107      3.1      1.37          0.55    66.67     0.57    0.62    0.88    0.33    0.86     79.23   5.73    85.23   72.27   0.68    605.80     6.83     N/A    
127  TR895TS220_5        220s    59.58    100.00  127   N/A       N/A        -0.46     -3.61      40.42    N/A           22.51    31.13    5.094    6.073    120   0    0     0     43.33  75.83  N/A         N/A          -1.24        -3.75        76.67  55.595   2.13     14.79       10.1        108      3.4      2.07          0.54    59.58     0.58    0.57    0.88    0.38    0.81     73.50   5.73    83.66   70.45   0.67    565.50     7.45     47.39  
128  TR895TS060_3        060     59.17    100.00  128   N/A       N/A        -0.49     N/A        41.66    N/A           17.49    30.30    6.501    7.221    120   0    0     0     50.83  71.67  N/A         N/A          -0.80        N/A          72.50  54.016   2.06     13.71       7.8         103      3.8      2.04          0.46    50.42     0.52    0.48    0.78    0.57    0.78     74.00   5.04    80.38   65.09   0.63    456.50     11.52    81.48  
129  TR895TS118_4        118     57.92    100.00  129   N/A       N/A        -0.60     N/A        40.21    N/A           25.07    34.08    5.797    6.69     120   0    0     0     58.33  71.67  N/A         N/A          -0.37        N/A          71.67  54.883   2.05     13.53       10.8        107      3.8      1.47          0.55    60.00     0.58    0.59    0.86    0.39    0.81     71.90   5.60    84.73   70.60   0.66    597.10     9.79     N/A    
130  TR895TS418_1        418     57.92    100.00  129   -0.79     N/A        -0.60     N/A        37.91    N/A           20.80    29.02    5.16     6.159    120   0    0     0     56.67  72.50  -0.63       N/A          -0.46        N/A          72.50  60.298   2.03     13.35       10          103      3.5      4.25          0.53    60.00     0.54    0.57    0.86    0.35    0.83     77.90   5.73    85.57   70.41   0.65    560.80     7.87     N/A    
131  TR895TS418_4        418     52.50    100.00  131   N/A       N/A        -1.05     N/A        33.54    N/A           16.28    26.81    8.102    8.6      120   0    0     0     58.33  70.00  N/A         N/A          -0.37        N/A          70.00  52.783   2.13     11.02       8.3         98       3.3      4.24          0.48    50.00     0.49    0.54    0.76    0.64    0.79     81.40   5.46    76.12   66.83   0.61    482.80     15.07    N/A    
132  TR895TS060_4        060     52.29    100.00  132   N/A       N/A        -1.07     N/A        35.21    N/A           15.22    19.63    6.97     7.86     120   0    0     0     40.00  65.83  N/A         N/A          -1.43        N/A          65.83  48.343   2.03     13.53       7.6         101      3.7      1.48          0.48    55.83     0.55    0.53    0.79    0.54    0.78     90.70   5.33    81.04   67.52   0.57    446.30     9.63     76.71  
133  TR895TS060_2        060     51.25    100.00  133   N/A       N/A        -1.15     N/A        32.70    N/A           14.92    24.60    7.331    8.288    120   0    0     0     51.67  64.17  N/A         N/A          -0.75        N/A          66.67  48.074   2.01     12.09       7.1         93       3.3      1.26          0.45    51.25     0.53    0.48    0.78    0.66    0.76     84.40   5.04    76.12   66.63   0.59    423.10     8.23     79.55  
134  TR895TS081_5        081     46.46    100.00  134   N/A       N/A        -1.55     N/A        27.29    N/A           13.16    20.39    6.356    7.198    120   0    0     0     40.00  59.17  N/A         N/A          -1.43        N/A          63.33  43.054   2.41     11.20       6.3         96       4.1      1.82          0.42    42.92     0.51    0.47    0.81    0.53    0.79     70.30   5.19    76.44   59.47   0.55    387.00     11.22    83.66  
135  TR895TS162_3        162     41.46    100.00  135   N/A       N/A        -1.97     N/A        27.71    N/A           9.24     13.51    11.22    12.414   120   1    0     0     30.00  46.67  N/A         N/A          -2.01        N/A          48.33  35.215   2.56     8.14        1.7         65       3.4      2.72          0.38    32.92     0.49    0.41    0.60    0.91    0.67     58.30   4.25    60.10   58.29   0.43    178.70     26.00    N/A    
136  TR895TS162_2        162     41.25    100.00  136   N/A       N/A        -1.99     N/A        26.25    N/A           7.30     12.65    11.164   12.411   120   1    0     0     29.17  42.50  N/A         N/A          -2.06        N/A          45.00  36.418   2.43     8.32        1.6         47       3.5      2.96          0.38    33.75     0.49    0.41    0.60    0.92    0.67     63.80   4.25    59.73   56.99   0.43    150.70     25.18    N/A    
137  TR895TS162_5        162     40.42    100.00  137   N/A       N/A        -2.06     N/A        26.46    N/A           10.80    14.27    11.307   12.479   120   1    0     0     24.17  45.00  N/A         N/A          -2.35        N/A          47.50  37.045   2.62     6.88        1.7         62       3.1      2.32          0.38    34.17     0.48    0.41    0.60    0.96    0.67     59.50   4.07    58.97   56.41   0.42    178.00     26.68    N/A    
138  TR895TS162_1        162     40.21    100.00  138   -2.41     N/A        -2.08     N/A        25.62    N/A           8.19     14.14    11.217   12.405   120   1    0     0     30.83  46.67  -2.27       N/A          -1.96        N/A          47.50  37.143   2.59     7.96        1.8         64       3.2      2.99          0.38    34.58     0.49    0.42    0.60    0.91    0.67     68.10   4.25    59.78   58.12   0.43    184.20     25.89    N/A    
139  TR895TS162_4        162     40.00    100.00  139   N/A       N/A        -2.09     N/A        26.04    N/A           9.03     13.46    11.316   12.47    120   1    0     0     12.50  46.67  N/A         N/A          -3.02        N/A          47.50  32.073   2.40     7.96        1.5         53       4.7      2.58          0.37    34.17     0.49    0.41    0.61    0.92    0.67     58.90   4.25    59.14   56.65   0.42    162.20     26.79    N/A    
140  TR895TS330_1        330     34.79    100.00  140   -2.91     N/A        -2.53     N/A        20.62    N/A           5.73     10.65    13.515   13.977   120   1    0     0     21.67  46.67  -2.86       N/A          -2.49        N/A          50.00  31.19    2.77     7.96        2           66       3.6      1.85          0.35    27.50     0.47    0.32    0.45    1.11    0.56     65.30   3.29    46.84   51.52   0.41    193.80     46.78    59.92  
141  TR895TS330_3        330     33.12    100.00  141   N/A       N/A        -2.67     N/A        20.62    N/A           10.17    15.14    12.241   12.997   120   3    0     0     28.33  30.00  N/A         N/A          -2.11        N/A          37.50  30.779   2.04     4.54        2.6         68       4.6      2.06          0.34    25.83     0.46    0.34    0.43    1.45    0.50     62.80   3.50    44.66   51.84   0.36    215.60     33.78    52.71  
142  TR895TS330_4        330     33.12    100.00  141   N/A       N/A        -2.67     N/A        20.83    N/A           8.53     12.18    13.314   13.964   120   0    0     0     25.83  29.17  N/A         N/A          -2.25        N/A          41.67  32.503   2.02     4.00        1           55       3.6      2.10          0.37    24.58     0.48    0.39    0.52    1.19    0.54     70.60   3.70    47.84   57.04   0.37    158.60     16.70    48.28  
143  TR895TS330_5        330     31.67    100.00  143   N/A       N/A        -2.79     N/A        22.50    N/A           8.95     14.14    14.956   15.368   120   0    0     0     26.67  28.33  N/A         N/A          -2.20        N/A          38.33  31.404   1.89     3.28        1.4         48       3.5      1.69          0.35    24.58     0.48    0.33    0.43    1.38    0.48     65.40   1.99    43.88   54.55   0.36    178.00     33.58    46.95  
144  TR895TS399_3        399     27.08    100.00  144   N/A       N/A        -3.17     N/A        16.46    N/A           6.16     8.61     14.99    15.681   120   3    0     0     5.83   25.00  N/A         N/A          -3.41        N/A          35.83  25.467   2.41     5.44        0.4         51       3.4      3.58          0.17    30.00     0.45    0.34    0.45    1.26    0.51     56.20   1.99    41.64   52.23   0.33    117.60     47.81    46.47  
145  TR895TS399_4        399     26.04    100.00  145   N/A       N/A        -3.26     N/A        15.83    N/A           6.53     8.38     13.607   14.395   120   9    0     0     12.50  30.83  N/A         N/A          -3.02        N/A          43.33  26.843   2.50     4.54        0.9         58       4.1      3.60          0.14    29.17     0.45    0.31    0.37    1.39    0.54     64.40   2.30    41.13   52.26   0.38    159.80     46.02    43.53  
146  TR895TS399_1        399     26.04    100.00  145   -3.71     N/A        -3.26     N/A        16.04    N/A           6.79     8.53     15.71    16.53    120   5    0     0     4.17   21.67  -3.97       N/A          -3.51        N/A          39.17  27.999   2.47     4.36        0.7         60       4.5      3.55          0.17    29.17     0.46    0.32    0.36    1.35    0.49     57.40   1.64    38.67   52.57   0.36    112.20     47.38    44.91  
147  TR895TS330_2        330     24.79    100.00  147   N/A       N/A        -3.36     N/A        19.16    N/A           6.07     13.20    14.783   15.565   120   0    0     0     5.00   9.17   N/A         N/A          -3.46        N/A          33.33  24.143   2.57     4.72        1.3         57       4.4      1.43          0.29    16.67     0.41    0.23    0.29    1.58    0.53     59.30   3.07    37.75   44.90   0.35    141.70     48.02    42.92  
148  TR895TS399_2        399     24.17    100.00  148   N/A       N/A        -3.41     N/A        15.62    N/A           6.03     8.15     15.017   15.857   120   4    0     0     2.50   27.50  N/A         N/A          -3.60        N/A          35.83  24.184   2.41     4.54        0.4         53       4.5      3.59          0.16    26.67     0.46    0.32    0.42    1.09    0.59     56.20   2.58    39.57   52.53   0.31    97.70      51.44    38.09  
149  TR895TS399_5        399     23.12    100.00  149   N/A       N/A        -3.50     N/A        14.79    N/A           6.02     8.49     15.459   16.16    120   4    0     0     3.33   23.33  N/A         N/A          -3.56        N/A          33.33  24.583   2.19     3.64        0.1         49       4.4      3.54          0.17    28.75     0.45    0.34    0.43    1.32    0.54     56.20   1.64    38.19   51.95   0.29    97.60      55.30    32.59  

