#    Model               GR#     GDT_TS   NP_P    RANK  Z-M1-GDT  Z-M1s-GDT  Z-MA-GDT  Z-MAs-GDT  GDT_HA   Z-M1s-GDT-HA  GDC_SC   GDC_ALL  RMS_CA   RMS_ALL  NP    err  PC01  PC05  AL0_P  AL4_P  Z-M1-AL0_p  Z-M1s-AL0_p  Z-MA-AL0_p   Z-MAs-AL0_p  ALI_P  LGA_S    RMSD[L]  Z-score[M]  Z-Score[D]  Al.Res.  RMSD[D]  MolPrb_Score  LDDT    SphGr     CAD_AA  RPF     CODM    DFM     Handed.  SOV     CE      QCS     CONTS   TMscore  Dali(raw)  FlexE    QSE    

-    Starting model      -       87.28    -       -     -         -          -         -          69.67    -             45.47    -        2.27     2.89     -     -    -     -     -      -      -           -            -            -            -      -        -        22.76       24.50       162      1.40     1.51          0.74    88.76     0.71    0.78    0.96    0.15    0.94     87.90   6.58    95.15   86.33   0.91     1670.40    2.76     -      

1    TR893TS250_5        250s    88.76    100.00  1     N/A       N/A        0.64      1.07       71.16    N/A           44.92    61.74    1.773    2.353    169   0    0     0     89.94  95.27  N/A         N/A          0.47         0.58         95.27  93.574   1.44     23.73       25.8        167      1.5      0.50          0.76    94.97     0.72    0.81    0.98    0.09    0.95     95.80   7.02    95.08   87.77   0.92    1746.40    2.09     18.69  
2    TR893TS265_3        265     88.46    100.00  2     N/A       N/A        0.62      N/A        73.22    N/A           48.41    64.64    2.295    2.822    169   0    0     0     88.17  94.08  N/A         N/A          0.37         N/A          94.08  91.752   1.25     22.76       25.2        161      1.4      1.14          0.75    89.94     0.71    0.79    0.96    0.15    0.94     88.20   6.58    95.32   86.42   0.91    1710.30    2.92     92.00  
3    TR893TS250_1        250s    88.31    100.00  3     0.56      0.74       0.61      0.84       70.71    0.33          49.87    63.85    1.559    2.093    169   0    0     0     90.53  97.63  0.48        1.38         0.50         0.96         97.63  93.169   1.48     23.73       26.3        169      1.6      0.72          0.78    97.93     0.73    0.83    0.99    0.06    0.95     96.10   7.02    95.77   89.44   0.93    1783.40    1.26     17.78  
4    TR893TS250_2        250s    88.31    100.00  3     N/A       N/A        0.61      0.84       71.75    N/A           47.85    63.44    1.751    2.407    169   0    0     0     89.35  96.45  N/A         N/A          0.44         0.21         96.45  93.616   1.39     23.57       26.1        167      1.5      0.81          0.77    93.79     0.73    0.81    0.98    0.09    0.95     95.70   7.02    95.21   88.27   0.92    1768.20    2.15     18.28  
5    TR893TS250_4        250s    88.31    100.00  3     N/A       N/A        0.61      0.84       72.04    N/A           48.03    62.91    1.766    2.436    169   0    0     0     91.12  97.04  N/A         N/A          0.54         1.33         97.04  93.343   1.46     23.73       25.9        167      1.5      0.81          0.76    92.60     0.72    0.81    0.98    0.09    0.95     95.70   7.02    95.06   87.83   0.92    1754.90    2.26     18.54  
6    TR893TS023_3        023     88.02    100.00  6     N/A       N/A        0.59      N/A        71.00    N/A           48.05    63.26    1.799    2.469    169   0    0     0     90.53  97.04  N/A         N/A          0.50         N/A          97.04  93.361   1.44     23.73       26          167      1.5      0.64          0.76    93.49     0.72    0.81    0.98    0.09    0.94     95.80   7.02    95.27   88.28   0.92    1761.10    2.01     28.53  
7    TR893TS023_4        023     87.87    100.00  7     N/A       N/A        0.58      N/A        70.27    N/A           47.09    63.69    1.811    2.487    169   0    0     0     89.94  97.04  N/A         N/A          0.47         N/A          97.04  93.291   1.40     23.73       25.8        167      1.5      0.92          0.76    93.20     0.72    0.81    0.98    0.09    0.94     95.70   7.02    95.19   88.04   0.92    1749.30    2.04     28.46  
8    TR893TS220_1        220s    87.87    100.00  7     0.52      0.55       0.58      0.61       72.63    0.82          47.38    64.58    2.135    2.771    169   0    0     0     88.76  95.86  0.37        -0.27        0.41         -0.16        95.86  92.315   1.14     23.08       25.5        161      1.1      1.88          0.74    88.76     0.71    0.78    0.97    0.14    0.95     94.80   6.70    95.39   86.56   0.92    1728.30    2.83     25.94  
9    TR893TS162_1        162     87.87    100.00  7     0.52      N/A        0.58      N/A        69.53    N/A           41.48    62.08    2.289    2.888    169   0    0     0     90.53  93.49  0.48        N/A          0.50         N/A          93.49  91.155   1.29     22.76       24.4        162      1.4      0.92          0.73    88.17     0.70    0.77    0.96    0.16    0.94     88.50   6.58    95.03   85.62   0.91    1661.40    2.90     N/A    
10   TR893TS430_3        430s    87.72    100.00  10    N/A       N/A        0.57      0.53       71.15    N/A           47.98    64.34    2.304    2.783    169   0    0     0     89.35  93.49  N/A         N/A          0.44         0.21         93.49  91.563   1.30     22.76       24.7        162      1.5      1.22          0.75    90.24     0.71    0.79    0.96    0.16    0.94     89.40   6.58    95.27   86.02   0.91    1681.80    3.04     27.03  
11   TR893TS081_1        081     87.57    100.00  11    0.50      N/A        0.56      N/A        70.86    N/A           45.86    63.58    2.227    2.9      169   0    0     0     91.12  94.08  0.52        N/A          0.54         N/A          94.08  91.07    1.27     22.92       24.6        166      1.7      0.87          0.74    88.76     0.70    0.78    0.97    0.15    0.94     88.80   6.58    95.17   85.91   0.91    1676.10    2.80     91.78  
12   TR893TS102_1        102     87.57    100.00  11    0.50      N/A        0.56      N/A        70.27    N/A           45.60    63.57    2.226    2.801    169   1    0     0     89.94  94.67  0.44        N/A          0.47         N/A          94.67  91.872   1.28     22.92       24.9        161      1.4      0.98          0.74    89.64     0.70    0.79    0.97    0.14    0.94     80.92   6.58    94.55   86.05   0.91    1685.70    2.96     N/A    
13   TR893TS023_2        023     87.57    100.00  11    N/A       N/A        0.56      N/A        70.27    N/A           47.31    62.78    1.871    2.554    169   0    0     0     89.35  96.45  N/A         N/A          0.44         N/A          96.45  93.073   1.37     23.73       25.7        167      1.6      0.83          0.76    92.01     0.72    0.81    0.98    0.10    0.94     95.80   7.02    95.04   87.63   0.92    1741.30    2.22     28.92  
14   TR893TS430_1        430s    87.57    100.00  11    0.50      0.43       0.56      0.46       71.60    0.56          48.02    64.74    2.316    2.791    169   0    0     0     89.35  93.49  0.41        0.28         0.44         0.21         93.49  90.914   1.31     22.76       24.7        162      1.5      1.52          0.75    90.53     0.71    0.79    0.96    0.16    0.94     90.00   6.58    95.25   85.95   0.91    1679.50    3.11     27.09  
15   TR893TS430_4        430s    87.57    100.00  11    N/A       N/A        0.56      0.46       71.30    N/A           47.25    63.91    2.324    2.794    169   0    0     0     89.35  92.90  N/A         N/A          0.44         0.21         92.90  90.714   1.29     22.76       24.7        162      1.5      1.28          0.75    90.53     0.71    0.79    0.96    0.16    0.94     98.30   6.58    95.22   85.87   0.91    1679.60    3.11     27.23  
16   TR893TS023_1        023     87.43    100.00  16    0.49      N/A        0.55      N/A        69.83    N/A           48.41    63.87    1.82     2.46     169   0    0     0     90.53  96.45  0.48        N/A          0.50         N/A          96.45  93.143   1.47     23.73       25.8        167      1.5      0.67          0.76    92.90     0.73    0.81    0.98    0.10    0.94     95.70   7.02    95.16   87.87   0.92    1748.00    2.04     28.49  
17   TR893TS208_4        208     87.43    100.00  16    N/A       N/A        0.55      N/A        70.71    N/A           45.01    63.13    2.229    2.83     169   0    0     0     90.53  94.67  N/A         N/A          0.50         N/A          94.67  91.065   1.29     22.92       24.7        166      1.7      1.40          0.74    89.35     0.71    0.80    0.96    0.15    0.94     95.60   6.58    95.36   86.25   0.91    1678.10    2.77     27.50  
18   TR893TS208_3        208     87.28    100.00  18    N/A       N/A        0.54      N/A        70.86    N/A           44.92    63.43    2.232    2.84     169   0    0     0     89.94  94.08  N/A         N/A          0.47         N/A          94.08  91.137   1.32     22.92       24.7        166      1.7      1.65          0.74    89.05     0.71    0.80    0.96    0.15    0.94     87.50   6.58    95.33   86.19   0.91    1677.40    2.80     27.57  
19   TR893TS081_2        081     87.28    100.00  18    N/A       N/A        0.54      N/A        70.42    N/A           45.20    63.36    2.246    2.957    169   0    0     0     90.53  94.08  N/A         N/A          0.50         N/A          94.08  91.594   1.32     22.76       24.6        162      1.4      0.83          0.73    87.57     0.70    0.78    0.96    0.15    0.94     88.80   6.58    95.16   85.94   0.91    1670.70    2.84     91.55  
20   TR893TS023_5        023     87.28    100.00  18    N/A       N/A        0.54      N/A        70.12    N/A           46.84    63.29    1.815    2.51     169   0    0     0     89.94  96.45  N/A         N/A          0.47         N/A          96.45  92.655   1.49     23.73       25.8        167      1.5      0.64          0.76    92.60     0.72    0.81    0.98    0.09    0.95     95.70   7.02    95.17   88.14   0.92    1751.80    2.07     28.65  
21   TR893TS412_2        412     87.28    100.00  18    N/A       N/A        0.54      N/A        69.23    N/A           43.62    63.20    2.313    2.865    169   0    0     0     89.94  94.67  N/A         N/A          0.47         N/A          94.67  91.433   1.35     22.76       24.4        161      1.4      0.72          0.72    89.35     0.70    0.78    0.96    0.15    0.94     83.01   6.58    95.28   86.22   0.91    1659.40    2.81     26.62  
22   TR893TS250_3        250s    87.28    100.00  18    N/A       N/A        0.54      0.31       69.82    N/A           47.63    63.09    1.769    2.311    169   0    0     0     89.94  96.45  N/A         N/A          0.47         0.58         96.45  93.084   1.43     23.57       25.8        167      1.5      0.50          0.76    95.56     0.73    0.81    0.98    0.09    0.95     95.70   7.02    95.04   87.90   0.92    1747.30    2.07     18.57  
23   TR893TS396_1        396     87.28    100.00  18    0.48      N/A        0.54      N/A        69.67    N/A           45.31    62.98    2.275    2.898    169   0    0     0     90.53  94.67  0.48        N/A          0.50         N/A          94.67  91.49    1.32     22.76       24.5        162      1.4      1.42          0.74    88.46     0.71    0.78    0.96    0.15    0.94     87.90   6.58    95.33   86.35   0.91    1668.40    2.80     N/A    
24   TR893TS396_2        396     87.28    100.00  18    N/A       N/A        0.54      N/A        69.38    N/A           45.31    62.97    2.273    2.895    169   0    0     0     90.53  94.67  N/A         N/A          0.50         N/A          94.67  91.106   1.29     22.76       24.5        162      1.4      1.35          0.74    88.76     0.71    0.78    0.96    0.15    0.94     87.90   6.58    95.33   86.35   0.91    1669.20    2.78     N/A    
25   TR893TS412_3        412     87.28    100.00  18    N/A       N/A        0.54      N/A        69.23    N/A           43.57    62.51    2.287    2.892    169   0    0     0     89.94  94.67  N/A         N/A          0.47         N/A          94.67  91.42    1.33     22.76       24.4        161      1.5      1.12          0.73    89.35     0.70    0.78    0.96    0.15    0.94     87.08   6.58    95.24   86.18   0.91    1657.50    2.78     26.67  
26   TR893TS450_5        450     87.13    100.00  26    N/A       N/A        0.53      N/A        70.12    N/A           45.94    62.96    2.224    2.815    169   0    0     0     86.39  94.08  N/A         N/A          0.28         N/A          94.08  91.581   1.41     23.08       24.9        162      1.3      1.59          0.74    89.05     0.70    0.79    0.97    0.15    0.94     95.70   6.70    95.14   85.65   0.91    1689.90    3.18     26.54  
27   TR893TS204_5        204     87.13    100.00  26    N/A       N/A        0.53      N/A        69.67    N/A           44.75    62.38    2.271    2.887    169   0    0     0     90.53  94.67  N/A         N/A          0.50         N/A          94.67  91.745   1.29     22.76       24.5        162      1.4      0.67          0.73    89.05     0.70    0.78    0.96    0.15    0.94     97.10   6.70    95.07   86.28   0.91    1668.70    2.77     N/A    
28   TR893TS208_1        208     87.13    100.00  26    0.47      N/A        0.53      N/A        70.56    N/A           43.84    63.12    2.223    2.804    169   0    0     0     89.94  94.67  0.44        N/A          0.47         N/A          94.67  91.124   1.31     22.92       24.7        166      1.7      1.85          0.74    89.64     0.71    0.80    0.96    0.15    0.94     87.50   6.58    95.34   86.22   0.91    1677.20    2.81     27.54  
29   TR893TS017_5        017     87.13    100.00  26    N/A       N/A        0.53      N/A        69.53    N/A           45.48    63.18    2.289    2.887    169   0    0     0     89.94  94.67  N/A         N/A          0.47         N/A          94.67  91.236   1.34     22.76       24.3        161      1.5      1.26          0.73    88.46     0.70    0.78    0.96    0.16    0.94     88.97   6.58    94.65   85.69   0.91    1652.30    2.85     94.81  
30   TR893TS017_4        017     87.13    100.00  26    N/A       N/A        0.53      N/A        69.53    N/A           45.48    63.17    2.289    2.887    169   0    0     0     89.94  94.67  N/A         N/A          0.47         N/A          94.67  91.236   1.34     22.76       24.3        161      1.5      1.26          0.73    88.46     0.70    0.78    0.96    0.16    0.94     88.97   6.58    94.65   85.69   0.91    1652.30    2.85     94.81  
31   TR893TS273_1        273     87.13    100.00  26    0.47      N/A        0.53      N/A        69.67    N/A           44.55    62.91    2.253    2.831    169   0    0     0     90.53  94.08  0.48        N/A          0.50         N/A          94.08  90.927   1.31     22.92       24.5        162      1.5      1.72          0.74    89.05     0.71    0.79    0.96    0.15    0.94     95.70   6.58    95.04   86.36   0.91    1666.40    2.71     N/A    
32   TR893TS017_1        017     87.13    100.00  26    0.47      N/A        0.53      N/A        69.53    N/A           45.48    63.12    2.289    2.887    169   0    0     0     89.94  94.08  0.44        N/A          0.47         N/A          94.08  90.974   1.31     22.76       24.3        161      1.5      1.23          0.73    88.46     0.70    0.78    0.96    0.16    0.94     88.97   6.58    94.66   85.69   0.91    1652.00    2.86     94.84  
33   TR893TS208_5        208     86.98    100.00  33    N/A       N/A        0.52      N/A        69.53    N/A           43.22    62.29    2.238    2.834    169   0    0     0     90.53  94.67  N/A         N/A          0.50         N/A          94.67  90.917   1.32     22.92       24.6        166      1.7      1.73          0.74    89.64     0.70    0.80    0.96    0.15    0.94     87.50   6.70    95.26   86.11   0.91    1672.20    2.83     27.68  
34   TR893TS204_1        204     86.98    100.00  33    0.45      N/A        0.52      N/A        69.67    N/A           33.85    58.47    2.304    3.122    169   1    0     0     88.17  92.90  0.33        N/A          0.37         N/A          92.90  91.519   1.38     22.92       24.4        162      1.5      1.42          0.69    86.98     0.65    0.75    0.96    0.16    0.94     58.50   6.58    94.54   84.90   0.91    1662.70    3.39     N/A    
35   TR893TS430_5        430s    86.98    100.00  33    N/A       N/A        0.52      0.16       71.15    N/A           46.97    63.61    2.33     2.838    169   0    0     0     88.76  92.90  N/A         N/A          0.41         -0.16        92.90  91.355   1.29     22.76       24.5        162      1.5      1.74          0.75    89.35     0.71    0.79    0.96    0.17    0.94     97.80   6.58    95.18   85.80   0.91    1670.40    3.16     27.27  
36   TR893TS162_4        162     86.98    100.00  33    N/A       N/A        0.52      N/A        69.53    N/A           43.80    61.93    2.293    2.923    169   0    0     0     89.94  94.67  N/A         N/A          0.47         N/A          94.67  91.174   1.35     22.76       24.2        162      1.4      0.79          0.72    88.76     0.69    0.76    0.97    0.16    0.94     98.30   6.58    94.69   85.24   0.91    1651.40    2.84     N/A    
37   TR893TS220_2        220s    86.83    100.00  37    N/A       N/A        0.51      0.08       69.82    N/A           48.27    64.41    2.223    2.804    169   0    0     0     91.72  95.27  N/A         N/A          0.57         1.71         95.27  91.552   1.22     23.08       24.9        162      1.3      1.82          0.74    88.76     0.71    0.78    0.97    0.14    0.94     89.40   6.58    94.87   86.27   0.92    1692.20    2.69     26.14  
38   TR893TS430_2        430s    86.83    100.00  37    N/A       N/A        0.51      0.08       71.00    N/A           46.98    63.71    2.33     2.84     169   0    0     0     88.76  92.90  N/A         N/A          0.41         -0.16        92.90  90.774   1.32     22.76       24.6        162      1.5      1.43          0.75    89.35     0.71    0.79    0.96    0.17    0.94     98.30   6.58    95.18   85.73   0.91    1672.50    3.19     27.27  
39   TR893TS073_5        073     86.69    100.00  39    N/A       N/A        0.50      N/A        68.79    N/A           44.88    62.58    2.281    2.882    169   0    0     0     88.76  94.67  N/A         N/A          0.41         N/A          94.67  90.849   1.31     22.76       24.4        162      1.5      2.45          0.73    88.46     0.71    0.78    0.96    0.15    0.94     88.50   6.58    94.88   85.66   0.91    1660.50    2.80     91.50  
40   TR893TS265_1        265     86.69    100.00  39    0.43      N/A        0.50      N/A        70.27    N/A           45.31    62.93    2.317    2.89     169   0    0     0     86.98  94.08  0.26        N/A          0.31         N/A          94.08  91.192   1.31     22.76       24.9        161      1.4      1.20          0.74    88.76     0.70    0.78    0.96    0.16    0.94     86.60   6.58    94.95   85.63   0.91    1694.50    3.07     91.96  
41   TR893TS412_4        412     86.69    100.00  39    N/A       N/A        0.50      N/A        69.23    N/A           43.72    62.34    2.277    2.876    169   0    0     0     91.12  94.67  N/A         N/A          0.54         N/A          94.67  91.812   1.36     22.76       24.4        161      1.4      1.00          0.73    89.05     0.70    0.78    0.96    0.15    0.94     83.01   6.58    95.07   86.23   0.91    1659.60    2.81     26.55  
42   TR893TS412_1        412     86.69    100.00  39    0.43      N/A        0.50      N/A        68.64    N/A           44.36    61.91    2.296    2.883    169   0    0     0     90.53  94.08  0.48        N/A          0.50         N/A          94.08  91.155   1.29     22.76       24.4        161      1.4      0.72          0.73    89.35     0.70    0.78    0.96    0.15    0.94     87.68   6.58    95.06   86.17   0.91    1655.50    2.85     26.78  
43   TR893TS265_2        265     86.69    100.00  39    N/A       N/A        0.50      N/A        70.71    N/A           44.67    63.14    2.348    2.925    169   0    0     0     86.98  94.08  N/A         N/A          0.31         N/A          94.08  91.337   1.34     22.76       24.7        161      1.4      1.25          0.74    88.76     0.71    0.79    0.96    0.16    0.94     87.70   6.58    94.89   85.23   0.90    1676.80    2.94     91.88  
44   TR893TS412_5        412     86.69    100.00  39    N/A       N/A        0.50      N/A        68.64    N/A           43.36    62.18    2.315    2.903    169   0    0     0     89.94  94.08  N/A         N/A          0.47         N/A          94.08  90.945   1.32     22.76       24.3        161      1.5      0.98          0.73    89.35     0.70    0.78    0.96    0.15    0.94     87.68   6.58    95.09   86.11   0.91    1651.90    2.83     26.83  
45   TR893TS208_2        208     86.69    100.00  39    N/A       N/A        0.50      N/A        69.67    N/A           42.71    62.25    2.241    2.827    169   0    0     0     89.94  94.08  N/A         N/A          0.47         N/A          94.08  91.057   1.36     22.92       24.5        162      1.4      1.28          0.74    89.35     0.70    0.80    0.96    0.16    0.94     95.60   6.70    95.21   85.91   0.91    1666.70    2.92     27.74  
46   TR893TS204_3        204     86.54    100.00  46    N/A       N/A        0.49      N/A        67.75    N/A           36.11    57.13    2.326    3.071    169   2    0     0     89.35  93.49  N/A         N/A          0.44         N/A          93.49  90.673   1.35     22.76       24          162      1.5      1.88          0.68    87.28     0.65    0.75    0.96    0.17    0.94     55.30   6.58    94.38   84.17   0.90    1635.10    3.30     N/A    
47   TR893TS450_4        450     86.39    100.00  47    N/A       N/A        0.48      N/A        69.97    N/A           46.92    63.56    2.325    2.995    169   0    0     0     86.98  92.31  N/A         N/A          0.31         N/A          92.31  91.155   1.29     22.92       24.7        161      1.4      1.76          0.74    84.62     0.70    0.78    0.96    0.17    0.94     95.10   6.70    95.07   85.32   0.91    1677.10    3.25     27.14  
48   TR893TS162_2        162     86.39    100.00  47    N/A       N/A        0.48      N/A        67.75    N/A           42.07    61.84    2.292    2.913    169   0    0     0     89.94  93.49  N/A         N/A          0.47         N/A          93.49  90.665   1.34     22.76       24          162      1.5      1.00          0.72    87.28     0.69    0.77    0.96    0.16    0.94     89.80   6.58    94.57   85.08   0.91    1638.40    3.00     N/A    
49   TR893TS324_3        324     86.39    100.00  47    N/A       N/A        0.48      N/A        71.01    N/A           43.86    62.15    2.367    2.985    169   0    0     0     89.35  95.27  N/A         N/A          0.44         N/A          95.86  92.274   1.28     23.08       25.4        165      1.6      2.52          0.74    88.17     0.69    0.78    0.97    0.12    0.94     90.20   6.58    94.99   86.97   0.92    1722.20    2.56     18.86  
50   TR893TS450_3        450     86.24    100.00  50    N/A       N/A        0.47      N/A        69.97    N/A           45.12    62.89    2.211    2.87     169   0    0     0     87.57  95.27  N/A         N/A          0.34         N/A          95.27  90.948   1.37     23.08       24.9        161      1.3      1.55          0.74    86.98     0.70    0.79    0.97    0.15    0.94     94.70   6.70    94.98   85.11   0.91    1689.90    3.16     26.34  
51   TR893TS480_5        480     86.24    100.00  50    N/A       N/A        0.47      N/A        68.64    N/A           34.72    59.30    2.016    2.899    169   0    0     0     86.98  94.67  N/A         N/A          0.31         N/A          94.67  91.812   1.38     22.28       24.6        164      1.5      3.13          0.70    84.62     0.65    0.74    0.97    0.15    0.94     90.20   6.70    94.69   84.63   0.91    1676.40    3.79     19.15  
52   TR893TS381_4        381     86.24    100.00  50    N/A       N/A        0.47      N/A        69.67    N/A           45.55    62.48    2.205    2.823    169   0    0     0     88.76  94.08  N/A         N/A          0.41         N/A          94.08  90.722   1.35     22.92       24.4        162      1.5      2.22          0.74    89.05     0.70    0.79    0.96    0.15    0.94     86.40   6.70    94.40   86.26   0.91    1661.00    2.81     26.64  
53   TR893TS381_5        381     86.24    100.00  50    N/A       N/A        0.47      N/A        69.83    N/A           44.84    62.49    2.165    2.79     169   0    0     0     89.94  94.08  N/A         N/A          0.47         N/A          94.08  91.436   1.38     22.92       24.4        166      1.7      2.46          0.73    89.05     0.70    0.79    0.97    0.15    0.94     94.50   6.70    94.45   86.25   0.91    1661.90    2.76     26.50  
54   TR893TS204_4        204     86.24    100.00  50    N/A       N/A        0.47      N/A        67.90    N/A           36.75    58.04    2.241    2.999    169   1    0     0     88.17  94.08  N/A         N/A          0.37         N/A          94.08  91.882   1.45     22.92       24.2        162      1.5      1.73          0.69    87.28     0.66    0.76    0.96    0.17    0.94     77.20   6.70    93.66   83.81   0.91    1647.70    3.44     N/A    
55   TR893TS188_1        188     86.24    100.00  50    0.40      N/A        0.47      N/A        68.64    N/A           41.18    61.54    2.294    2.921    169   0    0     0     89.94  94.08  0.44        N/A          0.47         N/A          94.08  90.958   1.30     22.76       24.3        162      1.5      2.66          0.72    89.35     0.69    0.77    0.96    0.16    0.94     95.90   6.58    94.85   85.74   0.91    1657.40    2.89     N/A    
56   TR893TS247_2        247     86.24    100.00  50    N/A       N/A        0.47      N/A        70.42    N/A           40.29    57.15    2.213    2.807    169   0    0     0     87.57  94.08  N/A         N/A          0.34         N/A          94.08  90.662   1.52     23.25       24.7        164      1.6      1.00          0.75    91.12     0.72    0.79    0.96    0.15    0.94     81.60   6.70    94.73   86.23   0.90    1678.00    2.35     N/A    
57   TR893TS381_3        381     86.24    100.00  50    N/A       N/A        0.47      N/A        69.67    N/A           45.55    62.48    2.205    2.823    169   0    0     0     88.76  94.08  N/A         N/A          0.41         N/A          94.08  90.722   1.35     22.92       24.4        162      1.5      2.22          0.74    89.05     0.70    0.79    0.96    0.15    0.94     86.40   6.70    94.40   86.26   0.91    1661.00    2.81     26.64  
58   TR893TS162_3        162     86.24    100.00  50    N/A       N/A        0.47      N/A        68.78    N/A           42.35    61.77    2.304    2.876    169   0    0     0     89.94  94.67  N/A         N/A          0.47         N/A          94.67  90.686   1.31     22.76       24.2        162      1.5      0.79          0.72    88.17     0.70    0.77    0.96    0.16    0.94     97.40   6.58    94.75   85.10   0.91    1646.20    2.98     N/A    
59   TR893TS324_5        324     86.09    100.00  59    N/A       N/A        0.46      N/A        69.82    N/A           46.54    63.08    2.354    2.89     169   0    0     0     89.35  95.27  N/A         N/A          0.44         N/A          95.86  92.515   1.34     23.08       25.3        165      1.6      2.47          0.74    88.76     0.69    0.79    0.97    0.12    0.94     90.20   6.58    94.91   86.76   0.92    1719.40    2.68     18.64  
60   TR893TS294_1        294     86.09    100.00  59    0.38      N/A        0.46      N/A        68.34    N/A           41.60    60.62    2.304    3.054    169   0    0     0     88.76  94.08  0.37        N/A          0.41         N/A          94.08  91.366   1.37     22.76       24.4        162      1.5      2.11          0.71    87.57     0.68    0.77    0.96    0.15    0.94     88.80   6.58    94.98   85.99   0.91    1661.40    2.86     19.25  
61   TR893TS450_1        450     86.09    100.00  59    0.38      N/A        0.46      N/A        68.64    N/A           42.26    61.78    2.391    2.962    169   0    0     0     87.57  92.90  0.29        N/A          0.34         N/A          92.90  90.86    1.35     22.60       24.5        162      1.5      1.17          0.73    88.17     0.70    0.78    0.96    0.16    0.94     95.70   6.58    94.91   85.17   0.90    1666.80    3.32     27.60  
62   TR893TS324_1        324     85.95    100.00  62    0.37      N/A        0.45      N/A        69.08    N/A           46.28    62.33    2.393    2.993    169   0    0     0     88.17  95.27  0.33        N/A          0.37         N/A          95.86  91.965   1.31     23.08       25.3        165      1.7      2.48          0.74    86.09     0.69    0.78    0.97    0.12    0.94     90.20   6.58    95.00   86.54   0.91    1715.70    2.57     19.11  
63   TR893TS001_1        001     85.95    100.00  62    0.37      N/A        0.45      N/A        68.19    N/A           46.80    62.05    2.333    2.771    169   0    0     0     85.21  90.53  0.15        N/A          0.21         N/A          90.53  90.629   1.34     22.44       24.4        164      1.8      2.53          0.73    90.83     0.72    0.80    0.97    0.16    0.94     93.84   6.70    94.54   86.10   0.90    1657.10    2.85     N/A    
64   TR893TS247_4        247     85.80    100.00  64    N/A       N/A        0.44      N/A        68.78    N/A           44.59    60.06    2.462    2.9      169   0    0     0     85.21  92.90  N/A         N/A          0.21         N/A          92.90  89.684   1.41     23.25       24.3        164      1.7      0.98          0.74    88.46     0.71    0.79    0.95    0.21    0.93     76.50   6.70    94.36   84.49   0.89    1653.30    2.74     N/A    
65   TR893TS220_3        220s    85.80    100.00  64    N/A       N/A        0.44      -0.45      70.56    N/A           49.17    64.05    2.869    3.24     169   1    0     0     88.17  93.49  N/A         N/A          0.37         -0.54        94.67  90.87    1.17     23.08       25          161      1.6      1.72          0.75    86.69     0.70    0.78    0.96    0.15    0.93     90.20   6.58    95.04   86.30   0.91    1698.60    3.57     27.15  
66   TR893TS247_5        247     85.80    100.00  64    N/A       N/A        0.44      N/A        69.67    N/A           44.69    60.68    2.231    2.737    169   0    0     0     85.21  92.31  N/A         N/A          0.21         N/A          92.31  90.221   1.47     23.41       24.3        164      1.6      0.58          0.75    89.05     0.71    0.79    0.96    0.19    0.94     86.30   6.92    94.68   85.19   0.90    1655.20    3.23     N/A    
67   TR893TS324_2        324     85.80    100.00  64    N/A       N/A        0.44      N/A        69.38    N/A           44.05    62.20    2.355    2.94     169   1    0     0     88.17  95.27  N/A         N/A          0.37         N/A          95.86  91.641   1.31     23.08       25.2        165      1.7      2.70          0.74    88.46     0.69    0.79    0.97    0.12    0.94     90.20   6.58    94.91   86.58   0.91    1709.80    2.70     19.16  
68   TR893TS265_5        265     85.65    100.00  68    N/A       N/A        0.43      N/A        67.45    N/A           45.84    60.94    2.332    2.908    169   0    0     0     88.17  92.90  N/A         N/A          0.37         N/A          92.90  90.016   1.39     22.92       24.2        166      1.9      1.10          0.75    90.53     0.71    0.79    0.96    0.17    0.93     96.20   6.58    94.95   85.29   0.90    1648.50    2.91     90.87  
69   TR893TS247_3        247     85.50    100.00  69    N/A       N/A        0.41      N/A        69.68    N/A           42.83    60.46    2.227    2.669    169   0    0     0     88.17  94.08  N/A         N/A          0.37         N/A          94.08  91.106   1.33     23.41       24.9        166      1.8      0.83          0.75    91.72     0.72    0.80    0.97    0.15    0.94     84.50   6.70    94.82   87.02   0.90    1692.10    2.23     N/A    
70   TR893TS247_1        247     85.36    100.00  70    0.33      N/A        0.41      N/A        68.49    N/A           41.91    60.39    2.33     2.884    169   0    0     0     85.80  93.49  0.18        N/A          0.24         N/A          93.49  89.894   1.51     23.41       24.7        165      1.9      0.64          0.74    89.64     0.71    0.79    0.96    0.15    0.93     97.20   6.92    94.48   85.82   0.89    1676.90    3.41     N/A    
71   TR893TS480_1        480     85.36    100.00  70    0.33      N/A        0.41      N/A        68.05    N/A           33.98    57.68    2.445    3.199    169   0    0     0     85.21  92.31  0.15        N/A          0.21         N/A          92.31  90.444   1.40     22.76       24.5        164      1.6      3.17          0.70    82.25     0.65    0.75    0.96    0.18    0.93     86.50   6.70    94.46   84.74   0.91    1668.60    4.32     20.52  
72   TR893TS381_2        381     85.21    100.00  72    N/A       N/A        0.40      N/A        69.23    N/A           44.24    61.74    2.204    2.813    169   0    0     0     89.94  94.08  N/A         N/A          0.47         N/A          94.08  90.847   1.32     22.92       24.1        166      1.7      2.41          0.73    89.05     0.70    0.79    0.96    0.16    0.94     94.50   6.70    93.97   86.14   0.91    1640.30    2.81     26.89  
73   TR893TS381_1        381     85.21    100.00  72    0.32      N/A        0.40      N/A        69.23    N/A           44.24    61.74    2.204    2.813    169   0    0     0     89.94  94.08  0.44        N/A          0.47         N/A          94.08  90.847   1.32     22.92       24.1        166      1.7      2.41          0.73    89.05     0.70    0.79    0.96    0.16    0.94     94.50   6.70    93.97   86.14   0.91    1640.30    2.81     26.89  
74   TR893TS081_3        081     85.06    100.00  74    N/A       N/A        0.38      N/A        67.16    N/A           44.17    61.90    2.152    2.826    169   0    0     0     91.12  94.08  N/A         N/A          0.54         N/A          94.08  90.304   1.33     22.92       24.2        166      1.6      0.87          0.73    90.24     0.70    0.78    0.97    0.16    0.94     83.20   6.70    94.41   84.06   0.91    1647.90    2.86     92.75  
75   TR893TS324_4        324     85.06    100.00  74    N/A       N/A        0.38      N/A        68.20    N/A           44.09    60.32    2.441    3.035    169   0    0     0     88.17  94.67  N/A         N/A          0.37         N/A          95.27  91.373   1.37     23.08       25          165      1.7      2.74          0.73    86.39     0.68    0.78    0.97    0.13    0.94     90.20   6.58    94.69   86.18   0.91    1700.50    2.63     19.71  
76   TR893TS450_2        450     85.06    100.00  74    N/A       N/A        0.38      N/A        68.49    N/A           43.33    62.29    2.366    2.965    169   0    0     0     86.98  94.08  N/A         N/A          0.31         N/A          94.08  90.717   1.40     22.92       24.4        161      1.4      1.80          0.73    85.80     0.69    0.78    0.96    0.16    0.94     95.10   6.58    94.88   85.16   0.90    1659.30    3.33     27.13  
77   TR893TS396_3        396     85.06    100.00  74    N/A       N/A        0.38      N/A        67.75    N/A           43.77    61.87    1.862    2.588    169   0    0     0     88.17  95.27  N/A         N/A          0.37         N/A          95.86  91.456   1.28     23.73       25.4        166      1.5      1.36          0.74    90.24     0.71    0.79    0.98    0.11    0.94     96.30   7.02    95.45   87.14   0.92    1727.60    2.02     N/A    
78   TR893TS102_5        102     85.06    100.00  74    N/A       N/A        0.38      N/A        66.12    N/A           41.14    58.62    2.309    3.049    169   0    0     0     88.17  94.08  N/A         N/A          0.37         N/A          94.08  90.138   1.37     22.76       23.6        161      1.5      1.64          0.70    87.87     0.68    0.76    0.96    0.17    0.94     95.63   6.70    94.27   84.32   0.90    1607.30    2.90     84.87  
79   TR893TS393_1        393     84.91    100.00  79    0.29      N/A        0.37      N/A        68.78    N/A           44.21    62.33    2.254    2.872    169   0    0     0     90.53  94.08  0.48        N/A          0.50         N/A          94.08  90.424   1.33     22.76       24.4        162      1.5      2.25          0.73    89.64     0.68    0.79    0.97    0.15    0.94     92.10   6.58    94.58   86.51   0.91    1663.20    2.65     19.10  
80   TR893TS393_2        393     84.76    100.00  80    N/A       N/A        0.36      N/A        66.72    N/A           43.74    61.15    1.865    2.475    169   0    0     0     88.76  95.86  N/A         N/A          0.41         N/A          96.45  91.802   1.39     23.73       25.1        166      1.5      2.89          0.74    90.83     0.69    0.81    0.98    0.11    0.94     93.00   7.02    94.61   86.34   0.92    1703.30    1.98     18.64  
81   TR893TS011_1        011     84.76    100.00  80    0.28      N/A        0.36      N/A        69.23    N/A           48.05    63.48    4.078    4.246    169   0    0     0     87.57  90.53  0.29        N/A          0.34         N/A          90.53  88.898   1.27     21.79       23.9        159      1.6      2.05          0.74    87.87     0.70    0.78    0.93    0.21    0.92     90.10   6.35    95.28   86.27   0.88    1629.60    4.86     27.87  
82   TR893TS480_4        480     84.76    100.00  80    N/A       N/A        0.36      N/A        66.42    N/A           31.55    57.30    2.595    3.462    169   0    0     0     88.17  91.72  N/A         N/A          0.37         N/A          91.72  90.61    1.32     22.92       24.1        163      1.8      2.75          0.69    82.84     0.65    0.73    0.96    0.17    0.93     91.00   6.58    93.47   83.84   0.90    1642.00    4.91     20.21  
83   TR893TS480_2        480     84.61    100.00  83    N/A       N/A        0.35      N/A        66.42    N/A           36.51    57.57    2.246    3.098    169   0    0     0     85.21  92.31  N/A         N/A          0.21         N/A          92.31  90.421   1.40     23.41       24.1        164      1.8      2.94          0.70    84.91     0.65    0.75    0.96    0.15    0.94     84.60   6.70    94.03   83.65   0.90    1641.40    3.80     20.26  
84   TR893TS017_3        017     84.61    100.00  83    N/A       N/A        0.35      N/A        67.60    N/A           44.97    61.37    2.296    2.849    169   0    0     0     88.76  94.08  N/A         N/A          0.41         N/A          94.08  90.151   1.37     22.76       23.9        162      1.5      2.39          0.73    88.46     0.69    0.79    0.96    0.16    0.94     86.40   6.70    94.10   84.72   0.90    1629.20    3.17     95.06  
85   TR893TS162_5        162     84.61    100.00  83    N/A       N/A        0.35      N/A        66.42    N/A           41.84    59.87    2.324    2.924    169   0    0     0     88.76  94.67  N/A         N/A          0.41         N/A          94.67  90.738   1.36     22.76       23.6        162      1.5      0.87          0.71    87.87     0.69    0.75    0.96    0.17    0.94     96.20   6.58    94.00   83.69   0.90    1613.40    3.13     N/A    
86   TR893TS017_2        017     84.32    100.00  86    N/A       N/A        0.33      N/A        67.16    N/A           44.76    61.10    2.291    2.845    169   0    0     0     88.76  94.08  N/A         N/A          0.41         N/A          94.08  89.936   1.38     22.76       23.9        166      1.8      2.36          0.73    88.76     0.69    0.79    0.96    0.16    0.94     86.40   6.70    94.04   84.64   0.90    1626.60    3.17     95.12  
87   TR893TS265_4        265     84.32    100.00  86    N/A       N/A        0.33      N/A        66.27    N/A           40.32    59.64    2.371    2.945    169   0    0     0     86.39  94.08  N/A         N/A          0.28         N/A          94.08  89.559   1.41     22.76       24          161      1.5      0.74          0.73    88.17     0.69    0.78    0.96    0.17    0.93     87.70   6.58    94.59   84.89   0.90    1636.10    3.15     90.73  
88   TR893TS011_2        011     84.17    100.00  88    N/A       N/A        0.32      N/A        70.86    N/A           45.67    63.01    4.076    4.3      169   0    0     0     86.39  90.53  N/A         N/A          0.28         N/A          90.53  88.389   1.26     21.79       23.9        157      1.4      2.28          0.72    86.98     0.69    0.76    0.92    0.20    0.92     79.80   6.35    94.96   86.00   0.88    1630.90    4.71     27.02  
89   TR893TS396_5        396     84.02    100.00  89    N/A       N/A        0.31      N/A        66.57    N/A           45.83    59.93    2.692    3.252    169   0    0     0     86.39  91.72  N/A         N/A          0.28         N/A          92.31  90.164   1.48     22.44       24.6        161      1.6      1.38          0.74    87.57     0.70    0.79    0.97    0.14    0.93     93.90   6.58    95.06   85.92   0.89    1672.70    2.99     N/A    
90   TR893TS393_5        393     84.02    100.00  89    N/A       N/A        0.31      N/A        66.57    N/A           39.34    58.19    2.551    3.155    169   0    0     0     88.76  94.08  N/A         N/A          0.41         N/A          94.67  91.002   1.41     22.60       23.3        164      1.8      3.51          0.69    88.17     0.65    0.76    0.96    0.16    0.93     80.00   6.58    93.67   84.60   0.90    1617.30    2.91     20.32  
91   TR893TS011_3        011     84.02    100.00  89    N/A       N/A        0.31      N/A        69.23    N/A           46.30    62.24    4.058    4.253    169   0    0     0     86.98  90.53  N/A         N/A          0.31         N/A          90.53  88.366   1.31     21.95       23.7        157      1.4      1.41          0.72    84.91     0.70    0.76    0.92    0.20    0.92     80.90   6.35    94.89   85.58   0.88    1618.20    4.73     28.10  
92   TR893TS393_3        393     83.88    100.00  92    N/A       N/A        0.30      N/A        66.27    N/A           44.41    59.14    2.789    3.319    169   1    0     0     85.80  91.72  N/A         N/A          0.24         N/A          92.31  89.531   1.42     22.60       24          161      1.6      2.81          0.73    86.69     0.67    0.79    0.96    0.15    0.93     95.10   6.58    94.63   85.16   0.89    1645.20    3.13     21.31  
93   TR893TS187_4        187     83.58    100.00  93    N/A       N/A        0.28      N/A        64.35    N/A           42.09    56.52    2.367    3.24     169   0    0     0     86.98  94.08  N/A         N/A          0.31         N/A          94.08  89.79    1.52     22.76       23.1        162      1.6      2.61          0.63    81.36     0.64    0.75    0.96    0.19    0.94     95.60   6.70    93.41   82.22   0.89    1577.70    3.76     N/A    
94   TR893TS001_5        001     83.58    100.00  93    N/A       N/A        0.28      N/A        66.42    N/A           43.61    59.05    2.593    3.082    169   0    0     0     81.66  91.72  N/A         N/A          0.01         N/A          91.72  89.863   1.42     22.60       23.8        163      2.1      2.69          0.73    88.76     0.71    0.79    0.96    0.16    0.93     79.03   6.70    94.02   84.70   0.89    1620.60    3.41     N/A    
95   TR893TS480_3        480     83.43    100.00  95    N/A       N/A        0.27      N/A        65.53    N/A           34.71    57.07    2.703    3.404    169   0    0     0     84.62  91.12  N/A         N/A          0.18         N/A          91.12  89.474   1.42     23.08       23.6        164      1.9      3.17          0.69    84.62     0.65    0.74    0.96    0.17    0.93     91.00   6.58    93.41   82.68   0.89    1610.60    4.55     21.52  
96   TR893TS011_4        011     83.43    100.00  95    N/A       N/A        0.27      N/A        68.64    N/A           45.82    62.06    4.194    4.433    169   0    0     0     86.39  89.94  N/A         N/A          0.28         N/A          89.94  88.077   1.37     21.95       23.6        157      1.4      1.87          0.72    86.98     0.69    0.77    0.92    0.21    0.92     90.10   6.35    94.72   85.44   0.87    1613.80    4.95     27.74  
97   TR893TS220_5        220s    83.28    100.00  97    N/A       N/A        0.26      -1.74      67.75    N/A           43.49    61.15    4.176    4.418    169   0    0     0     85.80  91.72  N/A         N/A          0.24         -2.04        91.72  88.29    1.22     22.28       24.1        159      1.5      2.06          0.72    85.21     0.69    0.76    0.93    0.18    0.92     84.30   6.35    94.47   85.35   0.88    1641.30    4.54     28.05  
98   TR893TS001_4        001     83.14    100.00  98    N/A       N/A        0.25      N/A        63.61    N/A           41.56    56.76    2.399    3        169   0    0     0     84.62  92.90  N/A         N/A          0.18         N/A          92.90  89.378   1.58     22.76       23.4        166      2.1      1.60          0.71    88.46     0.69    0.77    0.97    0.16    0.93     92.95   6.70    93.19   83.81   0.89    1596.80    3.39     N/A    
99   TR893TS102_2        102     83.14    100.00  98    N/A       N/A        0.25      N/A        64.64    N/A           40.91    57.41    2.402    3.021    169   8    0     0     88.17  93.49  N/A         N/A          0.37         N/A          93.49  89.629   1.47     22.92       23.4        161      1.6      1.51          0.70    88.46     0.67    0.76    0.96    0.16    0.94     95.03   6.58    92.78   82.66   0.89    1593.00    3.68     N/A    
100  TR893TS257_1        257     83.14    100.00  98    0.16      N/A        0.25      N/A        67.01    N/A           12.70    34.78    2.616    4.171    169   17   0     0     85.80  94.67  0.18        N/A          0.24         N/A          95.27  89.788   1.56     23.25       0           0        N/A      4.95          0.00    45.86     0.62    0.58    0.96    0.16    0.93     3.50    6.58    93.35   82.85   0.89    N/A        6.15     28.54  
101  TR893TS187_1        187     82.99    100.00  101   0.14      N/A        0.24      N/A        63.61    N/A           39.37    56.64    2.474    3.237    169   0    0     0     85.80  92.31  0.18        N/A          0.24         N/A          92.31  88.033   1.33     22.60       22.6        160      1.7      2.64          0.62    82.54     0.66    0.76    0.95    0.21    0.93     93.90   6.47    93.89   82.35   0.89    1548.30    3.83     N/A    
102  TR893TS220_4        220s    82.99    100.00  101   N/A       N/A        0.24      -1.89      66.27    N/A           45.73    60.65    2.718    3.326    169   0    0     0     85.80  92.90  N/A         N/A          0.24         -2.04        92.90  88.724   1.24     22.60       24.4        165      2.2      1.73          0.72    84.02     0.68    0.76    0.96    0.19    0.92     79.70   6.58    94.55   85.19   0.89    1658.60    2.96     27.58  
103  TR893TS396_4        396     82.84    100.00  103   N/A       N/A        0.23      N/A        64.20    N/A           32.23    54.08    2.054    3.089    169   0    0     0     88.76  96.45  N/A         N/A          0.41         N/A          96.45  90.571   1.49     23.57       23.9        166      1.7      2.60          0.68    86.09     0.64    0.75    0.97    0.14    0.94     84.60   6.58    94.20   85.93   0.90    1640.70    2.46     N/A    
104  TR893TS393_4        393     82.69    100.00  104   N/A       N/A        0.22      N/A        63.46    N/A           35.86    56.44    2.351    3.174    169   0    0     0     85.80  95.86  N/A         N/A          0.24         N/A          95.86  90.379   1.49     23.25       23.6        165      1.7      3.48          0.70    87.87     0.65    0.77    0.97    0.17    0.94     86.00   6.58    93.41   83.96   0.90    1622.30    3.06     20.19  
105  TR893TS011_5        011     82.69    100.00  104   N/A       N/A        0.22      N/A        67.75    N/A           41.42    60.12    4.103    4.373    169   0    0     0     86.39  90.53  N/A         N/A          0.28         N/A          90.53  87.688   1.39     21.95       23.5        157      1.4      1.86          0.71    85.21     0.69    0.76    0.92    0.21    0.92     90.50   6.35    94.69   85.23   0.87    1603.20    5.00     29.27  
106  TR893TS001_2        001     82.54    100.00  106   N/A       N/A        0.21      N/A        64.20    N/A           40.73    57.43    2.744    3.184    169   0    0     0     85.21  91.12  N/A         N/A          0.21         N/A          91.12  88.916   1.41     22.44       22.9        162      1.9      2.07          0.71    88.17     0.68    0.77    0.96    0.18    0.92     92.15   6.58    92.93   82.88   0.89    1565.40    3.52     N/A    
107  TR893TS118_1        118     82.54    100.00  106   0.11      N/A        0.21      N/A        64.79    N/A           39.81    57.09    2.477    3.185    169   0    0     0     82.84  91.72  0.00        N/A          0.08         N/A          91.72  88.825   1.51     22.44       23.2        164      2.1      1.68          0.68    85.50     0.68    0.76    0.96    0.18    0.93     71.18   6.58    93.47   81.44   0.89    1580.00    3.69     N/A    
108  TR893TS446_1        446s    82.40    100.00  108   0.10      -1.72      0.20      -2.19      62.72    -1.71         40.91    57.14    2.305    2.965    169   0    0     0     87.57  92.90  0.29        -1.39        0.34         -0.92        92.90  86.86    1.44     22.92       23.3        165      1.8      0.50          0.71    88.46     0.68    0.77    0.96    0.17    0.93     98.30   6.70    94.28   84.12   0.89    1590.10    3.02     90.97  
109  TR893TS118_3        118     81.51    100.00  109   N/A       N/A        0.14      N/A        62.42    N/A           37.77    53.13    2.356    3.073    169   0    0     0     82.25  93.49  N/A         N/A          0.05         N/A          93.49  88.059   1.55     23.25       22.5        163      1.8      1.85          0.67    84.91     0.68    0.76    0.96    0.21    0.93     74.06   6.70    93.66   81.65   0.88    1535.40    3.65     N/A    
110  TR893TS001_3        001     81.51    100.00  109   N/A       N/A        0.14      N/A        61.98    N/A           39.93    55.79    2.599    3.097    169   0    0     0     84.62  92.31  N/A         N/A          0.18         N/A          92.31  88.464   1.40     22.44       22.7        163      1.8      1.77          0.70    88.46     0.67    0.76    0.95    0.19    0.92     76.15   6.58    92.54   81.21   0.89    1552.60    3.95     N/A    
111  TR893TS118_2        118     80.92    100.00  111   N/A       N/A        0.10      N/A        60.95    N/A           38.77    52.78    2.208    2.979    169   0    0     0     83.43  92.90  N/A         N/A          0.11         N/A          92.90  88.851   1.60     23.73       22.9        163      1.7      1.33          0.67    85.80     0.67    0.76    0.97    0.20    0.93     87.28   6.70    93.27   82.04   0.88    1563.30    3.33     N/A    
112  TR893TS257_4        257     80.47    100.00  112   N/A       N/A        0.07      N/A        61.24    N/A           12.82    33.83    2.087    3.743    169   17   0     0     82.25  94.67  N/A         N/A          0.05         N/A          94.67  88.55    1.68     23.73       0           0        N/A      5.01          0.00    48.82     0.64    0.59    0.97    0.15    0.93     3.50    6.92    92.63   81.64   0.88    N/A        5.86     29.00  
113  TR893TS418_2        418     80.33    100.00  113   N/A       N/A        0.06      N/A        59.17    N/A           31.60    52.76    2.548    3.191    169   0    0     0     86.39  91.72  N/A         N/A          0.28         N/A          91.72  87.771   1.67     22.44       22.5        162      1.9      3.95          0.66    87.87     0.64    0.74    0.96    0.17    0.93     71.80   6.58    92.96   82.77   0.88    1540.10    3.05     29.82  
114  TR893TS187_3        187     79.59    100.00  114   N/A       N/A        0.01      N/A        60.65    N/A           36.86    51.49    2.394    3.254    169   0    0     0     84.02  91.12  N/A         N/A          0.14         N/A          91.12  87.135   1.53     23.25       22.3        165      2.1      3.14          0.60    82.25     0.64    0.73    0.96    0.18    0.93     94.10   6.58    92.38   81.70   0.87    1529.00    3.23     N/A    
115  TR893TS257_3        257     79.29    100.00  115   N/A       N/A        -0.01     N/A        60.21    N/A           12.53    32.78    2.315    3.93     169   17   0     0     84.02  92.31  N/A         N/A          0.14         N/A          92.31  87.374   1.65     23.41       0           0        N/A      5.02          0.00    48.52     0.63    0.59    0.96    0.20    0.93     3.50    6.70    92.10   80.13   0.88    N/A        5.80     29.84  
116  TR893TS418_5        418     78.70    100.00  116   N/A       N/A        -0.05     N/A        62.43    N/A           35.67    53.09    4.102    4.545    169   0    0     0     84.02  90.53  N/A         N/A          0.14         N/A          90.53  85.672   1.60     22.28       22.2        160      2        2.97          0.68    81.07     0.65    0.73    0.91    0.22    0.90     87.10   6.35    92.10   81.48   0.84    1520.40    7.56     31.67  
117  TR893TS060_3        060     78.11    100.00  117   N/A       N/A        -0.09     N/A        58.73    N/A           37.74    53.79    3.344    3.902    169   0    0     0     82.25  86.39  N/A         N/A          0.05         N/A          87.57  84.719   1.48     21.79       21.4        158      1.9      1.17          0.68    81.36     0.66    0.72    0.94    0.22    0.92     96.90   6.23    93.20   79.92   0.85    1470.70    3.93     90.18  
118  TR893TS418_1        418     77.81    100.00  118   -0.26     N/A        -0.11     N/A        57.69    N/A           28.49    50.06    2.916    3.511    169   2    0     0     81.07  91.12  -0.11       N/A          -0.02        N/A          91.12  85.833   1.64     22.44       21.2        159      1.8      4.19          0.64    81.95     0.61    0.72    0.95    0.20    0.92     70.20   6.58    89.62   77.54   0.86    1458.40    3.49     32.08  
119  TR893TS060_5        060     77.52    100.00  119   N/A       N/A        -0.13     N/A        57.99    N/A           37.33    52.70    3.769    4.208    169   0    0     0     81.66  86.39  N/A         N/A          0.01         N/A          87.57  83.375   1.46     21.31       21.2        157      2.1      0.95          0.67    85.50     0.65    0.72    0.94    0.20    0.91     93.00   6.23    93.38   80.21   0.84    1460.30    4.57     88.59  
120  TR893TS060_2        060     77.37    100.00  120   N/A       N/A        -0.14     N/A        60.21    N/A           34.77    52.73    4.045    4.528    169   0    0     0     79.88  84.62  N/A         N/A          -0.08        N/A          85.80  82.012   1.52     20.82       21.1        157      2.2      1.04          0.67    81.66     0.65    0.72    0.94    0.20    0.90     94.30   6.11    93.30   79.72   0.83    1452.80    5.46     88.25  
121  TR893TS060_4        060     76.33    100.00  121   N/A       N/A        -0.21     N/A        58.13    N/A           37.18    50.84    4.204    4.771    169   0    0     0     78.11  82.84  N/A         N/A          -0.18        N/A          84.02  81.787   1.54     20.18       20.8        156      2.5      1.03          0.67    76.63     0.64    0.70    0.93    0.23    0.89     96.90   5.99    93.04   78.79   0.82    1434.00    7.35     86.80  
122  TR893TS102_3        102     75.89    100.00  122   N/A       N/A        -0.24     N/A        54.14    N/A           34.00    48.61    2.808    3.444    169   0    0     0     84.62  89.94  N/A         N/A          0.18         N/A          89.94  84.851   1.68     22.60       20.8        159      1.9      2.22          0.65    84.62     0.66    0.73    0.95    0.21    0.92     80.92   6.47    91.02   77.35   0.86    1431.00    4.50     85.26  
123  TR893TS060_1        060     75.89    100.00  122   -0.41     N/A        -0.24     N/A        59.02    N/A           35.88    53.03    4.425    5.073    169   0    0     0     77.51  83.43  -0.33       N/A          -0.21        N/A          85.21  83.307   1.45     19.85       20.7        154      2        1.15          0.66    77.22     0.65    0.68    0.90    0.25    0.89     93.90   6.23    92.92   78.63   0.83    1427.70    11.39    87.31  
124  TR893TS102_4        102     75.59    100.00  124   N/A       N/A        -0.26     N/A        54.73    N/A           33.84    50.02    2.641    3.288    169   0    0     0     84.62  90.53  N/A         N/A          0.18         N/A          90.53  84.719   1.78     22.92       20.4        160      1.9      1.76          0.63    83.43     0.65    0.72    0.95    0.23    0.92     83.11   6.47    89.88   75.61   0.86    1403.30    4.71     85.90  
125  TR893TS118_4        118     74.85    100.00  125   N/A       N/A        -0.31     N/A        54.59    N/A           30.66    47.60    2.621    3.209    169   0    0     0     76.92  91.72  N/A         N/A          -0.25        N/A          91.72  84.543   1.83     23.57       20.9        163      2.1      1.66          0.64    85.80     0.66    0.73    0.95    0.19    0.92     94.24   6.58    92.07   80.17   0.85    1436.10    3.29     N/A    
126  TR893TS073_4        073     74.56    100.00  126   N/A       N/A        -0.33     N/A        53.11    N/A           32.17    48.38    2.452    3.088    169   0    0     0     84.62  94.08  N/A         N/A          0.18         N/A          94.08  85.228   1.81     23.08       21          166      2.1      1.38          0.68    87.87     0.67    0.76    0.96    0.17    0.93     96.20   6.47    92.79   82.43   0.86    1447.50    2.93     90.72  
127  TR893TS187_5        187     74.41    100.00  127   N/A       N/A        -0.34     N/A        53.70    N/A           33.93    48.11    2.937    3.799    169   0    0     0     83.43  88.17  N/A         N/A          0.11         N/A          88.17  82.714   1.78     22.44       19.5        157      2        2.82          0.57    78.11     0.62    0.70    0.93    0.26    0.92     85.30   6.47    91.07   77.17   0.84    1352.30    6.27     N/A    
128  TR893TS073_2        073     73.97    100.00  128   N/A       N/A        -0.37     N/A        52.22    N/A           33.93    48.51    2.887    3.457    169   0    0     0     82.84  92.31  N/A         N/A          0.08         N/A          92.31  84.003   1.77     22.44       20.7        161      2        0.93          0.67    89.05     0.67    0.76    0.95    0.19    0.93     88.60   6.47    92.93   82.87   0.85    1425.80    2.87     89.32  
129  TR893TS295_5        295     73.82    100.00  129   N/A       N/A        -0.38     N/A        53.84    N/A           33.92    48.54    2.94     3.837    169   0    0     0     81.66  88.76  N/A         N/A          0.01         N/A          88.76  73.888   1.71     22.44       19.5        157      2        3.14          0.57    77.22     0.62    0.70    0.93    0.24    0.92     85.20   6.35    91.18   77.09   0.84    1352.00    5.55     N/A    
130  TR893TS474_3        474     73.22    100.00  130   N/A       N/A        -0.42     N/A        52.22    N/A           32.33    46.30    2.927    3.545    169   0    0     0     72.19  89.94  N/A         N/A          -0.51        N/A          89.94  82.103   1.86     23.25       20.1        163      2.3      2.62          0.64    85.80     0.63    0.72    0.95    0.22    0.92     86.40   6.58    89.69   77.32   0.84    1389.70    3.48     84.65  
131  TR893TS073_3        073     73.08    100.00  131   N/A       N/A        -0.43     N/A        51.63    N/A           31.54    47.48    2.594    3.188    169   0    0     0     84.02  94.67  N/A         N/A          0.14         N/A          94.67  84.701   1.84     22.92       20.8        162      1.9      1.34          0.67    87.57     0.67    0.76    0.96    0.18    0.93     96.20   6.47    92.53   82.20   0.86    1432.70    2.99     89.81  
132  TR893TS073_1        073     72.48    100.00  132   -0.67     N/A        -0.47     N/A        51.04    N/A           33.65    47.58    2.875    3.433    169   0    0     0     83.43  93.49  0.04        N/A          0.11         N/A          93.49  83.951   1.81     22.60       20.5        162      2        0.98          0.67    89.35     0.67    0.76    0.95    0.20    0.92     88.60   6.47    93.00   82.71   0.85    1414.50    2.85     89.32  
133  TR893TS187_2        187     72.04    100.00  133   N/A       N/A        -0.50     N/A        51.48    N/A           31.23    45.20    3.263    4.169    169   0    0     0     76.33  85.21  N/A         N/A          -0.28        N/A          85.21  70.162   1.73     22.28       18.9        162      2.5      2.70          0.56    75.15     0.63    0.69    0.93    0.31    0.91     96.00   6.35    91.40   76.70   0.82    1312.60    5.75     N/A    
134  TR893TS418_4        418     71.89    100.00  134   N/A       N/A        -0.51     N/A        50.45    N/A           27.74    44.05    2.833    3.497    169   1    0     0     78.70  90.53  N/A         N/A          -0.15        N/A          90.53  76.457   1.96     22.76       19.2        161      2.3      4.15          0.61    83.14     0.61    0.70    0.95    0.22    0.92     88.10   6.47    91.23   78.17   0.83    1331.70    3.67     34.01  
135  TR893TS081_4        081     71.75    100.00  135   N/A       N/A        -0.52     N/A        50.59    N/A           30.01    44.38    3.114    3.544    169   0    0     0     74.56  86.98  N/A         N/A          -0.38        N/A          86.98  72.815   1.93     22.11       20.2        164      2.7      1.80          0.64    86.69     0.64    0.74    0.95    0.22    0.90     93.30   6.47    90.64   77.42   0.82    1398.00    4.30     92.72  
136  TR893TS474_1        474     71.60    100.00  136   -0.74     N/A        -0.53     N/A        50.30    N/A           28.58    41.29    3.282    3.946    169   0    0     0     63.91  86.98  -1.18       N/A          -0.96        N/A          86.98  78.646   1.85     23.25       18.7        159      2.3      2.68          0.61    83.73     0.62    0.70    0.94    0.23    0.91     86.60   6.47    88.73   75.74   0.82    1299.70    4.09     81.99  
137  TR893TS474_2        474     71.45    100.00  137   N/A       N/A        -0.54     N/A        50.74    N/A           29.17    44.94    3.716    4.525    169   0    0     0     80.47  88.17  N/A         N/A          -0.05        N/A          88.17  81.309   1.82     22.28       19.3        159      2.3      2.53          0.59    77.51     0.62    0.67    0.93    0.24    0.90     78.40   6.58    88.02   75.48   0.82    1339.70    5.82     83.20  
138  TR893TS081_5        081     71.15    100.00  138   N/A       N/A        -0.56     N/A        50.30    N/A           31.14    44.03    3.172    3.597    169   0    0     0     74.56  88.17  N/A         N/A          -0.38        N/A          88.17  72.684   1.87     21.47       20          164      2.7      1.27          0.64    85.50     0.65    0.73    0.94    0.23    0.90     94.40   6.47    91.43   77.88   0.82    1385.30    4.11     92.39  
139  TR893TS418_3        418     70.71    100.00  139   N/A       N/A        -0.59     N/A        49.41    N/A           26.16    40.70    2.969    3.579    169   2    0     0     73.96  89.94  N/A         N/A          -0.41        N/A          89.94  71.972   1.89     22.44       19.1        166      2.6      3.88          0.62    81.95     0.60    0.70    0.94    0.20    0.92     71.10   6.47    89.76   77.65   0.82    1326.90    4.09     35.86  
140  TR893TS330_1        330     69.82    100.00  140   -0.88     N/A        -0.65     N/A        50.30    N/A           32.30    41.97    4.655    4.88     169   5    0     0     73.37  81.07  -0.59       N/A          -0.44        N/A          85.80  70.588   1.83     21.79       19.3        156      2.4      2.52          0.67    84.62     0.66    0.74    0.90    0.30    0.87     85.30   6.47    90.30   79.25   0.80    1340.50    4.57     91.36  
141  TR893TS118_5        118     67.46    100.00  141   N/A       N/A        -0.82     N/A        46.01    N/A           31.86    41.30    3.508    4.01     169   0    0     0     75.15  85.21  N/A         N/A          -0.34        N/A          86.39  71.629   1.84     21.95       17.9        157      2.5      1.58          0.60    80.18     0.64    0.70    0.91    0.29    0.89     95.33   6.35    88.36   75.89   0.80    1246.40    5.32     N/A    
142  TR893TS279_1        279     65.98    100.00  142   -1.17     N/A        -0.92     N/A        43.94    N/A           29.85    38.34    3.285    3.888    169   3    0     0     70.41  85.80  -0.77       N/A          -0.61        N/A          85.80  69.253   2.00     22.92       17.8        162      2.8      1.43          0.63    80.47     0.64    0.70    0.92    0.24    0.90     83.11   6.47    89.61   73.75   0.79    1242.50    5.97     80.92  
143  TR893TS330_5        330     65.09    100.00  143   N/A       N/A        -0.98     N/A        44.38    N/A           30.09    34.77    5.286    5.406    169   10   0     0     65.09  82.25  N/A         N/A          -0.90        N/A          82.25  59.433   2.10     21.95       16.7        155      2.7      3.21          0.62    81.95     0.62    0.69    0.85    0.41    0.85     76.60   5.86    86.43   75.38   0.75    1174.40    5.69     89.11  
144  TR893TS330_3        330     64.35    100.00  144   N/A       N/A        -1.03     N/A        45.12    N/A           26.70    34.87    6.198    6.553    169   1    0     0     61.54  78.11  N/A         N/A          -1.09        N/A          80.47  64.603   2.03     20.98       16.2        148      2.8      1.46          0.62    76.04     0.64    0.67    0.86    0.40    0.82     69.40   6.11    83.28   75.20   0.73    1146.10    10.69    81.83  
145  TR893TS295_2        295     62.43    100.00  145   N/A       N/A        -1.16     N/A        40.98    N/A           20.76    33.09    3.986    5.264    169   1    0     0     55.62  75.74  N/A         N/A          -1.42        N/A          76.33  57.449   2.15     20.98       15          153      3        3.75          0.41    57.99     0.54    0.58    0.89    0.43    0.87     74.00   6.11    84.98   65.36   0.74    1071.20    10.28    N/A    
146  TR893TS295_1        295     61.09    100.00  146   -1.55     N/A        -1.25     N/A        39.65    N/A           19.99    31.76    4.281    5.215    169   2    0     0     53.85  77.51  -1.81       N/A          -1.52        N/A          78.70  58.579   2.05     20.66       15          150      2.6      4.06          0.44    61.83     0.54    0.59    0.89    0.44    0.86     83.30   6.23    85.42   67.77   0.74    1070.80    7.72     N/A    
147  TR893TS295_4        295     57.99    100.00  147   N/A       N/A        -1.46     N/A        36.24    N/A           17.78    28.95    4.241    5.349    169   1    0     0     57.40  78.11  N/A         N/A          -1.32        N/A          78.70  51.013   2.31     21.63       12.9        153      3.2      3.82          0.40    56.51     0.53    0.55    0.89    0.39    0.88     75.50   5.99    83.88   62.05   0.72    935.30     9.00     N/A    
148  TR893TS330_2        330     54.29    100.00  148   N/A       N/A        -1.71     N/A        38.61    N/A           22.10    30.96    10.118   10.338   169   1    0     0     52.07  62.72  N/A         N/A          -1.62        N/A          63.31  50.275   1.96     17.59       11.9        125      2.9      1.41          0.53    59.17     0.60    0.57    0.56    0.74    0.72     73.60   5.46    72.06   68.78   0.62    874.40     45.70    67.42  
149  TR893TS295_3        295     53.11    100.00  149   N/A       N/A        -1.79     N/A        31.36    N/A           13.74    22.42    4.756    5.793    169   0    0     0     49.11  72.19  N/A         N/A          -1.78        N/A          73.37  46.814   2.52     20.82       9.9         150      3.3      3.71          0.38    54.44     0.50    0.50    0.84    0.53    0.85     78.30   6.11    79.78   60.67   0.67    747.80     14.89    N/A    
150  TR893TS330_4        330     41.57    100.00  150   N/A       N/A        -2.58     N/A        21.60    N/A           10.72    13.19    7.391    7.65     169   0    0     0     24.85  62.13  N/A         N/A          -3.12        N/A          64.50  41.208   2.43     13.71       8.1         138      4.1      0.58          0.46    56.21     0.54    0.52    0.77    0.62    0.76     70.40   5.04    73.86   59.72   0.60    632.70     10.94    56.65  
151  TR893TS257_2        257     30.18    100.00  151   N/A       N/A        -3.36     N/A        18.79    N/A           7.61     9.94     11.103   11.645   169   1    0     0     17.16  34.32  N/A         N/A          -3.54        N/A          37.28  28.751   2.38     9.02        2.1         95       4.4      2.49          0.29    35.50     0.49    0.33    0.62    1.15    0.72     56.50   4.42    49.72   45.51   0.41    257.90     64.67    74.12  
152  TR893TS399_1        399     15.83    100.00  152   -5.06     N/A        -4.34     N/A        9.76     N/A           2.81     5.83     19.421   19.474   169   19   0     0     0.59   2.96   -5.13       N/A          -4.46        N/A          20.12  12.079   2.13     1.59        0           0        N/A      3.47          0.10    22.78     0.41    0.21    0.04    1.87    0.47     54.20   1.64    33.52   42.21   0.25    N/A        168.87   27.49  
153  TR893TS399_5        399     15.24    100.00  153   N/A       N/A        -4.38     N/A        9.76     N/A           2.81     5.83     19.837   19.936   169   23   0     0     0.00   4.73   N/A         N/A          -4.49        N/A          21.30  11.498   2.27     1.43        0           0        N/A      3.42          0.11    22.49     0.41    0.22    0.04    1.93    0.47     54.20   1.64    31.81   41.84   0.23    N/A        203.96   29.32  
154  TR893TS399_2        399     14.94    100.00  154   N/A       N/A        -4.40     N/A        9.47     N/A           1.91     3.28     18.593   19.151   169   26   0     0     0.59   9.47   N/A         N/A          -4.46        N/A          18.34  12.394   2.69     1.11        0           0        N/A      3.52          0.09    22.19     0.40    0.20    0.04    1.98    0.46     53.00   1.64    30.49   41.42   0.30    N/A        155.60   31.07  
155  TR893TS399_4        399     13.90    100.00  155   N/A       N/A        -4.47     N/A        9.76     N/A           2.81     5.83     20.476   20.346   169   20   0     0     0.59   1.78   N/A         N/A          -4.46        N/A          20.71  14.026   2.56     1.43        0           0        N/A      3.43          0.11    20.71     0.41    0.22    -0.05   1.92    0.48     55.90   1.64    33.34   40.91   0.23    N/A        226.41   24.77  
156  TR893TS399_3        399     13.90    100.00  155   N/A       N/A        -4.47     N/A        9.76     N/A           2.81     5.83     20.476   20.346   169   20   0     0     0.59   1.78   N/A         N/A          -4.46        N/A          20.71  14.026   2.56     1.43        0           0        N/A      3.43          0.11    20.71     0.41    0.22    -0.05   1.92    0.48     55.90   1.64    33.34   40.91   0.23    N/A        226.41   24.56  

