#    Model               GR#     GDT_TS   NP_P    RANK  Z-M1-GDT  Z-M1s-GDT  Z-MA-GDT  Z-MAs-GDT  GDT_HA   Z-M1s-GDT-HA  GDC_SC   GDC_ALL  RMS_CA   RMS_ALL  NP    err  PC01  PC05  AL0_P  AL4_P  Z-M1-AL0_p  Z-M1s-AL0_p  Z-MA-AL0_p   Z-MAs-AL0_p  ALI_P  LGA_S    RMSD[L]  Z-score[M]  Z-Score[D]  Al.Res.  RMSD[D]  MolPrb_Score  LDDT    SphGr     CAD_AA  RPF     CODM    DFM     Handed.  SOV     CE      QCS     CONTS   TMscore  Dali(raw)  FlexE    QSE    

-    Starting model      -       51.45    -       -     -         -          -         -          33.58    -             16.96    -        6.97     7.57     -     -    -     -     -      -      -           -            -            -            -      -        -        24.60       14.00       192      3.10     2.33          0.47    45.45     0.52    0.51    0.80    0.61    0.82     73.70   5.19    76.44   59.99   0.67     1462.80    23.12    -      

1    TR905TS023_1        023     53.72    100.00  1     0.73      N/A        0.73      N/A        36.47    N/A           18.70    25.85    6.727    7.231    242   0    0     0     47.93  68.60  0.64        N/A          0.66         N/A          69.42  46.109   2.23     23.15       16.7        195      3.1      1.50          0.49    49.59     0.54    0.54    0.80    0.54    0.83     68.10   5.99    77.33   62.60   0.69    1562.60    22.31    49.82  
2    TR905TS023_4        023     53.51    100.00  2     N/A       N/A        0.71      N/A        36.16    N/A           18.19    25.39    6.875    7.315    242   0    0     0     47.11  68.18  N/A         N/A          0.59         N/A          69.01  46.753   2.22     23.30       16.6        196      3.1      1.42          0.49    48.35     0.54    0.54    0.77    0.55    0.83     65.30   5.86    75.60   62.26   0.69    1554.70    29.54    49.88  
3    TR905TS023_2        023     52.89    100.00  3     N/A       N/A        0.65      N/A        35.54    N/A           18.47    25.26    7.207    7.725    242   0    0     0     47.93  68.18  N/A         N/A          0.66         N/A          69.01  44.954   2.21     22.00       16.4        196      3.5      1.30          0.48    46.90     0.53    0.52    0.75    0.60    0.83     68.70   5.99    74.07   61.11   0.69    1537.00    34.36    50.55  
4    TR905TS023_3        023     52.58    100.00  4     N/A       N/A        0.61      N/A        34.60    N/A           18.99    25.26    7.251    7.663    242   0    0     0     46.69  68.18  N/A         N/A          0.55         N/A          69.01  45.545   2.25     23.15       15.8        196      3.2      1.39          0.48    47.93     0.53    0.53    0.75    0.59    0.82     65.10   5.99    73.68   61.02   0.68    1487.80    34.91    50.67  
5    TR905TS250_1        250s    52.38    100.00  5     0.59      0.98       0.59      0.91       34.71    1.06          18.16    24.64    7.071    7.444    242   0    0     0     47.93  67.77  0.64        1.09         0.66         0.92         68.18  44.089   2.20     24.17       16.1        194      3.5      1.21          0.48    45.66     0.53    0.52    0.76    0.60    0.82     67.30   5.19    73.93   60.64   0.68    1478.20    32.79    48.73  
6    TR905TS204_1        204     52.27    100.00  6     0.58      N/A        0.58      N/A        33.88    N/A           14.91    23.50    6.953    7.483    242   0    0     0     47.11  65.70  0.56        N/A          0.59         N/A          66.53  45.5     2.18     24.60       15.4        192      3        1.68          0.46    44.42     0.50    0.50    0.80    0.60    0.82     58.10   5.33    75.85   59.39   0.68    1455.10    22.36    N/A    
7    TR905TS250_4        250s    52.17    100.00  7     N/A       N/A        0.57      0.84       34.71    N/A           18.16    24.35    7.504    7.885    242   0    0     0     45.87  66.94  N/A         N/A          0.48         0.41         67.36  43.699   2.22     24.02       16.1        189      3.4      1.31          0.47    45.66     0.53    0.52    0.74    0.60    0.82     65.90   5.04    73.74   60.45   0.67    1447.30    39.77    48.84  
8    TR905TS250_5        250s    52.17    100.00  7     N/A       N/A        0.57      0.84       34.40    N/A           17.59    25.11    7.488    7.875    242   0    0     0     46.69  66.94  N/A         N/A          0.55         0.62         67.77  44.287   2.25     24.02       16          194      3.2      1.30          0.47    45.25     0.53    0.52    0.74    0.60    0.82     69.40   5.04    73.72   60.54   0.67    1475.10    39.60    48.65  
9    TR905TS480_2        480     52.07    100.00  9     N/A       N/A        0.56      N/A        34.09    N/A           15.95    24.50    6.899    7.432    242   0    0     0     48.35  65.70  N/A         N/A          0.70         N/A          66.53  44.645   2.18     22.58       15.7        196      3.5      2.92          0.47    46.28     0.50    0.51    0.80    0.60    0.82     71.90   5.99    76.52   60.25   0.68    1479.70    22.51    46.01  
10   TR905TS393_1        393     51.96    100.00  10    0.54      N/A        0.55      N/A        33.88    N/A           17.13    24.31    6.879    7.47     242   0    0     0     48.35  65.70  0.68        N/A          0.70         N/A          66.53  44.18    2.17     21.13       14.1        192      3.3      3.29          0.47    44.21     0.51    0.51    0.80    0.61    0.82     71.50   5.86    76.11   60.13   0.67    1469.20    23.02    46.43  
11   TR905TS001_3        001     51.96    100.00  10    N/A       N/A        0.55      N/A        32.75    N/A           17.30    24.79    6.473    7.04     242   0    0     0     47.93  69.42  N/A         N/A          0.66         N/A          69.83  45.588   2.23     24.45       15.1        199      3.6      3.36          0.47    46.69     0.53    0.52    0.82    0.57    0.83     69.20   5.86    74.39   58.73   0.69    1491.30    19.69    N/A    
12   TR905TS250_2        250s    51.96    100.00  10    N/A       N/A        0.55      0.76       34.19    N/A           18.22    24.76    7.377    7.75     242   0    0     0     45.87  67.77  N/A         N/A          0.48         0.41         68.18  43.099   2.23     23.73       16          196      3.7      1.19          0.47    46.90     0.53    0.52    0.74    0.60    0.82     69.40   5.19    74.24   60.52   0.67    1471.10    39.80    48.73  
13   TR905TS023_5        023     51.96    100.00  10    N/A       N/A        0.55      N/A        33.78    N/A           18.12    24.96    6.493    7.048    242   0    0     0     47.52  67.77  N/A         N/A          0.62         N/A          68.60  44.46    2.24     20.70       16          198      3.5      1.30          0.48    46.28     0.53    0.52    0.81    0.57    0.83     69.90   5.99    75.66   60.83   0.69    1503.60    21.36    50.70  
14   TR905TS480_5        480     51.86    100.00  14    N/A       N/A        0.54      N/A        32.64    N/A           12.43    21.04    6.632    7.303    242   2    0     0     42.98  67.77  N/A         N/A          0.22         N/A          68.60  45.611   2.34     24.17       15.5        198      3.2      3.46          0.44    41.94     0.48    0.48    0.79    0.59    0.83     68.60   5.60    70.92   58.07   0.70    1466.30    19.47    46.58  
15   TR905TS381_5        381     51.65    100.00  15    N/A       N/A        0.52      N/A        33.78    N/A           16.72    24.25    6.931    7.536    242   0    0     0     46.69  65.70  N/A         N/A          0.55         N/A          66.53  44.574   2.19     24.60       13.9        193      3.5      2.50          0.47    45.45     0.52    0.51    0.80    0.61    0.82     72.90   4.89    76.08   60.30   0.67    1445.60    22.76    52.75  
16   TR905TS073_5        073     51.65    100.00  15    N/A       N/A        0.52      N/A        33.58    N/A           17.19    24.50    6.964    7.554    242   0    0     0     47.11  65.29  N/A         N/A          0.59         N/A          66.12  43.966   2.18     24.60       14          195      3.2      3.01          0.47    46.07     0.51    0.51    0.80    0.61    0.82     73.90   5.19    76.41   59.93   0.67    1460.40    23.01    82.38  
17   TR905TS295_5        295     51.55    100.00  17    N/A       N/A        0.51      N/A        33.06    N/A           16.38    24.51    6.642    7.307    242   0    0     0     46.28  67.77  N/A         N/A          0.51         N/A          68.18  45.282   2.21     23.01       14.5        195      3.5      3.26          0.42    46.69     0.50    0.52    0.83    0.60    0.82     75.80   5.33    78.59   59.78   0.68    1446.30    17.24    N/A    
18   TR905TS412_3        412     51.55    100.00  17    N/A       N/A        0.51      N/A        33.47    N/A           17.38    24.62    6.983    7.588    242   0    0     0     47.52  65.70  N/A         N/A          0.62         N/A          66.53  44.426   2.16     24.45       14.1        192      3.2      1.66          0.46    44.83     0.52    0.50    0.80    0.61    0.82     71.10   5.33    76.28   59.92   0.67    1466.90    23.40    52.54  
19   TR905TS381_3        381     51.55    100.00  17    N/A       N/A        0.51      N/A        33.47    N/A           17.05    24.51    6.89     7.496    242   0    0     0     45.45  65.70  N/A         N/A          0.44         N/A          66.53  45.309   2.19     24.60       13.9        193      3.5      2.52          0.47    45.66     0.52    0.52    0.81    0.61    0.82     69.90   4.89    76.24   60.47   0.67    1449.80    22.42    52.63  
20   TR905TS204_3        204     51.55    100.00  17    N/A       N/A        0.51      N/A        33.06    N/A           15.16    23.30    6.922    7.566    242   2    0     0     47.93  65.70  N/A         N/A          0.66         N/A          66.53  44.242   2.15     24.60       15.4        190      3        2.84          0.44    41.74     0.47    0.48    0.80    0.61    0.82     54.20   5.04    75.47   58.72   0.68    1446.10    22.45    N/A    
21   TR905TS208_2        208     51.55    100.00  17    N/A       N/A        0.51      N/A        33.37    N/A           18.49    24.51    6.918    7.466    242   0    0     0     46.28  67.77  N/A         N/A          0.51         N/A          68.18  44.767   2.19     24.60       15.4        195      3.5      1.66          0.48    44.21     0.52    0.52    0.80    0.60    0.82     70.60   5.33    76.43   60.04   0.67    1454.30    22.33    52.56  
22   TR905TS188_1        188     51.55    100.00  17    0.50      N/A        0.51      N/A        33.37    N/A           16.99    24.54    6.974    7.571    242   0    0     0     46.69  65.29  0.52        N/A          0.55         N/A          66.12  44.223   2.20     24.45       14          192      3.1      2.55          0.46    46.07     0.52    0.51    0.80    0.61    0.82     73.70   5.19    76.41   59.98   0.67    1463.10    23.10    N/A    
23   TR905TS396_2        396     51.45    100.00  23    N/A       N/A        0.50      N/A        33.37    N/A           17.01    24.26    6.976    7.581    242   0    0     0     47.93  65.29  N/A         N/A          0.66         N/A          66.12  44.15    2.19     24.60       14          192      3.1      2.20          0.47    45.25     0.52    0.51    0.80    0.61    0.82     73.70   5.19    76.44   59.97   0.67    1459.60    23.18    N/A    
24   TR905TS430_2        430s    51.45    100.00  23    N/A       N/A        0.50      0.57       33.47    N/A           16.04    23.87    7.032    7.576    242   0    0     0     45.87  64.46  N/A         N/A          0.48         0.41         65.29  42.458   2.22     24.60       15          195      3.5      1.86          0.46    44.83     0.51    0.50    0.80    0.61    0.82     73.70   5.04    75.55   58.67   0.67    1421.70    23.68    51.95  
25   TR905TS381_1        381     51.45    100.00  23    0.49      N/A        0.50      N/A        33.26    N/A           16.41    23.84    6.873    7.477    242   0    0     0     47.11  64.88  0.56        N/A          0.59         N/A          66.12  44.116   2.17     25.03       13.9        193      3.5      2.62          0.47    45.87     0.52    0.52    0.80    0.61    0.82     69.30   5.19    76.30   60.52   0.67    1449.90    22.81    52.63  
26   TR905TS396_1        396     51.45    100.00  23    0.49      N/A        0.50      N/A        33.37    N/A           17.01    24.26    6.976    7.581    242   0    0     0     47.93  65.29  0.64        N/A          0.66         N/A          66.12  44.15    2.19     24.60       14          192      3.1      2.20          0.47    45.25     0.52    0.51    0.80    0.61    0.82     73.70   5.19    76.44   59.97   0.67    1459.60    23.18    N/A    
27   TR905TS412_4        412     51.45    100.00  23    N/A       N/A        0.50      N/A        33.27    N/A           17.62    24.48    6.983    7.614    242   0    0     0     47.93  64.88  N/A         N/A          0.66         N/A          65.70  44.504   2.13     24.45       14          191      3.1      1.57          0.45    43.60     0.52    0.50    0.80    0.61    0.82     73.40   5.33    76.39   59.90   0.67    1454.10    23.19    52.76  
28   TR905TS412_2        412     51.34    100.00  28    N/A       N/A        0.49      N/A        33.37    N/A           16.81    24.27    6.984    7.583    242   0    0     0     47.11  64.88  N/A         N/A          0.59         N/A          65.70  44.021   2.16     24.31       14          192      3.1      1.55          0.45    44.63     0.52    0.50    0.80    0.62    0.82     72.00   5.19    76.36   59.90   0.67    1453.60    23.13    52.90  
29   TR905TS001_5        001     51.34    100.00  28    N/A       N/A        0.49      N/A        32.13    N/A           17.17    23.92    6.922    7.569    242   2    0     0     47.11  66.12  N/A         N/A          0.59         N/A          66.53  44.509   2.14     24.31       14.3        194      3.5      2.54          0.47    48.14     0.51    0.51    0.82    0.59    0.82     74.90   5.33    73.62   58.39   0.67    1482.70    21.62    N/A    
30   TR905TS412_5        412     51.34    100.00  28    N/A       N/A        0.49      N/A        33.37    N/A           16.86    24.30    6.997    7.606    242   0    0     0     46.28  64.88  N/A         N/A          0.51         N/A          65.70  44.221   2.18     24.60       14          196      3.5      1.56          0.46    44.01     0.52    0.50    0.80    0.62    0.82     69.80   5.33    76.23   59.87   0.67    1455.40    23.46    52.82  
31   TR905TS295_2        295     51.34    100.00  28    N/A       N/A        0.49      N/A        33.47    N/A           16.53    23.64    6.997    7.553    242   0    0     0     45.45  65.29  N/A         N/A          0.44         N/A          65.29  43.863   2.25     24.74       14.8        197      3.4      2.90          0.43    45.87     0.50    0.51    0.80    0.61    0.82     72.30   4.89    75.31   59.05   0.67    1436.30    23.33    N/A    
32   TR905TS187_3        187     51.34    100.00  28    N/A       N/A        0.49      N/A        33.47    N/A           16.53    23.64    6.997    7.553    242   0    0     0     45.45  65.29  N/A         N/A          0.44         N/A          65.29  43.863   2.25     24.74       14.8        197      3.4      2.90          0.43    45.87     0.50    0.51    0.80    0.61    0.82     72.30   4.89    75.31   59.05   0.67    1436.30    23.33    N/A    
33   TR905TS430_5        430s    51.34    100.00  28    N/A       N/A        0.49      0.53       33.16    N/A           16.44    23.95    7.025    7.571    242   0    0     0     46.28  66.53  N/A         N/A          0.51         0.51         66.94  43.956   2.24     24.45       15.1        192      3.3      1.67          0.46    45.04     0.51    0.50    0.80    0.62    0.82     75.10   5.04    75.66   58.66   0.67    1434.70    23.52    51.91  
34   TR905TS208_1        208     51.34    100.00  28    0.48      N/A        0.49      N/A        33.16    N/A           18.24    24.45    6.918    7.474    242   0    0     0     46.69  68.18  0.52        N/A          0.55         N/A          68.60  44.467   2.21     24.89       15.4        196      3.6      1.81          0.48    45.04     0.52    0.52    0.80    0.60    0.82     70.80   5.04    76.37   60.12   0.67    1455.20    22.29    52.55  
35   TR905TS412_1        412     51.24    100.00  35    0.46      N/A        0.48      N/A        33.16    N/A           17.42    24.22    6.983    7.595    242   0    0     0     46.69  65.70  0.52        N/A          0.55         N/A          66.12  43.855   2.20     24.60       14          194      3.1      1.57          0.46    44.42     0.52    0.50    0.80    0.61    0.82     71.10   5.19    76.31   59.80   0.67    1459.30    23.22    52.88  
36   TR905TS430_3        430s    51.24    100.00  35    N/A       N/A        0.48      0.49       33.27    N/A           16.32    23.64    7.021    7.567    242   0    0     0     46.69  64.46  N/A         N/A          0.55         0.62         65.70  42.592   2.17     24.31       15.2        196      3.6      2.03          0.46    44.42     0.51    0.50    0.80    0.61    0.82     71.90   5.19    75.95   59.08   0.67    1435.90    23.32    52.21  
37   TR905TS250_3        250s    51.24    100.00  35    N/A       N/A        0.48      0.49       33.98    N/A           18.33    24.73    7.138    7.5      242   0    0     0     46.28  67.77  N/A         N/A          0.51         0.51         69.01  44.285   2.22     22.14       15.6        199      3.8      1.43          0.47    46.07     0.53    0.51    0.76    0.61    0.82     69.40   5.60    71.05   60.14   0.68    1477.10    33.57    48.90  
38   TR905TS418_4        418     51.14    100.00  38    N/A       N/A        0.47      N/A        32.54    N/A           16.17    23.98    6.96     7.548    242   2    0     0     45.87  64.88  N/A         N/A          0.48         N/A          65.29  42.949   2.20     22.43       13.8        191      3.1      3.78          0.46    44.01     0.50    0.51    0.80    0.61    0.82     67.30   5.99    76.08   59.05   0.67    1443.30    23.94    52.81  
39   TR905TS430_1        430s    51.14    100.00  38    0.45      0.53       0.47      0.45       33.16    0.55          16.64    24.00    7.024    7.564    242   0    0     0     45.87  64.88  0.44        0.45         0.48         0.41         65.70  43.364   2.18     24.45       15.1        192      3.1      2.20          0.46    44.42     0.51    0.50    0.80    0.61    0.82     71.90   5.33    75.73   58.97   0.67    1434.90    23.48    52.03  
40   TR905TS381_4        381     51.14    100.00  38    N/A       N/A        0.47      N/A        33.16    N/A           17.33    24.75    6.896    7.502    242   0    0     0     46.69  66.12  N/A         N/A          0.55         N/A          66.94  45.332   2.24     24.60       14.1        201      3.6      2.51          0.47    45.66     0.52    0.52    0.80    0.61    0.82     70.60   4.89    76.20   60.40   0.67    1469.10    22.51    52.73  
41   TR905TS208_5        208     51.14    100.00  38    N/A       N/A        0.47      N/A        32.75    N/A           18.59    24.43    6.921    7.471    242   0    0     0     46.69  68.18  N/A         N/A          0.55         N/A          68.18  44.2     2.24     24.60       15.3        195      3.5      1.67          0.48    44.01     0.53    0.52    0.80    0.60    0.82     71.70   4.89    76.35   60.03   0.67    1447.00    22.24    52.65  
42   TR905TS480_4        480     51.14    100.00  38    N/A       N/A        0.47      N/A        33.06    N/A           14.60    21.55    6.784    7.43     242   1    0     0     45.04  66.53  N/A         N/A          0.41         N/A          69.42  45.986   2.27     21.28       15.8        202      3.8      3.47          0.46    45.45     0.49    0.49    0.75    0.64    0.82     68.20   5.73    73.91   59.18   0.68    1486.90    21.31    48.24  
43   TR905TS430_4        430s    51.14    100.00  38    N/A       N/A        0.47      0.45       33.06    N/A           17.54    24.10    7.032    7.567    242   0    0     0     45.45  66.53  N/A         N/A          0.44         0.31         66.94  43.444   2.23     24.45       15.1        196      3.6      1.81          0.46    44.63     0.51    0.50    0.80    0.62    0.82     70.50   5.19    75.58   58.67   0.67    1427.60    23.31    52.22  
44   TR905TS204_5        204     51.03    100.00  44    N/A       N/A        0.46      N/A        32.75    N/A           17.34    24.43    6.949    7.557    242   0    0     0     47.11  66.12  N/A         N/A          0.59         N/A          66.53  43.997   2.19     21.13       15.4        192      3.1      1.10          0.46    45.04     0.51    0.51    0.80    0.61    0.82     63.60   5.33    76.53   60.06   0.67    1457.50    22.98    N/A    
45   TR905TS381_2        381     51.03    100.00  44    N/A       N/A        0.46      N/A        33.27    N/A           17.62    25.03    6.879    7.472    242   0    0     0     46.69  66.94  N/A         N/A          0.55         N/A          67.36  44.417   2.19     24.60       13.9        192      3.5      2.54          0.47    45.87     0.52    0.52    0.80    0.61    0.82     69.60   5.33    76.19   60.52   0.67    1446.50    22.70    52.52  
46   TR905TS294_1        294     51.03    100.00  44    0.44      N/A        0.46      N/A        33.16    N/A           16.86    24.27    8.685    9.91     242   16   0     0     46.69  66.12  0.52        N/A          0.55         N/A          66.53  43.854   2.23     24.31       13.7        193      3.2      3.48          0.41    33.88     0.52    0.49    0.59    0.66    0.82     70.70   5.04    73.88   59.03   0.67    1441.30    868.06   46.72  
47   TR905TS208_4        208     50.93    100.00  47    N/A       N/A        0.45      N/A        32.34    N/A           18.75    24.36    6.933    7.482    242   0    0     0     45.45  67.36  N/A         N/A          0.44         N/A          67.77  44.12    2.16     24.89       15.3        195      3.5      1.60          0.48    44.63     0.52    0.52    0.80    0.60    0.82     70.80   4.89    76.24   60.04   0.67    1448.30    22.27    52.68  
48   TR905TS204_4        204     50.93    100.00  47    N/A       N/A        0.45      N/A        31.82    N/A           16.34    22.05    7.009    7.635    242   0    0     0     44.63  67.36  N/A         N/A          0.37         N/A          67.36  43.305   2.25     24.31       14.6        190      3.2      1.73          0.44    42.56     0.49    0.49    0.81    0.60    0.82     36.90   4.89    74.00   57.92   0.66    1386.10    22.52    N/A    
49   TR905TS208_3        208     50.93    100.00  47    N/A       N/A        0.45      N/A        32.13    N/A           18.02    24.26    6.922    7.478    242   0    0     0     47.11  67.77  N/A         N/A          0.59         N/A          68.18  44.117   2.15     24.74       15.4        193      3.5      1.78          0.48    45.25     0.52    0.52    0.80    0.60    0.82     73.70   5.04    76.19   60.16   0.67    1453.60    22.32    52.69  
50   TR905TS060_2        060     50.83    100.00  50    N/A       N/A        0.43      N/A        32.23    N/A           16.84    24.31    6.443    6.829    242   0    0     0     48.35  65.70  N/A         N/A          0.70         N/A          66.12  43.438   2.20     25.03       13.5        196      3.3      1.51          0.46    46.28     0.52    0.49    0.78    0.62    0.83     75.00   5.99    75.98   58.28   0.68    1468.30    30.63    77.78  
51   TR905TS295_4        295     50.83    100.00  50    N/A       N/A        0.43      N/A        32.54    N/A           16.19    23.37    7.091    7.641    242   0    0     0     46.69  66.53  N/A         N/A          0.55         N/A          66.53  44.478   2.21     24.45       14.3        190      3.4      3.22          0.43    45.87     0.49    0.51    0.78    0.63    0.82     66.90   5.04    75.91   58.60   0.67    1423.90    25.43    N/A    
52   TR905TS187_2        187     50.83    100.00  50    N/A       N/A        0.43      N/A        31.92    N/A           17.56    25.07    7.026    7.539    242   0    0     0     45.45  67.77  N/A         N/A          0.44         N/A          68.60  44.889   2.24     23.30       14.5        187      3        3.08          0.43    45.04     0.49    0.51    0.79    0.61    0.82     66.10   5.33    76.95   58.97   0.67    1439.00    24.26    N/A    
53   TR905TS273_1        273     50.83    100.00  50    0.42      N/A        0.43      N/A        32.13    N/A           16.62    23.77    6.951    7.526    242   9    0     0     46.69  65.70  0.52        N/A          0.55         N/A          65.70  43.163   2.25     23.88       14.5        195      3.6      2.64          0.45    42.56     0.51    0.50    0.80    0.62    0.82     70.80   5.33    75.72   59.74   0.67    1438.10    22.75    N/A    
54   TR905TS060_5        060     50.83    100.00  50    N/A       N/A        0.43      N/A        32.33    N/A           17.29    24.96    6.445    6.917    242   0    0     0     47.11  66.94  N/A         N/A          0.59         N/A          67.36  43.398   2.14     24.89       15.1        196      3.4      1.60          0.46    46.28     0.51    0.48    0.78    0.63    0.84     73.80   5.99    75.70   57.89   0.68    1432.90    29.01    72.96  
55   TR905TS187_4        187     50.72    100.00  55    N/A       N/A        0.42      N/A        32.85    N/A           17.00    22.32    7.203    7.694    242   0    0     0     45.45  64.88  N/A         N/A          0.44         N/A          66.12  43.775   2.20     23.88       14.3        192      3.4      3.21          0.42    45.25     0.48    0.49    0.77    0.64    0.82     68.60   5.04    76.13   57.21   0.66    1421.60    26.77    N/A    
56   TR905TS017_2        017     50.72    100.00  55    N/A       N/A        0.42      N/A        31.41    N/A           17.65    23.28    6.864    7.46     242   0    0     0     44.63  67.36  N/A         N/A          0.37         N/A          67.36  43.851   2.23     22.58       15.1        192      3.2      1.56          0.46    44.42     0.51    0.50    0.81    0.61    0.82     69.10   5.19    75.94   58.57   0.67    1447.50    22.27    83.85  
57   TR905TS017_3        017     50.62    100.00  57    N/A       N/A        0.41      N/A        31.51    N/A           16.96    23.95    6.805    7.413    242   0    0     0     42.98  66.53  N/A         N/A          0.22         N/A          66.94  44.141   2.22     23.73       14.8        190      3.1      2.04          0.45    45.45     0.51    0.50    0.81    0.61    0.82     67.90   5.60    76.25   58.63   0.67    1422.30    21.50    83.96  
58   TR905TS187_1        187     50.62    100.00  57    0.40      N/A        0.41      N/A        32.44    N/A           17.28    24.58    6.969    7.627    242   0    0     0     45.87  66.94  0.44        N/A          0.48         N/A          67.36  45.28    2.26     21.56       14.8        196      3.5      3.38          0.43    45.25     0.49    0.51    0.81    0.62    0.81     61.10   5.19    77.80   60.37   0.68    1465.30    18.87    N/A    
59   TR905TS001_1        001     50.62    100.00  57    0.40      N/A        0.41      N/A        31.30    N/A           16.00    23.05    6.569    7.21     242   0    0     0     46.28  66.53  0.48        N/A          0.51         N/A          67.36  44.243   2.17     23.88       15.5        202      3.6      2.46          0.46    47.11     0.52    0.50    0.81    0.58    0.83     69.80   5.99    76.00   58.31   0.68    1465.00    22.25    N/A    
60   TR905TS295_1        295     50.62    100.00  57    0.40      N/A        0.41      N/A        32.44    N/A           17.28    24.58    6.969    7.627    242   0    0     0     45.87  66.94  0.44        N/A          0.48         N/A          67.36  45.28    2.26     21.56       14.8        196      3.5      3.38          0.43    45.25     0.49    0.51    0.81    0.62    0.81     61.10   5.19    77.80   60.37   0.68    1465.30    18.87    N/A    
61   TR905TS295_3        295     50.52    100.00  61    N/A       N/A        0.40      N/A        32.85    N/A           16.66    24.96    6.816    7.473    242   0    0     0     43.80  65.70  N/A         N/A          0.30         N/A          67.36  43.612   2.32     21.13       14.9        201      3.9      2.98          0.43    44.42     0.49    0.51    0.79    0.64    0.82     74.10   5.33    77.38   58.59   0.67    1470.50    21.22    N/A    
62   TR905TS480_1        480     50.52    100.00  61    0.39      N/A        0.40      N/A        32.02    N/A           13.17    21.07    6.703    7.175    242   3    0     0     41.32  69.42  -0.01       N/A          0.08         N/A          71.49  45.073   2.29     23.44       15.9        204      3.7      3.46          0.46    45.45     0.49    0.50    0.77    0.57    0.82     65.70   6.23    74.33   59.52   0.69    1501.80    21.92    48.17  
63   TR905TS001_2        001     50.41    100.00  63    N/A       N/A        0.39      N/A        31.20    N/A           16.25    23.33    6.906    7.584    242   0    0     0     45.87  68.60  N/A         N/A          0.48         N/A          69.42  43.497   2.17     24.60       14.1        198      3.6      2.16          0.47    46.07     0.51    0.51    0.82    0.62    0.82     67.50   5.04    75.05   58.07   0.68    1467.40    18.74    N/A    
64   TR905TS081_1        081     50.41    100.00  63    0.37      N/A        0.39      N/A        32.13    N/A           17.38    23.71    6.95     7.509    242   0    0     0     47.11  67.77  0.56        N/A          0.59         N/A          68.18  43.984   2.19     22.58       13.8        191      3.1      1.08          0.46    44.01     0.52    0.51    0.80    0.61    0.82     72.80   4.89    76.20   59.76   0.67    1435.90    23.82    64.55  
65   TR905TS073_1        073     50.41    100.00  63    0.37      N/A        0.39      N/A        31.51    N/A           14.70    21.50    6.009    6.709    242   0    0     0     41.74  68.60  0.03        N/A          0.12         N/A          69.42  44.48    2.27     22.58       14.5        199      3.4      1.64          0.47    46.07     0.50    0.51    0.81    0.58    0.83     74.40   6.11    77.88   59.51   0.69    1439.10    17.53    80.74  
66   TR905TS187_5        187     50.31    100.00  66    N/A       N/A        0.38      N/A        31.71    N/A           15.78    22.39    6.744    7.395    242   0    0     0     44.21  65.29  N/A         N/A          0.33         N/A          66.12  43.485   2.21     20.26       13.6        198      3.6      3.27          0.42    43.39     0.48    0.49    0.80    0.61    0.82     73.40   5.86    75.50   57.84   0.67    1397.80    21.20    N/A    
67   TR905TS418_2        418     50.31    100.00  66    N/A       N/A        0.38      N/A        31.51    N/A           15.39    23.53    6.922    7.524    242   1    0     0     44.63  64.46  N/A         N/A          0.37         N/A          64.46  42.761   2.24     22.29       13.8        187      3.1      3.97          0.45    44.42     0.49    0.50    0.80    0.62    0.82     70.00   4.89    75.87   57.78   0.67    1376.00    23.14    53.63  
68   TR905TS418_3        418     50.31    100.00  66    N/A       N/A        0.38      N/A        31.20    N/A           14.70    23.82    7.022    7.549    242   2    0     0     45.87  66.94  N/A         N/A          0.48         N/A          66.94  44.617   2.28     22.72       13.2        189      3.2      3.83          0.45    44.42     0.49    0.50    0.80    0.62    0.82     65.60   5.33    76.07   59.12   0.67    1390.10    22.90    52.93  
69   TR905TS081_2        081     50.31    100.00  66    N/A       N/A        0.38      N/A        31.92    N/A           17.98    24.62    6.914    7.476    242   0    0     0     47.11  67.36  N/A         N/A          0.59         N/A          67.77  44.675   2.20     22.58       13.9        190      3        1.10          0.46    43.80     0.51    0.50    0.80    0.61    0.82     75.10   5.33    76.01   59.74   0.67    1445.00    23.64    66.09  
70   TR905TS118_1        118     50.21    100.00  70    0.35      N/A        0.37      N/A        32.95    N/A           20.45    26.20    7.087    7.791    242   0    0     0     46.69  61.57  0.52        N/A          0.55         N/A          62.40  43.418   2.13     21.71       13.9        176      3.3      1.66          0.44    43.80     0.51    0.47    0.78    0.65    0.82     78.70   5.19    71.79   56.55   0.66    1321.10    24.69    N/A    
71   TR905TS060_4        060     50.21    100.00  70    N/A       N/A        0.37      N/A        30.89    N/A           13.75    21.00    6.227    6.651    242   0    0     0     42.56  65.70  N/A         N/A          0.19         N/A          67.36  43.398   2.24     22.72       12.9        194      3.8      1.42          0.44    46.07     0.50    0.48    0.80    0.60    0.84     74.90   5.86    75.54   57.14   0.68    1349.20    25.66    73.75  
72   TR905TS446_1        446s    50.10    100.00  72    0.34      0.15       0.36      0.07       31.51    0.00          15.12    22.40    7.015    7.605    242   0    0     0     44.63  65.70  0.31        0.06         0.37         0.10         66.53  43.468   2.27     21.56       14.1        186      3.1      1.08          0.46    43.80     0.52    0.50    0.79    0.60    0.81     71.70   5.33    75.85   59.30   0.67    1334.30    22.89    71.77  
73   TR905TS118_4        118     50.10    100.00  72    N/A       N/A        0.36      N/A        32.85    N/A           20.87    27.43    7.156    7.875    242   0    0     0     45.45  64.46  N/A         N/A          0.44         N/A          64.46  44.785   2.02     22.58       14.9        186      3.7      1.73          0.45    44.42     0.51    0.48    0.78    0.63    0.82     71.10   5.33    72.56   56.95   0.66    1418.50    24.25    N/A    
74   TR905TS265_1        265     50.00    100.00  74    0.33      N/A        0.35      N/A        31.10    N/A           17.57    22.60    6.866    7.446    242   0    0     0     44.21  65.70  0.27        N/A          0.33         N/A          66.53  42.761   2.32     24.74       14.4        187      3.5      1.77          0.46    45.04     0.52    0.50    0.80    0.59    0.82     73.00   5.46    75.37   59.24   0.67    1364.50    23.80    66.07  
75   TR905TS017_5        017     49.90    100.00  75    N/A       N/A        0.34      N/A        30.68    N/A           17.85    23.98    7.021    7.54     242   1    0     0     45.04  66.12  N/A         N/A          0.41         N/A          66.12  43.493   2.26     21.42       14.1        192      3.6      2.60          0.46    45.25     0.51    0.50    0.79    0.61    0.82     67.40   5.04    74.98   58.94   0.67    1391.40    24.56    82.82  
76   TR905TS220_5        220s    49.79    100.00  76    N/A       N/A        0.33      -0.04      32.12    N/A           16.39    23.07    7.121    7.696    242   1    0     0     46.28  66.53  N/A         N/A          0.51         0.51         66.94  43.648   2.21     24.45       15.6        194      3.5      1.72          0.46    47.11     0.51    0.50    0.78    0.60    0.81     62.10   5.86    74.45   58.58   0.66    1472.10    23.47    52.85  
77   TR905TS102_1        102     49.79    100.00  76    0.31      N/A        0.33      N/A        31.20    N/A           16.14    22.82    6.948    7.532    242   23   0     0     43.39  65.70  0.19        N/A          0.26         N/A          66.12  43.122   2.29     24.31       14          196      3.5      1.80          0.45    43.80     0.50    0.49    0.80    0.61    0.82     71.20   5.60    75.28   58.68   0.67    1401.70    21.79    N/A    
78   TR905TS265_5        265     49.79    100.00  76    N/A       N/A        0.33      N/A        30.99    N/A           16.33    21.91    6.921    7.527    242   0    0     0     42.56  66.53  N/A         N/A          0.19         N/A          67.36  43.235   2.29     24.74       14.3        193      3.5      1.63          0.45    42.15     0.51    0.49    0.80    0.60    0.82     72.00   5.46    75.14   58.70   0.67    1422.00    23.67    63.70  
79   TR905TS073_3        073     49.59    100.00  79    N/A       N/A        0.31      N/A        30.27    N/A           14.91    21.30    6.489    7.11     242   0    0     0     38.84  66.12  N/A         N/A          -0.14        N/A          66.53  44.104   2.21     22.43       14.4        197      3.5      1.67          0.46    45.04     0.51    0.50    0.81    0.58    0.82     74.80   5.86    75.44   58.71   0.68    1386.50    19.41    78.89  
80   TR905TS017_4        017     49.48    100.00  80    N/A       N/A        0.30      N/A        30.27    N/A           16.31    23.03    6.973    7.564    242   0    0     0     42.98  63.64  N/A         N/A          0.22         N/A          64.46  43.604   2.24     22.00       14.3        192      3.8      2.02          0.44    44.83     0.50    0.49    0.80    0.62    0.82     69.10   5.73    74.97   58.12   0.66    1377.90    23.14    84.15  
81   TR905TS265_2        265     49.48    100.00  80    N/A       N/A        0.30      N/A        30.89    N/A           17.62    22.24    6.849    7.471    242   0    0     0     44.21  66.12  N/A         N/A          0.33         N/A          67.36  43.378   2.37     24.60       14.4        193      3.4      1.91          0.46    44.42     0.51    0.50    0.81    0.59    0.82     71.70   4.89    74.98   58.97   0.67    1425.30    22.59    66.02  
82   TR905TS001_4        001     49.38    100.00  82    N/A       N/A        0.29      N/A        30.16    N/A           16.55    23.54    6.881    7.465    242   0    0     0     45.45  66.94  N/A         N/A          0.44         N/A          67.77  42.973   2.28     24.17       14.1        188      3.5      2.36          0.46    44.83     0.51    0.50    0.81    0.59    0.82     66.50   5.33    73.99   58.28   0.67    1327.90    20.42    N/A    
83   TR905TS265_3        265     49.28    100.00  83    N/A       N/A        0.28      N/A        30.27    N/A           16.77    22.08    6.86     7.457    242   0    0     0     44.21  64.05  N/A         N/A          0.33         N/A          64.88  42.827   2.25     24.74       14.1        189      3.1      1.82          0.46    44.21     0.51    0.49    0.81    0.59    0.82     68.90   5.19    75.06   58.82   0.66    1429.80    22.43    65.27  
84   TR905TS265_4        265     49.28    100.00  83    N/A       N/A        0.28      N/A        30.27    N/A           18.11    22.45    7.033    7.611    242   0    0     0     43.39  65.70  N/A         N/A          0.26         N/A          65.70  42.854   2.27     24.60       14.4        187      3        1.88          0.46    43.60     0.51    0.49    0.80    0.60    0.82     71.90   5.04    74.58   58.79   0.66    1424.80    23.61    65.03  
85   TR905TS102_3        102     49.17    100.00  85    N/A       N/A        0.26      N/A        30.68    N/A           16.73    22.87    6.955    7.511    242   0    0     0     43.80  64.46  N/A         N/A          0.30         N/A          65.29  42.867   2.22     24.17       13.7        193      3.5      2.70          0.45    44.01     0.50    0.48    0.79    0.64    0.81     66.80   5.19    74.38   56.23   0.66    1352.20    20.96    73.32  
86   TR905TS017_1        017     49.17    100.00  85    0.24      N/A        0.26      N/A        30.37    N/A           16.99    23.07    7.065    7.613    242   0    0     0     44.21  64.88  0.27        N/A          0.33         N/A          65.29  42.805   2.21     21.13       14.4        187      3.1      1.68          0.45    44.21     0.50    0.49    0.79    0.63    0.82     67.60   5.04    74.98   58.38   0.66    1381.50    24.53    82.98  
87   TR905TS060_1        060     48.97    100.00  87    0.22      N/A        0.24      N/A        29.86    N/A           16.64    22.54    6.679    7.065    242   0    0     0     43.39  60.33  0.19        N/A          0.26         N/A          66.53  44.804   2.24     23.73       13.9        190      3.5      1.51          0.44    43.18     0.50    0.46    0.78    0.64    0.83     67.70   5.60    75.47   56.83   0.67    1377.30    28.57    74.79  
88   TR905TS480_3        480     48.97    100.00  87    N/A       N/A        0.24      N/A        30.99    N/A           14.67    21.27    6.781    7.349    242   5    0     0     40.50  66.94  N/A         N/A          0.01         N/A          69.83  45.026   2.28     23.59       15.2        197      3.5      3.68          0.45    45.04     0.48    0.49    0.73    0.64    0.81     67.70   5.99    72.93   58.91   0.68    1436.70    24.73    48.77  
89   TR905TS073_4        073     48.97    100.00  87    N/A       N/A        0.24      N/A        29.96    N/A           14.88    20.70    6.483    7.05     242   0    0     0     39.26  66.12  N/A         N/A          -0.10        N/A          66.12  42.513   2.37     22.72       13.9        193      3.4      1.76          0.46    46.49     0.51    0.51    0.81    0.58    0.82     72.80   5.04    76.14   58.37   0.66    1386.40    18.16    77.99  
90   TR905TS102_5        102     48.86    100.00  90    N/A       N/A        0.23      N/A        29.75    N/A           13.95    20.93    6.995    7.501    242   0    0     0     41.32  64.46  N/A         N/A          0.08         N/A          66.53  41.586   2.28     24.02       12.1        193      3.6      2.60          0.43    44.42     0.49    0.48    0.80    0.66    0.82     67.30   4.89    74.47   56.39   0.66    1301.20    23.96    74.03  
91   TR905TS118_5        118     48.66    100.00  91    N/A       N/A        0.21      N/A        30.06    N/A           16.76    23.49    6.983    7.484    242   0    0     0     43.39  65.70  N/A         N/A          0.26         N/A          66.94  44.011   2.29     23.88       12.8        187      3.1      1.43          0.43    40.91     0.48    0.47    0.78    0.68    0.82     63.60   5.19    70.57   55.04   0.65    1302.50    27.66    N/A    
92   TR905TS102_2        102     48.66    100.00  91    N/A       N/A        0.21      N/A        29.96    N/A           15.32    21.38    6.583    7.165    242   65   0     0     40.08  63.64  N/A         N/A          -0.03        N/A          65.70  42.056   2.29     24.45       13.5        196      3.5      2.73          0.45    47.73     0.48    0.49    0.80    0.59    0.82     69.30   5.04    75.66   57.57   0.67    1359.20    20.76    N/A    
93   TR905TS060_3        060     48.66    100.00  91    N/A       N/A        0.21      N/A        29.85    N/A           16.03    21.83    6.667    7.104    242   0    0     0     42.56  63.22  N/A         N/A          0.19         N/A          65.70  43.697   2.23     23.01       14          196      3.6      1.54          0.43    42.36     0.50    0.46    0.77    0.64    0.83     72.40   5.60    75.45   56.95   0.67    1414.30    28.97    76.48  
94   TR905TS247_4        247     48.45    100.00  94    N/A       N/A        0.19      N/A        32.95    N/A           15.67    21.08    9.239    9.69     242   1    0     0     42.98  62.81  N/A         N/A          0.22         N/A          66.12  45.469   2.19     19.54       14.7        184      3.1      0.79          0.44    44.01     0.51    0.46    0.69    0.73    0.75     64.60   5.04    72.48   57.61   0.66    1399.00    27.74    N/A    
95   TR905TS220_3        220s    48.45    100.00  94    N/A       N/A        0.19      -0.54      30.79    N/A           14.08    21.79    7.491    8.064    242   1    0     0     45.04  65.70  N/A         N/A          0.41         0.21         66.53  42.698   2.26     22.86       14.9        186      3.1      1.96          0.46    45.04     0.52    0.49    0.75    0.63    0.80     61.80   4.89    74.64   58.60   0.65    1412.30    26.47    54.37  
96   TR905TS396_4        396     48.35    100.00  96    N/A       N/A        0.18      N/A        30.58    N/A           15.99    23.22    8.07     8.566    242   1    0     0     43.80  63.64  N/A         N/A          0.30         N/A          66.12  43.876   2.24     22.29       15.2        193      3.3      2.02          0.46    45.66     0.52    0.49    0.71    0.69    0.79     66.10   5.46    72.03   59.18   0.65    1454.10    41.30    N/A    
97   TR905TS393_3        393     48.35    100.00  96    N/A       N/A        0.18      N/A        30.06    N/A           17.18    23.64    8.024    8.446    242   1    0     0     43.39  64.88  N/A         N/A          0.26         N/A          67.36  42.73    2.27     22.43       14.8        191      3.4      3.26          0.46    44.42     0.50    0.49    0.71    0.69    0.79     66.90   5.33    71.82   58.49   0.65    1428.30    41.23    48.40  
98   TR905TS247_1        247     48.35    100.00  96    0.15      N/A        0.18      N/A        32.54    N/A           19.02    24.22    9.162    9.61     242   0    0     0     41.32  62.40  -0.01       N/A          0.08         N/A          65.70  46.394   2.18     19.97       14.4        184      3.4      0.70          0.46    44.01     0.51    0.48    0.69    0.72    0.75     58.10   5.04    71.10   58.46   0.66    1370.80    28.09    N/A    
99   TR905TS247_2        247     48.24    100.00  99    N/A       N/A        0.17      N/A        31.51    N/A           18.72    25.44    8.815    9.243    242   0    0     0     41.74  62.40  N/A         N/A          0.12         N/A          65.29  45.733   2.22     20.12       14.8        186      3.7      1.07          0.45    43.60     0.51    0.48    0.71    0.73    0.76     60.30   5.33    71.88   58.14   0.66    1404.40    27.22    N/A    
100  TR905TS118_2        118     48.14    100.00  100   N/A       N/A        0.16      N/A        29.23    N/A           18.33    24.95    6.962    7.574    242   0    0     0     44.63  63.64  N/A         N/A          0.37         N/A          66.53  44.678   2.19     22.00       13.5        185      3.6      1.63          0.44    43.39     0.50    0.48    0.76    0.65    0.83     68.90   5.60    75.21   57.21   0.66    1289.70    21.71    N/A    
101  TR905TS324_1        324     48.04    100.00  101   0.12      N/A        0.15      N/A        29.65    N/A           16.14    22.96    7.978    8.374    242   0    0     0     43.39  64.05  0.19        N/A          0.26         N/A          66.94  43.06    2.27     21.85       13.4        193      3.6      2.58          0.47    48.55     0.52    0.51    0.71    0.61    0.79     61.50   5.33    72.74   59.71   0.65    1420.70    37.75    48.89  
102  TR905TS324_4        324     47.93    100.00  102   N/A       N/A        0.14      N/A        29.65    N/A           16.63    22.91    7.969    8.383    242   0    0     0     41.74  64.46  N/A         N/A          0.12         N/A          67.36  42.446   2.26     22.00       13.4        193      3.6      2.72          0.47    49.17     0.52    0.51    0.71    0.61    0.79     58.80   5.04    72.83   59.76   0.65    1423.80    37.64    48.87  
103  TR905TS393_4        393     47.93    100.00  102   N/A       N/A        0.14      N/A        29.13    N/A           16.30    23.08    8.098    8.48     242   1    0     0     40.50  64.88  N/A         N/A          0.01         N/A          67.77  42.819   2.29     22.86       15.3        194      3.4      3.13          0.46    43.80     0.50    0.50    0.71    0.66    0.79     66.50   5.33    71.68   58.07   0.64    1459.40    40.30    48.42  
104  TR905TS393_2        393     47.73    100.00  104   N/A       N/A        0.12      N/A        29.34    N/A           16.63    22.82    7.93     8.404    242   0    0     0     42.15  64.46  N/A         N/A          0.15         N/A          67.77  41.456   2.26     22.14       13.7        194      3.6      2.95          0.47    47.93     0.51    0.51    0.71    0.62    0.79     63.30   5.19    72.69   59.48   0.65    1452.00    37.39    48.58  
105  TR905TS324_5        324     47.52    100.00  105   N/A       N/A        0.10      N/A        29.24    N/A           14.84    21.84    7.968    8.385    242   0    0     0     42.15  62.81  N/A         N/A          0.15         N/A          66.12  43.016   2.36     21.85       13.3        193      3.5      2.84          0.47    49.17     0.52    0.51    0.71    0.62    0.79     58.70   5.19    72.67   59.54   0.65    1415.10    37.65    49.11  
106  TR905TS247_5        247     47.52    100.00  105   N/A       N/A        0.10      N/A        31.51    N/A           16.72    23.82    8.787    9.22     242   0    0     0     40.91  63.64  N/A         N/A          0.04         N/A          66.12  46.615   2.14     20.70       14.8        184      3.1      1.45          0.45    41.94     0.51    0.46    0.68    0.71    0.76     61.10   5.33    73.13   57.78   0.66    1404.50    27.59    N/A    
107  TR905TS257_3        257     47.52    100.00  105   N/A       N/A        0.10      N/A        28.93    N/A           15.95    21.45    8.185    8.609    242   1    0     0     40.91  64.05  N/A         N/A          0.04         N/A          66.94  41.445   2.31     22.58       15          193      3.5      3.21          0.25    42.36     0.50    0.47    0.70    0.68    0.79     66.80   5.04    71.63   58.11   0.64    1434.00    41.32    55.12  
108  TR905TS324_3        324     47.42    100.00  108   N/A       N/A        0.09      N/A        29.13    N/A           16.70    22.81    8.006    8.426    242   0    0     0     42.56  63.64  N/A         N/A          0.19         N/A          66.94  42.324   2.29     21.56       13.4        194      3.7      2.60          0.47    48.55     0.52    0.51    0.70    0.62    0.79     62.70   5.33    72.66   59.49   0.65    1435.80    37.89    48.94  
109  TR905TS324_2        324     47.42    100.00  108   N/A       N/A        0.09      N/A        29.14    N/A           16.07    22.67    7.974    8.39     242   0    0     0     42.56  62.40  N/A         N/A          0.19         N/A          65.29  42.697   2.37     21.28       13.5        197      3.7      2.82          0.47    49.17     0.52    0.51    0.71    0.62    0.79     61.50   5.19    72.69   59.57   0.65    1433.10    37.65    49.02  
110  TR905TS396_5        396     47.31    100.00  110   N/A       N/A        0.07      N/A        28.72    N/A           15.39    21.82    8.186    8.605    242   1    0     0     38.43  63.64  N/A         N/A          -0.18        N/A          66.53  40.73    2.35     23.15       15.1        193      3.5      2.05          0.45    42.98     0.50    0.48    0.70    0.68    0.79     66.80   5.04    71.64   58.13   0.64    1437.70    41.35    N/A    
111  TR905TS073_2        073     47.21    100.00  111   N/A       N/A        0.06      N/A        27.68    N/A           13.30    20.12    6.41     6.998    242   0    0     0     39.67  65.29  N/A         N/A          -0.07        N/A          65.70  41.706   2.38     21.85       14.2        191      3.4      1.65          0.46    45.04     0.50    0.50    0.80    0.59    0.82     70.10   5.99    76.30   59.89   0.66    1380.60    19.65    79.45  
112  TR905TS279_1        279     46.90    100.00  112   -0.00     N/A        0.03      N/A        27.48    N/A           16.34    22.31    7.079    7.627    242   2    0     0     46.69  66.12  0.52        N/A          0.55         N/A          67.77  42.783   2.31     23.15       11.6        193      3.4      1.20          0.42    42.15     0.49    0.46    0.79    0.61    0.82     69.70   5.04    72.54   55.19   0.66    1202.50    27.66    65.32  
113  TR905TS396_3        396     46.80    100.00  113   N/A       N/A        0.02      N/A        28.61    N/A           15.16    21.24    8.012    8.437    242   0    0     0     42.15  63.22  N/A         N/A          0.15         N/A          66.12  42.222   2.31     21.85       13.9        198      3.7      1.95          0.46    47.93     0.52    0.50    0.70    0.64    0.79     56.70   5.19    72.50   59.08   0.64    1414.00    38.29    N/A    
114  TR905TS118_3        118     46.28    100.00  114   N/A       N/A        -0.03     N/A        27.79    N/A           15.48    22.40    7.172    7.785    242   0    0     0     42.98  62.40  N/A         N/A          0.22         N/A          64.46  43.953   2.14     21.42       13.6        185      3.5      1.84          0.43    43.39     0.50    0.48    0.76    0.66    0.82     67.70   4.89    73.25   56.42   0.66    1300.50    20.61    N/A    
115  TR905TS450_4        450     45.87    100.00  115   N/A       N/A        -0.07     N/A        27.27    N/A           13.44    19.24    7.535    8.019    242   0    0     0     38.84  63.22  N/A         N/A          -0.14        N/A          64.88  41.601   2.33     21.42       14.2        192      3.6      1.92          0.45    45.04     0.52    0.49    0.75    0.63    0.80     61.10   5.04    73.50   58.51   0.64    1354.10    26.06    57.21  
116  TR905TS011_2        011     45.66    100.00  116   N/A       N/A        -0.09     N/A        27.07    N/A           12.61    19.27    7.277    7.809    242   0    0     0     34.30  62.40  N/A         N/A          -0.54        N/A          64.88  41.248   2.34     22.29       14.2        190      3.2      1.98          0.44    44.01     0.51    0.48    0.76    0.62    0.80     65.40   5.04    72.94   57.62   0.64    1358.30    24.91    56.88  
117  TR905TS450_2        450     45.56    100.00  117   N/A       N/A        -0.11     N/A        27.58    N/A           12.96    18.53    7.577    8.015    242   0    0     0     35.95  61.57  N/A         N/A          -0.39        N/A          63.22  39.984   2.32     22.14       14.1        191      3.4      1.85          0.44    43.60     0.52    0.48    0.75    0.63    0.80     59.70   5.04    72.50   57.17   0.63    1344.00    27.59    57.86  
118  TR905TS257_2        257     45.56    100.00  117   N/A       N/A        -0.11     N/A        27.07    N/A           13.36    19.92    7.796    8.265    242   2    0     0     38.02  60.33  N/A         N/A          -0.21        N/A          62.81  38.757   2.29     22.14       14          189      3.8      3.00          0.24    38.64     0.48    0.44    0.69    0.66    0.80     66.40   5.33    69.69   55.82   0.63    1298.20    30.12    57.50  
119  TR905TS102_4        102     45.45    100.00  119   N/A       N/A        -0.12     N/A        26.55    N/A           14.88    19.58    7.248    7.799    242   0    0     0     37.60  63.64  N/A         N/A          -0.25        N/A          64.46  40.867   2.39     19.40       11.5        191      4        2.70          0.43    40.91     0.48    0.47    0.78    0.69    0.81     69.70   5.73    73.40   55.46   0.65    1233.50    25.48    72.20  
120  TR905TS393_5        393     45.35    100.00  120   N/A       N/A        -0.13     N/A        27.07    N/A           14.37    19.65    7.024    7.587    242   3    0     0     35.54  61.98  N/A         N/A          -0.43        N/A          64.05  39.84    2.39     21.28       14.4        191      3.5      2.94          0.44    41.74     0.48    0.48    0.74    0.61    0.81     69.90   5.60    72.02   56.51   0.64    1390.00    28.58    51.81  
121  TR905TS450_5        450     45.25    100.00  121   N/A       N/A        -0.14     N/A        26.75    N/A           13.18    19.05    7.477    7.951    242   0    0     0     37.19  63.64  N/A         N/A          -0.28        N/A          65.29  40.567   2.34     21.42       13.7        187      3.3      1.87          0.44    44.01     0.51    0.48    0.75    0.63    0.80     56.70   5.04    72.87   57.50   0.63    1312.00    27.73    56.94  
122  TR905TS011_1        011     45.15    100.00  122   -0.19     N/A        -0.15     N/A        26.66    N/A           15.12    20.11    7.387    7.851    242   0    0     0     39.26  60.74  -0.21       N/A          -0.10        N/A          61.98  41.089   2.37     22.58       13.8        188      3.4      1.74          0.45    44.42     0.52    0.48    0.76    0.60    0.80     63.60   5.19    72.69   57.71   0.63    1320.90    26.27    57.09  
123  TR905TS220_1        220s    45.15    100.00  122   -0.19     -1.66      -0.15     -1.76      26.66    -1.61         15.12    20.11    7.387    7.851    242   0    0     0     39.26  60.74  -0.21       -1.61        -0.10        -1.23        61.98  41.089   2.37     22.58       13.8        188      3.4      1.74          0.45    44.42     0.52    0.48    0.76    0.60    0.80     63.60   5.19    72.69   57.71   0.63    1320.90    26.27    57.09  
124  TR905TS011_4        011     45.15    100.00  122   N/A       N/A        -0.15     N/A        26.34    N/A           13.30    19.08    7.373    7.829    242   0    0     0     35.54  63.64  N/A         N/A          -0.43        N/A          65.70  40.738   2.38     24.02       13.7        191      3.4      2.12          0.44    42.98     0.52    0.48    0.75    0.63    0.80     65.50   4.58    72.88   57.54   0.63    1312.90    26.78    57.69  
125  TR905TS450_1        450     45.15    100.00  122   -0.19     N/A        -0.15     N/A        26.66    N/A           15.12    20.11    7.387    7.851    242   0    0     0     39.26  60.74  -0.21       N/A          -0.10        N/A          61.98  41.089   2.37     22.58       13.8        188      3.4      1.74          0.45    44.42     0.52    0.48    0.76    0.60    0.80     63.60   5.19    72.69   57.71   0.63    1320.90    26.27    57.09  
126  TR905TS247_3        247     45.04    100.00  126   N/A       N/A        -0.16     N/A        28.62    N/A           17.06    22.10    8.978    9.407    242   0    0     0     38.43  58.26  N/A         N/A          -0.18        N/A          61.57  41.166   2.19     21.13       13          187      3.8      0.70          0.43    41.32     0.50    0.45    0.67    0.73    0.76     57.10   5.33    70.57   54.50   0.64    1252.20    30.33    N/A    
127  TR905TS011_5        011     44.94    100.00  127   N/A       N/A        -0.17     N/A        26.34    N/A           11.67    18.61    7.395    7.894    242   0    0     0     37.60  61.98  N/A         N/A          -0.25        N/A          63.64  41.791   2.38     22.58       14          189      3.2      1.70          0.44    43.60     0.52    0.48    0.73    0.63    0.80     65.90   5.19    72.71   57.81   0.64    1339.30    27.09    57.23  
128  TR905TS220_2        220s    44.94    100.00  127   N/A       N/A        -0.17     -1.84      26.45    N/A           13.03    18.84    7.622    8.081    242   0    0     0     35.54  61.98  N/A         N/A          -0.43        -2.16        63.64  41.535   2.39     22.00       14.1        192      3.5      2.14          0.44    42.56     0.51    0.47    0.75    0.64    0.80     60.70   5.04    73.07   57.32   0.63    1345.80    26.87    57.92  
129  TR905TS450_3        450     44.73    100.00  129   N/A       N/A        -0.19     N/A        26.03    N/A           13.21    18.85    7.583    8.064    242   0    0     0     35.95  63.64  N/A         N/A          -0.39        N/A          65.29  41.198   2.34     21.85       13.8        190      3.3      1.88          0.44    43.39     0.51    0.48    0.74    0.65    0.80     62.20   5.04    72.84   57.37   0.63    1322.40    27.60    57.67  
130  TR905TS011_3        011     44.52    100.00  130   N/A       N/A        -0.21     N/A        26.24    N/A           11.94    18.52    7.513    8.018    242   0    0     0     35.95  61.57  N/A         N/A          -0.39        N/A          64.05  41.469   2.35     22.29       13.7        192      3.5      1.75          0.44    42.77     0.52    0.47    0.74    0.64    0.80     62.80   5.04    72.75   57.47   0.63    1313.60    28.29    57.24  
131  TR905TS474_1        474     43.91    99.59   131   -0.32     N/A        -0.27     N/A        24.90    N/A           12.29    18.47    7.348    7.789    241   3    0     0     36.36  61.16  -0.50       N/A          -0.36        N/A          63.64  38.312   2.38     21.31       13.1        189      3.5      2.75          0.41    39.88     0.47    0.46    0.71    0.64    0.81     67.62   5.33    71.00   53.64   0.63    1264.30    29.90    58.33  
132  TR905TS220_4        220s    43.91    100.00  131   N/A       N/A        -0.27     -2.22      25.73    N/A           11.66    18.04    7.424    7.922    242   0    0     0     33.88  61.57  N/A         N/A          -0.57        -2.57        63.22  39.895   2.37     21.85       13.6        190      3.4      1.90          0.44    42.15     0.51    0.47    0.75    0.64    0.80     59.40   5.73    72.40   56.63   0.63    1304.80    26.70    57.91  
133  TR905TS257_4        257     42.87    100.00  133   N/A       N/A        -0.38     N/A        24.38    N/A           12.96    17.97    8.133    8.606    242   5    0     0     35.54  57.85  N/A         N/A          -0.43        N/A          59.50  37.952   2.38     22.43       12.2        186      3.8      3.28          0.24    39.88     0.48    0.47    0.74    0.64    0.79     61.30   5.19    70.63   56.83   0.61    1238.00    28.14    59.95  
134  TR905TS418_1        418     39.67    100.00  134   -0.78     N/A        -0.71     N/A        20.15    N/A           7.76     13.33    7.45     7.937    242   0    0     0     29.34  49.59  -1.19       N/A          -0.97        N/A          50.41  33.678   2.37     19.25       6.5         164      3.9      3.84          0.37    37.81     0.46    0.41    0.80    0.68    0.82     72.10   5.04    68.11   51.20   0.59    748.20     26.72    63.28  
135  TR905TS418_5        418     37.81    100.00  135   N/A       N/A        -0.90     N/A        21.90    N/A           9.63     16.06    8.325    8.914    242   0    0     0     30.99  47.52  N/A         N/A          -0.83        N/A          48.76  33.603   2.34     16.07       7.1         166      3.9      3.84          0.35    30.58     0.44    0.38    0.71    0.82    0.79     59.50   5.33    63.70   47.80   0.57    835.40     42.03    64.53  
136  TR905TS257_1        257     32.95    100.00  136   -1.51     N/A        -1.40     N/A        16.74    N/A           8.20     11.93    9.57     9.84     242   87   0     0     22.73  44.63  -1.84       N/A          -1.55        N/A          47.11  29.731   2.49     17.23       4.6         138      3.8      3.46          0.10    34.09     0.38    0.40    0.47    1.29    0.71     64.00   4.89    58.11   50.53   0.52    634.50     42.91    69.10  
137  TR905TS257_5        257     24.69    100.00  137   N/A       N/A        -2.24     N/A        12.29    N/A           5.44     6.78     10.175   30.383   242   39   0     0     14.05  26.86  N/A         N/A          -2.32        N/A          37.60  19.185   2.67     11.16       2.3         122      3.8      3.17          0.00    0.00      0.39    0.32    0.42    1.04    0.71     34.60   4.74    53.62   44.31   0.46    447.20     51.16    76.89  
138  TR905TS330_2        330     17.98    100.00  138   N/A       N/A        -2.93     N/A        9.30     N/A           2.32     4.53     12.267   12.841   242   1    0     0     2.48   11.16  N/A         N/A          -3.33        N/A          28.10  16.043   2.73     3.21        0.3         65       4.1      1.35          0.27    14.26     0.42    0.24    0.38    1.45    0.61     64.90   3.07    44.87   41.71   0.37    134.00     65.11    34.27  
139  TR905TS330_5        330     15.81    100.00  139   N/A       N/A        -3.15     N/A        9.81     N/A           2.60     4.98     16.48    16.885   242   0    0     0     0.00   8.68   N/A         N/A          -3.55        N/A          20.66  10.911   2.82     4.66        0.3         56       5.2      0.85          0.24    11.16     0.41    0.22    0.28    1.68    0.51     54.30   3.50    41.40   37.22   0.30    135.50     91.41    33.51  
140  TR905TS330_3        330     13.95    100.00  140   N/A       N/A        -3.34     N/A        7.03     N/A           1.24     2.65     19.423   19.976   242   0    0     0     0.00   3.31   N/A         N/A          -3.55        N/A          21.90  12.037   2.69     1.77        0           0        N/A      1.68          0.22    10.74     0.38    0.15    0.12    1.81    0.48     53.40   1.99    38.41   32.63   0.33    N/A        185.05   27.45  
141  TR905TS330_1        330     13.22    100.00  141   -3.63     N/A        -3.42     N/A        7.85     N/A           1.75     3.44     17.993   18.197   242   1    0     0     5.37   10.74  -3.55       N/A          -3.08        N/A          24.38  15.755   2.48     1.77        0           0        N/A      1.50          0.22    13.64     0.40    0.18    0.16    1.94    0.52     69.50   3.29    39.04   39.01   0.31    N/A        158.62   28.76  
142  TR905TS399_2        399     12.19    100.00  142   N/A       N/A        -3.52     N/A        8.68     N/A           0.96     3.90     24.204   24.466   242   21   0     0     7.02   11.16  N/A         N/A          -2.94        N/A          16.94  12.02    2.55     1.77        0           0        N/A      3.24          0.11    12.81     0.38    0.20    0.21    2.22    0.49     55.60   3.29    29.80   37.37   0.21    N/A        366.26   45.13  
143  TR905TS399_1        399     12.19    100.00  142   -3.74     N/A        -3.52     N/A        8.68     N/A           0.96     3.90     24.204   24.466   242   21   0     0     7.02   11.16  -3.39       N/A          -2.94        N/A          16.94  12.02    2.55     1.77        0           0        N/A      3.24          0.11    12.81     0.38    0.20    0.21    2.22    0.49     55.60   3.29    29.80   37.37   0.21    N/A        366.26   45.13  
144  TR905TS399_5        399     11.36    100.00  144   N/A       N/A        -3.61     N/A        8.37     N/A           1.33     4.03     29.989   30.607   242   14   0     0     0.41   0.83   N/A         N/A          -3.52        N/A          17.36  10.724   2.75     2.06        0           0        N/A      2.87          0.12    11.78     0.38    0.17    0.10    2.63    0.52     51.20   3.29    29.28   35.63   0.22    N/A        698.61   44.63  
145  TR905TS399_3        399     11.16    100.00  145   N/A       N/A        -3.63     N/A        8.26     N/A           1.35     4.04     28.53    28.814   242   13   0     0     1.24   0.00   N/A         N/A          -3.44        N/A          17.36  6.439    2.68     1.62        0           0        N/A      3.41          0.13    12.19     0.39    0.17    -0.07   2.34    0.50     53.40   1.64    30.60   35.90   0.20    N/A        682.26   40.37  
146  TR905TS399_4        399     11.05    100.00  146   N/A       N/A        -3.64     N/A        8.26     N/A           1.35     4.04     25.1     25.531   242   21   0     0     0.00   1.65   N/A         N/A          -3.55        N/A          16.12  9.574    2.82     1.62        0           0        N/A      3.42          0.12    12.60     0.38    0.18    0.06    2.32    0.50     50.70   3.07    30.67   35.54   0.21    N/A        376.82   55.19  
147  TR905TS330_4        330     10.95    100.00  147   N/A       N/A        -3.65     N/A        6.82     N/A           1.69     2.85     21.091   21.689   242   0    0     0     0.00   0.00   N/A         N/A          -3.55        N/A          22.31  14.237   2.80     1.34        0           0        N/A      1.64          0.20    13.64     0.39    0.16    0.09    2.06    0.50     57.90   1.64    35.97   34.78   0.30    N/A        168.98   24.07  

