#    Model               GR#     GDT_TS   NP_P    RANK  Z-M1-GDT  Z-M1s-GDT  Z-MA-GDT  Z-MAs-GDT  GDT_HA   Z-M1s-GDT-HA  GDC_SC   GDC_ALL  RMS_CA   RMS_ALL  NP    err  PC01  PC05  AL0_P  AL4_P  Z-M1-AL0_p  Z-M1s-AL0_p  Z-MA-AL0_p   Z-MAs-AL0_p  ALI_P  LGA_S    RMSD[L]  Z-score[M]  Z-Score[D]  Al.Res.  RMSD[D]  MolPrb_Score  LDDT    SphGr     CAD_AA  RPF     CODM    DFM     Handed.  SOV     CE      QCS     CONTS   TMscore  Dali(raw)  FlexE    QSE    

-    Starting model      -       51.91    -       -     -         -          -         -          32.62    -             15.50    -        5.64     6.54     -     -    -     -     -      -      -           -            -            -            -      -        -        20.99       15.80       191      3.10     2.03          0.44    41.26     0.50    0.48    0.81    0.61    0.83     68.70   6.23    77.13   55.43   0.72     1403.30    21.24    -      

1    TR901TS220_3        220s    54.82    100.00  1     N/A       N/A        0.87      2.28       34.98    N/A           16.19    25.58    5.137    5.857    223   0    0     0     50.22  74.89  N/A         N/A          0.87         1.69         76.23  51.412   2.23     22.92       17.9        201      3        2.10          0.47    43.27     0.50    0.50    0.82    0.54    0.86     62.40   6.35    79.10   57.76   0.75    1565.60    20.49    48.10  
2    TR901TS023_5        023     54.04    100.00  2     N/A       N/A        0.77      N/A        33.97    N/A           16.58    23.71    5.391    6.335    223   0    0     0     47.53  74.89  N/A         N/A          0.61         N/A          75.78  49.756   2.23     23.51       16.9        197      3.2      1.09          0.46    45.07     0.52    0.49    0.82    0.55    0.84     67.50   6.23    80.14   58.12   0.74    1488.70    18.78    47.32  
3    TR901TS265_5        265     53.92    100.00  3     N/A       N/A        0.76      N/A        34.42    N/A           17.37    24.70    5.57     6.474    223   0    0     0     47.98  73.99  N/A         N/A          0.65         N/A          74.89  50.531   2.11     19.95       16.9        194      3.3      1.48          0.45    42.15     0.50    0.48    0.81    0.61    0.84     65.30   6.35    76.26   54.70   0.73    1488.10    19.51    69.33  
4    TR901TS023_1        023     53.92    100.00  3     0.73      N/A        0.76      N/A        33.74    N/A           16.96    23.93    5.243    6.15     223   0    0     0     50.22  75.78  0.88        N/A          0.87         N/A          77.58  49.952   2.22     24.10       16.9        195      3.1      1.01          0.46    46.86     0.52    0.50    0.82    0.55    0.85     70.50   6.58    80.35   58.82   0.74    1486.20    18.74    47.14  
5    TR901TS220_5        220s    53.59    100.00  5     N/A       N/A        0.71      1.40       33.07    N/A           16.13    23.01    5.243    6.076    223   0    0     0     46.64  74.89  N/A         N/A          0.52         0.00         75.78  51.532   2.24     23.51       16.7        198      3.1      1.96          0.45    39.91     0.50    0.48    0.82    0.63    0.84     66.20   6.35    77.03   54.90   0.74    1477.00    21.47    51.00  
6    TR901TS265_4        265     53.59    100.00  5     N/A       N/A        0.71      N/A        33.97    N/A           18.56    25.55    5.781    6.676    223   0    0     0     47.09  74.44  N/A         N/A          0.56         N/A          75.34  50.137   2.15     20.84       16.1        188      3.1      1.18          0.45    41.48     0.49    0.48    0.80    0.61    0.83     65.80   6.11    76.37   54.69   0.72    1425.00    22.41    68.26  
7    TR901TS023_3        023     53.25    100.00  7     N/A       N/A        0.67      N/A        33.52    N/A           16.98    23.86    5.311    6.204    223   0    0     0     50.22  73.99  N/A         N/A          0.87         N/A          77.13  49.949   2.24     24.10       16.8        198      3.1      1.01          0.46    46.64     0.52    0.49    0.82    0.55    0.85     70.80   6.23    80.42   58.83   0.74    1483.70    18.91    47.37  
8    TR901TS265_1        265     53.14    100.00  8     0.63      N/A        0.66      N/A        33.30    N/A           17.77    24.28    5.727    6.594    223   0    0     0     48.43  74.44  0.68        N/A          0.69         N/A          75.34  48.817   2.20     20.99       16.4        187      3.2      1.45          0.45    41.26     0.49    0.49    0.80    0.60    0.83     67.30   6.23    76.10   55.04   0.72    1446.30    22.31    68.36  
9    TR901TS265_2        265     52.91    100.00  9     N/A       N/A        0.63      N/A        33.52    N/A           17.26    23.61    5.727    6.621    223   0    0     0     46.19  72.65  N/A         N/A          0.47         N/A          73.54  49.348   2.13     19.06       16.1        187      3.2      1.33          0.45    41.26     0.49    0.48    0.80    0.60    0.83     63.50   6.23    75.63   54.60   0.72    1425.00    22.46    67.62  
10   TR901TS250_3        250s    52.58    100.00  10    N/A       N/A        0.59      0.68       33.52    N/A           16.39    23.53    5.434    6.36     223   0    0     0     48.88  74.89  N/A         N/A          0.74         1.06         76.68  49.269   2.13     21.73       16.7        199      3.3      1.33          0.46    42.60     0.52    0.49    0.80    0.60    0.84     64.10   6.35    77.94   57.08   0.73    1476.60    19.49    47.31  
11   TR901TS001_2        001     52.58    100.00  10    N/A       N/A        0.59      N/A        32.96    N/A           16.10    24.45    5.505    6.435    223   0    0     0     49.33  76.23  N/A         N/A          0.78         N/A          77.58  50.368   2.16     22.62       16          194      3        2.13          0.44    40.81     0.49    0.46    0.79    0.65    0.84     69.59   6.23    76.47   53.94   0.74    1412.30    24.21    N/A    
12   TR901TS324_1        324     52.47    100.00  12    0.54      N/A        0.58      N/A        33.19    N/A           15.08    22.66    5.455    6.338    223   1    0     0     47.53  72.65  0.58        N/A          0.61         N/A          73.54  48.824   2.33     20.10       16.6        198      3.3      2.72          0.45    41.48     0.50    0.49    0.82    0.57    0.84     72.70   6.35    77.84   56.16   0.73    1461.80    19.99    45.09  
13   TR901TS265_3        265     52.47    100.00  12    N/A       N/A        0.58      N/A        32.62    N/A           17.91    24.63    5.684    6.53     223   0    0     0     47.98  74.44  N/A         N/A          0.65         N/A          75.78  49.587   2.14     19.36       16.2        196      3.3      1.40          0.45    41.93     0.50    0.48    0.80    0.62    0.83     64.80   6.35    76.42   54.32   0.72    1433.30    21.57    68.20  
14   TR901TS250_5        250s    52.47    100.00  12    N/A       N/A        0.58      0.60       33.52    N/A           16.28    23.49    5.449    6.382    223   0    0     0     49.78  74.89  N/A         N/A          0.83         1.48         76.68  50.258   2.16     21.88       16.7        195      3.1      1.22          0.46    42.83     0.51    0.49    0.81    0.60    0.84     63.80   6.35    77.91   57.00   0.73    1475.70    18.55    47.27  
15   TR901TS001_1        001     52.35    100.00  15    0.53      N/A        0.56      N/A        32.40    N/A           15.42    23.43    5.652    6.555    223   0    0     0     47.09  71.75  0.53        N/A          0.56         N/A          73.99  50.072   2.21     20.69       15.7        191      3        2.36          0.44    41.26     0.49    0.47    0.81    0.62    0.84     69.59   6.23    75.94   54.01   0.72    1388.80    22.07    N/A    
16   TR901TS450_1        450     52.35    100.00  15    0.53      N/A        0.56      N/A        33.30    N/A           15.28    22.78    5.413    6.221    223   1    0     0     43.50  73.54  0.12        N/A          0.21         N/A          76.68  51.046   2.13     23.36       17.7        200      3.1      1.83          0.46    46.19     0.52    0.50    0.83    0.57    0.83     70.60   6.35    81.57   59.42   0.74    1554.30    18.34    50.10  
17   TR901TS023_2        023     52.35    100.00  15    N/A       N/A        0.56      N/A        32.62    N/A           16.61    23.38    5.32     6.189    223   0    0     0     49.78  73.99  N/A         N/A          0.83         N/A          76.68  50.266   2.25     22.62       17          200      3.2      1.12          0.46    43.72     0.52    0.49    0.82    0.54    0.84     69.20   6.35    79.89   57.58   0.73    1495.60    19.24    47.70  
18   TR901TS023_4        023     52.24    100.00  18    N/A       N/A        0.55      N/A        32.06    N/A           17.46    23.72    5.496    6.415    223   0    0     0     47.98  72.20  N/A         N/A          0.65         N/A          76.68  49.882   2.32     22.92       16.6        195      3.1      1.01          0.46    43.95     0.52    0.49    0.81    0.56    0.84     65.80   6.23    79.83   57.68   0.73    1465.40    19.34    48.00  
19   TR901TS001_5        001     52.24    100.00  18    N/A       N/A        0.55      N/A        32.85    N/A           15.44    22.82    5.463    6.252    223   0    0     0     47.98  73.99  N/A         N/A          0.65         N/A          75.78  50.292   2.17     20.84       16.4        188      3        2.60          0.45    41.26     0.51    0.48    0.80    0.60    0.84     70.88   6.35    76.52   55.03   0.73    1444.80    18.63    N/A    
20   TR901TS250_2        250s    52.13    100.00  20    N/A       N/A        0.53      0.35       33.30    N/A           16.29    23.17    5.435    6.37     223   0    0     0     48.43  75.34  N/A         N/A          0.69         0.85         77.13  49.981   2.17     21.73       16.7        195      3.1      1.20          0.46    43.27     0.51    0.49    0.80    0.60    0.84     63.60   6.35    77.97   57.07   0.73    1469.70    19.54    47.37  
21   TR901TS324_4        324     52.13    100.00  20    N/A       N/A        0.53      N/A        32.51    N/A           14.74    22.61    5.438    6.313    223   1    0     0     47.53  72.20  N/A         N/A          0.61         N/A          73.54  49.294   2.29     19.95       16.4        195      3.2      2.51          0.45    42.15     0.50    0.48    0.82    0.58    0.84     72.80   6.23    77.64   55.80   0.72    1448.00    20.12    45.21  
22   TR901TS324_5        324     52.13    100.00  20    N/A       N/A        0.53      N/A        33.08    N/A           15.54    22.34    5.456    6.409    223   0    0     0     47.98  73.54  N/A         N/A          0.65         N/A          74.44  49.386   2.36     20.69       16.3        198      3.3      2.99          0.45    40.36     0.49    0.48    0.82    0.58    0.84     67.60   6.23    77.69   55.88   0.72    1442.70    19.96    45.17  
23   TR901TS250_1        250s    52.02    100.00  23    0.49      0.99       0.52      0.27       33.30    1.32          17.01    24.25    5.656    6.576    223   0    0     0     47.09  72.20  0.53        0.58         0.56         0.21         74.89  49.203   2.17     21.73       16.4        194      3.1      1.25          0.46    41.70     0.51    0.49    0.80    0.60    0.83     62.00   6.35    78.18   56.62   0.73    1449.50    18.54    47.39  
24   TR901TS273_1        273     52.02    100.00  23    0.49      N/A        0.52      N/A        32.06    N/A           14.59    22.32    5.595    6.537    223   7    0     0     47.98  73.09  0.63        N/A          0.65         N/A          75.34  49.225   2.35     22.62       16.1        193      3.1      2.57          0.44    42.38     0.49    0.48    0.81    0.59    0.83     71.40   6.35    77.21   56.43   0.72    1422.60    20.60    N/A    
25   TR901TS001_4        001     52.02    100.00  23    N/A       N/A        0.52      N/A        32.29    N/A           14.90    22.71    5.478    6.255    223   0    0     0     47.98  73.09  N/A         N/A          0.65         N/A          75.78  50.419   2.14     20.69       16.1        194      3.1      2.41          0.44    41.26     0.50    0.48    0.80    0.61    0.84     73.67   6.35    76.50   54.81   0.73    1423.60    18.82    N/A    
26   TR901TS324_2        324     52.02    100.00  23    N/A       N/A        0.52      N/A        32.51    N/A           14.94    22.59    5.466    6.355    223   0    0     0     47.53  73.54  N/A         N/A          0.61         N/A          74.44  49.062   2.29     20.84       16.3        195      3.2      2.51          0.45    40.36     0.49    0.48    0.82    0.59    0.84     68.80   6.23    77.58   55.71   0.72    1438.90    20.03    45.25  
27   TR901TS017_3        017     51.91    100.00  27    N/A       N/A        0.51      N/A        32.62    N/A           15.50    22.26    5.639    6.539    223   0    0     0     47.98  72.65  N/A         N/A          0.65         N/A          74.89  48.02    2.22     20.99       15.8        191      3.1      2.03          0.44    41.26     0.50    0.48    0.81    0.61    0.83     68.70   6.23    77.13   55.43   0.72    1403.30    21.24    82.71  
28   TR901TS017_5        017     51.91    100.00  27    N/A       N/A        0.51      N/A        32.40    N/A           15.31    22.38    5.606    6.504    223   1    0     0     48.43  72.20  N/A         N/A          0.69         N/A          75.34  49.07    2.26     20.99       15.9        191      3.1      2.60          0.45    42.38     0.49    0.49    0.81    0.60    0.83     68.60   6.23    77.15   55.84   0.72    1409.60    21.09    82.56  
29   TR901TS017_4        017     51.91    100.00  27    N/A       N/A        0.51      N/A        32.40    N/A           15.31    22.38    5.606    6.504    223   1    0     0     48.43  72.20  N/A         N/A          0.69         N/A          75.34  49.07    2.26     20.99       15.9        191      3.1      2.60          0.45    42.38     0.49    0.49    0.81    0.60    0.83     68.60   6.23    77.15   55.84   0.72    1409.60    21.09    82.56  
30   TR901TS001_3        001     51.91    100.00  27    N/A       N/A        0.51      N/A        31.73    N/A           15.09    23.74    5.569    6.43     223   0    0     0     46.19  73.09  N/A         N/A          0.47         N/A          74.44  48.219   2.23     23.66       15.7        188      3        2.21          0.44    40.81     0.49    0.46    0.78    0.64    0.84     73.37   6.23    75.99   53.80   0.73    1390.60    24.86    N/A    
31   TR901TS073_3        073     51.91    100.00  27    N/A       N/A        0.51      N/A        32.73    N/A           18.34    23.57    5.997    6.943    223   0    0     0     48.43  72.20  N/A         N/A          0.69         N/A          73.99  48.556   2.11     19.95       15.2        185      3.1      1.53          0.44    40.13     0.49    0.48    0.78    0.64    0.83     68.10   5.99    76.76   53.89   0.72    1351.30    22.22    76.67  
32   TR901TS446_1        446s    51.91    100.00  27    0.47      0.83       0.51      0.19       32.40    0.36          15.58    22.30    5.635    6.527    223   0    0     0     47.98  72.65  0.63        1.34         0.65         0.63         74.89  48.323   2.22     20.99       15.8        191      3.1      1.43          0.45    41.70     0.49    0.48    0.81    0.61    0.83     68.70   6.23    77.13   55.52   0.72    1403.60    21.16    72.38  
33   TR901TS102_2        102     51.91    100.00  27    N/A       N/A        0.51      N/A        31.17    N/A           15.55    23.26    5.424    6.376    223   29   0     0     47.53  74.44  N/A         N/A          0.61         N/A          76.23  50.321   2.27     21.58       16.5        193      2.9      2.78          0.44    39.46     0.46    0.46    0.81    0.58    0.84     78.30   6.11    76.63   53.35   0.73    1459.30    22.89    N/A    
34   TR901TS324_3        324     51.79    100.00  34    N/A       N/A        0.49      N/A        32.29    N/A           13.99    21.79    5.437    6.338    223   0    0     0     47.09  73.54  N/A         N/A          0.56         N/A          74.44  48.815   2.24     19.95       16.4        195      3.3      2.84          0.45    39.91     0.50    0.48    0.82    0.58    0.84     73.50   6.23    77.59   55.93   0.72    1446.00    19.88    45.22  
35   TR901TS294_1        294     51.79    100.00  34    0.46      N/A        0.49      N/A        32.40    N/A           14.72    22.11    5.634    6.502    223   0    0     0     47.98  73.09  0.63        N/A          0.65         N/A          74.44  48.11    2.21     21.14       15.8        191      3.1      2.33          0.44    41.03     0.48    0.48    0.81    0.61    0.83     63.20   6.23    77.21   55.53   0.72    1404.50    21.30    45.50  
36   TR901TS250_4        250s    51.79    100.00  34    N/A       N/A        0.49      0.11       33.07    N/A           16.05    23.28    5.458    6.381    223   0    0     0     47.98  74.44  N/A         N/A          0.65         0.63         77.13  49.548   2.20     21.73       16.6        196      3.1      1.34          0.46    41.48     0.51    0.49    0.80    0.60    0.84     63.80   6.35    77.87   56.79   0.73    1467.80    20.03    47.50  
37   TR901TS381_3        381     51.79    100.00  34    N/A       N/A        0.49      N/A        31.95    N/A           15.90    22.64    5.617    6.495    223   0    0     0     47.09  71.30  N/A         N/A          0.56         N/A          74.44  49.107   2.30     20.69       15.7        191      3.3      2.49          0.45    42.38     0.50    0.49    0.81    0.60    0.83     65.50   6.23    77.29   56.14   0.72    1392.90    21.08    51.46  
38   TR901TS102_1        102     51.79    100.00  34    0.46      N/A        0.49      N/A        31.73    N/A           15.36    22.10    5.651    6.591    223   8    0     0     48.88  73.09  0.73        N/A          0.74         N/A          75.34  47.977   2.24     20.84       15.7        193      3.4      2.00          0.44    40.13     0.47    0.46    0.81    0.61    0.83     71.00   6.23    76.67   54.79   0.72    1393.10    22.12    N/A    
39   TR901TS017_1        017     51.79    100.00  34    0.46      N/A        0.49      N/A        32.29    N/A           15.45    22.40    5.618    6.515    223   1    0     0     48.43  73.09  0.68        N/A          0.69         N/A          75.78  48.664   2.27     20.84       15.8        191      3.1      2.52          0.44    42.38     0.49    0.48    0.81    0.60    0.83     67.10   6.23    77.10   55.66   0.72    1403.70    21.20    82.59  
40   TR901TS017_2        017     51.79    100.00  34    N/A       N/A        0.49      N/A        32.29    N/A           15.45    22.40    5.618    6.515    223   1    0     0     48.43  73.09  N/A         N/A          0.69         N/A          75.78  48.664   2.27     20.84       15.8        191      3.1      2.52          0.44    42.38     0.49    0.48    0.81    0.60    0.83     67.10   6.23    77.10   55.66   0.72    1403.70    21.20    82.59  
41   TR901TS381_4        381     51.79    100.00  34    N/A       N/A        0.49      N/A        31.95    N/A           15.90    22.64    5.617    6.495    223   0    0     0     47.09  71.30  N/A         N/A          0.56         N/A          74.44  49.107   2.30     20.69       15.7        191      3.3      2.49          0.45    42.38     0.50    0.49    0.81    0.60    0.83     65.50   6.23    77.29   56.14   0.72    1392.90    21.08    51.46  
42   TR901TS381_5        381     51.79    100.00  34    N/A       N/A        0.49      N/A        32.17    N/A           15.70    22.57    5.617    6.501    223   0    0     0     48.88  72.65  N/A         N/A          0.74         N/A          74.89  48.771   2.21     22.47       15.8        191      3.1      2.30          0.45    42.38     0.50    0.49    0.81    0.60    0.83     66.90   6.23    77.21   56.13   0.72    1401.30    21.27    51.53  
43   TR901TS073_2        073     51.79    100.00  34    N/A       N/A        0.49      N/A        31.84    N/A           17.06    24.79    5.68     6.616    223   0    0     0     45.29  72.65  N/A         N/A          0.39         N/A          74.44  48.313   2.26     21.29       15.7        192      3.2      1.56          0.44    41.03     0.49    0.48    0.80    0.61    0.84     66.70   6.11    76.81   55.30   0.72    1391.90    20.70    76.38  
44   TR901TS396_2        396     51.68    100.00  44    N/A       N/A        0.48      N/A        32.29    N/A           15.28    22.14    5.641    6.545    223   0    0     0     48.43  72.65  N/A         N/A          0.69         N/A          74.89  48.779   2.26     21.14       14.2        192      3.2      2.01          0.44    40.81     0.50    0.48    0.81    0.61    0.83     68.30   6.23    77.13   55.42   0.72    1407.00    21.23    N/A    
45   TR901TS480_1        480     51.68    100.00  44    0.44      N/A        0.48      N/A        32.17    N/A           14.59    22.40    5.583    6.489    223   0    0     0     47.53  73.09  0.58        N/A          0.61         N/A          75.34  48.928   2.33     21.44       15.9        191      3.1      2.81          0.45    42.60     0.48    0.48    0.81    0.60    0.83     69.00   6.35    77.21   55.68   0.72    1411.90    20.66    45.06  
46   TR901TS204_5        204     51.68    100.00  44    N/A       N/A        0.48      N/A        31.50    N/A           14.54    22.31    5.619    6.499    223   0    0     0     47.53  72.65  N/A         N/A          0.61         N/A          74.44  48.033   2.26     21.29       16          197      3.2      0.99          0.44    41.93     0.49    0.48    0.81    0.60    0.83     68.00   6.23    77.13   55.54   0.72    1417.90    21.00    N/A    
47   TR901TS073_5        073     51.68    100.00  44    N/A       N/A        0.48      N/A        32.29    N/A           15.48    22.32    5.632    6.521    223   0    0     0     47.98  72.20  N/A         N/A          0.65         N/A          74.44  48.078   2.25     20.99       15.8        191      3.1      2.89          0.45    42.15     0.49    0.48    0.81    0.60    0.83     68.90   6.23    77.07   55.30   0.72    1402.80    21.26    80.72  
48   TR901TS204_3        204     51.68    100.00  44    N/A       N/A        0.48      N/A        32.06    N/A           16.34    22.64    5.681    6.585    223   0    0     0     48.43  71.75  N/A         N/A          0.69         N/A          74.89  47.715   2.21     20.99       15.8        191      3.3      0.65          0.44    40.58     0.49    0.47    0.81    0.61    0.83     67.30   6.23    77.01   55.41   0.72    1405.00    21.84    N/A    
49   TR901TS412_4        412     51.68    100.00  44    N/A       N/A        0.48      N/A        32.28    N/A           14.98    22.42    5.637    6.561    223   0    0     0     47.53  70.40  N/A         N/A          0.61         N/A          73.54  48.716   2.20     22.62       15.6        190      3.1      1.01          0.44    40.13     0.49    0.47    0.81    0.61    0.83     73.37   6.23    77.01   55.24   0.72    1384.20    21.48    51.44  
50   TR901TS081_2        081     51.57    100.00  50    N/A       N/A        0.47      N/A        32.17    N/A           16.49    21.83    5.697    6.569    223   0    0     0     48.43  71.75  N/A         N/A          0.69         N/A          74.89  47.681   2.27     20.99       15.6        189      3.1      0.94          0.44    41.03     0.50    0.48    0.81    0.62    0.83     70.60   6.23    76.52   54.85   0.71    1386.20    21.96    64.68  
51   TR901TS396_1        396     51.57    100.00  50    0.43      N/A        0.47      N/A        32.17    N/A           15.33    22.29    5.642    6.547    223   0    0     0     46.64  72.20  0.48        N/A          0.52         N/A          74.89  48.567   2.26     21.14       15.7        191      3.2      2.04          0.44    40.81     0.50    0.48    0.81    0.61    0.83     68.70   6.23    77.13   55.41   0.72    1396.20    21.24    N/A    
52   TR901TS412_3        412     51.57    100.00  50    N/A       N/A        0.47      N/A        32.40    N/A           15.19    22.45    5.634    6.565    223   0    0     0     46.64  71.75  N/A         N/A          0.52         N/A          74.89  48.813   2.27     20.99       15.6        190      3.2      1.66          0.44    41.03     0.50    0.47    0.81    0.61    0.83     70.48   6.23    76.97   55.37   0.72    1383.70    21.36    51.55  
53   TR901TS188_1        188     51.46    100.00  53    0.41      N/A        0.45      N/A        31.95    N/A           14.80    22.13    5.647    6.582    223   0    0     0     47.98  72.65  0.63        N/A          0.65         N/A          74.89  48.086   2.25     20.69       15.7        195      3.2      2.74          0.44    40.13     0.49    0.47    0.81    0.61    0.83     74.10   6.23    77.12   55.07   0.72    1397.50    21.41    N/A    
54   TR901TS412_2        412     51.46    100.00  53    N/A       N/A        0.45      N/A        32.40    N/A           15.58    22.23    5.637    6.549    223   0    0     0     47.98  72.65  N/A         N/A          0.65         N/A          74.89  48.637   2.24     22.18       15.6        190      3.2      1.50          0.44    40.36     0.50    0.48    0.81    0.61    0.83     67.70   6.23    77.01   55.34   0.72    1380.50    21.24    51.49  
55   TR901TS381_2        381     51.46    100.00  53    N/A       N/A        0.45      N/A        31.73    N/A           15.26    22.14    5.595    6.493    223   0    0     0     47.53  71.75  N/A         N/A          0.61         N/A          74.89  48.282   2.32     22.62       16          198      3.4      2.60          0.45    42.60     0.50    0.49    0.81    0.59    0.83     67.70   6.23    77.33   56.30   0.72    1416.20    21.20    51.56  
56   TR901TS381_1        381     51.46    100.00  53    0.41      N/A        0.45      N/A        31.73    N/A           15.26    22.14    5.595    6.493    223   0    0     0     47.53  71.75  0.58        N/A          0.61         N/A          74.89  48.282   2.32     22.62       16          198      3.4      2.60          0.45    42.60     0.50    0.49    0.81    0.59    0.83     67.70   6.23    77.33   56.30   0.72    1416.20    21.20    51.56  
57   TR901TS412_1        412     51.34    100.00  57    0.40      N/A        0.44      N/A        32.17    N/A           15.37    22.40    5.625    6.553    223   0    0     0     47.53  72.65  0.58        N/A          0.61         N/A          74.89  48.541   2.27     20.99       15.6        190      3.1      1.02          0.44    40.81     0.49    0.47    0.81    0.61    0.83     69.69   6.23    77.07   55.36   0.72    1383.00    21.30    51.47  
58   TR901TS450_4        450     51.23    100.00  58    N/A       N/A        0.42      N/A        31.39    N/A           14.36    22.11    5.386    6.193    223   1    0     0     43.05  73.09  N/A         N/A          0.17         N/A          75.78  49.734   2.14     22.18       17.1        194      2.9      1.76          0.46    44.84     0.51    0.50    0.83    0.57    0.84     61.90   6.35    80.72   58.56   0.73    1501.60    17.62    52.30  
59   TR901TS204_1        204     51.23    100.00  58    0.39      N/A        0.42      N/A        31.61    N/A           16.28    22.54    5.683    6.586    223   0    0     0     48.43  72.65  0.68        N/A          0.69         N/A          74.44  47.504   2.25     20.99       15.8        191      3.3      0.65          0.44    41.03     0.50    0.48    0.81    0.61    0.83     68.90   6.23    76.92   55.59   0.71    1404.70    21.50    N/A    
60   TR901TS393_1        393     51.23    100.00  58    0.39      N/A        0.42      N/A        31.28    N/A           16.70    22.93    5.58     6.5      223   0    0     0     47.98  74.89  0.63        N/A          0.65         N/A          76.23  48.36    2.29     21.14       15.8        195      3.3      3.06          0.45    41.93     0.49    0.49    0.81    0.60    0.83     70.10   6.23    77.16   55.41   0.72    1420.10    20.97    45.29  
61   TR901TS412_5        412     51.23    100.00  58    N/A       N/A        0.42      N/A        31.61    N/A           15.21    22.34    5.64     6.562    223   0    0     0     46.64  71.75  N/A         N/A          0.52         N/A          74.89  48.323   2.30     22.18       15.6        190      3.1      1.12          0.44    40.58     0.49    0.47    0.81    0.61    0.83     69.69   6.23    77.14   55.39   0.72    1386.40    21.16    51.56  
62   TR901TS208_2        208     51.23    100.00  58    N/A       N/A        0.42      N/A        31.73    N/A           15.28    22.35    5.638    6.514    223   0    0     0     48.43  73.09  N/A         N/A          0.69         N/A          74.44  48.676   2.32     20.84       16.1        198      3.4      1.79          0.45    41.48     0.50    0.49    0.80    0.61    0.83     67.30   6.35    77.32   56.03   0.72    1425.20    21.44    51.89  
63   TR901TS430_3        430s    51.23    100.00  58    N/A       N/A        0.42      -0.29      31.95    N/A           15.24    21.92    5.664    6.603    223   0    0     0     46.19  73.09  N/A         N/A          0.47         -0.21        75.34  48.105   2.40     20.69       15.6        191      3.2      1.85          0.44    40.81     0.50    0.48    0.81    0.62    0.83     68.30   6.23    76.89   55.23   0.71    1384.80    21.70    51.44  
64   TR901TS430_5        430s    51.12    100.00  64    N/A       N/A        0.41      -0.37      31.84    N/A           15.39    21.59    5.643    6.566    223   0    0     0     45.29  71.75  N/A         N/A          0.39         -0.63        74.89  47.709   2.29     20.69       15.7        199      3.4      1.68          0.44    41.70     0.49    0.47    0.81    0.62    0.83     66.50   6.23    76.95   54.98   0.71    1393.30    21.75    51.37  
65   TR901TS208_5        208     51.12    100.00  64    N/A       N/A        0.41      N/A        31.50    N/A           15.65    22.56    5.633    6.516    223   0    0     0     49.78  73.09  N/A         N/A          0.83         N/A          74.44  48.986   2.31     20.55       16.1        195      3.3      1.66          0.45    41.26     0.50    0.49    0.80    0.61    0.83     66.90   6.35    77.42   56.07   0.72    1428.80    21.35    51.86  
66   TR901TS208_1        208     51.12    100.00  64    0.37      N/A        0.41      N/A        31.62    N/A           15.52    22.59    5.647    6.513    223   0    0     0     47.98  74.44  0.63        N/A          0.65         N/A          75.78  48.23    2.34     20.84       16.1        198      3.4      1.86          0.45    41.48     0.50    0.49    0.80    0.61    0.83     66.90   6.23    77.35   55.94   0.72    1422.60    21.46    51.97  
67   TR901TS430_2        430s    51.12    100.00  64    N/A       N/A        0.41      -0.37      31.95    N/A           15.33    21.86    5.645    6.565    223   0    0     0     44.84  73.09  N/A         N/A          0.34         -0.85        74.44  48.324   2.32     20.84       15.7        198      3.4      1.44          0.44    41.48     0.49    0.47    0.81    0.62    0.83     66.50   6.23    76.91   54.92   0.72    1393.60    21.78    51.38  
68   TR901TS430_1        430s    51.12    100.00  64    0.37      -0.34      0.41      -0.37      31.84    -0.24         15.27    21.90    5.651    6.582    223   0    0     0     45.29  73.54  0.32        -0.96        0.39         -0.63        75.78  48.525   2.33     20.69       15.5        189      3.1      1.57          0.44    41.48     0.50    0.48    0.81    0.62    0.83     66.50   6.23    76.90   55.08   0.72    1378.40    21.70    51.44  
69   TR901TS204_4        204     51.12    100.00  64    N/A       N/A        0.41      N/A        31.28    N/A           15.12    21.94    5.69     6.616    223   1    0     0     45.74  70.40  N/A         N/A          0.43         N/A          73.09  48.455   2.26     19.36       15.7        190      3.1      0.69          0.43    39.24     0.49    0.46    0.81    0.63    0.83     76.10   6.23    76.13   53.58   0.72    1390.90    20.66    N/A    
70   TR901TS430_4        430s    51.01    100.00  70    N/A       N/A        0.40      -0.45      32.06    N/A           15.46    22.05    5.661    6.61     223   0    0     0     45.74  73.54  N/A         N/A          0.43         -0.42        75.78  48.108   2.41     20.84       15.5        190      3.1      1.61          0.44    40.81     0.49    0.48    0.81    0.62    0.83     66.70   6.23    76.77   55.04   0.72    1377.50    21.85    51.37  
71   TR901TS450_5        450     51.01    100.00  70    N/A       N/A        0.40      N/A        31.05    N/A           14.84    21.55    5.427    6.284    223   2    0     0     43.50  71.75  N/A         N/A          0.21         N/A          74.89  50.046   2.24     20.10       17.1        198      3        1.91          0.45    42.60     0.51    0.49    0.83    0.59    0.83     68.80   6.35    81.15   59.29   0.73    1505.90    18.36    51.75  
72   TR901TS073_4        073     51.01    100.00  70    N/A       N/A        0.40      N/A        31.39    N/A           15.48    22.68    5.767    6.713    223   0    0     0     42.60  73.99  N/A         N/A          0.12         N/A          75.34  47.955   2.26     21.44       15.4        186      3        1.65          0.44    40.36     0.49    0.48    0.80    0.63    0.83     69.20   5.99    76.40   54.25   0.71    1371.30    20.57    75.63  
73   TR901TS208_4        208     51.01    100.00  70    N/A       N/A        0.40      N/A        31.05    N/A           15.35    21.98    5.656    6.515    223   0    0     0     47.53  73.09  N/A         N/A          0.61         N/A          74.44  48.423   2.37     20.40       16          191      3.3      1.89          0.45    41.48     0.50    0.49    0.80    0.61    0.83     66.90   6.35    77.38   55.84   0.72    1421.80    21.63    52.20  
74   TR901TS393_4        393     50.90    100.00  74    N/A       N/A        0.38      N/A        30.38    N/A           15.04    22.11    5.612    6.432    223   1    0     0     46.64  72.20  N/A         N/A          0.52         N/A          75.34  46.822   2.37     23.21       16.1        195      3.1      3.18          0.44    42.15     0.48    0.48    0.82    0.60    0.83     75.20   6.23    78.60   55.25   0.72    1436.70    18.19    45.94  
75   TR901TS102_3        102     50.78    100.00  75    N/A       N/A        0.37      N/A        30.38    N/A           14.44    22.02    5.673    6.593    223   0    0     0     46.19  74.44  N/A         N/A          0.47         N/A          74.89  47.824   2.31     22.62       15          190      3.1      2.07          0.41    40.58     0.48    0.46    0.80    0.63    0.83     74.90   6.47    75.40   53.53   0.72    1337.90    23.86    76.15  
76   TR901TS220_2        220s    50.67    100.00  76    N/A       N/A        0.35      -0.70      31.39    N/A           14.68    21.92    5.657    6.496    223   0    0     0     44.84  72.20  N/A         N/A          0.34         -0.85        73.99  48.038   2.25     20.69       15.6        190      3.2      2.00          0.44    39.69     0.49    0.47    0.81    0.63    0.83     67.50   6.23    76.60   54.90   0.72    1384.50    21.99    51.33  
77   TR901TS208_3        208     50.67    100.00  76    N/A       N/A        0.35      N/A        31.28    N/A           15.56    22.36    5.66     6.517    223   0    0     0     47.53  72.65  N/A         N/A          0.61         N/A          73.99  47.801   2.34     20.84       16          198      3.4      1.77          0.45    41.26     0.50    0.49    0.80    0.61    0.83     66.90   6.23    77.37   55.82   0.72    1419.20    21.50    52.11  
78   TR901TS396_3        396     50.56    100.00  78    N/A       N/A        0.34      N/A        30.72    N/A           13.93    20.96    5.396    6.385    223   1    0     0     44.84  77.13  N/A         N/A          0.34         N/A          77.13  50.014   2.34     23.21       16.4        195      3.2      1.92          0.44    39.91     0.49    0.47    0.82    0.59    0.84     63.80   6.23    78.29   54.32   0.73    1449.50    19.97    N/A    
79   TR901TS450_3        450     50.45    100.00  79    N/A       N/A        0.33      N/A        31.39    N/A           13.11    20.97    5.551    6.334    223   3    0     0     43.05  71.75  N/A         N/A          0.17         N/A          74.44  48.541   2.18     23.36       16.8        198      3.2      1.98          0.45    43.27     0.52    0.49    0.82    0.59    0.83     64.60   6.35    80.37   59.00   0.72    1481.90    19.15    52.97  
80   TR901TS396_5        396     50.34    100.00  80    N/A       N/A        0.31      N/A        30.16    N/A           15.14    21.98    5.656    6.485    223   1    0     0     45.74  72.20  N/A         N/A          0.43         N/A          74.44  47.532   2.25     22.62       15.7        194      3.1      1.91          0.44    40.13     0.50    0.47    0.83    0.61    0.83     74.20   6.23    78.71   55.34   0.72    1409.00    18.68    N/A    
81   TR901TS393_2        393     50.34    100.00  80    N/A       N/A        0.31      N/A        30.27    N/A           14.50    21.18    5.399    6.39     223   1    0     0     47.53  76.23  N/A         N/A          0.61         N/A          76.23  49.577   2.37     23.07       16.4        192      3.2      3.22          0.44    39.69     0.48    0.47    0.82    0.57    0.84     66.10   6.35    78.34   54.52   0.73    1452.00    19.75    46.48  
82   TR901TS081_1        081     50.34    100.00  80    0.27      N/A        0.31      N/A        30.38    N/A           16.41    21.41    5.719    6.61     223   0    0     0     47.53  73.54  0.58        N/A          0.61         N/A          74.89  47.47    2.33     21.29       15.6        191      3.2      0.94          0.44    41.26     0.49    0.47    0.81    0.62    0.83     70.70   6.23    76.18   54.42   0.71    1383.10    21.75    65.44  
83   TR901TS220_1        220s    50.34    100.00  80    0.27      -1.49      0.31      -0.93      30.72    -1.44         16.27    21.94    5.503    6.318    223   1    0     0     45.29  74.44  0.32        -0.96        0.39         -0.63        76.23  49.568   2.19     20.99       16.7        201      3.2      3.57          0.45    43.95     0.51    0.52    0.82    0.56    0.83     77.50   6.23    80.16   59.05   0.73    1475.10    18.17    45.82  
84   TR901TS450_2        450     50.22    100.00  84    N/A       N/A        0.30      N/A        31.05    N/A           15.04    21.73    5.48     6.267    223   2    0     0     40.81  72.65  N/A         N/A          -0.05        N/A          74.89  49.269   2.20     21.73       16.9        197      3.1      2.15          0.46    44.17     0.51    0.50    0.82    0.59    0.83     79.80   6.35    81.00   59.03   0.73    1485.90    18.92    53.34  
85   TR901TS011_1        011     49.78    100.00  85    0.20      N/A        0.24      N/A        30.27    N/A           13.51    20.88    5.722    6.657    223   1    0     0     41.26  70.40  -0.13       N/A          -0.01        N/A          71.75  47.655   2.25     20.99       15.9        195      3.3      2.03          0.44    41.26     0.50    0.47    0.82    0.63    0.82     64.90   6.35    78.33   56.22   0.71    1409.10    19.00    54.04  
86   TR901TS102_5        102     49.66    100.00  86    N/A       N/A        0.23      N/A        29.04    N/A           13.05    21.11    5.674    6.63     223   0    0     0     45.74  73.09  N/A         N/A          0.43         N/A          74.44  47.324   2.33     21.14       15.1        190      3.1      2.21          0.42    39.46     0.47    0.46    0.81    0.62    0.83     74.50   6.23    76.23   53.62   0.71    1350.50    22.72    75.89  
87   TR901TS257_1        257     49.55    100.00  87    0.17      N/A        0.22      N/A        29.71    N/A           14.88    21.28    5.813    6.591    223   2    0     0     42.15  69.51  -0.03       N/A          0.08         N/A          72.65  49.038   2.34     20.25       16.4        197      3.2      1.19          0.44    40.13     0.49    0.48    0.80    0.58    0.83     84.50   6.11    75.99   56.45   0.72    1445.80    21.66    53.27  
88   TR901TS011_4        011     49.55    100.00  87    N/A       N/A        0.22      N/A        30.16    N/A           13.05    20.95    5.696    6.633    223   2    0     0     39.91  70.85  N/A         N/A          -0.14        N/A          72.65  47.926   2.34     21.29       16          194      3.2      2.10          0.44    41.93     0.49    0.48    0.82    0.62    0.82     71.30   6.23    78.63   56.56   0.71    1418.00    18.63    54.34  
89   TR901TS279_1        279     49.55    100.00  87    0.17      N/A        0.22      N/A        30.27    N/A           14.84    18.24    5.935    6.76     223   4    0     0     35.87  66.37  -0.74       N/A          -0.54        N/A          69.51  47.748   2.15     21.14       13.9        179      3.1      2.23          0.41    40.36     0.50    0.45    0.78    0.69    0.83     69.98   5.33    72.63   52.33   0.70    1251.50    22.10    64.05  
90   TR901TS011_5        011     49.55    100.00  87    N/A       N/A        0.22      N/A        29.26    N/A           14.32    21.16    5.64     6.594    223   1    0     0     41.70  71.30  N/A         N/A          0.03         N/A          73.54  47.006   2.28     22.32       15.9        195      3.3      1.89          0.44    41.03     0.49    0.47    0.82    0.64    0.83     67.70   6.23    78.17   56.15   0.71    1413.90    18.79    52.88  
91   TR901TS060_4        060     49.44    100.00  91    N/A       N/A        0.20      N/A        29.82    N/A           13.95    20.46    5.508    6.415    223   0    0     0     43.05  69.51  N/A         N/A          0.17         N/A          71.30  46.625   2.24     22.77       14.1        186      3.2      1.40          0.42    38.57     0.49    0.45    0.84    0.62    0.83     77.10   6.35    77.92   54.78   0.70    1272.20    14.64    70.80  
92   TR901TS060_5        060     49.33    100.00  92    N/A       N/A        0.19      N/A        30.16    N/A           12.79    19.00    6.012    6.886    223   0    0     0     44.39  67.71  N/A         N/A          0.30         N/A          69.96  45.597   2.29     20.84       14.4        186      3.2      1.48          0.42    35.43     0.48    0.44    0.78    0.69    0.83     75.10   5.46    77.91   54.24   0.69    1294.20    27.74    70.26  
93   TR901TS393_3        393     49.10    100.00  93    N/A       N/A        0.16      N/A        28.81    N/A           13.18    20.26    5.602    6.551    223   1    0     0     42.15  70.40  N/A         N/A          0.08         N/A          71.30  46.422   2.37     22.18       15          190      3.5      3.35          0.43    39.01     0.48    0.48    0.82    0.62    0.83     79.00   6.23    78.03   55.17   0.69    1355.60    22.09    47.41  
94   TR901TS011_2        011     49.10    100.00  93    N/A       N/A        0.16      N/A        29.71    N/A           12.64    20.45    5.679    6.597    223   1    0     0     42.15  69.96  N/A         N/A          0.08         N/A          72.20  46.804   2.25     20.99       15.5        193      3.3      1.99          0.43    41.03     0.49    0.47    0.82    0.63    0.83     65.50   6.35    77.84   56.82   0.70    1376.80    18.80    53.83  
95   TR901TS011_3        011     49.10    100.00  93    N/A       N/A        0.16      N/A        29.82    N/A           13.65    20.91    5.698    6.659    223   1    0     0     41.70  72.20  N/A         N/A          0.03         N/A          75.34  48.158   2.35     21.88       16.1        197      3.3      2.03          0.44    40.81     0.49    0.47    0.81    0.64    0.82     63.80   6.23    78.15   56.17   0.71    1427.40    19.08    54.00  
96   TR901TS295_4        295     48.99    100.00  96    N/A       N/A        0.15      N/A        28.03    N/A           12.91    20.05    5.765    6.663    223   0    0     0     39.01  67.26  N/A         N/A          -0.23        N/A          69.96  45.644   2.25     22.03       13.4        188      3.3      3.07          0.39    39.01     0.45    0.45    0.79    0.60    0.83     66.50   6.23    77.44   53.29   0.69    1211.00    22.22    N/A    
97   TR901TS396_4        396     48.88    100.00  97    N/A       N/A        0.13      N/A        29.26    N/A           13.49    20.80    5.631    6.549    223   1    0     0     42.15  69.51  N/A         N/A          0.08         N/A          70.85  46.517   2.37     22.18       15.2        188      3.4      1.92          0.44    39.24     0.49    0.47    0.82    0.63    0.83     74.80   6.23    78.10   55.22   0.69    1361.40    22.53    N/A    
98   TR901TS118_2        118     48.77    100.00  98    N/A       N/A        0.12      N/A        28.03    N/A           12.17    17.35    5.666    6.415    223   0    0     0     36.77  69.96  N/A         N/A          -0.45        N/A          73.54  48.924   2.15     21.29       14          185      3        1.73          0.41    38.34     0.48    0.44    0.79    0.65    0.83     55.45   6.11    73.95   50.99   0.71    1257.30    20.24    N/A    
99   TR901TS060_2        060     48.66    100.00  99    N/A       N/A        0.11      N/A        29.04    N/A           13.80    20.27    5.949    6.618    223   0    0     0     43.95  68.16  N/A         N/A          0.26         N/A          69.96  45.297   2.28     19.51       14          184      3.3      1.34          0.42    35.65     0.49    0.44    0.78    0.67    0.83     75.50   5.99    77.46   52.62   0.69    1257.10    27.54    69.68  
100  TR901TS187_4        187     48.54    100.00  100   N/A       N/A        0.09      N/A        27.91    N/A           10.71    18.52    5.82     6.717    223   0    0     0     41.26  69.96  N/A         N/A          -0.01        N/A          71.75  45.488   2.40     23.07       14.1        187      3.5      3.21          0.39    37.22     0.46    0.45    0.79    0.63    0.83     67.60   6.23    74.94   53.17   0.69    1270.40    25.78    N/A    
101  TR901TS073_1        073     48.43    100.00  101   0.03      N/A        0.08      N/A        28.25    N/A           16.50    21.78    5.848    6.72     223   0    0     0     44.39  73.09  0.22        N/A          0.30         N/A          74.44  46.537   2.42     19.66       14.1        190      3.3      1.51          0.43    40.13     0.49    0.47    0.78    0.64    0.83     65.70   5.99    75.86   53.11   0.71    1268.40    21.87    76.11  
102  TR901TS220_4        220s    48.32    100.00  102   N/A       N/A        0.06      -2.39      29.37    N/A           12.26    19.86    5.979    6.833    223   1    0     0     41.70  70.40  N/A         N/A          0.03         -2.33        73.09  47.197   2.35     20.40       15          193      3.3      1.98          0.42    37.67     0.49    0.46    0.81    0.66    0.82     73.80   5.86    75.64   53.87   0.70    1335.50    20.45    55.05  
103  TR901TS060_1        060     48.21    100.00  103   0.00      N/A        0.05      N/A        28.81    N/A           14.77    20.33    5.747    6.62     223   0    0     0     44.39  67.71  0.22        N/A          0.30         N/A          69.06  45.614   2.32     21.73       14          186      3.3      1.51          0.41    36.32     0.48    0.43    0.80    0.63    0.83     79.10   5.86    77.61   53.39   0.70    1263.80    26.69    69.55  
104  TR901TS102_4        102     48.09    100.00  104   N/A       N/A        0.04      N/A        27.58    N/A           13.45    20.20    5.682    6.647    223   0    0     0     45.74  71.30  N/A         N/A          0.43         N/A          74.44  46.504   2.35     19.95       14          188      3.3      1.98          0.42    37.67     0.47    0.44    0.81    0.67    0.83     74.80   6.11    75.54   50.85   0.71    1261.90    21.39    76.04  
105  TR901TS393_5        393     48.09    100.00  104   N/A       N/A        0.04      N/A        28.36    N/A           12.04    18.80    6.318    7.034    223   1    0     0     42.15  68.61  N/A         N/A          0.08         N/A          70.85  46.144   2.32     22.32       14.4        190      3.5      3.34          0.43    39.46     0.48    0.47    0.78    0.62    0.82     63.30   5.86    75.40   54.85   0.68    1333.10    21.08    49.38  
106  TR901TS187_2        187     48.09    100.00  104   N/A       N/A        0.04      N/A        27.58    N/A           12.17    19.24    5.923    6.648    223   0    0     0     38.57  69.96  N/A         N/A          -0.27        N/A          70.85  44.781   2.37     21.73       14.5        194      3.4      3.38          0.39    35.87     0.45    0.45    0.78    0.65    0.83     76.80   6.35    74.41   51.57   0.70    1302.80    29.12    N/A    
107  TR901TS247_1        247     48.09    100.00  104   -0.02     N/A        0.04      N/A        28.70    N/A           16.79    22.32    5.978    6.81     223   0    0     0     40.36  73.99  -0.23       N/A          -0.10        N/A          75.34  48.318   2.19     22.62       15.6        187      2.9      1.01          0.44    39.91     0.50    0.46    0.80    0.58    0.83     67.60   5.86    79.21   55.50   0.71    1390.10    17.39    N/A    
108  TR901TS081_4        081     47.98    100.00  108   N/A       N/A        0.02      N/A        27.91    N/A           13.85    20.28    6.046    6.87     223   0    0     0     42.15  69.06  N/A         N/A          0.08         N/A          70.40  46.174   2.23     22.32       14.2        183      3.3      1.52          0.42    38.79     0.48    0.45    0.78    0.64    0.83     73.00   5.46    74.52   52.91   0.69    1280.10    22.45    77.93  
109  TR901TS480_3        480     47.98    100.00  108   N/A       N/A        0.02      N/A        27.80    N/A           13.62    18.99    6.04     6.824    223   0    0     0     41.70  67.71  N/A         N/A          0.03         N/A          68.61  44.095   2.40     22.32       11.9        187      3.7      3.27          0.41    38.79     0.46    0.44    0.79    0.66    0.83     70.30   6.11    73.03   51.94   0.68    1092.10    25.34    49.03  
110  TR901TS480_2        480     47.87    100.00  110   N/A       N/A        0.01      N/A        27.69    N/A           13.57    19.85    5.851    6.72     223   0    0     0     43.05  69.96  N/A         N/A          0.17         N/A          72.65  45.518   2.31     20.10       13.1        191      3.6      3.19          0.41    38.34     0.45    0.45    0.80    0.65    0.83     63.90   5.99    74.48   52.26   0.70    1192.00    24.64    47.95  
111  TR901TS060_3        060     47.87    100.00  110   N/A       N/A        0.01      N/A        27.58    N/A           15.07    21.32    5.842    6.699    223   0    0     0     43.95  67.26  N/A         N/A          0.26         N/A          68.61  45.198   2.21     20.84       13.7        188      3.4      1.64          0.42    35.87     0.49    0.43    0.80    0.70    0.83     70.80   5.99    77.52   53.99   0.69    1239.80    24.20    72.19  
112  TR901TS081_5        081     47.65    100.00  112   N/A       N/A        -0.02     N/A        27.69    N/A           15.81    19.74    6.011    6.824    223   0    0     0     38.57  70.85  N/A         N/A          -0.27        N/A          71.30  49.462   2.26     20.55       15.5        192      3.3      2.24          0.42    39.46     0.48    0.45    0.77    0.59    0.84     65.10   5.73    76.08   51.89   0.70    1378.50    22.93    79.60  
113  TR901TS480_5        480     47.53    100.00  113   N/A       N/A        -0.03     N/A        26.79    N/A           10.61    18.76    5.721    6.599    223   0    0     0     43.05  66.82  N/A         N/A          0.17         N/A          71.30  45.642   2.39     22.77       13.2        188      3.2      3.27          0.41    38.79     0.45    0.44    0.80    0.67    0.84     72.30   5.99    72.58   51.51   0.70    1200.90    26.01    48.45  
114  TR901TS118_4        118     47.42    100.00  114   N/A       N/A        -0.05     N/A        26.68    N/A           10.01    16.30    5.659    6.41     223   0    0     0     34.53  67.71  N/A         N/A          -0.67        N/A          71.75  47.14    2.32     22.18       13.7        186      3.1      2.01          0.40    37.22     0.48    0.44    0.79    0.62    0.84     59.53   6.23    73.54   50.13   0.70    1233.40    20.65    N/A    
115  TR901TS247_3        247     47.42    100.00  114   N/A       N/A        -0.05     N/A        27.46    N/A           12.88    19.61    6.224    7.114    223   1    0     0     34.08  69.51  N/A         N/A          -0.71        N/A          70.85  47.595   2.22     19.81       14.3        182      3.2      0.61          0.43    39.01     0.49    0.45    0.80    0.61    0.82     73.00   5.73    78.24   55.18   0.69    1286.70    15.20    N/A    
116  TR901TS187_3        187     47.31    100.00  116   N/A       N/A        -0.06     N/A        27.36    N/A           11.66    18.26    6.094    6.87     223   0    0     0     38.57  67.26  N/A         N/A          -0.27        N/A          70.40  45.394   2.22     20.84       14.7        190      3.2      3.37          0.37    36.10     0.45    0.44    0.77    0.65    0.81     73.40   6.11    74.55   52.59   0.69    1312.90    25.74    N/A    
117  TR901TS295_2        295     46.97    100.00  117   N/A       N/A        -0.10     N/A        27.24    N/A           10.68    19.01    5.773    6.589    223   0    0     0     42.60  68.61  N/A         N/A          0.12         N/A          73.09  45.395   2.40     23.36       14.4        197      3.3      3.63          0.38    34.53     0.45    0.46    0.80    0.65    0.82     66.40   6.35    72.78   51.95   0.70    1292.40    22.07    N/A    
118  TR901TS118_1        118     46.75    100.00  118   -0.19     N/A        -0.13     N/A        26.34    N/A           13.62    18.66    6.176    6.92     223   0    0     0     36.32  65.02  -0.69       N/A          -0.49        N/A          69.06  48.151   2.14     21.58       14.7        187      3.3      0.99          0.40    34.30     0.47    0.44    0.77    0.68    0.82     69.59   5.73    72.98   50.24   0.69    1311.60    25.63    N/A    
119  TR901TS480_4        480     46.52    100.00  119   N/A       N/A        -0.16     N/A        25.79    N/A           12.54    18.08    5.889    6.728    223   1    0     0     38.57  68.16  N/A         N/A          -0.27        N/A          69.06  43.049   2.50     21.44       12.3        185      3.5      3.26          0.40    38.12     0.45    0.43    0.78    0.64    0.83     64.60   5.99    73.37   51.53   0.68    1125.00    26.00    49.46  
120  TR901TS118_5        118     46.30    100.00  120   N/A       N/A        -0.19     N/A        25.67    N/A           14.36    18.50    5.325    6.051    223   0    0     0     37.67  67.26  N/A         N/A          -0.36        N/A          71.30  47.31    2.37     22.03       14.1        186      3.1      1.75          0.41    37.67     0.48    0.45    0.80    0.68    0.84     59.73   6.23    70.38   50.69   0.71    1282.50    18.01    N/A    
121  TR901TS187_1        187     46.19    100.00  121   -0.26     N/A        -0.20     N/A        25.68    N/A           11.13    17.25    6.013    6.898    223   0    0     0     31.39  67.26  -1.24       N/A          -0.98        N/A          70.40  45.073   2.32     23.21       13.9        192      3.5      3.43          0.38    37.67     0.44    0.45    0.77    0.64    0.82     84.30   6.11    75.89   52.16   0.68    1254.90    24.46    N/A    
122  TR901TS187_5        187     45.96    100.00  122   N/A       N/A        -0.23     N/A        25.67    N/A           9.56     16.29    5.932    6.731    223   0    0     0     34.53  68.61  N/A         N/A          -0.67        N/A          72.20  45.262   2.48     21.14       13.5        193      3.3      3.34          0.37    34.30     0.44    0.42    0.77    0.68    0.82     76.20   6.23    73.84   50.92   0.70    1222.10    24.09    N/A    
123  TR901TS118_3        118     45.74    100.00  123   N/A       N/A        -0.25     N/A        25.89    N/A           15.46    18.90    5.995    6.612    223   1    0     0     37.67  66.37  N/A         N/A          -0.36        N/A          70.85  44.723   2.39     22.32       14.8        190      3.2      1.50          0.42    35.20     0.47    0.45    0.76    0.68    0.83     60.33   6.23    72.74   51.26   0.70    1321.30    24.43    N/A    
124  TR901TS247_5        247     45.63    100.00  124   N/A       N/A        -0.27     N/A        26.79    N/A           12.99    20.02    6.462    7.168    223   1    0     0     37.22  63.23  N/A         N/A          -0.40        N/A          67.26  44.723   2.28     19.51       13          179      3.3      1.05          0.41    33.86     0.48    0.43    0.75    0.70    0.83     69.30   5.19    77.13   52.56   0.68    1180.20    27.86    N/A    
125  TR901TS247_2        247     45.07    100.00  125   N/A       N/A        -0.34     N/A        25.23    N/A           11.41    15.43    5.805    6.733    223   1    0     0     32.29  62.78  N/A         N/A          -0.89        N/A          72.20  46.668   2.25     19.95       13.8        178      3.2      0.83          0.42    39.46     0.50    0.44    0.82    0.59    0.83     79.40   5.86    76.58   53.79   0.69    1242.30    14.47    N/A    
126  TR901TS474_3        474     45.07    100.00  125   N/A       N/A        -0.34     N/A        22.87    N/A           9.44     15.99    5.258    6.132    223   1    0     0     26.01  67.71  N/A         N/A          -1.50        N/A          68.61  42.54    2.45     22.62       12.3        191      3.5      2.81          0.40    39.01     0.46    0.44    0.84    0.63    0.85     75.80   6.23    74.84   51.83   0.69    1130.20    18.20    61.74  
127  TR901TS295_5        295     44.95    100.00  127   N/A       N/A        -0.35     N/A        24.55    N/A           9.69     15.62    5.988    6.935    223   0    0     0     34.08  65.02  N/A         N/A          -0.71        N/A          67.71  43.745   2.32     20.69       12.2        176      3.6      3.10          0.36    34.98     0.45    0.41    0.78    0.70    0.82     66.80   5.99    73.95   51.88   0.67    1121.40    20.72    N/A    
128  TR901TS474_1        474     44.84    100.00  128   -0.43     N/A        -0.37     N/A        22.87    N/A           8.67     16.77    5.248    6.133    223   1    0     0     31.84  71.30  -1.19       N/A          -0.93        N/A          71.30  42.477   2.52     16.40       12.5        188      3.4      2.65          0.40    38.12     0.47    0.43    0.84    0.65    0.84     64.00   5.86    74.83   53.34   0.69    1145.50    18.22    62.03  
129  TR901TS247_4        247     44.84    100.00  128   N/A       N/A        -0.37     N/A        24.44    N/A           12.91    15.96    5.833    6.719    223   0    0     0     32.29  67.71  N/A         N/A          -0.89        N/A          69.06  43.564   2.39     19.95       14.4        189      3.4      0.76          0.43    43.27     0.49    0.46    0.82    0.58    0.83     86.40   5.73    79.17   55.73   0.68    1288.70    13.73    N/A    
130  TR901TS474_2        474     43.39    100.00  130   N/A       N/A        -0.54     N/A        21.86    N/A           8.10     14.92    5.471    6.297    223   1    0     0     34.98  70.40  N/A         N/A          -0.62        N/A          70.85  42.706   2.63     20.84       11.6        191      3.3      2.75          0.38    37.67     0.46    0.43    0.83    0.66    0.84     76.10   5.60    73.65   52.13   0.68    1068.00    19.04    59.44  
131  TR901TS418_4        418     42.60    100.00  131   N/A       N/A        -0.64     N/A        24.10    N/A           10.62    15.87    6.941    7.567    223   0    0     0     36.77  58.30  N/A         N/A          -0.45        N/A          60.99  38.676   2.46     16.10       8.7         151      3.4      4.22          0.36    33.41     0.42    0.40    0.74    0.86    0.81     60.80   5.73    64.14   47.09   0.62    892.80     34.79    61.09  
132  TR901TS295_3        295     42.49    100.00  132   N/A       N/A        -0.66     N/A        22.31    N/A           10.74    15.85    6.111    7.043    223   0    0     0     28.70  60.99  N/A         N/A          -1.24        N/A          65.47  40.928   2.52     19.51       10.6        170      3.4      3.22          0.34    32.51     0.45    0.40    0.76    0.81    0.81     64.90   5.73    71.76   49.41   0.66    989.80     24.52    N/A    
133  TR901TS081_3        081     42.04    100.00  133   N/A       N/A        -0.71     N/A        22.76    N/A           11.77    15.73    6.536    7.491    223   0    0     0     30.49  59.64  N/A         N/A          -1.06        N/A          62.78  39.836   2.40     17.58       10.9        176      3.6      1.76          0.38    34.53     0.46    0.41    0.77    0.76    0.82     70.10   5.60    71.07   49.46   0.64    1011.80    22.70    78.37  
134  TR901TS295_1        295     40.36    100.00  134   -1.00     N/A        -0.92     N/A        21.07    N/A           10.03    14.73    6.611    7.468    223   0    0     0     26.91  59.64  -1.75       N/A          -1.41        N/A          63.68  40.2     2.39     16.84       10.6        174      3.6      3.39          0.35    32.51     0.44    0.38    0.74    0.83    0.80     74.20   5.86    70.11   48.59   0.65    996.70     23.21    N/A    
135  TR901TS418_3        418     40.13    100.00  135   N/A       N/A        -0.95     N/A        23.21    N/A           11.15    15.62    8.266    8.896    223   0    0     0     31.39  51.12  N/A         N/A          -0.98        N/A          56.05  37.92    2.38     14.91       8.5         155      3.7      4.15          0.35    29.82     0.42    0.40    0.71    1.00    0.78     66.00   5.60    62.25   47.82   0.60    837.90     43.49    61.89  
136  TR901TS330_4        330     37.33    100.00  136   N/A       N/A        -1.29     N/A        19.62    N/A           6.47     9.98     9.104    9.803    223   0    0     0     21.52  57.85  N/A         N/A          -1.94        N/A          63.23  38.02    2.47     12.99       9.5         163      3.4      1.21          0.40    35.20     0.49    0.42    0.65    0.79    0.76     52.50   4.42    69.59   54.90   0.60    966.10     29.77    53.81  
137  TR901TS418_5        418     36.66    100.00  137   N/A       N/A        -1.37     N/A        19.62    N/A           8.89     12.44    7.632    8.291    223   0    0     0     28.70  47.53  N/A         N/A          -1.24        N/A          49.33  31.887   2.44     14.32       4.6         132      3.7      4.06          0.31    28.03     0.41    0.34    0.73    0.99    0.82     59.30   5.33    57.27   42.91   0.54    513.00     45.34    66.28  
138  TR901TS418_1        418     35.54    100.00  138   -1.62     N/A        -1.51     N/A        20.29    N/A           11.22    15.90    18.301   18.391   223   1    0     0     31.39  47.09  -1.24       N/A          -0.98        N/A          50.22  35.322   2.20     12.25       7.8         129      3.3      4.01          0.31    23.09     0.42    0.36    0.44    1.26    0.78     66.60   5.33    52.43   44.49   0.52    670.10     220.32   65.91  
139  TR901TS330_2        330     34.75    100.00  139   N/A       N/A        -1.61     N/A        19.17    N/A           8.26     12.57    9.525    9.998    223   0    0     0     10.31  45.74  N/A         N/A          -3.04        N/A          52.47  33.623   2.27     15.06       8.3         150      4.1      1.19          0.36    32.06     0.46    0.36    0.55    1.03    0.72     60.10   4.89    59.47   50.14   0.55    810.00     46.40    53.74  
140  TR901TS418_2        418     32.62    100.00  140   N/A       N/A        -1.87     N/A        18.16    N/A           7.38     11.02    13.848   14.129   223   0    0     0     23.77  41.26  N/A         N/A          -1.72        N/A          41.26  28.646   2.36     14.77       5.8         108      3.1      4.05          0.30    23.54     0.40    0.32    0.43    1.52    0.60     67.20   5.46    45.19   42.69   0.45    498.30     121.54   67.99  
141  TR901TS330_3        330     31.61    100.00  141   N/A       N/A        -2.00     N/A        16.37    N/A           4.09     8.49     9.037    9.686    223   0    0     0     11.21  33.18  N/A         N/A          -2.95        N/A          44.39  29.189   2.49     10.91       4.8         135      4.5      1.59          0.34    29.60     0.44    0.33    0.58    1.08    0.71     55.40   4.74    58.61   47.84   0.50    589.60     34.61    48.32  
142  TR901TS330_1        330     28.25    100.00  142   -2.55     N/A        -2.41     N/A        18.05    N/A           9.25     14.33    14.758   15.067   223   0    0     0     24.66  33.63  -2.00       N/A          -1.63        N/A          40.81  29.622   2.04     10.02       4.9         112      3.9      0.97          0.30    18.83     0.43    0.28    0.32    1.50    0.58     51.40   3.50    45.75   44.35   0.44    575.90     70.05    41.76  
143  TR901TS330_5        330     22.65    100.00  143   N/A       N/A        -3.10     N/A        10.76    N/A           3.11     4.79     15.479   15.633   223   0    0     0     3.14   34.08  N/A         N/A          -3.74        N/A          42.60  26.986   2.56     6.17        4.1         112      4        1.32          0.28    21.52     0.42    0.25    0.29    1.35    0.57     60.90   4.42    46.74   39.79   0.45    481.50     84.17    37.04  
144  TR901TS399_1        399     13.34    100.00  144   -4.45     N/A        -4.25     N/A        9.42     N/A           3.28     5.06     26.162   26.384   223   3    0     0     8.52   16.59  -3.82       N/A          -3.22        N/A          17.49  16.104   2.08     2.61        0           0        N/A      2.96          0.15    13.68     0.38    0.21    0.27    2.50    0.50     51.90   3.70    28.86   36.55   0.20    N/A        812.66   48.40  
145  TR901TS399_2        399     13.34    100.00  144   N/A       N/A        -4.25     N/A        9.42     N/A           3.28     5.06     26.162   26.384   223   3    0     0     8.52   16.59  N/A         N/A          -3.22        N/A          17.49  16.104   2.08     2.61        0           0        N/A      2.96          0.15    13.68     0.38    0.21    0.27    2.50    0.50     51.90   3.70    28.86   36.55   0.20    N/A        812.66   47.63  
146  TR901TS399_4        399     13.34    100.00  144   N/A       N/A        -4.25     N/A        9.42     N/A           3.28     5.06     26.162   26.384   223   3    0     0     8.52   16.59  N/A         N/A          -3.22        N/A          17.49  16.104   2.08     2.61        0           0        N/A      2.95          0.15    13.68     0.38    0.21    0.27    2.50    0.50     51.90   3.70    28.86   36.55   0.20    N/A        812.66   49.15  
147  TR901TS399_5        399     13.23    100.00  147   N/A       N/A        -4.26     N/A        9.42     N/A           3.28     5.06     28.757   28.58    223   15   0     0     0.00   0.00   N/A         N/A          -4.05        N/A          16.14  9.313    2.65     2.61        0           0        N/A      3.04          0.12    13.68     0.36    0.20    0.18    2.60    0.52     53.90   3.70    28.09   36.28   0.19    N/A        733.13   43.95  
148  TR901TS399_3        399     13.23    100.00  147   N/A       N/A        -4.26     N/A        9.42     N/A           3.28     5.06     30.036   30.039   223   4    0     0     8.97   16.59  N/A         N/A          -3.17        N/A          17.49  15.993   1.88     2.61        0           0        N/A      3.00          0.14    13.68     0.38    0.21    0.35    2.64    0.53     52.90   3.70    27.39   36.46   0.18    N/A        761.80   39.23  

