#    Model               GR#     GDT_TS   NP_P    RANK  Z-M1-GDT  Z-M1s-GDT  Z-MA-GDT  Z-MAs-GDT  GDT_HA   Z-M1s-GDT-HA  GDC_SC   GDC_ALL  RMS_CA   RMS_ALL  NP    err  PC01  PC05  AL0_P  AL4_P  Z-M1-AL0_p  Z-M1s-AL0_p  Z-MA-AL0_p   Z-MAs-AL0_p  ALI_P  LGA_S    RMSD[L]  Z-score[M]  Z-Score[D]  Al.Res.  RMSD[D]  MolPrb_Score  LDDT    SphGr     CAD_AA  RPF     CODM    DFM     Handed.  SOV     CE      QCS     CONTS   TMscore  Dali(raw)  FlexE    QSE    

-    Starting model      -       63.53    -       -     -         -          -         -          46.20    -             30.96    -        9.68     10.26    -     -    -     -     -      -      -           -            -            -            -      -        -        36.99       38.90       343      2.70     1.52          0.55    56.04     0.55    0.59    0.76    0.61    0.87     70.20   5.86    82.57   68.19   0.78     4303.70    53.16    -      

1    TR912TS220_2        220s    67.94    100.00  1     N/A       N/A        0.62      0.67       53.68    N/A           36.67    48.96    9.895    10.583   414   3    0     0     69.08  74.15  N/A         N/A          0.57         0.44         74.88  73.294   1.48     37.96       41.3        346      2.5      1.82          0.59    57.13     0.60    0.61    0.80    0.58    0.84     63.50   7.02    84.26   72.58   0.79    4651.80    31.68    40.99  
2    TR912TS330_1        330     67.75    100.00  2     0.53      N/A        0.61      N/A        49.94    N/A           31.46    43.64    7.616    8.244    414   3    0     0     69.08  79.23  0.60        N/A          0.57         N/A          79.95  67.965   1.74     41.26       42.6        368      2.6      1.60          0.57    65.82     0.59    0.62    0.80    0.45    0.88     65.14   7.34    81.39   72.02   0.83    4771.40    20.74    89.88  
3    TR912TS011_3        011     67.51    100.00  3     N/A       N/A        0.59      N/A        52.48    N/A           34.48    47.88    9.871    10.532   414   2    0     0     68.36  73.91  N/A         N/A          0.54         N/A          74.88  72.597   1.54     38.33       41.7        344      2.3      2.12          0.59    57.61     0.59    0.61    0.79    0.58    0.85     62.60   7.13    83.91   72.47   0.79    4590.90    31.74    41.35  
4    TR912TS220_4        220s    67.27    100.00  4     N/A       N/A        0.57      0.51       52.54    N/A           32.17    47.33    9.941    10.576   414   3    0     0     67.63  75.60  N/A         N/A          0.51         0.36         75.60  73.107   1.48     38.70       40.3        344      2.5      2.08          0.57    55.56     0.58    0.60    0.72    0.60    0.86     72.60   5.99    83.39   70.69   0.79    4551.30    52.27    41.40  
5    TR912TS250_1        250s    67.03    100.00  5     0.46      0.95       0.55      0.45       49.88    0.17          31.94    45.33    8.102    8.782    414   0    0     0     69.81  75.60  0.62        0.61         0.60         0.49         75.60  72.62    1.53     38.21       40.3        356      3        1.10          0.57    58.57     0.58    0.61    0.82    0.55    0.87     69.90   6.11    84.12   69.90   0.79    4545.70    33.03    36.83  
6    TR912TS450_3        450     66.97    100.00  6     N/A       N/A        0.54      N/A        51.69    N/A           33.24    46.74    9.424    10.084   414   1    0     0     68.60  74.88  N/A         N/A          0.55         N/A          75.85  72.307   1.53     38.82       40.7        347      2.4      2.25          0.59    58.45     0.60    0.61    0.79    0.54    0.85     66.10   7.02    83.77   72.71   0.79    4588.50    34.05    41.38  
7    TR912TS250_5        250s    66.91    100.00  7     N/A       N/A        0.54      0.42       49.94    N/A           30.97    45.42    9.172    9.735    414   0    0     0     69.57  75.60  N/A         N/A          0.59         0.47         75.60  72.599   1.49     37.96       41.3        346      2.4      1.30          0.57    57.37     0.58    0.61    0.77    0.58    0.87     74.40   6.11    83.29   70.20   0.79    4558.50    47.45    36.89  
8    TR912TS011_5        011     66.91    100.00  7     N/A       N/A        0.54      N/A        51.51    N/A           33.60    47.16    9.841    10.585   414   0    0     0     68.12  74.88  N/A         N/A          0.53         N/A          75.60  72.85    1.56     38.21       41.1        347      2.6      2.31          0.59    57.61     0.58    0.61    0.79    0.58    0.85     63.60   7.02    84.50   72.63   0.79    4627.20    32.38    41.63  
9    TR912TS450_2        450     66.79    100.00  9     N/A       N/A        0.53      N/A        50.91    N/A           33.41    46.27    9.293    9.964    414   1    0     0     69.32  75.12  N/A         N/A          0.58         N/A          76.09  71.051   1.61     39.06       41.9        349      2.5      1.98          0.59    58.70     0.60    0.62    0.80    0.53    0.85     70.60   5.86    83.58   72.86   0.79    4612.80    33.02    41.41  
10   TR912TS023_5        023     66.79    100.00  9     N/A       N/A        0.53      N/A        50.30    N/A           32.11    46.09    9.566    10.116   414   0    0     0     0.00   0.00   N/A         N/A          -2.52        N/A          0.00   72.541   1.47     37.11       41          339      2.4      1.26          0.57    56.28     0.58    0.61    0.76    0.58    0.87     71.50   6.70    83.72   69.99   0.78    4516.00    51.52    43.08  
11   TR912TS023_4        023     66.73    100.00  11    N/A       N/A        0.52      N/A        50.06    N/A           32.15    46.13    8.082    8.81     414   0    0     0     69.57  75.85  N/A         N/A          0.59         N/A          76.33  72.907   1.48     37.48       41.3        348      2.7      1.22          0.57    56.88     0.58    0.60    0.82    0.51    0.88     69.30   6.70    83.57   69.86   0.79    4564.10    30.19    42.92  
12   TR912TS011_1        011     66.67    100.00  12    0.43      N/A        0.52      N/A        50.60    N/A           32.01    46.05    9.292    9.963    414   1    0     0     68.60  74.64  0.58        N/A          0.55         N/A          75.60  72.615   1.58     39.19       41.3        349      2.7      2.13          0.58    57.85     0.59    0.61    0.80    0.54    0.85     67.10   6.47    83.53   72.47   0.79    4610.60    32.94    41.14  
13   TR912TS220_1        220s    66.67    100.00  12    0.43      0.62       0.52      0.36       50.60    0.90          32.01    46.05    9.292    9.963    414   1    0     0     68.60  74.64  0.58        0.57         0.55         0.42         75.60  72.615   1.58     39.19       41.3        349      2.7      2.13          0.58    57.85     0.59    0.61    0.80    0.54    0.85     67.10   6.47    83.53   72.47   0.79    4610.60    32.94    41.14  
14   TR912TS450_1        450     66.67    100.00  12    0.43      N/A        0.52      N/A        50.60    N/A           32.01    46.05    9.292    9.963    414   1    0     0     68.60  74.64  0.58        N/A          0.55         N/A          75.60  72.615   1.58     39.19       41.3        349      2.7      2.13          0.58    57.85     0.59    0.61    0.80    0.54    0.85     67.10   6.47    83.53   72.47   0.79    4610.60    32.94    41.14  
15   TR912TS118_2        118     66.61    100.00  15    N/A       N/A        0.51      N/A        50.60    N/A           33.69    45.66    9.183    9.644    414   4    0     0     66.67  74.88  N/A         N/A          0.46         N/A          75.12  71.645   1.52     37.84       40.1        341      2.4      1.89          0.56    57.73     0.59    0.60    0.76    0.60    0.88     60.35   7.02    83.04   69.57   0.79    4418.10    47.73    N/A    
16   TR912TS011_4        011     66.61    100.00  15    N/A       N/A        0.51      N/A        50.97    N/A           31.37    45.66    10.004   10.736   414   2    0     0     67.87  73.67  N/A         N/A          0.52         N/A          74.64  71.766   1.56     38.82       41.2        342      2.3      2.11          0.58    57.00     0.58    0.60    0.78    0.56    0.85     68.20   7.24    82.98   72.11   0.79    4542.90    33.57    41.43  
17   TR912TS023_2        023     66.55    100.00  17    N/A       N/A        0.51      N/A        49.94    N/A           31.55    46.12    7.938    8.694    414   0    0     0     70.53  76.33  N/A         N/A          0.64         N/A          77.05  73.049   1.43     37.35       41.7        347      2.5      1.22          0.57    56.88     0.58    0.61    0.83    0.51    0.88     69.30   6.92    82.72   70.41   0.80    4611.50    29.65    42.79  
18   TR912TS204_4        204     66.49    100.00  18    N/A       N/A        0.50      N/A        51.63    N/A           33.47    46.39    9.556    10.164   414   0    0     0     67.63  72.46  N/A         N/A          0.51         N/A          72.46  70.042   1.46     36.74       39.6        338      2.5      1.04          0.57    56.16     0.58    0.60    0.77    0.62    0.88     65.80   6.70    82.28   69.43   0.78    4378.60    52.10    N/A    
19   TR912TS450_4        450     66.49    100.00  18    N/A       N/A        0.50      N/A        50.73    N/A           34.61    46.66    10.065   10.77    414   0    0     0     69.57  74.88  N/A         N/A          0.59         N/A          75.85  71.036   1.60     38.45       41          349      2.4      1.91          0.59    58.21     0.60    0.61    0.78    0.55    0.84     62.90   7.34    83.51   73.20   0.79    4615.00    32.60    41.47  
20   TR912TS023_3        023     66.42    100.00  20    N/A       N/A        0.50      N/A        49.46    N/A           31.34    45.47    8.018    8.74     414   0    0     0     69.81  75.85  N/A         N/A          0.60         N/A          76.33  72.964   1.49     37.23       41.3        348      2.7      1.13          0.57    55.92     0.58    0.60    0.83    0.50    0.88     69.90   6.70    83.69   69.83   0.79    4573.50    29.16    43.18  
21   TR912TS220_3        220s    66.36    100.00  21    N/A       N/A        0.49      0.29       51.09    N/A           33.47    47.16    9.737    10.414   414   2    0     0     68.60  75.36  N/A         N/A          0.55         0.42         76.33  70.826   1.61     38.94       40.7        347      2.6      2.30          0.59    57.97     0.59    0.61    0.80    0.59    0.84     65.60   7.02    83.35   71.46   0.79    4591.90    31.89    41.30  
22   TR912TS102_1        102     66.30    100.00  22    0.40      N/A        0.49      N/A        50.78    N/A           32.02    46.60    9.63     10.211   414   7    0     0     7.73   7.73   -1.77       N/A          -2.17        N/A          7.73   71.789   1.45     36.74       40.5        336      2.3      1.42          0.56    57.25     0.57    0.61    0.76    0.58    0.88     70.90   6.11    83.54   69.69   0.78    4466.30    53.10    N/A    
23   TR912TS250_4        250s    66.30    100.00  22    N/A       N/A        0.49      0.27       49.70    N/A           31.40    45.38    9.15     9.706    414   0    0     0     69.81  75.12  N/A         N/A          0.60         0.49         75.12  72.365   1.48     37.35       40.6        341      2.5      1.22          0.57    56.16     0.58    0.61    0.78    0.57    0.86     74.40   5.99    83.36   70.06   0.78    4485.30    46.66    37.24  
24   TR912TS450_5        450     66.24    100.00  24    N/A       N/A        0.48      N/A        50.42    N/A           32.00    45.26    9.323    10.033   414   0    0     0     68.84  74.88  N/A         N/A          0.56         N/A          75.85  71.462   1.53     38.82       40.7        346      2.4      1.88          0.58    57.37     0.59    0.61    0.80    0.51    0.85     63.30   6.70    83.56   72.36   0.79    4576.70    30.87    41.17  
25   TR912TS208_4        208     66.24    100.00  24    N/A       N/A        0.48      N/A        50.30    N/A           33.14    45.95    9.626    10.194   414   3    0     0     67.87  74.15  N/A         N/A          0.52         N/A          74.15  71.808   1.45     36.62       40.3        340      2.6      1.41          0.57    56.52     0.57    0.60    0.75    0.58    0.88     68.80   5.99    83.08   68.95   0.78    4434.00    53.65    42.24  
26   TR912TS118_5        118     66.12    100.00  26    N/A       N/A        0.47      N/A        49.22    N/A           34.10    46.31    9.931    10.589   414   3    0     0     67.87  72.95  N/A         N/A          0.52         N/A          72.95  71.195   1.40     37.84       38.7        337      2.7      2.06          0.55    57.61     0.58    0.61    0.74    0.61    0.87     65.74   6.47    80.31   69.34   0.78    4305.10    57.13    N/A    
27   TR912TS430_1        430s    66.06    100.00  27    0.37      0.08       0.47      0.21       50.30    0.60          33.55    46.38    9.677    10.257   414   2    0     0     68.12  75.60  0.56        0.55         0.53         0.39         75.60  71.937   1.51     37.35       40          344      2.7      1.79          0.56    56.88     0.58    0.60    0.76    0.59    0.88     70.90   6.11    83.03   69.66   0.78    4414.10    52.89    42.19  
28   TR912TS208_3        208     66.06    100.00  27    N/A       N/A        0.47      N/A        50.24    N/A           33.49    46.19    9.622    10.191   414   3    0     0     68.36  74.15  N/A         N/A          0.54         N/A          74.15  71.662   1.48     37.11       40.3        342      2.6      1.77          0.57    56.64     0.57    0.60    0.76    0.58    0.88     68.80   5.99    83.14   69.03   0.78    4441.60    53.48    42.17  
29   TR912TS208_1        208     65.94    100.00  29    0.36      N/A        0.46      N/A        50.12    N/A           34.03    46.16    9.624    10.224   414   3    0     0     67.15  73.67  0.52        N/A          0.49         N/A          73.67  71.792   1.50     36.99       40.3        343      2.7      2.02          0.57    56.76     0.57    0.61    0.76    0.58    0.88     68.80   6.81    83.03   69.05   0.78    4441.20    53.53    42.24  
30   TR912TS273_1        273     65.94    100.00  29    0.36      N/A        0.46      N/A        49.27    N/A           30.01    45.20    9.625    10.188   414   3    0     0     68.36  75.12  0.57        N/A          0.54         N/A          75.12  71.441   1.48     37.84       40          341      2.6      2.69          0.55    57.49     0.58    0.60    0.76    0.58    0.88     69.70   5.99    83.29   69.73   0.78    4417.00    52.67    N/A    
31   TR912TS430_5        430s    65.94    100.00  29    N/A       N/A        0.46      0.19       50.24    N/A           33.19    46.30    9.679    10.298   414   2    0     0     67.63  75.12  N/A         N/A          0.51         0.36         75.12  72.059   1.55     37.48       39.9        345      2.7      1.64          0.56    56.88     0.58    0.60    0.76    0.59    0.88     70.90   6.92    82.99   69.53   0.78    4401.20    53.09    42.23  
32   TR912TS011_2        011     65.94    100.00  29    N/A       N/A        0.46      N/A        50.55    N/A           32.25    46.61    9.842    10.542   414   1    0     0     69.57  74.88  N/A         N/A          0.59         N/A          76.09  71.635   1.55     38.33       40.3        344      2.3      2.26          0.58    56.64     0.59    0.60    0.79    0.61    0.84     62.80   7.13    83.46   71.25   0.79    4539.50    33.55    41.42  
33   TR912TS430_2        430s    65.88    100.00  33    N/A       N/A        0.45      0.17       50.36    N/A           33.48    46.33    9.678    10.268   414   2    0     0     68.36  75.60  N/A         N/A          0.54         0.40         75.60  72.037   1.50     37.35       39.9        345      2.7      1.84          0.56    57.00     0.58    0.60    0.76    0.59    0.88     70.90   6.92    83.04   69.63   0.78    4401.40    53.06    42.20  
34   TR912TS430_4        430s    65.82    100.00  34    N/A       N/A        0.45      0.16       50.24    N/A           32.56    46.08    9.68     10.254   414   2    0     0     67.63  75.12  N/A         N/A          0.51         0.36         75.12  72       1.52     37.48       39.9        346      2.7      1.72          0.56    56.88     0.57    0.60    0.76    0.59    0.88     68.60   6.92    82.97   69.58   0.78    4401.00    52.90    42.20  
35   TR912TS430_3        430s    65.82    100.00  34    N/A       N/A        0.45      0.16       49.94    N/A           32.61    45.98    9.678    10.251   414   2    0     0     67.63  75.60  N/A         N/A          0.51         0.36         75.60  71.765   1.51     38.21       39.8        346      2.7      1.72          0.56    56.76     0.57    0.60    0.76    0.60    0.88     68.20   6.92    82.93   69.50   0.78    4408.80    52.78    42.25  
36   TR912TS023_1        023     65.76    100.00  36    0.35      N/A        0.44      N/A        49.34    N/A           31.96    45.40    9.358    9.84     414   0    0     0     68.84  74.88  0.59        N/A          0.56         N/A          76.33  72.634   1.48     36.50       41.8        344      2.4      1.36          0.57    56.76     0.57    0.60    0.74    0.58    0.87     70.50   6.35    82.11   69.40   0.79    4594.90    49.68    43.98  
37   TR912TS208_2        208     65.76    100.00  36    N/A       N/A        0.44      N/A        49.88    N/A           33.82    45.94    9.627    10.262   414   3    0     0     67.15  73.43  N/A         N/A          0.49         N/A          73.43  71.235   1.56     36.99       40.2        344      2.7      1.98          0.57    56.64     0.58    0.61    0.76    0.58    0.88     69.00   6.81    82.77   68.91   0.78    4442.40    53.64    42.39  
38   TR912TS208_5        208     65.76    100.00  36    N/A       N/A        0.44      N/A        49.70    N/A           33.25    45.80    9.631    10.262   414   3    0     0     67.39  73.19  N/A         N/A          0.50         N/A          73.19  71.678   1.53     36.99       40.1        344      2.7      1.78          0.57    56.64     0.57    0.61    0.76    0.59    0.88     67.50   6.81    82.76   68.90   0.78    4434.50    53.83    42.42  
39   TR912TS250_3        250s    65.58    100.00  39    N/A       N/A        0.43      0.10       49.28    N/A           31.28    44.81    8.426    9.137    414   0    0     0     42.03  47.58  N/A         N/A          -0.64        -1.08        49.52  72.338   1.52     37.23       40.1        347      2.6      1.15          0.56    57.13     0.57    0.60    0.80    0.56    0.87     70.50   6.23    83.31   69.46   0.79    4484.70    40.07    37.84  
40   TR912TS250_2        250s    65.58    100.00  39    N/A       N/A        0.43      0.10       49.10    N/A           30.26    44.80    9.069    9.638    414   0    0     0     68.12  73.67  N/A         N/A          0.53         0.39         74.64  71.463   1.50     36.99       40.4        345      2.7      1.27          0.56    58.33     0.58    0.60    0.76    0.60    0.86     75.20   6.58    81.79   69.39   0.79    4454.30    45.40    38.12  
41   TR912TS017_3        017     65.52    100.00  41    N/A       N/A        0.42      N/A        49.46    N/A           32.01    45.46    9.7      10.276   414   2    0     0     67.63  73.67  N/A         N/A          0.51         N/A          73.67  71.375   1.48     36.99       39.3        338      2.4      2.52          0.56    56.40     0.56    0.60    0.76    0.61    0.88     67.40   5.86    82.45   67.74   0.78    4340.80    52.39    86.23  
42   TR912TS017_4        017     65.40    100.00  42    N/A       N/A        0.41      N/A        49.09    N/A           32.26    45.29    9.705    10.282   414   2    0     0     68.12  73.67  N/A         N/A          0.53         N/A          73.67  71.218   1.47     36.99       39.3        339      2.5      2.55          0.56    56.40     0.56    0.60    0.76    0.61    0.88     67.40   5.86    82.41   67.66   0.78    4312.50    52.48    86.27  
43   TR912TS118_1        118     65.40    100.00  42    0.31      N/A        0.41      N/A        49.64    N/A           34.08    45.54    10.452   11.072   414   3    0     0     26.09  28.74  -1.07       N/A          -1.35        N/A          28.74  69.815   1.44     37.48       38.7        339      3.2      1.87          0.56    56.64     0.58    0.60    0.72    0.60    0.86     69.03   5.04    80.37   69.49   0.77    4307.60    60.60    N/A    
44   TR912TS102_3        102     65.40    100.00  42    N/A       N/A        0.41      N/A        49.88    N/A           30.34    44.56    9.643    10.279   414   3    0     0     67.63  73.67  N/A         N/A          0.51         N/A          73.67  70.692   1.53     37.60       38.7        338      2.6      2.42          0.54    54.95     0.57    0.60    0.76    0.60    0.88     66.90   5.99    82.82   68.10   0.78    4275.70    53.83    74.52  
45   TR912TS204_3        204     65.40    100.00  42    N/A       N/A        0.41      N/A        48.73    N/A           33.28    45.45    9.812    10.422   414   0    0     0     67.39  73.19  N/A         N/A          0.50         N/A          73.19  70.928   1.53     36.25       39.1        337      2.5      0.81          0.56    56.64     0.58    0.60    0.76    0.60    0.88     68.00   6.47    82.78   69.34   0.78    4325.00    53.05    N/A    
46   TR912TS118_3        118     65.22    100.00  46    N/A       N/A        0.40      N/A        48.79    N/A           34.29    45.12    10.312   10.942   414   3    0     0     67.63  72.71  N/A         N/A          0.51         N/A          72.95  70.29    1.49     38.21       39.5        340      3.1      1.74          0.56    56.88     0.59    0.61    0.73    0.61    0.87     61.85   5.99    80.86   69.82   0.77    4359.00    60.89    N/A    
47   TR912TS017_2        017     65.22    100.00  46    N/A       N/A        0.40      N/A        48.79    N/A           31.88    45.20    9.713    10.289   414   2    0     0     67.87  73.67  N/A         N/A          0.52         N/A          73.67  69.53    1.49     36.99       39          341      2.5      2.47          0.55    56.28     0.56    0.60    0.76    0.61    0.88     67.40   6.81    82.37   67.58   0.78    4304.70    52.55    86.27  
48   TR912TS102_4        102     64.80    100.00  48    N/A       N/A        0.36      N/A        47.95    N/A           31.82    44.23    9.63     10.195   414   3    0     0     67.87  74.40  N/A         N/A          0.52         N/A          74.40  70.393   1.52     37.60       38.5        336      2.4      2.42          0.54    56.04     0.56    0.59    0.76    0.60    0.88     68.30   6.70    82.26   67.75   0.78    4275.20    52.97    74.39  
49   TR912TS001_1        001     64.73    100.00  49    0.25      N/A        0.36      N/A        47.77    N/A           31.70    44.23    9.8      10.331   414   3    0     0     68.60  74.64  0.58        N/A          0.55         N/A          74.64  71.012   1.66     37.48       38.1        343      2.7      2.39          0.55    56.52     0.56    0.59    0.76    0.56    0.88     67.40   6.58    81.81   67.47   0.78    4203.10    51.05    N/A    
50   TR912TS162_3        162     64.67    100.00  50    N/A       N/A        0.35      N/A        48.13    N/A           31.72    44.49    9.726    10.377   414   0    0     0     66.67  73.67  N/A         N/A          0.46         N/A          73.67  70.89    1.52     36.13       38.7        341      2.6      1.41          0.55    55.80     0.57    0.58    0.76    0.62    0.88     68.00   6.81    82.31   68.50   0.78    4279.00    53.75    N/A    
51   TR912TS204_1        204     64.67    100.00  50    0.24      N/A        0.35      N/A        47.41    N/A           32.35    44.51    9.613    10.183   414   0    0     0     67.87  73.91  0.55        N/A          0.52         N/A          73.91  69.321   1.47     37.84       39.4        341      2.7      0.85          0.57    57.13     0.58    0.60    0.76    0.60    0.88     67.00   6.92    82.69   69.45   0.78    4358.00    52.45    N/A    
52   TR912TS102_5        102     64.55    100.00  52    N/A       N/A        0.34      N/A        47.82    N/A           29.48    44.02    9.617    10.226   414   3    0     0     0.00   0.00   N/A         N/A          -2.52        N/A          0.00   70.814   1.52     38.09       38.7        338      2.5      2.23          0.54    56.28     0.56    0.59    0.76    0.60    0.88     66.20   6.81    82.78   67.78   0.78    4279.00    53.41    74.53  
53   TR912TS162_4        162     64.43    100.00  53    N/A       N/A        0.33      N/A        47.28    N/A           31.25    43.92    9.714    10.357   414   0    0     0     66.91  74.15  N/A         N/A          0.47         N/A          74.15  69.428   1.52     37.72       38.3        336      2.4      1.14          0.55    55.68     0.57    0.58    0.76    0.63    0.88     68.40   6.81    82.22   68.19   0.78    4236.80    53.48    N/A    
54   TR912TS017_1        017     64.37    100.00  54    0.22      N/A        0.33      N/A        47.10    N/A           30.89    43.71    9.654    10.224   414   2    0     0     68.36  74.88  0.57        N/A          0.54         N/A          74.88  70.919   1.51     36.86       39.3        342      2.7      2.37          0.55    56.40     0.55    0.60    0.76    0.60    0.88     71.40   5.86    82.62   68.57   0.78    4331.90    52.90    86.35  
55   TR912TS081_1        081     64.25    100.00  55    0.21      N/A        0.32      N/A        47.53    N/A           30.97    43.55    9.688    10.28    414   3    0     0     67.39  74.40  0.53        N/A          0.50         N/A          74.40  68.922   1.54     36.50       38.2        338      2.5      1.34          0.54    55.68     0.56    0.59    0.76    0.62    0.88     68.80   6.81    82.10   67.71   0.78    4222.10    53.72    74.39  
56   TR912TS001_2        001     64.25    100.00  55    N/A       N/A        0.32      N/A        46.08    N/A           31.20    42.97    10.06    10.56    414   2    0     0     67.15  74.64  N/A         N/A          0.49         N/A          74.88  65.099   1.56     38.33       37.1        343      2.6      2.44          0.55    57.25     0.56    0.59    0.74    0.59    0.87     68.50   6.70    81.33   67.10   0.79    4197.00    58.46    N/A    
57   TR912TS446_1        446s    64.13    100.00  57    0.19      -1.65      0.31      -0.25      48.07    -1.67         31.18    42.38    9.229    9.839    414   0    0     0     0.00   0.00   -2.07       -1.73        -2.52        -3.45        0.48   68.334   1.62     37.84       38.5        335      2.5      1.12          0.55    54.95     0.57    0.59    0.77    0.61    0.87     71.20   6.11    82.14   68.14   0.77    4250.80    49.79    76.10  
58   TR912TS017_5        017     64.13    100.00  57    N/A       N/A        0.31      N/A        46.92    N/A           30.88    43.73    9.659    10.229   414   2    0     0     68.36  74.88  N/A         N/A          0.54         N/A          74.88  71.056   1.52     36.86       39.3        342      2.7      2.42          0.55    56.16     0.55    0.60    0.76    0.60    0.88     71.40   5.86    82.63   68.53   0.78    4327.30    52.96    86.33  
59   TR912TS204_5        204     63.95    100.00  59    N/A       N/A        0.29      N/A        47.04    N/A           30.78    43.83    9.663    10.239   414   0    0     0     68.36  74.40  N/A         N/A          0.54         N/A          74.40  71.111   1.53     36.62       39.1        343      2.7      0.95          0.55    56.16     0.55    0.59    0.76    0.60    0.88     68.90   5.86    82.70   68.57   0.78    4308.00    52.89    N/A    
60   TR912TS412_3        412     63.95    100.00  59    N/A       N/A        0.29      N/A        46.86    N/A           30.57    43.57    9.762    10.353   414   3    0     0     67.87  74.64  N/A         N/A          0.52         N/A          74.64  70.915   1.53     36.86       38.8        345      2.8      1.38          0.54    55.68     0.56    0.59    0.76    0.61    0.88     70.23   5.86    82.47   68.20   0.78    4289.40    54.03    36.39  
61   TR912TS081_2        081     63.89    100.00  61    N/A       N/A        0.29      N/A        47.41    N/A           31.40    43.84    9.68     10.283   414   3    0     0     67.39  74.15  N/A         N/A          0.50         N/A          74.15  68.376   1.59     36.50       37.9        334      2.4      1.07          0.54    55.92     0.56    0.58    0.75    0.63    0.88     70.40   5.86    81.50   67.41   0.78    4182.30    54.94    75.60  
62   TR912TS162_1        162     63.89    100.00  61    0.17      N/A        0.29      N/A        46.50    N/A           31.27    43.52    9.677    10.316   414   0    0     0     67.63  74.40  0.54        N/A          0.51         N/A          74.40  68.76    1.52     36.74       38.2        341      2.6      1.39          0.55    55.68     0.56    0.58    0.76    0.62    0.88     69.10   5.86    82.16   67.82   0.77    4233.90    53.45    N/A    
63   TR912TS412_1        412     63.89    100.00  61    0.17      N/A        0.29      N/A        46.50    N/A           31.18    43.52    9.623    10.226   414   3    0     0     68.36  74.64  0.57        N/A          0.54         N/A          74.64  70.7     1.52     37.11       38.8        342      2.6      1.67          0.54    55.92     0.56    0.59    0.76    0.61    0.88     66.64   5.86    82.55   68.21   0.78    4281.20    51.98    36.39  
64   TR912TS393_1        393     63.89    100.00  61    0.17      N/A        0.29      N/A        46.26    N/A           28.48    42.57    9.653    10.24    414   2    0     0     69.08  74.64  0.60        N/A          0.57         N/A          74.64  70.616   1.57     32.95       37.2        343      2.7      3.30          0.54    54.95     0.54    0.60    0.76    0.60    0.88     70.30   5.99    82.67   68.25   0.78    4330.10    53.19    36.32  
65   TR912TS162_2        162     63.83    100.00  65    N/A       N/A        0.28      N/A        46.92    N/A           30.07    43.60    9.705    10.348   414   0    0     0     67.63  74.40  N/A         N/A          0.51         N/A          74.40  70.802   1.53     36.99       38.3        339      2.5      1.26          0.54    55.43     0.56    0.58    0.76    0.62    0.88     69.80   6.81    82.31   67.82   0.78    4234.50    53.40    N/A    
66   TR912TS001_5        001     63.83    100.00  65    N/A       N/A        0.28      N/A        46.92    N/A           28.38    42.76    9.452    10.137   414   4    0     0     66.18  73.19  N/A         N/A          0.44         N/A          73.43  64.008   1.60     38.21       37.9        342      2.6      2.40          0.54    54.71     0.55    0.58    0.75    0.62    0.87     57.60   6.58    80.26   67.60   0.78    4205.30    43.79    N/A    
67   TR912TS162_5        162     63.77    100.00  67    N/A       N/A        0.28      N/A        46.92    N/A           30.97    43.34    9.772    10.416   414   0    0     0     17.15  21.50  N/A         N/A          -1.75        N/A          21.50  68.109   1.58     37.35       37.7        336      2.4      1.22          0.54    55.56     0.57    0.58    0.76    0.64    0.88     68.50   6.81    82.35   67.96   0.77    4182.40    54.87    N/A    
68   TR912TS102_2        102     63.77    100.00  67    N/A       N/A        0.28      N/A        47.64    N/A           30.87    42.88    9.497    10.142   414   5    0     0     64.25  73.19  N/A         N/A          0.36         N/A          73.67  66.037   1.62     38.09       37.6        339      2.5      1.89          0.54    57.25     0.55    0.59    0.77    0.59    0.88     68.80   7.02    81.68   67.32   0.78    4172.30    50.34    N/A    
69   TR912TS247_1        247     63.71    100.00  69    0.16      N/A        0.27      N/A        48.25    N/A           33.36    44.75    7.806    8.534    414   5    0     0     64.49  71.98  0.42        N/A          0.37         N/A          72.46  68.637   1.63     36.86       37.9        346      3        1.26          0.56    54.59     0.56    0.58    0.83    0.56    0.86     67.60   6.23    79.16   67.89   0.78    4278.80    36.65    N/A    
70   TR912TS412_2        412     63.59    100.00  70    N/A       N/A        0.26      N/A        46.38    N/A           30.17    43.22    9.814    10.401   414   3    0     0     68.36  75.12  N/A         N/A          0.54         N/A          75.12  70.817   1.56     36.99       38.8        343      2.7      1.47          0.53    55.19     0.56    0.59    0.75    0.61    0.88     70.13   5.86    82.49   68.13   0.78    4291.50    55.27    36.43  
71   TR912TS412_5        412     63.59    100.00  70    N/A       N/A        0.26      N/A        46.55    N/A           30.93    43.21    9.818    10.38    414   3    0     0     68.36  74.88  N/A         N/A          0.54         N/A          74.88  70.857   1.56     36.74       38.7        338      2.5      1.51          0.53    55.92     0.56    0.59    0.75    0.61    0.87     70.13   5.86    82.45   68.17   0.77    4276.80    55.38    36.55  
72   TR912TS073_5        073     63.53    100.00  72    N/A       N/A        0.26      N/A        46.13    N/A           31.01    43.32    9.673    10.25    414   3    0     0     67.87  74.64  N/A         N/A          0.52         N/A          74.64  70.75    1.52     37.48       38.8        343      2.7      2.56          0.54    56.04     0.54    0.59    0.76    0.61    0.88     70.20   5.99    82.43   67.80   0.78    4287.20    53.32    83.25  
73   TR912TS418_1        418     63.53    100.00  72    0.14      N/A        0.26      N/A        46.20    N/A           30.96    43.50    9.679    10.256   414   3    0     0     68.60  74.64  0.58        N/A          0.55         N/A          74.64  71.088   1.56     36.99       38.9        343      2.7      1.52          0.55    56.04     0.55    0.59    0.76    0.61    0.88     70.20   5.86    82.57   68.19   0.78    4303.70    53.16    36.34  
74   TR912TS396_2        396     63.47    100.00  74    N/A       N/A        0.25      N/A        46.20    N/A           30.92    43.46    9.682    10.267   414   3    0     0     68.36  74.64  N/A         N/A          0.54         N/A          74.64  70.933   1.54     33.32       36.8        345      2.8      1.17          0.55    55.92     0.55    0.59    0.76    0.61    0.88     70.20   5.86    82.51   68.10   0.78    4289.60    53.24    N/A    
75   TR912TS188_1        188     63.41    100.00  75    0.13      N/A        0.25      N/A        46.08    N/A           28.78    42.25    9.698    10.282   414   6    0     0     67.63  74.64  0.54        N/A          0.51         N/A          74.88  70.858   1.61     33.20       38.2        341      2.5      3.59          0.53    55.56     0.54    0.59    0.76    0.63    0.88     70.70   5.86    81.87   66.89   0.78    4241.50    54.51    N/A    
76   TR912TS412_4        412     63.41    100.00  75    N/A       N/A        0.25      N/A        46.26    N/A           30.18    43.02    9.896    10.47    414   3    0     0     67.87  75.12  N/A         N/A          0.52         N/A          75.12  71.065   1.56     36.99       38.6        341      2.6      1.54          0.54    55.92     0.56    0.59    0.75    0.61    0.87     70.23   5.86    82.35   68.15   0.78    4273.00    56.07    36.48  
77   TR912TS396_1        396     63.34    100.00  77    0.12      N/A        0.24      N/A        46.02    N/A           31.00    43.52    9.681    10.265   414   3    0     0     12.08  12.56  -1.61       N/A          -1.98        N/A          12.56  71.039   1.55     36.99       38.8        344      2.7      1.21          0.55    55.92     0.55    0.59    0.76    0.61    0.88     70.20   5.86    82.52   68.12   0.78    4293.10    53.22    N/A    
78   TR912TS118_4        118     63.28    100.00  78    N/A       N/A        0.24      N/A        46.32    N/A           32.23    43.01    9.573    10.111   414   3    0     0     65.22  73.19  N/A         N/A          0.40         N/A          73.43  69.045   1.61     37.72       38.4        341      2.6      2.07          0.55    55.80     0.57    0.61    0.75    0.62    0.88     66.64   6.81    80.83   68.61   0.77    4341.60    52.65    N/A    
79   TR912TS187_1        187     63.10    100.00  79    0.10      N/A        0.22      N/A        44.74    N/A           27.11    40.76    9.089    9.653    414   0    0     0     68.84  74.40  0.59        N/A          0.56         N/A          75.12  68.126   1.57     37.96       38.5        349      2.9      3.05          0.50    54.83     0.52    0.58    0.77    0.60    0.87     58.30   5.99    82.15   66.96   0.78    4274.10    48.82    N/A    
80   TR912TS324_2        324     63.10    100.00  79    N/A       N/A        0.22      N/A        46.44    N/A           27.78    42.85    11.514   12.142   414   2    0     0     65.70  71.74  N/A         N/A          0.42         N/A          71.74  67.328   1.68     33.08       36.1        342      3.1      2.99          0.54    54.11     0.55    0.58    0.76    0.61    0.86     69.90   6.81    81.00   67.53   0.76    4200.60    45.69    37.71  
81   TR912TS001_3        001     62.56    100.00  81    N/A       N/A        0.18      N/A        46.26    N/A           30.33    42.20    8.8      9.402    414   3    0     0     63.53  72.95  N/A         N/A          0.32         N/A          73.43  61.626   1.65     37.84       37.1        351      3.1      3.13          0.54    55.19     0.56    0.59    0.79    0.58    0.87     67.00   5.99    80.42   67.40   0.78    4134.00    36.66    N/A    
82   TR912TS324_4        324     62.44    100.00  82    N/A       N/A        0.17      N/A        45.05    N/A           28.84    42.18    11.668   12.342   414   2    0     0     64.01  70.77  N/A         N/A          0.34         N/A          70.77  65.6     1.64     33.93       35.8        338      2.9      3.15          0.54    52.78     0.55    0.58    0.75    0.62    0.86     69.70   5.60    80.65   67.33   0.76    4120.90    46.40    38.08  
83   TR912TS187_2        187     62.20    100.00  83    N/A       N/A        0.15      N/A        43.90    N/A           26.05    39.93    9.376    9.968    414   0    0     0     67.63  75.60  N/A         N/A          0.51         N/A          75.60  70.261   1.64     38.45       38.4        348      2.8      2.99          0.49    54.11     0.53    0.59    0.77    0.62    0.87     60.70   6.81    82.02   67.32   0.78    4259.00    49.59    N/A    
84   TR912TS295_1        295     62.20    100.00  83    0.02      N/A        0.15      N/A        43.90    N/A           25.61    39.85    8.988    9.58     414   0    0     0     67.39  74.40  0.53        N/A          0.50         N/A          74.40  64.881   1.61     38.45       38.2        344      2.7      3.42          0.49    53.02     0.52    0.58    0.76    0.62    0.87     55.20   6.35    80.65   66.12   0.78    4230.80    48.41    N/A    
85   TR912TS396_5        396     62.08    100.00  85    N/A       N/A        0.14      N/A        45.77    N/A           28.85    41.72    12.488   13.193   414   3    0     0     66.18  73.43  N/A         N/A          0.44         N/A          73.91  69.035   1.72     33.93       37.2        331      2.3      1.17          0.53    52.42     0.55    0.57    0.69    0.72    0.84     62.20   6.70    78.65   66.59   0.76    4165.50    80.73    N/A    
86   TR912TS393_4        393     62.02    100.00  86    N/A       N/A        0.13      N/A        45.11    N/A           28.29    41.02    12.453   13.153   414   4    0     0     65.46  72.95  N/A         N/A          0.41         N/A          73.43  67.562   1.76     34.05       36.7        330      2.2      3.30          0.53    51.81     0.53    0.57    0.69    0.72    0.84     68.00   6.70    78.37   65.92   0.76    4134.80    80.13    38.04  
87   TR912TS187_4        187     62.02    100.00  86    N/A       N/A        0.13      N/A        43.96    N/A           24.95    39.19    9.503    10.206   414   1    0     0     65.22  74.40  N/A         N/A          0.40         N/A          74.40  64.384   1.74     38.21       36.8        343      2.7      3.56          0.48    51.93     0.51    0.56    0.77    0.62    0.87     66.20   6.81    80.94   64.73   0.78    4088.20    48.72    N/A    
88   TR912TS295_3        295     61.96    100.00  88    N/A       N/A        0.13      N/A        43.90    N/A           23.33    38.32    9.198    9.846    414   0    0     0     65.70  71.26  N/A         N/A          0.42         N/A          71.26  65.493   1.71     37.60       37.1        345      2.9      3.54          0.47    51.93     0.50    0.57    0.77    0.60    0.87     64.30   6.92    80.87   65.77   0.78    4150.70    47.43    N/A    
89   TR912TS324_1        324     61.96    100.00  88    -0.01     N/A        0.13      N/A        44.32    N/A           28.31    41.59    11.52    12.154   414   2    0     0     0.00   0.00   -2.07       N/A          -2.52        N/A          0.00   66.754   1.70     33.81       36.3        342      3.2      2.93          0.54    52.42     0.54    0.59    0.76    0.62    0.86     66.10   6.81    80.66   67.11   0.76    4148.10    46.12    38.09  
90   TR912TS247_3        247     61.84    100.00  90    N/A       N/A        0.12      N/A        47.16    N/A           31.33    43.81    11.121   11.897   414   1    0     0     63.53  67.15  N/A         N/A          0.32         N/A          67.87  66.221   1.48     35.76       35.1        332      3.6      0.88          0.54    50.36     0.56    0.57    0.75    0.65    0.82     60.60   5.73    75.56   66.42   0.73    3972.30    38.15    N/A    
91   TR912TS073_1        073     61.77    100.00  91    -0.02     N/A        0.11      N/A        43.24    N/A           29.74    41.04    7.785    8.547    414   3    0     0     65.70  73.91  0.46        N/A          0.42         N/A          73.91  67.477   1.69     37.96       37.8        350      2.9      1.84          0.55    57.25     0.55    0.59    0.84    0.56    0.87     69.90   5.99    82.83   67.73   0.78    4248.00    28.29    82.80  
92   TR912TS187_5        187     61.72    100.00  92    N/A       N/A        0.11      N/A        43.54    N/A           23.95    38.45    9.417    10.127   414   0    0     0     66.18  73.67  N/A         N/A          0.44         N/A          73.67  65.486   1.63     37.72       37.7        347      2.9      3.42          0.48    53.38     0.52    0.58    0.78    0.60    0.87     63.30   6.92    81.18   65.93   0.78    4191.90    48.24    N/A    
93   TR912TS418_2        418     61.53    100.00  93    N/A       N/A        0.09      N/A        43.17    N/A           26.15    39.61    9.726    10.26    414   7    0     0     66.91  73.91  N/A         N/A          0.47         N/A          73.91  64.167   1.65     38.21       36.5        341      2.7      4.94          0.45    53.99     0.49    0.58    0.75    0.65    0.88     54.00   5.86    80.43   63.25   0.77    4038.70    54.55    37.13  
94   TR912TS324_3        324     61.53    100.00  93    N/A       N/A        0.09      N/A        44.51    N/A           27.52    41.39    12.838   13.442   414   1    0     0     64.01  71.01  N/A         N/A          0.34         N/A          71.01  66.711   1.67     32.83       35.7        338      3        2.97          0.53    51.57     0.54    0.57    0.70    0.64    0.84     64.90   6.58    80.29   66.97   0.75    4128.00    66.12    38.54  
95   TR912TS060_2        060     61.53    100.00  93    N/A       N/A        0.09      N/A        45.29    N/A           24.95    40.28    10.808   11.292   414   0    0     0     0.00   0.00   N/A         N/A          -2.52        N/A          0.00   67.975   1.64     35.64       35.7        331      2.6      1.70          0.52    48.43     0.53    0.55    0.72    0.68    0.83     62.80   6.92    80.33   65.31   0.75    4045.30    48.93    86.34  
96   TR912TS295_4        295     61.53    100.00  93    N/A       N/A        0.09      N/A        42.51    N/A           24.33    37.58    8.488    9.143    414   0    0     0     65.70  75.85  N/A         N/A          0.42         N/A          75.85  62.344   1.78     38.82       37.2        357      3.1      3.53          0.48    53.74     0.52    0.58    0.79    0.61    0.87     61.50   6.81    80.95   65.59   0.79    4224.20    39.26    N/A    
97   TR912TS187_3        187     61.41    100.00  97    N/A       N/A        0.08      N/A        43.18    N/A           23.19    38.14    9.184    9.902    414   0    0     0     66.91  72.71  N/A         N/A          0.47         N/A          72.71  62.099   1.67     38.33       37.2        340      2.6      3.36          0.47    51.93     0.51    0.58    0.77    0.59    0.88     55.60   7.13    81.80   66.06   0.77    4126.70    48.58    N/A    
98   TR912TS324_5        324     61.41    100.00  97    N/A       N/A        0.08      N/A        43.72    N/A           26.93    40.15    11.532   12.168   414   2    0     0     64.73  72.71  N/A         N/A          0.38         N/A          72.71  65.707   1.75     34.05       37.4        343      3.2      2.98          0.53    52.66     0.54    0.58    0.76    0.61    0.86     66.20   6.81    80.45   66.93   0.76    4136.60    43.98    38.34  
99   TR912TS295_2        295     61.35    100.00  99    N/A       N/A        0.08      N/A        42.51    N/A           23.51    37.08    8.762    9.345    414   0    0     0     65.94  73.43  N/A         N/A          0.43         N/A          73.43  62.564   1.77     38.82       36.4        352      3.1      3.52          0.47    50.85     0.50    0.56    0.77    0.58    0.87     59.80   6.70    80.49   63.77   0.78    4141.30    42.53    N/A    
100  TR912TS247_4        247     61.23    100.00  100   N/A       N/A        0.07      N/A        46.14    N/A           29.39    41.85    13.893   14.642   414   4    0     0     62.56  69.57  N/A         N/A          0.28         N/A          69.57  63.197   1.64     35.64       34.9        330      2.7      1.21          0.54    53.02     0.55    0.57    0.68    0.65    0.81     65.70   7.02    76.65   65.66   0.75    3949.00    43.05    N/A    
101  TR912TS295_5        295     61.17    100.00  101   N/A       N/A        0.06      N/A        42.63    N/A           24.46    37.80    8.924    9.562    414   0    0     0     66.43  75.12  N/A         N/A          0.45         N/A          75.85  66.561   1.74     38.45       37.8        345      2.8      3.40          0.48    54.35     0.50    0.57    0.78    0.58    0.87     56.90   6.81    81.19   65.18   0.78    4176.70    47.17    N/A    
102  TR912TS247_5        247     61.11    100.00  102   N/A       N/A        0.06      N/A        45.23    N/A           29.57    41.28    8.985    9.777    414   4    0     0     62.08  68.36  N/A         N/A          0.26         N/A          69.81  58.596   1.68     36.13       35.6        345      3.4      1.10          0.54    51.81     0.55    0.57    0.79    0.58    0.82     69.70   6.47    78.13   66.59   0.75    4043.40    33.29    N/A    
103  TR912TS060_1        060     60.99    100.00  103   -0.10     N/A        0.05      N/A        43.60    N/A           24.65    39.42    10.189   10.935   414   0    0     0     0.00   0.00   -2.07       N/A          -2.52        N/A          0.00   62.434   1.62     37.23       36          346      3        1.36          0.53    50.60     0.53    0.55    0.70    0.66    0.82     70.00   6.81    79.06   65.68   0.77    4082.20    44.09    88.60  
104  TR912TS247_2        247     60.99    100.00  103   N/A       N/A        0.05      N/A        46.38    N/A           30.16    42.31    9.408    10.306   414   4    0     0     62.56  69.08  N/A         N/A          0.28         N/A          70.29  65.847   1.64     35.40       35.3        332      2.8      0.99          0.54    49.64     0.55    0.56    0.77    0.58    0.83     64.30   6.58    79.44   65.38   0.75    4003.70    44.07    N/A    
105  TR912TS060_5        060     60.93    100.00  105   N/A       N/A        0.04      N/A        44.08    N/A           26.70    40.10    8.377    8.887    414   0    0     0     63.53  70.77  N/A         N/A          0.32         N/A          72.22  59.351   1.61     36.01       35.7        338      2.8      2.37          0.52    51.57     0.53    0.55    0.79    0.58    0.85     70.00   6.58    80.97   64.78   0.78    4043.00    38.56    85.35  
106  TR912TS073_3        073     60.93    100.00  105   N/A       N/A        0.04      N/A        42.15    N/A           28.86    39.92    8.626    9.305    414   3    0     0     66.43  72.46  N/A         N/A          0.45         N/A          72.95  60.903   1.65     37.35       36.8        345      2.9      1.82          0.54    54.95     0.55    0.58    0.78    0.61    0.86     71.00   6.92    82.74   66.68   0.78    4106.90    40.31    82.19  
107  TR912TS073_4        073     60.57    100.00  107   N/A       N/A        0.01      N/A        41.66    N/A           27.46    38.74    8.602    9.296    414   3    0     0     65.22  74.88  N/A         N/A          0.40         N/A          74.88  63.093   1.74     37.35       37.4        343      2.9      1.89          0.54    55.56     0.55    0.59    0.80    0.58    0.87     66.90   7.02    82.45   67.47   0.78    4145.10    36.24    82.81  
108  TR912TS393_2        393     60.51    100.00  108   N/A       N/A        0.01      N/A        44.26    N/A           28.02    40.14    9.419    10.18    414   5    0     0     60.39  72.95  N/A         N/A          0.18         N/A          74.40  62.967   1.77     33.56       37.9        337      2.5      3.66          0.54    52.05     0.53    0.58    0.77    0.56    0.84     64.00   5.46    81.21   67.81   0.77    4185.20    37.55    38.73  
109  TR912TS396_3        396     60.39    100.00  109   N/A       N/A        -0.00     N/A        42.81    N/A           27.89    40.34    12.886   13.566   414   6    0     0     64.25  70.53  N/A         N/A          0.36         N/A          70.53  63.742   1.70     34.30       35          336      3.1      1.20          0.53    50.48     0.54    0.57    0.70    0.65    0.83     54.70   5.60    79.80   66.16   0.75    4067.20    66.36    N/A    
110  TR912TS060_4        060     60.39    100.00  109   N/A       N/A        -0.00     N/A        42.87    N/A           25.13    39.50    7.056    7.874    414   0    0     0     0.00   0.00   N/A         N/A          -2.52        N/A          0.00   63.812   1.69     37.35       36          332      2.7      1.57          0.53    50.24     0.53    0.56    0.84    0.57    0.87     63.30   6.35    81.03   65.24   0.78    3987.40    27.44    86.69  
111  TR912TS060_3        060     60.27    100.00  111   N/A       N/A        -0.01     N/A        43.60    N/A           25.35    39.12    8.875    9.531    414   0    0     0     0.00   0.00   N/A         N/A          -2.52        N/A          0.00   64.45    1.60     36.50       35.2        332      2.6      2.41          0.51    48.55     0.52    0.54    0.78    0.64    0.84     71.00   6.81    80.31   64.63   0.77    3987.00    39.45    85.75  
112  TR912TS073_2        073     60.09    100.00  112   N/A       N/A        -0.03     N/A        41.91    N/A           27.68    38.87    8.236    8.968    414   3    0     0     64.73  72.46  N/A         N/A          0.38         N/A          72.46  61.875   1.72     37.96       36.2        348      3.1      1.92          0.54    54.71     0.55    0.58    0.81    0.59    0.86     70.30   5.73    81.94   66.49   0.77    4056.70    37.54    82.07  
113  TR912TS393_5        393     59.90    100.00  113   N/A       N/A        -0.04     N/A        42.39    N/A           25.92    37.89    11.43    12.184   414   4    0     0     62.32  70.29  N/A         N/A          0.27         N/A          71.01  65.376   1.68     31.61       34.3        335      3        3.46          0.52    49.03     0.52    0.55    0.75    0.62    0.82     67.20   5.86    75.28   65.22   0.75    3975.50    44.90    40.57  
114  TR912TS393_3        393     59.78    100.00  114   N/A       N/A        -0.05     N/A        42.15    N/A           27.28    39.58    12.835   13.519   414   7    0     0     63.77  71.01  N/A         N/A          0.33         N/A          71.01  64.307   1.74     34.18       34.4        337      3        3.38          0.53    50.97     0.54    0.58    0.70    0.64    0.83     58.80   6.11    79.57   65.84   0.75    4048.00    65.99    39.19  
115  TR912TS396_4        396     59.66    100.00  115   N/A       N/A        -0.06     N/A        42.39    N/A           25.57    38.92    13.453   13.865   414   4    0     0     0.00   0.00   N/A         N/A          -2.52        N/A          0.00   64.585   1.80     33.20       35.2        334      3.1      1.21          0.52    51.09     0.54    0.57    0.66    0.68    0.82     56.70   6.92    78.54   66.16   0.75    4007.30    115.04   N/A    
116  TR912TS418_3        418     59.54    100.00  116   N/A       N/A        -0.07     N/A        40.28    N/A           22.26    36.05    9.645    10.246   414   15   0     0     64.49  74.40  N/A         N/A          0.37         N/A          74.40  61.024   1.76     36.50       34.2        341      2.8      5.24          0.34    52.54     0.45    0.56    0.75    0.65    0.87     34.40   5.86    79.08   60.05   0.77    3825.00    54.18    38.09  
117  TR912TS330_5        330     59.48    100.00  117   N/A       N/A        -0.08     N/A        41.49    N/A           25.03    36.73    9.897    10.775   414   2    0     0     59.18  70.53  N/A         N/A          0.13         N/A          71.01  55.046   1.95     37.23       33.1        336      3        1.62          0.51    46.38     0.53    0.52    0.69    0.67    0.80     57.36   6.58    73.81   64.01   0.76    3762.50    38.38    72.60  
118  TR912TS001_4        001     58.88    100.00  118   N/A       N/A        -0.13     N/A        41.12    N/A           24.13    36.07    10.531   11.065   414   2    0     0     59.66  71.98  N/A         N/A          0.15         N/A          71.98  62.351   1.85     36.86       36.1        340      3.1      2.45          0.53    56.04     0.56    0.57    0.73    0.60    0.86     63.30   6.92    81.15   67.97   0.76    4006.40    56.54    N/A    
119  TR912TS480_2        480     58.09    100.00  119   N/A       N/A        -0.19     N/A        39.31    N/A           22.75    35.62    9.952    10.473   414   2    0     0     63.04  74.88  N/A         N/A          0.30         N/A          74.88  61.785   1.92     37.23       37.6        343      2.8      3.20          0.53    54.71     0.53    0.58    0.69    0.61    0.84     70.80   5.99    82.42   67.63   0.77    4185.90    49.72    38.83  
120  TR912TS480_1        480     57.79    100.00  120   -0.40     N/A        -0.22     N/A        39.31    N/A           22.15    35.30    9.968    10.485   414   2    0     0     63.29  74.64  0.37        N/A          0.31         N/A          74.64  62.787   1.92     37.23       37.7        344      2.9      2.99          0.53    54.83     0.53    0.58    0.69    0.61    0.84     70.70   5.99    82.43   67.68   0.77    4175.70    49.98    38.95  
121  TR912TS081_4        081     56.94    100.00  121   N/A       N/A        -0.29     N/A        37.38    N/A           23.13    33.68    7.557    8.463    414   4    0     0     58.94  70.77  N/A         N/A          0.12         N/A          70.77  50.941   1.94     38.21       33.7        348      3.1      1.94          0.51    54.23     0.53    0.55    0.83    0.49    0.86     61.80   4.25    79.10   64.31   0.77    3776.30    21.37    83.30  
122  TR912TS330_2        330     56.28    100.00  122   N/A       N/A        -0.34     N/A        37.08    N/A           21.83    29.40    6.277    7.066    414   2    0     0     51.69  68.84  N/A         N/A          -0.21        N/A          69.81  49.004   2.06     39.06       31.7        351      3.3      1.71          0.51    56.64     0.55    0.56    0.84    0.54    0.86     61.35   6.35    76.51   65.27   0.77    3608.90    23.10    73.07  
123  TR912TS330_4        330     56.28    100.00  122   N/A       N/A        -0.34     N/A        37.32    N/A           23.43    32.51    6.274    7.033    414   3    0     0     58.45  71.98  N/A         N/A          0.10         N/A          73.19  52.947   1.97     38.09       34          354      3.2      1.44          0.52    53.50     0.54    0.55    0.85    0.49    0.86     69.13   6.92    77.42   66.14   0.78    3861.50    23.92    83.50  
124  TR912TS081_3        081     56.16    100.00  124   N/A       N/A        -0.35     N/A        36.11    N/A           22.20    32.64    7.686    8.592    414   4    0     0     37.68  43.24  N/A         N/A          -0.83        N/A          43.24  51.143   1.94     38.45       33.2        353      3.2      1.94          0.50    53.74     0.53    0.55    0.83    0.50    0.86     58.30   4.89    79.17   64.41   0.77    3735.80    21.70    83.16  
125  TR912TS081_5        081     55.80    100.00  125   N/A       N/A        -0.38     N/A        35.75    N/A           23.03    33.52    7.805    8.731    414   4    0     0     60.14  71.01  N/A         N/A          0.17         N/A          71.01  51.253   1.93     37.84       32.1        349      3.1      1.90          0.50    52.54     0.53    0.54    0.82    0.51    0.87     63.00   4.89    78.91   63.58   0.77    3632.60    23.46    81.55  
126  TR912TS330_3        330     55.44    100.00  126   N/A       N/A        -0.41     N/A        37.56    N/A           24.66    34.17    8.51     9.399    414   3    0     0     54.59  66.43  N/A         N/A          -0.08        N/A          67.87  55.543   1.83     35.64       34.3        342      3.4      1.32          0.52    52.29     0.54    0.53    0.74    0.62    0.82     66.24   6.23    75.17   65.01   0.76    3887.00    29.86    70.11  
127  TR912TS257_1        257     51.87    100.00  127   -0.95     N/A        -0.71     N/A        33.45    N/A           22.02    30.49    13.174   13.846   414   18   0     0     57.25  67.87  0.14        N/A          0.04         N/A          67.87  51.85    2.05     36.99       31.6        335      3.3      3.01          0.45    50.24     0.52    0.55    0.69    0.66    0.82     52.80   6.70    77.42   61.35   0.72    3520.40    68.37    43.78  
128  TR912TS220_5        220s    49.40    100.00  128   N/A       N/A        -0.91     -3.79      32.19    N/A           18.43    25.21    10.087   10.877   414   1    0     0     46.38  64.73  N/A         N/A          -0.44        -0.83        66.91  45.509   2.16     35.03       31.5        322      3.1      2.04          0.50    43.60     0.52    0.53    0.72    0.73    0.80     60.60   5.86    76.45   63.37   0.71    3593.90    41.21    54.24  
129  TR912TS257_5        257     43.12    100.00  129   N/A       N/A        -1.44     N/A        25.06    N/A           14.20    19.02    14.282   14.957   414   10   0     0     36.71  43.96  N/A         N/A          -0.88        N/A          62.08  41.521   2.41     35.15       23.4        321      4        2.94          0.41    47.95     0.50    0.52    0.66    0.72    0.82     50.30   6.11    73.75   54.75   0.66    2707.10    77.08    53.20  
130  TR912TS257_4        257     43.06    100.00  130   N/A       N/A        -1.44     N/A        24.58    N/A           11.38    14.17    13.527   14.201   414   7    0     0     19.08  27.05  N/A         N/A          -1.66        N/A          61.35  40.63    2.29     35.40       23          329      4.2      2.83          0.44    46.74     0.49    0.52    0.68    0.69    0.83     49.60   5.46    74.67   56.39   0.65    2671.40    71.47    55.34  
131  TR912TS257_3        257     35.81    100.00  131   N/A       N/A        -2.04     N/A        19.02    N/A           11.09    15.32    14.203   14.814   414   10   0     0     19.57  24.40  N/A         N/A          -1.64        N/A          50.48  32.19    2.56     23.91       16.2        286      4.2      2.88          0.39    41.55     0.46    0.47    0.68    0.75    0.82     46.30   4.42    70.07   51.00   0.57    1957.00    81.37    65.05  
132  TR912TS257_2        257     31.10    100.00  132   N/A       N/A        -2.43     N/A        16.06    N/A           8.97     12.70    15.129   15.732   414   7    0     0     19.32  26.33  N/A         N/A          -1.65        N/A          49.28  30.711   2.44     21.22       12.6        237      3.6      2.62          0.38    42.03     0.45    0.45    0.65    0.77    0.82     42.80   4.89    68.48   47.54   0.55    1588.50    91.06    67.91  
133  TR912TS399_1        399     5.50     100.00  133   -5.26     N/A        -4.56     N/A        2.60     N/A           0.31     1.28     30.37    30.976   414   78   0     0     0.24   0.48   -2.06       N/A          -2.51        N/A          13.77  8.136    2.71     -0.17       0           0        N/A      4.29          0.03    3.14      0.26    0.06    -0.12   2.52    0.50     16.90   1.24    21.53   20.48   0.23    N/A        1786.77  31.80  
134  TR912TS399_4        399     4.83     100.00  134   N/A       N/A        -4.62     N/A        2.60     N/A           0.31     1.28     28.842   29.317   414   93   0     0     0.72   0.97   N/A         N/A          -2.49        N/A          13.53  6.5      2.69     -0.17       0           0        N/A      4.34          0.03    3.14      0.26    0.07    -0.10   2.44    0.51     15.30   1.24    21.57   20.78   0.23    N/A        1022.07  27.68  
135  TR912TS399_5        399     4.83     100.00  134   N/A       N/A        -4.62     N/A        2.60     N/A           0.31     1.28     28.562   29.113   414   90   0     0     0.72   0.97   N/A         N/A          -2.49        N/A          13.53  6.5      2.69     -0.17       0           0        N/A      4.34          0.03    3.14      0.26    0.06    -0.11   2.48    0.51     15.90   1.24    21.49   20.43   0.21    N/A        1619.68  30.08  
136  TR912TS399_3        399     4.77     100.00  136   N/A       N/A        -4.62     N/A        2.66     N/A           0.31     1.28     30.234   30.568   414   91   0     0     0.00   0.00   N/A         N/A          -2.52        N/A          13.29  7.26     2.62     -0.17       0           0        N/A      4.41          0.03    3.14      0.26    0.06    -0.11   2.48    0.51     15.00   1.24    21.00   20.51   0.23    N/A        1551.90  27.60  
137  TR912TS399_2        399     4.71     100.00  137   N/A       N/A        -4.63     N/A        2.60     N/A           0.31     1.28     31.422   31.725   414   91   0     0     0.00   0.00   N/A         N/A          -2.52        N/A          13.29  7.26     2.62     -0.17       0           0        N/A      4.41          0.03    3.14      0.26    0.06    -0.10   2.43    0.51     15.00   1.24    21.05   20.51   0.23    N/A        1051.81  23.20  

