#    Model               GR#     GDT_TS   NP_P    RANK  Z-M1-GDT  Z-M1s-GDT  Z-MA-GDT  Z-MAs-GDT  GDT_HA   Z-M1s-GDT-HA  GDC_SC   GDC_ALL  RMS_CA   RMS_ALL  NP    err  PC01  PC05  AL0_P  AL4_P  Z-M1-AL0_p  Z-M1s-AL0_p  Z-MA-AL0_p   Z-MAs-AL0_p  ALI_P  LGA_S    RMSD[L]  Z-score[M]  Z-Score[D]  Al.Res.  RMSD[D]  MolPrb_Score  LDDT    SphGr     CAD_AA  RPF     CODM    DFM     Handed.  SOV     CE      QCS     CONTS   TMscore  Dali(raw)  FlexE    QSE    

-    Starting model      -       66.20    -       -     -         -          -         -          46.01    -             29.81    -        5.03     6.12     -     -    -     -     -      -      -           -            -            -            -      -        -        36.93       33.70       303      2.50     1.32          0.56    62.13     0.59    0.62    0.90    0.41    0.90     78.10   7.24    81.41   68.34   0.83     3620.70    14.02    -      

1    TR913TS220_3        220s    69.97    100.00  1     N/A       N/A        0.76      2.41       50.96    N/A           33.94    45.58    4.707    5.765    338   0    0     0     68.93  83.73  N/A         N/A          0.66         1.78         84.91  74.931   1.75     37.19       36.1        315      2.6      2.21          0.59    65.68     0.62    0.64    0.92    0.37    0.91     80.10   7.34    82.90   70.97   0.85    3865.90    12.17    38.65  
2    TR913TS450_5        450     69.97    100.00  1     N/A       N/A        0.76      N/A        50.81    N/A           34.27    45.93    4.239    5.247    338   0    0     0     68.64  84.32  N/A         N/A          0.64         N/A          85.21  75.597   1.77     38.23       37.2        314      2.4      2.07          0.59    64.94     0.61    0.63    0.93    0.35    0.91     81.00   7.34    83.58   72.59   0.86    3978.50    10.22    37.63  
3    TR913TS450_2        450     69.90    100.00  3     N/A       N/A        0.75      N/A        50.88    N/A           33.23    45.62    4.19     5.181    338   0    0     0     69.23  83.43  N/A         N/A          0.68         N/A          84.62  79.207   1.74     37.84       37          315      2.5      1.90          0.59    68.20     0.62    0.64    0.93    0.34    0.91     82.50   7.44    83.55   72.67   0.86    3962.00    9.29     37.88  
4    TR913TS450_4        450     69.75    100.00  4     N/A       N/A        0.74      N/A        50.67    N/A           32.69    45.41    4.18     5.252    338   0    0     0     69.82  83.73  N/A         N/A          0.72         N/A          85.21  74.909   1.75     36.93       36.5        313      2.4      2.12          0.59    67.31     0.62    0.64    0.93    0.35    0.91     81.20   7.44    83.51   72.37   0.85    3903.70    9.49     37.71  
5    TR913TS023_5        023     69.53    100.00  5     N/A       N/A        0.72      N/A        49.26    N/A           32.45    43.67    3.528    4.364    338   0    0     0     68.93  86.69  N/A         N/A          0.66         N/A          87.28  77.725   1.84     38.88       36.5        317      2.5      1.12          0.60    68.64     0.62    0.65    0.94    0.35    0.92     81.90   7.54    84.46   71.35   0.87    3902.90    8.14     34.71  
6    TR913TS450_3        450     69.53    100.00  5     N/A       N/A        0.72      N/A        50.81    N/A           33.39    45.52    4.219    5.172    338   0    0     0     67.75  84.02  N/A         N/A          0.58         N/A          85.50  73.961   1.78     37.84       36.6        313      2.4      2.36          0.59    66.72     0.62    0.64    0.93    0.34    0.91     81.50   7.44    82.76   72.11   0.85    3921.30    9.62     37.87  
7    TR913TS011_4        011     69.38    100.00  7     N/A       N/A        0.71      N/A        50.74    N/A           32.18    45.11    4.532    5.593    338   0    0     0     69.23  83.73  N/A         N/A          0.68         N/A          84.32  77.584   1.81     37.71       36.2        314      2.5      1.67          0.58    65.83     0.61    0.63    0.92    0.36    0.91     80.70   7.34    83.71   71.75   0.85    3881.70    10.68    38.24  
8    TR913TS023_3        023     69.16    100.00  8     N/A       N/A        0.69      N/A        48.74    N/A           32.72    43.62    3.669    4.496    338   0    0     0     67.75  86.69  N/A         N/A          0.58         N/A          87.57  73.776   1.85     38.88       36.5        322      2.6      1.03          0.60    68.93     0.62    0.65    0.93    0.35    0.91     82.60   7.44    82.99   71.32   0.86    3913.40    9.15     34.88  
9    TR913TS450_1        450     69.08    100.00  9     0.67      N/A        0.69      N/A        50.08    N/A           33.10    44.62    4.195    5.147    338   0    0     0     68.05  83.43  0.59        N/A          0.60         N/A          84.91  77.134   1.79     38.10       35.8        313      2.5      1.75          0.59    66.27     0.62    0.64    0.93    0.35    0.91     81.20   7.54    82.92   71.18   0.85    3834.00    9.70     38.20  
10   TR913TS220_1        220s    69.08    100.00  9     0.67      1.55       0.69      1.65       50.08    1.58          33.10    44.62    4.195    5.147    338   0    0     0     68.05  83.43  0.59        0.99         0.60         1.15         84.91  77.134   1.79     38.10       35.8        313      2.5      1.75          0.59    66.27     0.62    0.64    0.93    0.35    0.91     81.20   7.54    82.92   71.18   0.85    3834.00    9.70     38.20  
11   TR913TS023_1        023     68.94    100.00  11    0.66      N/A        0.68      N/A        48.82    N/A           31.25    43.23    4.653    5.506    338   0    0     0     68.34  84.91  0.61        N/A          0.62         N/A          85.50  72.476   1.85     38.36       35.9        315      2.5      1.03          0.60    67.90     0.62    0.65    0.91    0.35    0.90     82.80   7.44    83.11   71.23   0.85    3849.80    9.32     35.45  
12   TR913TS011_3        011     68.86    100.00  12    N/A       N/A        0.67      N/A        49.33    N/A           31.71    44.46    4.589    5.641    338   0    0     0     67.16  83.73  N/A         N/A          0.54         N/A          84.62  77.76    1.76     37.58       36.2        314      2.6      2.20          0.58    65.24     0.61    0.63    0.92    0.35    0.91     80.00   7.34    82.70   71.15   0.85    3868.20    11.35    38.23  
13   TR913TS011_2        011     68.64    100.00  13    N/A       N/A        0.65      N/A        49.34    N/A           30.93    43.65    4.561    5.582    338   0    0     0     67.75  84.32  N/A         N/A          0.58         N/A          84.91  73.694   1.85     37.84       35.4        314      2.6      2.02          0.58    64.05     0.61    0.63    0.92    0.37    0.91     83.10   7.34    83.05   71.14   0.85    3799.90    10.26    39.09  
14   TR913TS011_5        011     68.64    100.00  13    N/A       N/A        0.65      N/A        49.26    N/A           32.01    44.07    4.315    5.298    338   0    0     0     68.05  84.02  N/A         N/A          0.60         N/A          84.91  73.97    1.83     37.45       35.7        314      2.5      2.23          0.58    65.24     0.61    0.62    0.93    0.36    0.91     83.00   7.34    82.97   70.80   0.85    3824.90    10.56    38.56  
15   TR913TS011_1        011     68.49    100.00  15    0.62      N/A        0.64      N/A        49.41    N/A           32.29    44.56    4.58     5.632    338   0    0     0     67.46  83.43  0.54        N/A          0.56         N/A          84.32  73.544   1.84     37.58       36          313      2.5      1.61          0.58    65.83     0.61    0.63    0.92    0.37    0.91     84.00   7.44    82.75   71.26   0.85    3852.00    11.19    38.79  
16   TR913TS220_4        220s    68.49    100.00  15    N/A       N/A        0.64      1.15       49.41    N/A           32.29    44.56    4.58     5.632    338   0    0     0     67.46  83.43  N/A         N/A          0.56         0.72         84.32  73.544   1.84     37.58       36          313      2.5      1.61          0.58    65.83     0.61    0.63    0.92    0.37    0.91     84.00   7.44    82.75   71.26   0.85    3852.00    11.19    38.79  
17   TR913TS250_5        250s    67.83    100.00  17    N/A       N/A        0.59      0.59       48.30    N/A           32.01    42.74    4.354    5.424    338   0    0     0     67.46  85.50  N/A         N/A          0.56         0.72         86.39  76.049   1.88     37.84       35.5        311      2.4      1.15          0.58    64.50     0.61    0.63    0.92    0.38    0.91     80.00   7.54    83.00   70.34   0.85    3805.00    10.08    37.87  
18   TR913TS023_2        023     67.68    100.00  18    N/A       N/A        0.58      N/A        47.26    N/A           32.35    43.48    4.369    5.291    338   0    0     0     66.86  84.91  N/A         N/A          0.52         N/A          86.09  73.047   1.81     37.58       35.5        313      2.6      1.22          0.59    66.42     0.62    0.64    0.92    0.37    0.90     81.40   7.34    83.04   71.06   0.85    3799.90    9.42     36.48  
19   TR913TS204_3        204     67.68    100.00  18    N/A       N/A        0.58      N/A        48.52    N/A           32.21    43.06    5.015    6.041    338   0    0     0     66.27  83.43  N/A         N/A          0.48         N/A          84.02  72.278   1.85     37.19       34.8        306      2.6      1.09          0.58    62.57     0.60    0.63    0.91    0.40    0.91     71.50   7.34    82.32   69.80   0.83    3716.30    13.31    N/A    
20   TR913TS250_1        250s    67.60    100.00  20    0.54      0.20       0.57      0.40       47.78    -0.11         31.84    42.77    4.331    5.401    338   0    0     0     67.75  85.80  0.56        0.80         0.58         0.93         86.69  73.205   1.89     37.97       35.5        311      2.4      1.17          0.58    64.94     0.61    0.63    0.92    0.38    0.91     82.90   7.54    82.98   70.35   0.85    3802.40    10.01    37.92  
21   TR913TS324_5        324     67.60    100.00  20    N/A       N/A        0.57      N/A        47.34    N/A           27.91    41.22    5.1      6.051    338   0    0     0     65.98  82.84  N/A         N/A          0.46         N/A          83.43  72.297   1.77     37.58       34.5        312      2.6      2.59          0.57    64.05     0.59    0.63    0.90    0.39    0.90     77.40   7.24    81.06   68.62   0.84    3702.80    13.80    31.96  
22   TR913TS204_1        204     67.46    100.00  22    0.53      N/A        0.56      N/A        48.30    N/A           31.37    42.80    5.02     6.051    338   0    0     0     65.38  82.25  0.39        N/A          0.42         N/A          82.84  72.005   1.83     37.45       34.6        305      2.5      1.11          0.57    62.43     0.61    0.62    0.91    0.41    0.91     73.70   7.34    82.29   69.63   0.83    3699.70    13.31    N/A    
23   TR913TS023_4        023     67.38    100.00  23    N/A       N/A        0.56      N/A        47.34    N/A           32.36    43.60    4.81     5.925    338   0    0     0     67.16  84.02  N/A         N/A          0.54         N/A          85.50  72.749   1.81     37.32       35.2        309      2.5      1.13          0.59    65.38     0.62    0.64    0.91    0.38    0.90     80.30   7.34    83.07   70.82   0.84    3772.90    10.55    36.81  
24   TR913TS208_1        208     67.31    100.00  24    0.52      N/A        0.55      N/A        48.15    N/A           32.58    42.95    4.959    6.041    338   2    0     0     67.16  84.32  0.52        N/A          0.54         N/A          84.91  75.548   1.84     37.45       35.3        310      2.5      2.05          0.58    61.39     0.61    0.63    0.91    0.40    0.90     77.50   7.34    82.21   70.24   0.84    3784.20    12.94    40.01  
25   TR913TS208_4        208     67.31    100.00  24    N/A       N/A        0.55      N/A        48.00    N/A           33.25    43.13    4.951    6.057    338   2    0     0     66.86  84.32  N/A         N/A          0.52         N/A          84.91  75.614   1.84     36.93       35.3        310      2.5      1.62          0.58    61.98     0.60    0.63    0.91    0.40    0.90     78.70   7.34    82.22   70.44   0.84    3787.50    12.90    39.95  
26   TR913TS250_4        250s    67.31    100.00  24    N/A       N/A        0.55      0.15       47.41    N/A           31.15    41.74    4.366    5.468    338   0    0     0     65.09  85.80  N/A         N/A          0.40         -0.99        86.09  75.069   1.87     37.84       35.4        312      2.4      1.03          0.58    64.94     0.61    0.63    0.92    0.38    0.91     82.70   7.44    83.17   70.19   0.85    3783.10    10.18    38.29  
27   TR913TS208_3        208     67.31    100.00  24    N/A       N/A        0.55      N/A        48.30    N/A           33.44    43.64    4.966    6.062    338   2    0     0     67.16  84.02  N/A         N/A          0.54         N/A          84.62  76.464   1.85     36.80       35.3        308      2.5      1.98          0.58    61.83     0.60    0.63    0.91    0.40    0.90     78.70   7.34    82.24   70.32   0.84    3786.70    13.08    39.97  
28   TR913TS208_2        208     67.16    100.00  28    N/A       N/A        0.54      N/A        47.56    N/A           32.19    43.06    4.948    6.036    338   2    0     0     67.16  84.62  N/A         N/A          0.54         N/A          85.21  71.848   1.85     36.93       35.2        310      2.5      1.81          0.58    61.09     0.61    0.63    0.91    0.40    0.90     77.10   7.34    82.12   70.19   0.84    3776.80    12.81    40.02  
29   TR913TS250_3        250s    67.09    100.00  29    N/A       N/A        0.53      -0.04      47.49    N/A           31.75    41.77    4.424    5.595    338   0    0     0     65.09  82.84  N/A         N/A          0.40         -0.99        83.73  70.783   1.85     37.71       34.5        309      2.6      1.12          0.58    61.98     0.61    0.62    0.92    0.38    0.91     80.40   7.34    84.44   69.81   0.84    3702.80    9.69     39.18  
30   TR913TS208_5        208     67.09    100.00  29    N/A       N/A        0.53      N/A        47.34    N/A           32.45    43.04    4.951    6.042    338   2    0     0     67.16  84.32  N/A         N/A          0.54         N/A          84.91  71.619   1.88     37.58       35.1        310      2.5      1.80          0.58    61.39     0.61    0.63    0.91    0.40    0.90     76.90   7.34    82.07   70.29   0.84    3764.10    12.72    40.07  
31   TR913TS324_3        324     66.94    100.00  31    N/A       N/A        0.52      N/A        46.45    N/A           28.14    40.73    4.175    5.018    338   0    0     0     64.50  83.73  N/A         N/A          0.36         N/A          84.32  70.537   1.87     38.36       34.6        316      2.6      2.64          0.57    65.53     0.59    0.63    0.92    0.38    0.91     75.30   7.34    81.61   69.22   0.84    3718.50    13.11    32.11  
32   TR913TS102_1        102     66.94    100.00  31    0.48      N/A        0.52      N/A        48.08    N/A           29.94    40.75    5.027    5.983    338   7    0     0     67.16  83.14  0.52        N/A          0.54         N/A          83.73  64.015   1.91     36.93       34.1        304      2.5      1.65          0.57    61.98     0.59    0.62    0.91    0.42    0.90     69.99   7.34    81.85   69.34   0.83    3652.10    13.95    N/A    
33   TR913TS220_2        220s    66.94    100.00  31    N/A       N/A        0.52      -0.16      46.74    N/A           30.09    41.18    3.833    4.788    338   1    0     0     68.64  84.91  N/A         N/A          0.64         1.57         85.50  63.621   1.93     37.97       34.2        321      2.9      2.08          0.57    64.20     0.60    0.62    0.93    0.36    0.92     80.80   7.24    82.71   68.97   0.85    3664.00    9.39     38.31  
34   TR913TS001_1        001     66.86    100.00  34    0.48      N/A        0.51      N/A        47.48    N/A           29.40    41.94    5.142    6.153    338   2    0     0     66.27  81.95  0.45        N/A          0.48         N/A          82.54  71.726   1.83     36.67       34.2        310      2.6      3.01          0.57    61.39     0.59    0.62    0.91    0.41    0.90     76.47   7.34    82.04   68.85   0.83    3676.80    12.06    N/A    
35   TR913TS250_2        250s    66.79    100.00  35    N/A       N/A        0.51      -0.29      47.04    N/A           30.98    41.81    4.475    5.65     338   0    0     0     65.68  83.43  N/A         N/A          0.44         -0.56        84.62  64.058   1.84     37.32       34.6        310      2.6      1.12          0.57    61.83     0.60    0.62    0.92    0.38    0.91     77.90   7.44    84.30   69.54   0.84    3720.20    9.76     39.30  
36   TR913TS324_1        324     66.72    100.00  36    0.46      N/A        0.50      N/A        46.38    N/A           28.43    40.13    5.057    5.976    338   0    0     0     65.09  82.84  0.36        N/A          0.40         N/A          83.43  71.499   1.77     37.84       34.3        313      2.7      2.70          0.57    64.94     0.59    0.63    0.90    0.39    0.90     75.00   7.24    80.96   68.74   0.83    3688.50    14.47    32.67  
37   TR913TS273_1        273     66.72    100.00  36    0.46      N/A        0.50      N/A        47.19    N/A           28.68    41.22    5.007    6.058    338   2    0     0     66.57  82.84  0.47        N/A          0.50         N/A          83.43  70.768   1.82     36.54       34.3        305      2.5      2.39          0.56    61.98     0.60    0.62    0.91    0.41    0.90     75.40   7.24    81.55   68.97   0.83    3683.60    13.70    N/A    
38   TR913TS247_3        247     66.72    100.00  36    N/A       N/A        0.50      N/A        48.82    N/A           30.59    42.24    4.831    5.795    338   1    0     0     61.83  84.02  N/A         N/A          0.18         N/A          84.02  63.395   1.92     37.84       34.6        309      2.4      1.10          0.57    61.09     0.59    0.62    0.91    0.39    0.90     79.10   7.24    82.29   68.38   0.84    3711.40    11.85    N/A    
39   TR913TS247_5        247     66.72    100.00  36    N/A       N/A        0.50      N/A        48.45    N/A           31.89    41.50    4.607    5.655    338   2    0     0     63.91  81.07  N/A         N/A          0.32         N/A          81.95  62.178   1.87     37.58       33.8        310      2.6      1.19          0.58    63.91     0.61    0.62    0.92    0.38    0.91     78.60   7.44    83.84   69.37   0.84    3639.80    10.30    N/A    
40   TR913TS324_2        324     66.64    100.00  40    N/A       N/A        0.50      N/A        46.30    N/A           29.17    40.68    5.018    5.936    338   0    0     0     64.79  82.84  N/A         N/A          0.38         N/A          83.43  70.973   1.79     38.23       34.3        313      2.7      2.94          0.57    65.24     0.59    0.64    0.90    0.39    0.90     75.30   7.34    80.95   68.75   0.83    3681.50    14.34    32.65  
41   TR913TS396_3        396     66.57    100.00  41    N/A       N/A        0.49      N/A        46.08    N/A           29.27    40.43    4.714    5.603    338   1    0     0     67.16  81.36  N/A         N/A          0.54         N/A          82.25  63.657   1.83     37.45       32.8        306      2.6      1.14          0.56    64.79     0.59    0.62    0.91    0.38    0.91     81.40   7.24    81.70   69.09   0.84    3528.30    12.94    N/A    
42   TR913TS001_2        001     66.57    100.00  41    N/A       N/A        0.49      N/A        46.89    N/A           29.58    41.55    4.828    5.762    338   1    0     0     67.46  83.73  N/A         N/A          0.56         N/A          84.02  70.682   1.87     36.93       34          307      2.5      2.63          0.57    62.43     0.59    0.62    0.91    0.40    0.90     80.96   7.34    82.36   69.07   0.84    3650.60    10.15    N/A    
43   TR913TS446_1        446s    66.57    100.00  41    0.45      -0.74      0.49      -0.48      46.30    -1.20         30.07    41.03    5.024    6.115    338   0    0     0     63.91  82.25  0.28        -1.52        0.32         -1.84        82.84  63.802   1.88     37.19       33.9        303      2.4      0.91          0.57    62.28     0.59    0.62    0.91    0.41    0.90     79.70   7.24    81.41   68.63   0.83    3645.20    13.90    80.88  
44   TR913TS393_3        393     66.49    100.00  44    N/A       N/A        0.49      N/A        46.30    N/A           29.45    40.02    4.68     5.56     338   1    0     0     67.75  81.95  N/A         N/A          0.58         N/A          82.84  70.657   1.87     37.71       33.3        309      2.6      3.11          0.56    64.94     0.58    0.62    0.91    0.38    0.91     78.10   7.34    81.71   68.92   0.84    3606.40    13.00    32.14  
45   TR913TS412_4        412     66.49    100.00  44    N/A       N/A        0.49      N/A        46.15    N/A           28.41    40.42    5.03     6.097    338   2    0     0     64.50  82.84  N/A         N/A          0.36         N/A          83.43  63.382   1.88     36.41       33.6        303      2.5      1.13          0.55    60.95     0.59    0.61    0.90    0.41    0.90     77.67   7.24    81.50   68.20   0.83    3616.70    14.16    40.34  
46   TR913TS204_5        204     66.42    100.00  46    N/A       N/A        0.48      N/A        46.38    N/A           29.33    40.85    5.023    6.1      338   0    0     0     64.50  83.14  N/A         N/A          0.36         N/A          83.73  70.547   1.88     37.06       33.8        303      2.4      0.96          0.56    62.28     0.59    0.62    0.91    0.40    0.90     68.70   7.24    81.43   68.16   0.83    3635.30    13.95    N/A    
47   TR913TS430_3        430s    66.42    100.00  46    N/A       N/A        0.48      -0.60      47.41    N/A           28.37    41.30    5.015    6.154    338   1    0     0     65.98  82.84  N/A         N/A          0.46         -0.34        83.43  63.772   1.86     36.80       34          304      2.5      1.66          0.56    60.95     0.60    0.61    0.91    0.41    0.91     78.60   7.24    82.11   69.02   0.83    3639.40    13.65    39.46  
48   TR913TS294_1        294     66.35    100.00  48    0.43      N/A        0.47      N/A        46.30    N/A           28.39    40.02    4.995    6.053    338   0    0     0     64.50  82.84  0.32        N/A          0.36         N/A          83.43  70.739   1.89     36.67       33.8        301      2.4      2.12          0.56    62.72     0.59    0.62    0.90    0.41    0.90     77.40   7.24    81.65   68.72   0.83    3630.70    14.17    32.94  
49   TR913TS430_1        430s    66.27    100.00  49    0.43      -1.01      0.47      -0.73      47.56    -0.27         27.76    41.18    5.017    6.151    338   1    0     0     65.98  83.14  0.43        -0.27        0.46         -0.34        83.73  70.793   1.85     36.67       34          304      2.5      1.76          0.56    60.80     0.60    0.61    0.91    0.41    0.90     77.40   7.24    81.94   68.89   0.83    3636.00    13.65    39.50  
50   TR913TS430_5        430s    66.20    100.00  50    N/A       N/A        0.46      -0.79      47.63    N/A           28.08    40.86    5.025    6.174    338   1    0     0     65.68  83.43  N/A         N/A          0.44         -0.56        84.02  70.598   1.87     36.80       33.7        306      2.6      1.24          0.56    60.65     0.59    0.61    0.91    0.42    0.90     75.90   7.24    81.68   68.64   0.83    3618.20    13.77    39.63  
51   TR913TS430_4        430s    66.12    100.00  51    N/A       N/A        0.46      -0.86      47.48    N/A           28.07    40.77    5.017    6.173    338   1    0     0     65.68  83.14  N/A         N/A          0.44         -0.56        83.73  63.97    1.85     36.80       33.8        304      2.5      1.35          0.56    60.36     0.59    0.60    0.91    0.41    0.90     75.90   7.24    81.94   68.67   0.83    3631.50    13.77    39.60  
52   TR913TS396_1        396     66.05    100.00  52    0.41      N/A        0.45      N/A        45.93    N/A           30.15    40.83    5.035    6.106    338   2    0     0     64.20  82.54  0.30        N/A          0.34         N/A          83.14  63.323   1.87     36.93       33.6        302      2.4      1.10          0.56    62.13     0.59    0.62    0.90    0.41    0.90     78.10   7.24    81.38   68.29   0.83    3616.70    14.08    N/A    
53   TR913TS412_2        412     66.05    100.00  52    N/A       N/A        0.45      N/A        45.78    N/A           28.63    40.43    5.045    6.074    338   2    0     0     63.61  82.54  N/A         N/A          0.30         N/A          83.14  63.356   1.84     37.19       33.6        303      2.5      1.27          0.55    61.54     0.59    0.61    0.90    0.41    0.90     77.67   7.24    81.13   68.12   0.83    3610.70    14.30    40.40  
54   TR913TS396_2        396     66.05    100.00  52    N/A       N/A        0.45      N/A        46.01    N/A           30.09    40.81    5.036    6.107    338   2    0     0     64.20  82.54  N/A         N/A          0.34         N/A          83.14  63.822   1.86     36.93       32.9        303      2.5      1.00          0.56    62.13     0.59    0.62    0.90    0.41    0.90     78.10   7.24    81.38   68.29   0.83    3612.80    14.09    N/A    
55   TR913TS430_2        430s    66.05    100.00  52    N/A       N/A        0.45      -0.92      47.63    N/A           28.69    41.20    5.018    6.159    338   1    0     0     65.38  83.14  N/A         N/A          0.42         -0.78        83.73  63.657   1.88     36.67       33.9        304      2.5      1.65          0.56    60.95     0.59    0.61    0.91    0.41    0.90     75.90   7.24    81.71   68.67   0.83    3623.80    13.70    39.56  
56   TR913TS102_2        102     66.05    100.00  52    N/A       N/A        0.45      N/A        47.93    N/A           29.45    40.06    4.945    5.942    338   9    0     0     66.57  83.14  N/A         N/A          0.50         N/A          83.73  62.946   1.98     36.93       32.9        308      2.6      1.39          0.56    60.21     0.59    0.61    0.91    0.41    0.90     72.19   7.34    81.63   68.56   0.83    3541.10    14.05    N/A    
57   TR913TS017_4        017     66.05    100.00  52    N/A       N/A        0.45      N/A        45.93    N/A           30.30    40.90    4.999    6.096    338   1    0     0     64.79  82.54  N/A         N/A          0.38         N/A          83.14  63.665   1.86     36.54       33.8        302      2.4      1.90          0.56    62.57     0.59    0.63    0.91    0.40    0.90     79.70   7.24    81.34   68.42   0.83    3630.50    13.98    90.86  
58   TR913TS017_3        017     65.98    100.00  58    N/A       N/A        0.45      N/A        45.86    N/A           30.41    40.93    5        6.097    338   1    0     0     64.79  82.54  N/A         N/A          0.38         N/A          83.14  63.556   1.89     36.54       33.7        302      2.4      1.93          0.56    62.57     0.59    0.63    0.91    0.40    0.90     79.70   7.24    81.33   68.40   0.83    3629.20    13.99    90.85  
59   TR913TS412_5        412     65.98    100.00  58    N/A       N/A        0.45      N/A        46.08    N/A           29.50    41.04    5.05     6.166    338   2    0     0     65.68  82.84  N/A         N/A          0.44         N/A          83.43  63.477   1.84     37.06       33.7        302      2.4      0.93          0.56    61.24     0.59    0.61    0.90    0.41    0.90     77.67   7.24    81.41   68.27   0.83    3623.50    14.22    40.21  
60   TR913TS412_3        412     65.98    100.00  58    N/A       N/A        0.45      N/A        45.56    N/A           28.84    40.30    5.023    6.115    338   2    0     0     64.50  82.54  N/A         N/A          0.36         N/A          83.14  63.456   1.86     36.41       33.5        302      2.4      1.22          0.55    61.09     0.59    0.61    0.90    0.41    0.90     77.67   7.24    81.32   68.04   0.83    3601.90    14.15    40.42  
61   TR913TS073_5        073     65.90    100.00  61    N/A       N/A        0.44      N/A        45.78    N/A           30.19    40.71    5.018    6.116    338   2    0     0     64.79  82.84  N/A         N/A          0.38         N/A          83.43  63.342   1.86     37.06       33.7        304      2.5      2.21          0.56    62.13     0.59    0.62    0.91    0.40    0.90     78.10   7.24    81.43   68.35   0.83    3623.20    13.89    87.41  
62   TR913TS001_3        001     65.90    100.00  61    N/A       N/A        0.44      N/A        45.78    N/A           29.12    40.05    4.898    5.815    338   1    0     0     65.98  83.43  N/A         N/A          0.46         N/A          83.73  61.948   1.95     37.32       33.1        308      2.6      2.00          0.56    61.83     0.59    0.61    0.91    0.41    0.90     73.38   7.24    81.81   68.03   0.83    3563.60    10.81    N/A    
63   TR913TS412_1        412     65.90    100.00  61    0.39      N/A        0.44      N/A        45.71    N/A           28.70    40.79    5.047    6.13     338   2    0     0     64.20  82.54  0.30        N/A          0.34         N/A          83.14  63.618   1.82     36.41       33.7        302      2.4      1.24          0.56    61.54     0.59    0.61    0.90    0.41    0.90     77.67   7.24    81.33   68.23   0.83    3625.40    14.18    40.28  
64   TR913TS001_5        001     65.83    100.00  64    N/A       N/A        0.43      N/A        46.67    N/A           28.26    40.81    5.341    6.234    338   1    0     0     66.57  81.95  N/A         N/A          0.50         N/A          82.54  70.957   1.88     36.28       33.6        300      2.4      2.79          0.55    59.62     0.59    0.61    0.89    0.42    0.89     72.39   7.24    80.67   67.87   0.82    3604.20    12.67    N/A    
65   TR913TS324_4        324     65.68    100.00  65    N/A       N/A        0.42      N/A        45.63    N/A           27.97    40.21    5.618    6.706    338   0    0     0     64.20  81.66  N/A         N/A          0.34         N/A          82.25  70.093   1.83     36.67       33.4        302      2.6      2.61          0.56    61.54     0.59    0.63    0.90    0.42    0.89     76.90   7.24    80.71   67.95   0.82    3590.50    15.18    33.45  
66   TR913TS393_1        393     65.61    100.00  66    0.37      N/A        0.42      N/A        45.34    N/A           27.65    39.15    5.018    6.122    338   2    0     0     63.91  82.54  0.28        N/A          0.32         N/A          83.14  63.661   1.90     36.54       33          302      2.4      3.20          0.56    60.65     0.58    0.61    0.90    0.41    0.90     75.50   7.24    81.17   68.07   0.83    3617.50    14.04    33.34  
67   TR913TS001_4        001     65.53    100.00  67    N/A       N/A        0.41      N/A        45.94    N/A           26.54    39.06    5.123    6.057    338   1    0     0     67.16  82.54  N/A         N/A          0.54         N/A          82.54  62.869   1.88     36.54       33          301      2.4      2.25          0.55    59.47     0.57    0.59    0.90    0.42    0.89     72.29   7.24    80.88   66.88   0.83    3551.80    11.71    N/A    
68   TR913TS102_3        102     65.46    100.00  68    N/A       N/A        0.40      N/A        46.01    N/A           28.18    39.87    5.056    5.987    338   2    0     0     65.38  82.25  N/A         N/A          0.42         N/A          82.84  60.823   1.91     37.58       32.8        306      2.6      2.48          0.54    61.83     0.58    0.61    0.91    0.44    0.90     78.77   7.13    80.61   67.87   0.82    3534.90    14.41    80.59  
69   TR913TS247_4        247     65.46    100.00  68    N/A       N/A        0.40      N/A        46.37    N/A           30.72    40.26    4.107    4.994    338   1    0     0     63.61  82.84  N/A         N/A          0.30         N/A          83.73  62.494   1.89     37.71       33.8        312      2.8      1.18          0.57    63.17     0.59    0.62    0.93    0.39    0.91     78.90   7.34    82.37   68.72   0.84    3615.40    9.75     N/A    
70   TR913TS220_5        220s    65.39    100.00  70    N/A       N/A        0.40      -1.48      45.49    N/A           30.63    41.94    4.564    5.327    338   0    0     0     66.57  82.25  N/A         N/A          0.50         0.08         83.14  70.859   1.88     37.58       34.2        308      2.6      2.01          0.57    64.20     0.60    0.62    0.91    0.38    0.90     81.80   7.24    82.65   69.05   0.84    3672.70    13.40    38.62  
71   TR913TS480_2        480     65.31    100.00  71    N/A       N/A        0.39      N/A        45.05    N/A           24.14    39.18    4.621    5.6      338   2    0     0     65.98  83.43  N/A         N/A          0.46         N/A          84.02  64.104   1.91     37.19       33.9        306      2.5      3.27          0.55    60.80     0.57    0.62    0.91    0.39    0.91     70.00   7.34    81.78   68.27   0.83    3640.30    13.70    32.72  
72   TR913TS247_1        247     65.31    100.00  71    0.34      N/A        0.39      N/A        47.27    N/A           32.71    40.89    5.035    5.991    338   0    0     0     64.20  81.95  0.30        N/A          0.34         N/A          83.14  65.149   1.89     36.28       34          305      2.4      1.32          0.57    60.06     0.60    0.60    0.90    0.42    0.90     76.80   7.24    84.35   67.68   0.83    3633.30    12.31    N/A    
73   TR913TS102_5        102     65.24    100.00  73    N/A       N/A        0.39      N/A        45.19    N/A           28.22    39.76    5.035    5.973    338   2    0     0     65.98  81.95  N/A         N/A          0.46         N/A          82.54  60.27    1.91     36.67       32.5        305      2.7      1.93          0.54    60.06     0.58    0.60    0.91    0.43    0.90     72.48   7.13    81.16   67.50   0.83    3490.00    14.45    80.91  
74   TR913TS081_2        081     65.24    100.00  73    N/A       N/A        0.39      N/A        44.60    N/A           28.39    39.88    5.066    6.129    338   2    0     0     63.91  81.66  N/A         N/A          0.32         N/A          82.25  62.11    1.96     36.80       32.6        304      2.6      0.91          0.56    60.95     0.59    0.61    0.91    0.42    0.91     76.60   7.24    81.20   67.40   0.82    3515.40    14.11    78.14  
75   TR913TS188_1        188     65.16    100.00  75    0.33      N/A        0.38      N/A        44.97    N/A           26.90    39.50    5.053    6.213    338   1    0     0     63.02  82.54  0.21        N/A          0.26         N/A          83.14  69.559   1.90     36.41       33.1        304      2.5      2.70          0.54    60.36     0.57    0.60    0.90    0.41    0.90     73.70   7.34    80.85   67.31   0.83    3549.60    14.19    N/A    
76   TR913TS073_3        073     64.28    100.00  76    N/A       N/A        0.31      N/A        43.49    N/A           29.54    39.88    5.472    6.587    338   2    0     0     63.31  82.54  N/A         N/A          0.28         N/A          83.14  62.364   1.87     36.67       33.3        303      2.5      1.51          0.55    59.76     0.58    0.61    0.89    0.41    0.90     78.50   7.34    81.21   67.69   0.83    3583.20    14.24    86.98  
77   TR913TS418_3        418     64.28    100.00  76    N/A       N/A        0.31      N/A        43.86    N/A           22.55    37.54    5.134    6.307    338   3    0     0     61.24  82.25  N/A         N/A          0.14         N/A          82.84  63.059   1.89     36.41       32.5        305      2.6      3.82          0.53    59.62     0.55    0.60    0.90    0.41    0.90     75.80   7.13    80.69   66.35   0.82    3507.30    14.24    41.37  
78   TR913TS295_5        295     64.13    100.00  78    N/A       N/A        0.30      N/A        43.49    N/A           25.54    37.95    4.367    5.456    338   0    0     0     64.79  81.07  N/A         N/A          0.38         N/A          81.36  59.518   1.95     36.02       31.4        304      2.8      3.04          0.48    60.50     0.55    0.59    0.91    0.42    0.90     70.50   7.13    82.04   65.74   0.83    3394.00    11.80    N/A    
79   TR913TS060_3        060     64.05    100.00  79    N/A       N/A        0.29      N/A        43.72    N/A           25.74    37.87    4.973    5.862    338   0    0     0     63.31  80.18  N/A         N/A          0.28         N/A          80.77  59.805   1.95     36.15       31.2        300      2.7      1.39          0.53    61.24     0.56    0.57    0.91    0.44    0.90     75.40   7.13    80.76   66.12   0.81    3370.90    12.19    84.67  
80   TR913TS060_1        060     63.98    100.00  80    0.23      N/A        0.29      N/A        43.64    N/A           23.98    37.37    5.574    6.545    338   0    0     0     63.61  81.07  0.25        N/A          0.30         N/A          81.66  60.157   1.99     36.28       31.3        305      2.7      1.46          0.53    58.58     0.56    0.56    0.88    0.48    0.89     76.10   7.34    80.44   65.08   0.82    3377.70    17.23    85.91  
81   TR913TS187_2        187     63.91    100.00  81    N/A       N/A        0.28      N/A        42.90    N/A           24.55    37.45    4.315    5.41     338   0    0     0     64.20  82.84  N/A         N/A          0.34         N/A          83.14  60.625   1.96     36.15       32.1        311      2.9      3.19          0.48    60.50     0.55    0.60    0.91    0.40    0.91     67.50   7.24    81.97   65.61   0.83    3465.90    13.22    N/A    
82   TR913TS017_1        017     63.91    100.00  81    0.22      N/A        0.28      N/A        43.34    N/A           27.87    37.54    5.045    6.144    338   0    0     0     65.68  82.54  0.41        N/A          0.44         N/A          83.14  60.486   1.99     36.80       32.4        308      2.6      2.25          0.54    61.83     0.58    0.60    0.91    0.42    0.90     77.50   7.24    80.75   66.31   0.82    3484.70    14.32    90.60  
83   TR913TS187_4        187     63.76    100.00  83    N/A       N/A        0.27      N/A        42.82    N/A           24.19    37.20    4.234    5.27     338   0    0     0     66.57  81.66  N/A         N/A          0.50         N/A          81.95  60.347   1.94     36.67       31.9        311      2.9      3.41          0.48    61.24     0.55    0.59    0.91    0.39    0.91     68.50   7.24    81.24   64.72   0.83    3442.40    13.35    N/A    
84   TR913TS247_2        247     63.76    100.00  83    N/A       N/A        0.27      N/A        45.05    N/A           28.63    38.34    5.017    6.009    338   1    0     0     64.20  79.88  N/A         N/A          0.34         N/A          81.07  60.37    1.91     36.93       32.8        310      2.8      1.16          0.56    59.62     0.59    0.60    0.88    0.45    0.89     73.90   7.13    81.50   68.09   0.82    3535.00    16.69    N/A    
85   TR913TS295_4        295     63.76    100.00  83    N/A       N/A        0.27      N/A        42.82    N/A           24.19    37.20    4.234    5.27     338   0    0     0     66.57  81.66  N/A         N/A          0.50         N/A          81.95  60.347   1.94     36.67       31.9        311      2.9      3.41          0.48    61.24     0.55    0.59    0.91    0.39    0.91     68.50   7.24    81.24   64.72   0.83    3442.40    13.35    N/A    
86   TR913TS017_2        017     63.68    100.00  86    N/A       N/A        0.27      N/A        42.98    N/A           27.68    37.60    5.034    6.133    338   1    0     0     65.68  82.25  N/A         N/A          0.44         N/A          82.84  60.619   1.99     36.93       32.4        307      2.6      2.38          0.54    61.83     0.58    0.60    0.91    0.42    0.90     77.50   7.24    80.85   66.43   0.82    3486.50    14.25    90.57  
87   TR913TS081_5        081     63.68    100.00  86    N/A       N/A        0.27      N/A        42.90    N/A           27.29    38.30    5.084    6.173    338   2    0     0     63.02  83.14  N/A         N/A          0.26         N/A          83.43  60.649   2.01     37.06       31.7        305      2.7      0.95          0.55    60.36     0.59    0.60    0.91    0.42    0.91     76.70   7.24    81.04   66.92   0.82    3413.80    13.63    79.48  
88   TR913TS081_1        081     63.61    100.00  88    0.20      N/A        0.26      N/A        42.75    N/A           27.04    38.34    5.082    6.165    338   2    0     0     63.91  82.84  0.28        N/A          0.32         N/A          83.14  60.962   2.00     37.06       31.7        305      2.7      0.91          0.55    60.21     0.58    0.60    0.91    0.42    0.91     76.50   7.24    81.02   66.95   0.82    3416.10    13.63    79.43  
89   TR913TS295_3        295     63.61    100.00  88    N/A       N/A        0.26      N/A        42.31    N/A           24.33    36.88    4.051    5.068    338   1    0     0     63.31  81.95  N/A         N/A          0.28         N/A          82.25  58.438   1.98     36.80       30.9        309      2.7      3.13          0.48    61.54     0.55    0.59    0.92    0.43    0.91     74.90   7.44    81.56   64.17   0.83    3340.10    11.04    N/A    
90   TR913TS073_4        073     63.46    100.00  90    N/A       N/A        0.25      N/A        43.41    N/A           29.70    38.11    5.232    6.219    338   2    0     0     61.24  81.95  N/A         N/A          0.14         N/A          82.84  60.619   1.93     37.45       32.7        306      2.5      1.49          0.55    60.06     0.57    0.61    0.90    0.41    0.90     79.70   7.24    80.21   66.22   0.83    3517.90    15.10    87.12  
91   TR913TS017_5        017     63.39    100.00  91    N/A       N/A        0.24      N/A        42.53    N/A           27.97    37.93    5.003    6.101    338   2    0     0     65.09  81.36  N/A         N/A          0.40         N/A          81.95  60.372   1.96     37.06       32.6        307      2.6      2.55          0.55    62.13     0.58    0.61    0.91    0.42    0.90     76.60   7.24    81.17   66.77   0.82    3512.30    14.07    90.64  
92   TR913TS102_4        102     63.31    100.00  92    N/A       N/A        0.24      N/A        43.20    N/A           24.80    35.24    5.07     5.994    338   2    0     0     64.79  81.36  N/A         N/A          0.38         N/A          81.66  60.221   2.00     37.19       30.9        311      2.7      2.17          0.52    59.02     0.56    0.59    0.91    0.45    0.90     76.37   7.34    80.08   65.34   0.82    3324.70    13.76    82.53  
93   TR913TS480_3        480     62.94    100.00  93    N/A       N/A        0.21      N/A        42.38    N/A           20.22    36.20    5.032    6.005    338   8    0     0     63.31  82.54  N/A         N/A          0.28         N/A          82.84  59.932   2.02     37.19       32.6        305      2.6      3.75          0.53    57.25     0.53    0.57    0.81    0.50    0.89     73.30   6.70    81.32   67.51   0.82    3508.90    13.33    34.60  
94   TR913TS187_5        187     62.87    100.00  94    N/A       N/A        0.20      N/A        41.34    N/A           24.88    36.04    4.655    5.664    338   0    0     0     63.91  83.43  N/A         N/A          0.32         N/A          83.43  59.766   2.02     36.93       31.6        310      2.7      3.15          0.49    62.72     0.56    0.60    0.91    0.41    0.90     68.00   7.24    81.60   64.95   0.82    3407.80    12.29    N/A    
95   TR913TS073_1        073     62.80    100.00  95    0.13      N/A        0.20      N/A        42.16    N/A           27.39    37.99    5.342    6.482    338   2    0     0     62.43  81.36  0.17        N/A          0.22         N/A          81.66  64.937   1.84     35.63       33          307      2.7      1.54          0.55    60.50     0.57    0.61    0.90    0.39    0.90     79.10   7.44    80.99   67.47   0.82    3549.60    12.28    86.57  
96   TR913TS060_2        060     62.80    100.00  95    N/A       N/A        0.20      N/A        42.90    N/A           26.14    37.28    6.251    7.262    338   0    0     0     64.20  80.18  N/A         N/A          0.34         N/A          80.47  58.051   1.96     33.81       30.4        297      2.7      1.04          0.53    57.84     0.56    0.57    0.86    0.47    0.88     72.20   6.70    79.77   64.74   0.81    3290.50    18.27    84.16  
97   TR913TS118_1        118     62.72    100.00  97    0.12      N/A        0.19      N/A        43.56    N/A           27.66    38.22    5.007    5.715    338   2    0     0     60.95  76.63  0.06        N/A          0.12         N/A          78.11  58.913   1.91     36.02       29.1        305      3.1      1.97          0.52    59.76     0.58    0.59    0.90    0.41    0.89     74.88   7.02    81.71   65.51   0.81    3180.60    12.71    N/A    
98   TR913TS330_3        330     62.72    100.00  97    N/A       N/A        0.19      N/A        42.53    N/A           25.08    36.37    4.452    5.237    338   5    0     0     59.47  82.25  N/A         N/A          0.02         N/A          82.54  61.359   1.93     37.06       31.9        307      2.7      3.10          0.54    61.69     0.56    0.59    0.90    0.42    0.89     72.90   7.34    82.28   66.14   0.83    3440.80    10.53    88.11  
99   TR913TS295_1        295     62.50    100.00  99    0.10      N/A        0.17      N/A        42.16    N/A           26.17    37.52    4.607    5.62     338   1    0     0     63.31  82.25  0.23        N/A          0.28         N/A          82.54  61.532   1.98     36.67       32.3        308      2.7      3.09          0.50    61.83     0.56    0.60    0.92    0.41    0.90     72.10   7.24    81.40   66.08   0.83    3480.60    11.17    N/A    
100  TR913TS073_2        073     62.50    100.00  99    N/A       N/A        0.17      N/A        41.79    N/A           27.71    37.38    5.151    6.19     338   2    0     0     60.95  80.77  N/A         N/A          0.12         N/A          81.95  61.928   1.97     36.67       31.7        307      2.8      1.61          0.55    61.39     0.58    0.61    0.90    0.40    0.90     79.40   7.44    80.59   66.49   0.82    3418.00    12.26    86.97  
101  TR913TS187_1        187     62.50    100.00  99    0.10      N/A        0.17      N/A        42.16    N/A           26.17    37.52    4.607    5.62     338   1    0     0     63.31  82.25  0.23        N/A          0.28         N/A          82.54  61.532   1.98     36.67       32.3        308      2.7      3.09          0.50    61.83     0.56    0.60    0.92    0.41    0.90     72.10   7.24    81.40   66.08   0.83    3480.60    11.17    N/A    
102  TR913TS060_4        060     62.20    100.00  102   N/A       N/A        0.15      N/A        42.01    N/A           25.43    36.46    5.733    6.531    338   0    0     0     61.83  79.59  N/A         N/A          0.18         N/A          79.59  57.568   1.94     34.59       30.5        302      2.8      1.21          0.53    57.99     0.56    0.56    0.88    0.46    0.88     77.00   7.24    81.56   65.25   0.81    3298.10    15.30    86.10  
103  TR913TS396_5        396     61.98    100.00  103   N/A       N/A        0.13      N/A        42.16    N/A           20.28    34.32    5.101    6.249    338   1    0     0     61.54  80.18  N/A         N/A          0.16         N/A          81.95  59.968   1.99     36.02       32.1        304      2.8      2.82          0.52    55.03     0.53    0.56    0.88    0.46    0.88     68.30   7.34    80.26   66.85   0.81    3467.80    14.74    N/A    
104  TR913TS118_4        118     61.91    100.00  104   N/A       N/A        0.13      N/A        41.72    N/A           28.35    36.86    4.772    5.752    338   2    0     0     66.27  81.95  N/A         N/A          0.48         N/A          82.84  59.316   2.08     36.80       29.8        312      2.9      2.00          0.52    59.62     0.57    0.58    0.91    0.41    0.89     71.89   7.13    81.05   64.61   0.82    3234.70    13.03    N/A    
105  TR913TS480_1        480     61.54    100.00  105   0.02      N/A        0.10      N/A        42.68    N/A           22.72    37.42    6.834    7.752    338   4    0     0     63.91  79.29  0.28        N/A          0.32         N/A          81.66  63.44    1.93     33.81       33          304      2.6      3.30          0.51    52.81     0.54    0.56    0.75    0.56    0.86     67.70   7.24    76.40   66.03   0.82    3556.70    33.17    36.33  
106  TR913TS118_5        118     61.54    100.00  105   N/A       N/A        0.10      N/A        42.16    N/A           27.59    37.41    5.326    6.148    338   2    0     0     58.58  78.11  N/A         N/A          -0.05        N/A          78.70  55.012   1.95     35.50       28.7        301      3        1.92          0.52    57.84     0.58    0.58    0.89    0.41    0.89     73.08   6.92    81.25   64.50   0.79    3121.10    14.15    N/A    
107  TR913TS396_4        396     60.95    100.00  107   N/A       N/A        0.05      N/A        41.72    N/A           21.73    35.57    5.433    6.5      338   1    0     0     59.47  79.88  N/A         N/A          0.02         N/A          81.07  59.257   1.98     34.46       32.1        299      2.7      2.70          0.51    54.29     0.55    0.56    0.88    0.46    0.88     69.10   7.24    79.89   65.93   0.81    3443.60    16.47    N/A    
108  TR913TS295_2        295     60.73    100.00  108   N/A       N/A        0.03      N/A        39.79    N/A           22.25    35.00    4.341    5.225    338   0    0     0     63.31  81.36  N/A         N/A          0.28         N/A          81.66  56.155   2.01     37.19       30.4        310      2.9      3.18          0.47    58.88     0.54    0.58    0.91    0.42    0.90     71.10   7.34    80.92   63.82   0.82    3291.30    11.27    N/A    
109  TR913TS187_3        187     60.73    100.00  108   N/A       N/A        0.03      N/A        39.79    N/A           22.25    35.00    4.341    5.225    338   0    0     0     63.31  81.36  N/A         N/A          0.28         N/A          81.66  56.155   2.01     37.19       30.4        310      2.9      3.18          0.47    58.88     0.54    0.58    0.91    0.42    0.90     71.10   7.34    80.92   63.82   0.82    3291.30    11.27    N/A    
110  TR913TS418_5        418     60.50    100.00  110   N/A       N/A        0.02      N/A        39.12    N/A           19.42    32.93    5.246    6.36     338   1    0     0     59.76  79.59  N/A         N/A          0.04         N/A          80.18  57.648   2.05     36.41       29.7        303      2.8      3.99          0.50    57.10     0.53    0.57    0.89    0.46    0.90     65.10   7.13    79.59   63.41   0.81    3214.20    15.57    43.47  
111  TR913TS381_4        381     60.43    90.24   111   N/A       N/A        0.01      N/A        42.68    N/A           30.42    35.92    5.079    6.236    305   0    0     0     59.76  75.15  N/A         N/A          0.04         N/A          75.74  57.527   1.84     32.82       20.8        246      2.6      2.08          0.46    54.73     0.55    0.49    0.73    0.00    0.77     46.42   6.47    64.89   55.86   0.76    2204.80    N/A      39.81  
112  TR913TS381_1        381     60.43    90.53   111   -0.08     N/A        0.01      N/A        42.16    N/A           30.19    34.98    5.063    6.193    306   0    0     0     60.95  75.44  0.06        N/A          0.12         N/A          76.04  58.585   1.87     32.79       21.1        242      2.5      2.19          0.45    55.18     0.54    0.49    0.74    0.00    0.78     48.97   6.47    65.93   56.72   0.76    2225.30    N/A      40.00  
113  TR913TS381_3        381     60.21    90.24   113   N/A       N/A        -0.01     N/A        42.31    N/A           30.19    35.79    5.068    6.232    305   0    0     0     60.06  74.85  N/A         N/A          0.06         N/A          75.44  57.142   1.87     32.82       20.5        241      2.5      2.09          0.46    54.29     0.55    0.49    0.73    0.00    0.77     46.00   6.47    64.74   55.89   0.76    2167.90    N/A      39.79  
114  TR913TS060_5        060     59.98    100.00  114   N/A       N/A        -0.02     N/A        40.24    N/A           21.33    33.57    6.061    6.933    338   0    0     0     58.58  78.11  N/A         N/A          -0.05        N/A          78.70  56.845   1.98     33.81       29.3        297      3.1      1.64          0.50    55.62     0.54    0.54    0.87    0.46    0.88     77.80   6.92    81.27   63.61   0.79    3178.60    16.66    84.20  
115  TR913TS381_5        381     59.91    90.24   115   N/A       N/A        -0.03     N/A        41.94    N/A           30.09    35.44    5.1      6.258    305   0    0     0     60.95  75.15  N/A         N/A          0.12         N/A          75.74  57.32    1.89     32.55       20.6        243      2.6      2.13          0.45    54.29     0.54    0.49    0.73    0.00    0.78     49.64   6.23    65.32   56.27   0.76    2169.80    N/A      39.88  
116  TR913TS381_2        381     59.91    89.94   115   N/A       N/A        -0.03     N/A        41.94    N/A           30.17    35.32    5.116    6.219    304   0    0     0     59.76  75.15  N/A         N/A          0.04         N/A          75.74  56.793   1.87     32.72       21          245      2.6      2.41          0.46    54.14     0.55    0.49    0.73    0.00    0.77     49.74   6.47    64.55   55.67   0.75    2210.70    N/A      39.91  
117  TR913TS393_5        393     59.84    100.00  117   N/A       N/A        -0.04     N/A        40.98    N/A           27.10    36.91    5.518    6.549    338   0    0     0     63.02  75.44  N/A         N/A          0.26         N/A          79.59  60.967   1.90     34.59       31.8        307      2.9      2.90          0.51    52.22     0.55    0.53    0.85    0.58    0.86     73.60   7.24    79.47   63.00   0.81    3436.60    18.37    37.97  
118  TR913TS257_4        257     59.69    100.00  118   N/A       N/A        -0.05     N/A        40.60    N/A           27.53    31.63    5.673    33.687   338   0    0     0     61.83  75.15  N/A         N/A          0.18         N/A          79.59  61.985   1.92     33.15       30.8        300      2.7      2.58          0.00    0.00      0.52    0.53    0.84    0.61    0.87     33.90   7.24    79.87   63.32   0.81    3333.70    17.88    45.00  
119  TR913TS257_1        257     59.39    100.00  119   -0.17     N/A        -0.07     N/A        40.16    N/A           27.19    30.99    5.677    33.743   338   0    0     0     62.13  75.44  0.14        N/A          0.20         N/A          79.88  61.462   1.91     33.15       30.9        300      2.7      2.61          0.00    0.00      0.52    0.53    0.84    0.61    0.87     34.00   7.24    79.85   63.28   0.81    3340.70    17.69    45.11  
120  TR913TS418_4        418     59.17    100.00  120   N/A       N/A        -0.09     N/A        38.09    N/A           21.79    32.48    5.35     6.341    338   0    0     0     59.47  79.29  N/A         N/A          0.02         N/A          79.88  57.258   2.06     35.63       28.2        300      2.8      4.10          0.50    56.21     0.52    0.56    0.89    0.47    0.90     65.70   7.13    79.08   61.75   0.80    3067.90    16.21    44.63  
121  TR913TS257_2        257     59.10    100.00  121   N/A       N/A        -0.09     N/A        40.31    N/A           27.69    31.60    5.668    32.419   338   0    0     0     61.83  75.15  N/A         N/A          0.18         N/A          79.59  61.679   1.93     33.15       30.6        300      2.7      2.50          0.00    0.00      0.53    0.52    0.84    0.61    0.87     32.00   7.24    79.88   63.14   0.81    3292.60    18.27    45.17  
122  TR913TS257_3        257     59.10    100.00  121   N/A       N/A        -0.09     N/A        40.31    N/A           27.61    31.52    5.672    30.575   338   0    0     0     61.83  74.85  N/A         N/A          0.18         N/A          79.29  61.367   1.95     33.15       30.7        299      2.7      2.56          0.00    0.00      0.52    0.52    0.84    0.61    0.87     32.50   7.24    79.89   63.18   0.81    3294.30    18.32    45.17  
123  TR913TS474_3        474     58.14    92.60   123   N/A       N/A        -0.17     N/A        40.24    N/A           26.29    34.56    4.895    5.574    313   0    0     0     59.17  74.85  N/A         N/A          -0.01        N/A          77.51  54.731   2.06     33.48       29          287      2.7      2.59          0.48    53.70     0.51    0.51    0.74    0.49    0.78     66.77   7.02    73.46   60.84   0.77    3095.90    16.25    75.31  
124  TR913TS474_1        474     57.99    92.60   124   -0.29     N/A        -0.18     N/A        39.35    N/A           24.68    34.61    4.869    5.579    313   0    0     0     59.47  74.26  -0.06       N/A          0.02         N/A          76.92  55.224   2.07     33.08       29.3        286      2.7      2.52          0.49    53.99     0.51    0.51    0.74    0.48    0.78     67.04   7.13    73.76   61.54   0.77    3127.90    15.79    75.37  
125  TR913TS393_4        393     57.91    100.00  125   N/A       N/A        -0.19     N/A        38.76    N/A           24.13    33.75    7.073    8.178    338   0    0     0     57.10  76.92  N/A         N/A          -0.15        N/A          79.88  56.749   2.05     33.94       29.2        294      2.6      3.65          0.48    46.45     0.51    0.49    0.79    0.65    0.85     59.90   7.02    76.86   59.43   0.79    3230.20    25.33    39.77  
126  TR913TS480_4        480     57.84    100.00  126   N/A       N/A        -0.19     N/A        37.35    N/A           16.94    31.42    5.258    6.244    338   8    0     0     60.95  80.47  N/A         N/A          0.12         N/A          81.66  54.446   2.16     35.63       28.9        301      2.7      3.62          0.48    50.30     0.49    0.52    0.82    0.53    0.87     64.00   7.13    77.07   61.92   0.80    3136.90    13.70    37.74  
127  TR913TS118_2        118     57.47    100.00  127   N/A       N/A        -0.22     N/A        37.28    N/A           24.69    31.11    5.31     6.194    338   2    0     0     56.80  74.85  N/A         N/A          -0.17        N/A          75.74  51.98    2.16     36.28       26.9        305      3.1      1.90          0.49    55.33     0.56    0.56    0.87    0.50    0.88     66.90   6.81    79.81   62.77   0.78    2928.20    19.05    N/A    
128  TR913TS393_2        393     57.47    100.00  127   N/A       N/A        -0.22     N/A        38.17    N/A           25.17    34.11    7.249    8.291    338   1    0     0     57.99  76.92  N/A         N/A          -0.09        N/A          80.47  56.09    2.10     34.85       29.4        296      2.7      3.62          0.48    48.96     0.53    0.51    0.78    0.62    0.85     61.70   6.70    77.94   60.39   0.79    3251.20    29.20    39.72  
129  TR913TS480_5        480     57.40    100.00  129   N/A       N/A        -0.23     N/A        36.61    N/A           17.89    32.02    5.435    6.411    338   10   0     0     57.40  76.92  N/A         N/A          -0.13        N/A          77.22  56.119   2.09     35.11       29.5        297      2.9      3.81          0.50    52.96     0.52    0.55    0.75    0.55    0.87     70.10   6.81    78.29   65.50   0.79    3206.90    20.61    38.57  
130  TR913TS118_3        118     57.17    100.00  130   N/A       N/A        -0.24     N/A        36.54    N/A           23.21    30.36    5.797    6.574    338   2    0     0     55.62  73.96  N/A         N/A          -0.25        N/A          74.26  51.53    2.16     36.41       26.7        300      3.1      1.96          0.50    55.03     0.56    0.57    0.86    0.49    0.88     66.20   6.47    79.00   64.09   0.77    2908.00    20.56    N/A    
131  TR913TS279_1        279     55.77    100.00  131   -0.48     N/A        -0.35     N/A        35.95    N/A           22.00    28.35    6.122    6.934    338   6    0     0     51.18  70.71  -0.67       N/A          -0.55        N/A          71.89  52.877   2.10     33.81       26.5        298      3.3      1.59          0.51    57.84     0.56    0.56    0.85    0.46    0.88     75.38   7.13    79.22   63.26   0.76    2893.50    16.30    71.82  
132  TR913TS474_2        474     55.62    92.60   132   N/A       N/A        -0.37     N/A        38.24    N/A           23.10    32.75    5.266    6.04     313   0    0     0     55.03  73.96  N/A         N/A          -0.29        N/A          75.74  56.025   1.99     31.34       28.5        282      2.8      2.67          0.47    48.96     0.50    0.49    0.72    0.58    0.78     68.25   6.81    72.97   59.41   0.75    3052.10    20.14    73.69  
133  TR913TS204_4        204     55.47    100.00  133   N/A       N/A        -0.38     N/A        34.69    N/A           22.29    30.13    5.096    5.882    338   0    0     0     53.25  74.56  N/A         N/A          -0.41        N/A          76.04  52.224   2.20     34.85       28.6        299      3        1.28          0.54    59.91     0.56    0.60    0.88    0.49    0.88     62.40   7.02    77.40   65.93   0.79    3104.70    8.98     N/A    
134  TR913TS418_2        418     51.48    100.00  134   N/A       N/A        -0.69     N/A        31.95    N/A           17.16    27.47    21.762   22.444   338   1    0     0     51.78  71.30  N/A         N/A          -0.51        N/A          71.89  49.132   2.09     32.24       22.5        274      3        3.81          0.40    34.91     0.48    0.46    0.35    1.14    0.89     70.30   6.92    60.95   53.79   0.72    2415.70    649.13   48.05  
135  TR913TS418_1        418     51.04    100.00  135   -0.88     N/A        -0.72     N/A        30.40    N/A           15.51    24.73    6.988    7.791    338   1    0     0     50.00  72.49  -0.76       N/A          -0.63        N/A          73.37  48.416   2.28     33.68       21.9        282      3        3.89          0.43    43.64     0.49    0.49    0.80    0.71    0.85     75.60   6.92    68.94   56.27   0.73    2412.10    37.96    49.30  
136  TR913TS330_2        330     49.85    100.00  136   N/A       N/A        -0.82     N/A        32.25    N/A           18.36    24.85    6.913    7.798    338   3    0     0     44.67  64.20  N/A         N/A          -0.99        N/A          67.75  46.661   2.30     30.42       21.2        275      3.2      2.06          0.45    42.31     0.52    0.47    0.76    0.71    0.84     66.20   6.47    77.65   57.89   0.73    2350.80    27.01    68.73  
137  TR913TS330_5        330     48.96    100.00  137   N/A       N/A        -0.89     N/A        31.88    N/A           17.83    24.83    7.846    8.624    338   2    0     0     44.08  63.31  N/A         N/A          -1.03        N/A          66.57  48.567   2.21     28.34       21.3        271      3.2      1.64          0.45    41.12     0.53    0.46    0.70    0.73    0.81     64.90   5.86    80.27   59.26   0.71    2368.90    34.27    63.71  
138  TR913TS330_1        330     46.30    100.00  138   -1.29     N/A        -1.10     N/A        28.84    N/A           18.59    24.07    8.609    9.522    338   2    0     0     42.60  59.17  -1.32       N/A          -1.13        N/A          60.36  42.178   2.21     29.25       18.5        255      3.4      1.29          0.44    44.97     0.53    0.45    0.66    0.80    0.80     69.00   6.35    74.27   56.26   0.67    2084.60    33.14    64.35  
139  TR913TS081_4        081     44.23    100.00  139   N/A       N/A        -1.26     N/A        25.66    N/A           13.70    19.61    7.582    8.173    338   2    0     0     37.28  57.99  N/A         N/A          -1.50        N/A          58.58  40.399   2.36     29.38       17.2        258      3.7      1.51          0.42    48.08     0.51    0.48    0.74    0.66    0.85     74.10   5.04    76.10   56.48   0.66    1950.30    33.19    86.88  
140  TR913TS081_3        081     43.12    100.00  140   N/A       N/A        -1.34     N/A        24.34    N/A           12.75    17.64    7.587    8.22     338   2    0     0     34.02  54.44  N/A         N/A          -1.72        N/A          54.73  36.26    2.30     28.99       16.7        257      3.9      2.18          0.42    47.78     0.51    0.47    0.75    0.66    0.86     74.60   5.19    75.81   56.64   0.66    1875.30    32.66    86.44  
141  TR913TS330_4        330     41.86    100.00  141   N/A       N/A        -1.44     N/A        27.59    N/A           15.82    22.63    8.955    9.698    338   3    0     0     37.57  52.37  N/A         N/A          -1.48        N/A          55.62  41.74    2.02     24.30       15.8        232      3.4      1.40          0.41    32.99     0.49    0.39    0.62    0.90    0.75     64.20   5.04    69.46   52.69   0.64    1807.00    43.78    58.04  
142  TR913TS162_1        162     29.96    100.00  142   -2.69     N/A        -2.38     N/A        18.86    N/A           7.08     11.07    18.57    19.302   338   1    0     0     22.78  39.64  -2.79       N/A          -2.49        N/A          42.90  27.051   2.58     18.70       7.4         182      4.2      2.22          0.31    26.18     0.47    0.36    0.40    1.51    0.66     63.80   5.60    46.14   47.31   0.47    949.00     429.05   N/A    
143  TR913TS162_2        162     29.88    100.00  143   N/A       N/A        -2.38     N/A        18.56    N/A           7.55     11.54    18.594   19.336   338   1    0     0     23.96  39.94  N/A         N/A          -2.41        N/A          43.20  27.264   2.54     18.31       7.4         179      4.1      2.22          0.32    26.78     0.47    0.36    0.40    1.53    0.66     64.20   5.86    46.09   47.42   0.47    963.20     430.41   N/A    
144  TR913TS162_3        162     29.59    100.00  144   N/A       N/A        -2.40     N/A        18.34    N/A           6.86     11.05    18.601   19.343   338   1    0     0     24.26  39.05  N/A         N/A          -2.38        N/A          42.90  27.3     2.54     18.44       7.4         179      4.1      2.15          0.31    25.89     0.46    0.35    0.40    1.51    0.66     58.60   6.23    45.88   47.00   0.47    980.30     429.93   N/A    
145  TR913TS162_4        162     29.07    100.00  145   N/A       N/A        -2.44     N/A        17.82    N/A           7.91     12.06    18.631   19.354   338   1    0     0     25.15  39.64  N/A         N/A          -2.32        N/A          43.49  28.371   2.51     18.05       7.7         183      3.8      2.05          0.30    26.63     0.46    0.35    0.41    1.52    0.66     59.00   5.46    45.47   46.24   0.48    1004.30    435.27   N/A    
146  TR913TS162_5        162     28.77    100.00  146   N/A       N/A        -2.47     N/A        17.38    N/A           7.83     11.98    18.583   19.32    338   1    0     0     24.26  38.46  N/A         N/A          -2.38        N/A          42.31  28.324   2.52     18.31       7.1         176      4.1      1.96          0.30    25.89     0.45    0.34    0.41    1.50    0.65     62.00   6.23    45.87   45.80   0.47    956.00     422.78   N/A    
147  TR913TS257_5        257     20.04    100.00  147   N/A       N/A        -3.15     N/A        11.69    N/A           6.65     9.21     14.535   14.971   338   79   0     0     16.27  18.05  N/A         N/A          -2.93        N/A          23.67  18.288   2.02     6.98        1.4         54       1.8      3.50          0.13    27.96     0.40    0.33    0.30    1.28    0.67     70.50   4.58    49.87   46.78   0.36    204.20     235.03   83.44  
148  TR913TS399_4        399     9.91     100.00  148   N/A       N/A        -3.95     N/A        5.70     N/A           0.54     2.53     19.181   19.778   338   82   0     0     0.00   0.30   N/A         N/A          -4.04        N/A          18.64  11.554   2.59     2.17        0           0        N/A      3.91          0.06    8.28      0.33    0.15    0.02    2.15    0.53     44.00   2.83    32.07   34.44   0.29    N/A        214.53   22.79  
149  TR913TS399_3        399     9.47     100.00  149   N/A       N/A        -3.98     N/A        4.88     N/A           0.49     2.67     20.054   20.601   338   71   0     0     0.00   1.18   N/A         N/A          -4.04        N/A          20.41  12.045   2.67     1.39        0           0        N/A      4.08          0.06    7.40      0.33    0.15    0.03    2.02    0.52     41.70   2.58    31.61   33.94   0.28    N/A        256.07   22.63  
150  TR913TS399_2        399     9.25     100.00  150   N/A       N/A        -4.00     N/A        5.11     N/A           0.77     2.68     19.788   20.4     338   95   0     0     0.00   0.30   N/A         N/A          -4.04        N/A          18.64  11.56    2.59     1.26        0           0        N/A      3.94          0.05    8.14      0.32    0.15    0.04    2.24    0.51     42.30   2.83    32.62   34.63   0.29    N/A        205.87   25.02  
151  TR913TS399_1        399     9.17     100.00  151   -4.48     N/A        -4.00     N/A        4.96     N/A           1.32     2.22     19.718   20.304   338   96   0     0     0.00   0.00   -4.50       N/A          -4.04        N/A          19.23  11.121   2.56     1.52        0           0        N/A      4.10          0.05    7.99      0.33    0.15    0.01    2.34    0.51     41.80   2.30    32.49   34.43   0.27    N/A        200.66   24.60  
152  TR913TS399_5        399     8.88     100.00  152   N/A       N/A        -4.03     N/A        4.95     N/A           0.45     2.61     22.161   22.606   338   81   0     0     0.00   0.30   N/A         N/A          -4.04        N/A          20.12  11.091   2.79     1.52        0           0        N/A      4.05          0.06    7.99      0.33    0.16    0.01    2.14    0.48     40.30   1.99    30.77   34.26   0.26    N/A        284.76   22.18  

