#    Model               GR#     GDT_TS   NP_P    RANK  Z-M1-GDT  Z-M1s-GDT  Z-MA-GDT  Z-MAs-GDT  GDT_HA   Z-M1s-GDT-HA  GDC_SC   GDC_ALL  RMS_CA   RMS_ALL  NP    err  PC01  PC05  AL0_P  AL4_P  Z-M1-AL0_p  Z-M1s-AL0_p  Z-MA-AL0_p   Z-MAs-AL0_p  ALI_P  LGA_S    RMSD[L]  Z-score[M]  Z-Score[D]  Al.Res.  RMSD[D]  MolPrb_Score  LDDT    SphGr     CAD_AA  RPF     CODM    DFM     Handed.  SOV     CE      QCS     CONTS   TMscore  Dali(raw)  FlexE    QSE    

-    Starting model      -       85.68    -       -     -         -          -         -          65.60    -             46.01    -        1.65     2.34     -     -    -     -     -      -      -           -            -            -            -      -        -        45.03       60.60       388      1.50     1.36          0.77    90.79     0.73    0.82    0.99    0.09    0.96     85.70   8.03    95.40   88.05   0.96     6557.40    2.67     -      

1    TR917TS247_4        247     89.96    100.00  1     N/A       N/A        0.71      N/A        73.21    N/A           50.94    69.58    1.622    2.304    391   0    0     0     93.35  97.44  N/A         N/A          0.43         N/A          97.44  94.479   1.19     45.03       60.5        389      1.5      0.62          0.78    89.77     0.74    0.81    0.99    0.09    0.97     88.40   8.03    95.44   88.12   0.96    6568.50    2.56     N/A    
2    TR917TS247_3        247     89.83    100.00  2     N/A       N/A        0.70      N/A        73.21    N/A           51.74    68.73    1.519    2.246    391   1    0     0     93.86  96.68  N/A         N/A          0.46         N/A          96.68  94.147   1.24     45.28       61.6        390      1.5      0.90          0.79    90.15     0.74    0.82    0.99    0.09    0.96     93.80   8.03    95.47   88.25   0.97    6678.70    2.29     N/A    
3    TR917TS208_5        208     89.39    100.00  3     N/A       N/A        0.67      N/A        72.38    N/A           53.67    69.86    1.522    2.121    391   0    0     0     93.35  96.93  N/A         N/A          0.43         N/A          96.93  94.297   1.18     45.15       62.9        388      1.3      1.54          0.81    91.18     0.76    0.83    0.99    0.08    0.97     93.00   8.03    96.05   89.62   0.97    6803.70    2.48     24.15  
4    TR917TS208_2        208     89.39    100.00  3     N/A       N/A        0.67      N/A        72.57    N/A           53.78    70.06    1.519    2.113    391   0    0     0     93.35  96.93  N/A         N/A          0.43         N/A          96.93  94.486   1.18     45.15       63.1        387      1.3      1.64          0.81    91.05     0.76    0.84    0.99    0.08    0.97     93.00   8.03    96.09   89.68   0.97    6820.80    2.49     24.10  
5    TR917TS208_1        208     89.39    100.00  3     0.66      N/A        0.67      N/A        72.38    N/A           53.16    69.79    1.534    2.124    391   0    0     0     93.09  96.93  0.40        N/A          0.42         N/A          96.93  94.417   1.20     45.03       62.9        387      1.3      1.59          0.81    90.92     0.76    0.83    0.99    0.08    0.96     93.00   8.03    96.06   89.63   0.97    6801.10    2.53     24.19  
6    TR917TS265_4        265     89.32    100.00  6     N/A       N/A        0.67      N/A        73.08    N/A           52.56    69.41    1.592    2.229    391   0    0     0     93.09  96.93  N/A         N/A          0.42         N/A          96.93  93.605   1.15     45.28       60.4        387      1.4      1.13          0.79    90.28     0.75    0.81    0.99    0.09    0.97     89.00   8.03    95.32   87.93   0.96    6537.50    2.51     94.96  
7    TR917TS247_1        247     89.32    100.00  6     0.66      N/A        0.67      N/A        71.23    N/A           49.15    68.01    1.529    2.327    391   1    0     0     94.37  97.19  0.48        N/A          0.48         N/A          97.19  94.461   1.20     45.28       61.2        389      1.4      0.94          0.78    89.64     0.74    0.81    0.99    0.08    0.97     86.90   8.03    95.88   88.61   0.97    6638.20    2.17     N/A    
8    TR917TS208_3        208     89.07    100.00  8     N/A       N/A        0.65      N/A        71.29    N/A           52.43    69.15    1.56     2.154    391   0    0     0     93.09  96.93  N/A         N/A          0.42         N/A          96.93  94.026   1.22     45.03       62.6        387      1.3      1.71          0.80    90.54     0.76    0.83    0.99    0.08    0.96     91.30   8.03    95.98   89.43   0.97    6770.20    2.63     24.36  
9    TR917TS204_1        204     89.00    100.00  9     0.63      N/A        0.65      N/A        71.03    N/A           51.89    68.17    1.565    2.2      391   0    0     0     92.84  97.19  0.39        N/A          0.40         N/A          97.19  94.16    1.24     45.03       61.4        388      1.4      0.50          0.79    90.15     0.75    0.82    0.99    0.09    0.97     84.50   8.03    95.57   88.56   0.96    6640.60    2.50     N/A    
10   TR917TS208_4        208     89.00    100.00  9     N/A       N/A        0.65      N/A        71.93    N/A           53.20    69.55    1.548    2.14     391   0    0     0     92.84  96.93  N/A         N/A          0.40         N/A          96.93  94.279   1.21     45.03       62.8        387      1.3      1.51          0.81    90.66     0.76    0.83    0.99    0.09    0.96     92.80   8.03    95.97   89.46   0.97    6788.10    2.59     24.28  
11   TR917TS265_1        265     88.88    100.00  11    0.63      N/A        0.64      N/A        71.87    N/A           51.33    68.52    1.658    2.317    391   0    0     0     92.58  96.16  0.37        N/A          0.39         N/A          96.16  93.639   1.22     45.15       59.9        387      1.4      1.18          0.78    90.15     0.75    0.81    0.99    0.10    0.97     84.50   7.93    94.98   87.04   0.96    6484.00    2.65     94.57  
12   TR917TS204_3        204     88.75    100.00  12    N/A       N/A        0.63      N/A        70.97    N/A           52.05    67.95    1.554    2.2      391   0    0     0     93.09  97.44  N/A         N/A          0.42         N/A          97.44  94.097   1.25     45.15       61.3        388      1.4      0.57          0.79    90.28     0.75    0.81    0.99    0.09    0.97     85.20   8.03    95.59   88.61   0.96    6634.50    2.40     N/A    
13   TR917TS247_5        247     88.62    100.00  13    N/A       N/A        0.62      N/A        71.87    N/A           50.54    68.10    1.641    2.289    391   0    0     0     93.61  96.68  N/A         N/A          0.44         N/A          96.68  94.025   1.23     45.15       60.3        389      1.5      0.83          0.77    90.79     0.74    0.80    0.99    0.09    0.96     87.30   8.03    95.36   88.05   0.96    6535.40    2.65     N/A    
14   TR917TS265_3        265     88.56    100.00  14    N/A       N/A        0.62      N/A        71.23    N/A           51.35    67.85    1.608    2.277    391   0    0     0     93.35  96.68  N/A         N/A          0.43         N/A          96.68  93.889   1.26     45.28       59.9        387      1.4      1.15          0.77    90.92     0.74    0.80    0.99    0.10    0.97     87.60   7.93    94.93   86.97   0.96    6497.70    2.50     94.62  
15   TR917TS265_2        265     88.17    100.00  15    N/A       N/A        0.59      N/A        71.55    N/A           51.44    68.26    1.667    2.312    391   0    0     0     92.58  96.68  N/A         N/A          0.39         N/A          96.68  93.535   1.22     45.15       59.7        387      1.4      1.02          0.77    89.77     0.74    0.80    0.99    0.10    0.96     85.30   7.93    94.90   86.79   0.96    6457.30    2.64     94.40  
16   TR917TS247_2        247     87.98    100.00  16    N/A       N/A        0.58      N/A        70.53    N/A           49.22    66.83    1.593    2.267    391   0    0     0     93.86  96.93  N/A         N/A          0.46         N/A          96.93  93.685   1.27     45.15       59.9        389      1.5      0.69          0.78    90.79     0.74    0.81    0.99    0.08    0.97     90.60   8.03    95.49   88.16   0.96    6492.80    2.34     N/A    
17   TR917TS430_5        430s    87.92    100.00  17    N/A       N/A        0.58      1.04       70.52    N/A           50.96    67.88    1.61     2.237    391   0    0     0     93.86  96.93  N/A         N/A          0.46         0.95         96.93  93.409   1.24     45.15       60.9        388      1.4      1.40          0.79    90.66     0.75    0.81    0.99    0.09    0.96     90.80   8.03    95.59   88.47   0.96    6590.30    2.76     24.58  
18   TR917TS430_1        430s    87.66    100.00  18    0.54      1.23       0.56      0.93       69.69    1.30          51.22    67.61    1.61     2.236    391   0    0     0     93.86  96.68  0.45        1.05         0.46         0.95         96.68  93.41    1.22     45.15       60.9        388      1.5      1.91          0.78    90.41     0.75    0.81    0.99    0.09    0.96     88.90   8.03    95.60   88.54   0.96    6590.20    2.71     24.62  
19   TR917TS250_3        250s    87.66    100.00  18    N/A       N/A        0.56      0.93       68.29    N/A           48.51    66.22    1.863    2.535    391   0    0     0     93.61  96.42  N/A         N/A          0.44         0.78         96.68  92.844   1.18     44.66       60.8        385      1.5      1.10          0.78    90.15     0.74    0.81    0.98    0.11    0.96     89.70   7.93    95.45   88.48   0.96    6595.20    2.54     22.49  
20   TR917TS430_2        430s    87.66    100.00  18    N/A       N/A        0.56      0.93       70.40    N/A           51.40    68.16    1.603    2.228    391   0    0     0     93.86  97.19  N/A         N/A          0.46         0.95         97.19  93.389   1.23     45.15       61          388      1.4      1.70          0.79    90.41     0.76    0.81    0.99    0.09    0.97     89.10   8.03    95.69   88.67   0.96    6592.80    2.70     24.55  
21   TR917TS430_4        430s    87.60    100.00  21    N/A       N/A        0.56      0.90       68.92    N/A           49.29    67.03    1.622    2.264    391   0    0     0     93.86  96.68  N/A         N/A          0.46         0.95         96.68  93.325   1.26     45.03       60.5        388      1.5      1.34          0.78    90.41     0.75    0.80    0.99    0.09    0.96     88.90   8.03    95.37   87.96   0.96    6546.00    2.81     24.72  
22   TR917TS265_5        265     87.60    100.00  21    N/A       N/A        0.56      N/A        69.95    N/A           48.99    66.49    1.647    2.298    391   0    0     0     93.61  96.93  N/A         N/A          0.44         N/A          96.93  93.323   1.19     45.28       59.1        387      1.4      1.17          0.76    90.92     0.73    0.80    0.99    0.10    0.96     88.40   7.93    94.63   86.14   0.96    6393.80    2.70     94.20  
23   TR917TS023_3        023     87.40    100.00  23    N/A       N/A        0.54      N/A        68.29    N/A           50.04    65.77    1.642    2.338    391   0    0     0     93.35  96.68  N/A         N/A          0.43         N/A          96.68  93.366   1.27     45.03       61          388      1.5      1.17          0.78    91.56     0.74    0.81    0.99    0.09    0.96     90.50   8.03    95.41   88.51   0.96    6599.10    2.44     19.45  
24   TR917TS102_1        102     87.34    100.00  24    0.52      N/A        0.54      N/A        68.67    N/A           45.72    64.76    1.662    2.378    391   2    0     0     93.61  96.42  0.43        N/A          0.44         N/A          96.42  93.252   1.26     45.15       59.5        386      1.5      1.52          0.76    90.15     0.73    0.80    0.99    0.10    0.96     89.87   8.03    95.33   87.63   0.96    6441.10    2.70     N/A    
25   TR917TS430_3        430s    87.28    100.00  25    N/A       N/A        0.54      0.77       68.48    N/A           48.76    66.34    1.621    2.273    391   0    0     0     93.86  96.68  N/A         N/A          0.46         0.95         96.68  93.291   1.26     45.03       60.6        388      1.5      1.35          0.77    89.90     0.75    0.80    0.99    0.09    0.96     87.90   8.03    95.44   88.14   0.96    6557.50    2.77     24.74  
26   TR917TS273_1        273     87.21    100.00  26    0.51      N/A        0.53      N/A        67.45    N/A           46.48    65.04    1.601    2.221    391   0    0     0     92.84  96.68  0.39        N/A          0.40         N/A          96.68  93.53    1.30     45.03       61.7        388      1.4      2.49          0.77    91.05     0.74    0.82    0.99    0.09    0.96     92.70   8.03    95.73   88.95   0.96    6671.30    2.50     N/A    
27   TR917TS250_5        250s    87.21    100.00  26    N/A       N/A        0.53      0.74       68.03    N/A           47.68    65.73    1.709    2.445    391   0    0     0     92.33  96.16  N/A         N/A          0.38         -0.09        96.16  93.234   1.25     44.90       60.8        388      1.5      1.11          0.77    90.03     0.73    0.80    0.98    0.10    0.96     92.20   7.93    95.32   88.05   0.96    6591.40    2.61     22.55  
28   TR917TS324_4        324     87.02    100.00  28    N/A       N/A        0.52      N/A        68.99    N/A           47.73    65.42    1.653    2.291    391   0    0     0     93.61  96.42  N/A         N/A          0.44         N/A          96.42  92.865   1.27     45.28       61.5        390      1.6      2.45          0.78    91.56     0.74    0.82    0.99    0.08    0.96     94.20   8.03    95.81   89.50   0.96    6668.90    2.23     16.91  
29   TR917TS324_5        324     86.96    100.00  29    N/A       N/A        0.51      N/A        68.67    N/A           45.55    64.82    1.636    2.34     391   1    0     0     94.63  97.19  N/A         N/A          0.50         N/A          97.19  93.137   1.28     44.78       61.6        389      1.6      2.49          0.78    91.18     0.73    0.82    0.99    0.09    0.96     94.00   8.03    95.90   89.66   0.96    6680.10    2.32     16.77  
30   TR917TS324_1        324     86.57    100.00  30    0.46      N/A        0.49      N/A        68.03    N/A           46.07    64.95    1.794    2.471    391   0    0     0     93.09  96.16  0.40        N/A          0.42         N/A          96.16  92.409   1.27     45.03       61.2        390      1.7      2.45          0.78    90.54     0.73    0.81    0.99    0.09    0.96     94.20   7.93    95.74   89.17   0.96    6635.10    2.41     17.38  
31   TR917TS250_2        250s    86.32    100.00  31    N/A       N/A        0.47      0.36       67.01    N/A           47.24    64.87    1.739    2.46     391   0    0     0     91.82  96.16  N/A         N/A          0.35         -0.43        96.16  92.786   1.29     45.03       60.5        389      1.6      1.04          0.77    89.90     0.73    0.81    0.98    0.10    0.96     92.20   7.93    95.25   87.96   0.96    6573.40    2.65     22.82  
32   TR917TS023_2        023     86.25    100.00  32    N/A       N/A        0.47      N/A        67.01    N/A           47.39    63.76    1.938    2.66     391   0    0     0     90.54  95.14  N/A         N/A          0.28         N/A          95.14  92.21    1.34     44.41       59.4        385      1.6      1.04          0.76    89.26     0.73    0.80    0.98    0.12    0.96     89.00   7.93    95.03   86.97   0.95    6449.50    3.07     20.85  
33   TR917TS250_4        250s    86.25    100.00  32    N/A       N/A        0.47      0.33       67.20    N/A           47.16    64.31    1.771    2.444    391   0    0     0     91.82  95.65  N/A         N/A          0.35         -0.43        95.65  92.539   1.31     45.03       60.4        388      1.6      1.05          0.77    89.77     0.73    0.80    0.98    0.10    0.96     92.20   7.93    95.13   87.55   0.96    6549.20    2.72     23.08  
34   TR917TS023_5        023     86.25    100.00  32    N/A       N/A        0.47      N/A        66.94    N/A           47.91    64.50    1.907    2.491    391   0    0     0     91.56  96.16  N/A         N/A          0.33         N/A          96.16  92.031   1.29     43.78       59.5        385      1.5      1.11          0.77    89.13     0.73    0.80    0.98    0.12    0.96     87.30   7.93    94.97   86.64   0.95    6453.80    3.57     20.48  
35   TR917TS412_2        412     86.19    100.00  35    N/A       N/A        0.46      N/A        66.43    N/A           44.02    64.06    1.645    2.35     391   0    0     0     93.35  96.68  N/A         N/A          0.43         N/A          96.68  93.065   1.29     45.03       60.3        387      1.5      1.56          0.76    90.41     0.73    0.81    0.99    0.09    0.96     85.58   8.03    95.39   88.01   0.96    6524.90    2.67     33.43  
36   TR917TS162_3        162     86.12    100.00  36    N/A       N/A        0.46      N/A        65.86    N/A           45.14    63.70    1.677    2.351    391   0    0     0     93.35  96.68  N/A         N/A          0.43         N/A          96.68  92.806   1.29     45.15       59.3        388      1.5      0.96          0.76    90.28     0.73    0.80    0.99    0.10    0.96     87.80   8.03    94.97   87.00   0.96    6419.50    2.83     N/A    
37   TR917TS023_1        023     86.12    100.00  36    0.43      N/A        0.46      N/A        66.56    N/A           47.08    64.43    1.765    2.402    391   0    0     0     92.84  96.68  0.39        N/A          0.40         N/A          96.68  92.561   1.28     44.90       60          387      1.6      1.21          0.77    90.79     0.74    0.81    0.98    0.11    0.96     88.80   7.93    95.08   87.52   0.96    6499.30    2.97     20.03  
38   TR917TS412_1        412     86.12    100.00  36    0.43      N/A        0.46      N/A        66.17    N/A           44.26    63.94    1.647    2.364    391   0    0     0     93.09  96.68  0.40        N/A          0.42         N/A          96.68  92.834   1.28     45.03       60.3        387      1.5      1.68          0.76    90.28     0.72    0.81    0.99    0.09    0.96     85.88   8.03    95.44   88.05   0.96    6523.60    2.70     33.41  
39   TR917TS412_3        412     86.06    100.00  39    N/A       N/A        0.46      N/A        65.98    N/A           44.31    63.51    1.65     2.357    391   0    0     0     93.35  96.68  N/A         N/A          0.43         N/A          96.68  92.887   1.31     45.03       60.1        387      1.5      1.45          0.75    90.28     0.73    0.81    0.99    0.09    0.96     86.88   8.03    95.36   87.91   0.96    6521.60    2.72     33.52  
40   TR917TS393_1        393     85.81    100.00  40    0.41      N/A        0.44      N/A        65.54    N/A           44.98    63.08    1.674    2.389    391   0    0     0     93.09  96.42  0.40        N/A          0.42         N/A          96.42  92.617   1.31     45.03       60.1        388      1.5      3.08          0.76    89.90     0.70    0.81    0.98    0.09    0.96     88.60   8.03    95.06   87.34   0.96    6504.30    2.82     17.13  
41   TR917TS412_5        412     85.74    100.00  41    N/A       N/A        0.43      N/A        65.92    N/A           44.28    63.92    1.64     2.347    391   0    0     0     92.84  96.68  N/A         N/A          0.40         N/A          96.68  92.849   1.29     45.03       60.3        387      1.5      1.52          0.76    90.41     0.73    0.81    0.99    0.09    0.96     85.58   8.03    95.43   88.14   0.96    6526.30    2.65     33.49  
42   TR917TS017_5        017     85.68    100.00  42    N/A       N/A        0.43      N/A        65.60    N/A           46.01    63.85    1.651    2.342    391   0    0     0     93.09  96.68  N/A         N/A          0.42         N/A          96.68  92.711   1.29     45.03       60.6        388      1.5      1.36          0.77    90.79     0.73    0.82    0.99    0.09    0.96     85.70   8.03    95.40   88.05   0.96    6557.40    2.67     94.14  
43   TR917TS324_3        324     85.68    100.00  42    N/A       N/A        0.43      N/A        67.33    N/A           44.48    63.80    2.071    2.739    391   0    0     0     93.35  95.65  N/A         N/A          0.43         N/A          95.65  91.717   1.25     44.66       60.6        384      1.6      2.47          0.77    89.39     0.73    0.81    0.98    0.10    0.96     94.20   8.03    95.80   89.35   0.95    6572.70    2.42     17.84  
44   TR917TS396_2        396     85.61    100.00  44    N/A       N/A        0.43      N/A        65.41    N/A           45.82    63.60    1.654    2.356    391   0    0     0     93.09  96.68  N/A         N/A          0.42         N/A          96.68  92.711   1.30     45.03       60.5        388      1.5      1.44          0.77    90.66     0.73    0.81    0.99    0.09    0.96     86.10   8.03    95.40   88.05   0.96    6550.70    2.70     N/A    
45   TR917TS204_5        204     85.61    100.00  44    N/A       N/A        0.43      N/A        65.54    N/A           45.30    63.78    1.648    2.354    391   0    0     0     93.35  96.68  N/A         N/A          0.43         N/A          96.68  92.648   1.30     45.03       60.6        388      1.5      0.98          0.77    90.15     0.73    0.81    0.99    0.09    0.96     82.50   8.03    95.55   88.28   0.96    6562.60    2.64     N/A    
46   TR917TS324_2        324     85.61    100.00  44    N/A       N/A        0.43      N/A        67.07    N/A           44.52    63.55    1.887    2.621    391   0    0     0     93.09  95.91  N/A         N/A          0.42         N/A          95.91  91.765   1.27     45.03       60.7        387      1.7      2.48          0.77    89.64     0.73    0.81    0.99    0.10    0.96     90.80   8.03    95.59   88.93   0.95    6596.90    2.38     17.64  
47   TR917TS294_1        294     85.55    100.00  47    0.39      N/A        0.42      N/A        65.47    N/A           46.07    63.74    1.654    2.402    391   1    0     0     93.09  96.68  0.40        N/A          0.42         N/A          96.68  92.653   1.30     45.03       60.5        388      1.5      1.97          0.74    88.75     0.73    0.81    0.99    0.10    0.96     84.10   8.03    95.34   87.88   0.96    6543.90    2.76     17.09  
48   TR917TS023_4        023     85.55    100.00  47    N/A       N/A        0.42      N/A        66.17    N/A           47.81    64.00    1.999    2.592    391   0    0     0     91.56  95.14  N/A         N/A          0.33         N/A          95.65  91.581   1.29     45.03       59.5        387      1.8      1.01          0.77    90.15     0.74    0.81    0.98    0.10    0.96     87.10   7.93    95.17   87.79   0.95    6461.10    3.20     20.85  
49   TR917TS396_1        396     85.55    100.00  47    0.39      N/A        0.42      N/A        65.47    N/A           45.77    63.58    1.654    2.357    391   0    0     0     93.09  96.68  0.40        N/A          0.42         N/A          96.68  92.712   1.30     45.03       60.5        388      1.5      1.40          0.77    90.66     0.73    0.81    0.99    0.09    0.96     86.10   8.03    95.40   88.05   0.96    6546.80    2.70     N/A    
50   TR917TS188_1        188     85.55    100.00  47    0.39      N/A        0.42      N/A        65.54    N/A           44.07    62.79    1.658    2.362    391   0    0     0     93.09  96.68  0.40        N/A          0.42         N/A          96.68  92.535   1.31     45.03       60          388      1.5      2.76          0.76    90.79     0.71    0.81    0.99    0.10    0.96     91.50   8.03    95.16   87.09   0.96    6499.90    2.79     N/A    
51   TR917TS073_5        073     85.55    100.00  47    N/A       N/A        0.42      N/A        65.47    N/A           46.28    63.85    1.647    2.34     391   0    0     0     93.09  96.68  N/A         N/A          0.42         N/A          96.68  92.687   1.29     45.03       60.6        388      1.5      2.14          0.77    90.79     0.72    0.82    0.99    0.09    0.96     86.30   8.03    95.41   87.93   0.96    6555.20    2.65     92.69  
52   TR917TS250_1        250s    85.49    100.00  52    0.38      0.20       0.42      0.01       65.92    0.17          46.73    63.78    1.77     2.479    391   0    0     0     92.33  96.16  0.36        -0.43        0.38         -0.09        96.42  92.125   1.28     44.90       60.2        388      1.6      1.02          0.77    90.28     0.73    0.80    0.98    0.10    0.96     92.20   7.93    95.11   87.82   0.96    6543.60    2.69     23.04  
53   TR917TS001_5        001     85.42    100.00  53    N/A       N/A        0.41      N/A        65.73    N/A           47.75    64.48    1.962    2.454    391   17   0     0     91.82  95.91  N/A         N/A          0.35         N/A          96.42  92.202   1.32     44.53       59.1        383      1.5      3.97          0.42    90.28     0.73    0.80    0.98    0.09    0.96     92.46   7.93    95.03   87.13   0.95    6415.20    4.52     N/A    
54   TR917TS412_4        412     85.42    100.00  53    N/A       N/A        0.41      N/A        65.34    N/A           44.18    63.28    1.662    2.374    391   0    0     0     93.09  96.68  N/A         N/A          0.42         N/A          96.68  92.623   1.30     45.03       60.1        387      1.5      1.44          0.76    90.54     0.73    0.81    0.99    0.09    0.96     85.58   8.03    95.36   87.92   0.96    6503.60    2.72     33.60  
55   TR917TS220_1        220s    85.36    100.00  55    0.37      0.14       0.41      -0.04      65.47    0.03          47.38    63.57    1.681    2.328    391   1    0     0     93.61  96.93  0.43        0.81         0.44         0.78         96.93  92.249   1.30     45.03       60.1        387      1.5      1.76          0.77    90.92     0.75    0.81    0.99    0.09    0.96     92.80   8.03    95.60   88.38   0.96    6522.70    2.49     24.66  
56   TR917TS011_2        011     85.36    100.00  55    N/A       N/A        0.41      N/A        65.47    N/A           47.38    63.57    1.681    2.328    391   1    0     0     93.61  96.93  N/A         N/A          0.44         N/A          96.93  92.249   1.30     45.03       60.1        387      1.5      1.76          0.77    90.92     0.75    0.81    0.99    0.09    0.96     92.80   8.03    95.60   88.38   0.96    6522.70    2.49     24.66  
57   TR917TS450_1        450     85.36    100.00  55    0.37      N/A        0.41      N/A        65.47    N/A           47.38    63.57    1.681    2.328    391   1    0     0     93.61  96.93  0.43        N/A          0.44         N/A          96.93  92.249   1.30     45.03       60.1        387      1.5      1.76          0.77    90.92     0.75    0.81    0.99    0.09    0.96     92.80   8.03    95.60   88.38   0.96    6522.70    2.49     24.66  
58   TR917TS162_4        162     85.36    100.00  55    N/A       N/A        0.41      N/A        65.41    N/A           44.91    63.27    1.698    2.365    391   0    0     0     92.58  96.68  N/A         N/A          0.39         N/A          96.68  92.263   1.34     45.03       58.5        388      1.5      0.87          0.75    90.54     0.73    0.79    0.99    0.10    0.96     90.00   8.03    94.64   86.33   0.96    6330.10    2.90     N/A    
59   TR917TS396_3        396     85.36    100.00  55    N/A       N/A        0.41      N/A        65.28    N/A           46.35    63.20    1.699    2.449    391   1    0     0     92.33  96.16  N/A         N/A          0.38         N/A          96.16  92.459   1.38     44.90       60.7        387      1.5      1.17          0.77    89.26     0.73    0.81    0.99    0.10    0.96     89.70   8.03    95.21   88.56   0.96    6571.70    2.51     N/A    
60   TR917TS017_2        017     85.10    100.00  60    N/A       N/A        0.39      N/A        65.15    N/A           45.17    63.59    1.664    2.362    391   0    0     0     93.35  96.93  N/A         N/A          0.43         N/A          96.93  92.507   1.30     45.03       59.9        386      1.5      1.07          0.77    90.41     0.73    0.81    0.99    0.09    0.96     85.58   8.03    95.37   87.79   0.96    6484.00    2.68     94.16  
61   TR917TS162_2        162     85.10    100.00  60    N/A       N/A        0.39      N/A        64.70    N/A           44.25    62.99    1.691    2.376    391   0    0     0     93.09  96.68  N/A         N/A          0.42         N/A          96.68  92.405   1.31     45.03       59.4        388      1.5      1.21          0.76    90.15     0.72    0.80    0.99    0.10    0.96     86.40   8.03    95.02   87.18   0.96    6437.00    2.87     N/A    
62   TR917TS162_1        162     85.10    100.00  60    0.35      N/A        0.39      N/A        64.45    N/A           44.55    62.46    1.69     2.42     391   0    0     0     92.84  96.68  0.39        N/A          0.40         N/A          96.68  92.544   1.33     45.03       58.9        388      1.5      1.18          0.75    90.41     0.72    0.79    0.99    0.10    0.96     85.40   8.03    94.69   86.60   0.96    6373.90    2.83     N/A    
63   TR917TS017_3        017     85.10    100.00  60    N/A       N/A        0.39      N/A        65.02    N/A           45.31    63.59    1.665    2.363    391   0    0     0     93.09  96.93  N/A         N/A          0.42         N/A          96.93  92.563   1.31     45.03       59.9        387      1.5      1.14          0.77    90.41     0.73    0.81    0.99    0.09    0.96     85.58   8.03    95.35   87.76   0.96    6484.50    2.69     94.18  
64   TR917TS017_1        017     85.10    100.00  60    0.35      N/A        0.39      N/A        65.09    N/A           45.22    63.61    1.664    2.362    391   0    0     0     93.35  96.93  0.42        N/A          0.43         N/A          96.93  92.507   1.30     45.03       59.9        387      1.5      1.06          0.77    90.41     0.73    0.81    0.99    0.09    0.96     85.58   8.03    95.37   87.79   0.96    6486.40    2.68     94.17  
65   TR917TS102_5        102     85.04    100.00  65    N/A       N/A        0.39      N/A        64.96    N/A           44.41    62.37    1.723    2.362    391   0    0     0     93.09  96.42  N/A         N/A          0.42         N/A          96.42  92.137   1.33     45.03       57.8        386      1.6      1.96          0.73    90.28     0.71    0.80    0.99    0.11    0.96     84.98   7.93    94.59   85.81   0.96    6264.40    2.92     86.57  
66   TR917TS017_4        017     85.04    100.00  65    N/A       N/A        0.39      N/A        65.03    N/A           45.22    63.60    1.664    2.362    391   0    0     0     93.35  96.93  N/A         N/A          0.43         N/A          96.93  92.524   1.31     45.03       59.9        385      1.4      1.07          0.77    90.41     0.73    0.81    0.99    0.09    0.96     85.58   8.03    95.37   87.80   0.96    6484.40    2.68     94.18  
67   TR917TS102_3        102     84.78    100.00  67    N/A       N/A        0.37      N/A        64.52    N/A           45.22    63.09    1.737    2.406    391   0    0     0     92.84  96.16  N/A         N/A          0.40         N/A          96.16  91.533   1.30     45.15       58.6        384      1.5      2.12          0.75    90.54     0.72    0.79    0.99    0.10    0.96     88.37   8.03    94.57   85.82   0.96    6350.70    2.95     86.34  
68   TR917TS393_4        393     84.72    100.00  68    N/A       N/A        0.37      N/A        64.83    N/A           44.87    61.74    2.092    2.688    391   1    0     0     91.56  95.40  N/A         N/A          0.33         N/A          95.65  90.975   1.33     44.16       58.2        383      1.7      2.75          0.75    88.36     0.71    0.80    0.98    0.12    0.96     91.70   7.84    94.75   86.95   0.95    6336.50    3.04     18.70  
69   TR917TS011_1        011     84.72    100.00  68    0.33      N/A        0.37      N/A        65.03    N/A           45.92    62.06    1.791    2.378    391   0    0     0     92.58  96.68  0.37        N/A          0.39         N/A          96.68  91.633   1.37     45.28       59.6        387      1.6      1.95          0.77    90.66     0.75    0.81    0.99    0.09    0.96     96.90   8.03    95.50   88.16   0.95    6467.00    2.49     25.61  
70   TR917TS162_5        162     84.59    100.00  70    N/A       N/A        0.36      N/A        64.32    N/A           43.35    62.36    1.751    2.391    391   0    0     0     92.58  96.42  N/A         N/A          0.39         N/A          96.42  91.898   1.39     45.03       57.5        386      1.5      0.88          0.74    89.64     0.72    0.78    0.98    0.10    0.96     92.10   7.84    94.47   85.74   0.96    6225.40    3.03     N/A    
71   TR917TS393_2        393     84.53    100.00  71    N/A       N/A        0.36      N/A        64.00    N/A           45.09    61.85    1.726    2.483    391   1    0     0     92.84  96.42  N/A         N/A          0.40         N/A          96.42  91.996   1.42     44.90       60          387      1.5      3.00          0.76    89.39     0.72    0.81    0.98    0.10    0.96     92.50   8.03    94.76   87.71   0.96    6513.20    2.61     17.66  
72   TR917TS396_4        396     84.40    100.00  72    N/A       N/A        0.35      N/A        64.19    N/A           45.22    62.38    1.679    2.3      391   0    0     0     94.63  97.44  N/A         N/A          0.50         N/A          97.44  92.254   1.35     45.15       59.5        389      1.6      1.13          0.76    92.07     0.72    0.81    0.99    0.10    0.96     94.00   8.03    95.29   87.58   0.96    6462.90    2.37     N/A    
73   TR917TS396_5        396     84.21    100.00  73    N/A       N/A        0.33      N/A        64.32    N/A           45.40    61.57    2.08     2.659    391   2    0     0     92.07  95.40  N/A         N/A          0.36         N/A          95.65  90.93    1.34     44.53       58.4        383      1.7      1.12          0.76    88.62     0.72    0.80    0.98    0.13    0.96     92.70   7.84    94.91   87.43   0.95    6355.70    2.95     N/A    
74   TR917TS001_3        001     84.14    100.00  74    N/A       N/A        0.33      N/A        63.55    N/A           44.22    61.80    1.85     2.449    391   0    0     0     91.82  95.40  N/A         N/A          0.35         N/A          95.91  91.484   1.35     45.03       56.5        385      1.6      2.02          0.73    90.66     0.72    0.77    0.98    0.11    0.96     92.06   7.84    94.02   84.40   0.95    6122.80    3.02     N/A    
75   TR917TS081_2        081     84.08    100.00  75    N/A       N/A        0.33      N/A        63.23    N/A           43.92    61.93    1.704    2.387    391   0    0     0     93.35  96.16  N/A         N/A          0.43         N/A          96.16  91.827   1.39     45.28       57.7        388      1.5      0.90          0.74    89.51     0.71    0.79    0.98    0.11    0.96     89.20   8.03    94.23   85.18   0.96    6247.20    3.08     93.77  
76   TR917TS081_3        081     84.08    100.00  75    N/A       N/A        0.33      N/A        62.98    N/A           44.46    61.73    1.711    2.391    391   0    0     0     93.35  96.16  N/A         N/A          0.43         N/A          96.16  91.762   1.38     45.28       57.5        388      1.5      0.91          0.74    89.51     0.71    0.79    0.98    0.11    0.96     89.70   8.03    94.15   85.03   0.96    6233.40    3.10     93.77  
77   TR917TS081_5        081     84.02    100.00  77    N/A       N/A        0.32      N/A        63.68    N/A           44.76    61.92    1.755    2.402    391   0    0     0     93.61  96.42  N/A         N/A          0.44         N/A          96.42  91.118   1.41     45.28       56          388      1.6      1.65          0.73    89.64     0.71    0.78    0.98    0.12    0.96     86.90   7.93    93.93   84.51   0.95    6070.60    3.25     93.99  
78   TR917TS081_1        081     83.89    100.00  78    0.27      N/A        0.31      N/A        62.66    N/A           43.92    61.59    1.716    2.395    391   0    0     0     93.35  96.16  0.42        N/A          0.43         N/A          96.16  91.688   1.38     45.15       57.5        388      1.5      0.91          0.74    89.51     0.71    0.79    0.98    0.11    0.96     89.00   8.03    94.12   85.02   0.96    6227.70    3.11     93.79  
79   TR917TS187_1        187     83.76    100.00  79    0.26      N/A        0.30      N/A        63.05    N/A           42.51    60.07    1.687    2.394    391   0    0     0     91.30  96.42  0.29        N/A          0.32         N/A          96.42  92.014   1.40     45.28       59.2        389      1.6      2.62          0.67    90.28     0.70    0.80    0.99    0.11    0.96     83.80   8.03    94.62   86.13   0.96    6420.00    2.75     N/A    
80   TR917TS295_5        295     83.76    100.00  79    N/A       N/A        0.30      N/A        63.05    N/A           42.51    60.07    1.687    2.394    391   0    0     0     91.30  96.42  N/A         N/A          0.32         N/A          96.42  92.014   1.40     45.28       59.2        389      1.6      2.62          0.67    90.28     0.70    0.80    0.99    0.11    0.96     83.80   8.03    94.62   86.13   0.96    6420.00    2.75     N/A    
81   TR917TS393_3        393     83.76    100.00  79    N/A       N/A        0.30      N/A        63.49    N/A           43.47    61.33    1.687    2.345    391   0    0     0     94.63  97.44  N/A         N/A          0.50         N/A          97.44  92.04    1.38     45.28       59.3        389      1.6      2.99          0.75    91.82     0.71    0.81    0.99    0.10    0.96     94.40   8.03    95.10   87.06   0.96    6441.60    2.42     17.55  
82   TR917TS295_1        295     83.70    100.00  82    0.25      N/A        0.30      N/A        63.43    N/A           43.37    61.12    1.698    2.372    391   1    0     0     91.05  96.42  0.28        N/A          0.31         N/A          96.42  91.474   1.37     45.28       59.5        389      1.6      2.62          0.67    91.05     0.69    0.80    0.99    0.10    0.96     91.50   8.03    94.52   86.23   0.96    6460.50    2.65     N/A    
83   TR917TS187_2        187     83.70    100.00  82    N/A       N/A        0.30      N/A        63.43    N/A           43.37    61.12    1.698    2.372    391   1    0     0     91.05  96.42  N/A         N/A          0.31         N/A          96.42  91.474   1.37     45.28       59.5        389      1.6      2.62          0.67    91.05     0.69    0.80    0.99    0.10    0.96     91.50   8.03    94.52   86.23   0.96    6460.50    2.65     N/A    
84   TR917TS220_3        220s    83.63    100.00  84    N/A       N/A        0.30      -0.77      64.58    N/A           46.83    62.49    1.759    2.378    391   1    0     0     92.84  97.44  N/A         N/A          0.40         0.26         97.44  91.109   1.41     45.03       59.2        388      1.6      1.75          0.78    89.77     0.75    0.80    0.99    0.09    0.96     91.50   7.93    95.07   88.22   0.95    6416.50    2.47     26.35  
85   TR917TS450_3        450     83.63    100.00  84    N/A       N/A        0.30      N/A        64.58    N/A           46.83    62.49    1.759    2.378    391   1    0     0     92.84  97.44  N/A         N/A          0.40         N/A          97.44  91.109   1.41     45.03       59.2        388      1.6      1.75          0.78    89.77     0.75    0.80    0.99    0.09    0.96     91.50   7.93    95.07   88.22   0.95    6416.50    2.47     26.35  
86   TR917TS011_4        011     83.63    100.00  84    N/A       N/A        0.30      N/A        64.58    N/A           46.83    62.49    1.759    2.378    391   1    0     0     92.84  97.44  N/A         N/A          0.40         N/A          97.44  91.109   1.41     45.03       59.2        388      1.6      1.75          0.78    89.77     0.75    0.80    0.99    0.09    0.96     91.50   7.93    95.07   88.22   0.95    6416.50    2.47     26.35  
87   TR917TS001_4        001     83.50    100.00  87    N/A       N/A        0.29      N/A        62.34    N/A           42.73    60.84    1.858    2.499    391   0    0     0     91.82  95.65  N/A         N/A          0.35         N/A          95.65  91.586   1.36     45.15       56.4        385      1.6      2.18          0.72    89.00     0.70    0.77    0.98    0.11    0.96     84.88   7.84    93.80   84.12   0.95    6113.40    2.98     N/A    
88   TR917TS480_1        480     83.31    100.00  88    0.23      N/A        0.28      N/A        63.49    N/A           33.38    57.85    1.858    2.715    391   0    0     0     90.79  96.42  0.26        N/A          0.29         N/A          96.42  91.095   1.40     45.15       59          385      1.6      3.30          0.71    86.32     0.65    0.77    0.98    0.12    0.96     88.70   7.84    94.53   85.43   0.95    6402.40    2.95     18.46  
89   TR917TS295_3        295     83.25    100.00  89    N/A       N/A        0.27      N/A        63.23    N/A           41.23    60.24    1.951    2.667    391   0    0     0     89.51  94.37  N/A         N/A          0.23         N/A          94.37  90.45    1.43     45.03       56.5        386      1.7      2.96          0.62    84.27     0.66    0.76    0.98    0.15    0.95     91.20   7.84    93.51   81.65   0.95    6138.90    4.06     N/A    
90   TR917TS102_2        102     83.06    100.00  90    N/A       N/A        0.26      N/A        63.55    N/A           43.64    60.17    1.801    2.564    391   10   0     0     91.56  96.68  N/A         N/A          0.33         N/A          96.68  91.15    1.44     45.40       56.4        387      1.7      1.57          0.73    89.77     0.71    0.78    0.98    0.11    0.96     94.26   7.84    93.69   84.44   0.95    6130.90    2.89     N/A    
91   TR917TS393_5        393     83.06    100.00  90    N/A       N/A        0.26      N/A        62.27    N/A           43.10    59.07    2.092    2.875    391   0    0     0     88.75  95.14  N/A         N/A          0.19         N/A          95.14  91.272   1.42     44.90       58.1        383      1.6      2.85          0.73    84.02     0.70    0.78    0.98    0.14    0.95     92.90   7.84    93.26   83.81   0.95    6319.50    3.04     19.52  
92   TR917TS102_4        102     82.99    100.00  92    N/A       N/A        0.25      N/A        61.77    N/A           40.37    59.22    1.849    2.51     391   0    0     0     93.09  95.91  N/A         N/A          0.42         N/A          95.91  90.766   1.42     45.03       55.6        384      1.7      1.83          0.71    88.62     0.70    0.77    0.98    0.12    0.96     93.96   7.93    93.87   83.53   0.95    6030.30    3.44     86.91  
93   TR917TS011_3        011     82.67    100.00  93    N/A       N/A        0.23      N/A        63.17    N/A           44.90    60.18    1.942    2.537    391   1    0     0     91.56  96.68  N/A         N/A          0.33         N/A          96.68  90.389   1.46     44.66       58.4        386      1.7      1.88          0.77    89.26     0.74    0.80    0.98    0.10    0.96     90.40   7.93    94.90   87.61   0.95    6330.40    2.77     26.69  
94   TR917TS001_1        001     82.67    100.00  93    0.18      N/A        0.23      N/A        61.45    N/A           42.69    60.00    1.887    2.502    391   0    0     0     90.79  96.16  0.26        N/A          0.29         N/A          96.16  90.59    1.44     45.03       55.7        385      1.6      2.05          0.72    89.64     0.70    0.77    0.98    0.12    0.96     88.47   7.84    93.32   82.92   0.95    6037.30    3.21     N/A    
95   TR917TS450_2        450     82.67    100.00  93    N/A       N/A        0.23      N/A        63.17    N/A           44.90    60.18    1.942    2.537    391   1    0     0     91.56  96.68  N/A         N/A          0.33         N/A          96.68  90.389   1.46     44.66       58.4        386      1.7      1.88          0.77    89.26     0.74    0.80    0.98    0.10    0.96     90.40   7.93    94.90   87.61   0.95    6330.40    2.77     26.69  
96   TR917TS220_2        220s    82.67    100.00  93    N/A       N/A        0.23      -1.18      63.17    N/A           44.90    60.18    1.942    2.537    391   1    0     0     91.56  96.68  N/A         N/A          0.33         -0.61        96.68  90.389   1.46     44.66       58.4        386      1.7      1.88          0.77    89.26     0.74    0.80    0.98    0.10    0.96     90.40   7.93    94.90   87.61   0.95    6330.40    2.77     26.69  
97   TR917TS001_2        001     82.55    100.00  97    N/A       N/A        0.23      N/A        61.25    N/A           42.48    59.11    1.893    2.534    391   0    0     0     91.30  96.68  N/A         N/A          0.32         N/A          96.68  90.761   1.47     45.15       55.6        385      1.6      2.06          0.72    89.51     0.70    0.76    0.98    0.12    0.96     79.99   7.84    93.30   83.05   0.95    6029.00    3.14     N/A    
98   TR917TS187_4        187     82.42    100.00  98    N/A       N/A        0.22      N/A        61.31    N/A           39.08    57.79    1.872    2.574    391   0    0     0     90.54  95.14  N/A         N/A          0.28         N/A          95.14  90.471   1.42     45.15       56.2        387      1.7      3.04          0.62    84.53     0.66    0.77    0.98    0.15    0.96     93.00   7.93    93.34   81.88   0.95    6094.00    3.96     N/A    
99   TR917TS060_4        060     82.03    100.00  99    N/A       N/A        0.19      N/A        62.28    N/A           40.55    60.06    2.87     3.369    391   0    0     0     89.26  93.61  N/A         N/A          0.21         N/A          94.12  89.863   1.32     44.03       56          379      1.7      1.10          0.72    84.53     0.69    0.75    0.97    0.16    0.94     88.70   7.84    94.07   83.84   0.93    6090.30    5.28     91.42  
100  TR917TS446_1        446s    81.78    100.00  100   0.12      -1.56      0.17      -1.56      60.36    -1.51         42.14    58.60    1.836    2.506    391   0    0     0     91.30  96.16  0.29        -1.43        0.32         -0.78        96.16  90.445   1.46     45.15       56.9        386      1.7      0.98          0.73    88.49     0.71    0.78    0.98    0.12    0.96     89.00   7.93    93.85   84.87   0.95    6175.50    3.01     92.98  
101  TR917TS480_2        480     81.65    100.00  101   N/A       N/A        0.17      N/A        61.76    N/A           34.09    56.90    2.785    3.647    391   1    0     0     88.24  92.33  N/A         N/A          0.16         N/A          92.33  88.434   1.32     44.28       56.3        377      1.8      3.45          0.70    79.80     0.63    0.74    0.95    0.19    0.95     87.10   7.84    92.96   82.81   0.93    6120.30    5.81     20.92  
102  TR917TS220_5        220s    81.52    100.00  102   N/A       N/A        0.16      -1.67      62.02    N/A           44.92    59.50    2.2      2.779    391   0    0     0     89.77  95.14  N/A         N/A          0.24         -1.82        95.65  89.164   1.54     44.66       57.7        384      1.8      1.87          0.77    90.15     0.75    0.80    0.98    0.11    0.96     92.60   7.84    94.97   88.19   0.94    6282.80    2.99     28.19  
103  TR917TS450_5        450     81.52    100.00  102   N/A       N/A        0.16      N/A        62.02    N/A           44.92    59.50    2.2      2.779    391   0    0     0     89.77  95.14  N/A         N/A          0.24         N/A          95.65  89.164   1.54     44.66       57.7        384      1.8      1.87          0.77    90.15     0.75    0.80    0.98    0.11    0.96     92.60   7.84    94.97   88.19   0.94    6282.80    2.99     28.19  
104  TR917TS450_4        450     81.39    100.00  104   N/A       N/A        0.15      N/A        61.64    N/A           43.88    59.16    2.077    2.754    391   0    0     0     89.00  95.14  N/A         N/A          0.20         N/A          95.65  89.395   1.52     45.03       57.6        385      1.9      1.83          0.76    88.36     0.74    0.79    0.98    0.11    0.96     91.20   7.84    94.88   87.81   0.94    6270.80    3.10     27.11  
105  TR917TS011_5        011     81.39    100.00  104   N/A       N/A        0.15      N/A        61.64    N/A           43.88    59.16    2.077    2.754    391   0    0     0     89.00  95.14  N/A         N/A          0.20         N/A          95.65  89.395   1.52     45.03       57.6        385      1.9      1.83          0.76    88.36     0.74    0.79    0.98    0.11    0.96     91.20   7.84    94.88   87.81   0.94    6270.80    3.10     27.11  
106  TR917TS220_4        220s    81.39    100.00  104   N/A       N/A        0.15      -1.72      61.64    N/A           43.88    59.16    2.077    2.754    391   0    0     0     89.00  95.14  N/A         N/A          0.20         -2.34        95.65  89.395   1.52     45.03       57.6        385      1.9      1.83          0.76    88.36     0.74    0.79    0.98    0.11    0.96     91.20   7.84    94.88   87.81   0.94    6270.80    3.10     27.11  
107  TR917TS060_1        060     81.33    100.00  107   0.08      N/A        0.15      N/A        61.77    N/A           39.38    59.27    2.822    3.469    391   0    0     0     88.49  92.58  0.13        N/A          0.17         N/A          92.84  88.54    1.35     42.79       53.9        375      1.8      1.18          0.70    82.99     0.69    0.74    0.96    0.18    0.95     90.50   7.84    93.69   82.42   0.93    5873.90    5.49     92.54  
108  TR917TS187_3        187     80.95    100.00  108   N/A       N/A        0.12      N/A        59.34    N/A           38.28    57.56    1.883    2.807    391   0    0     0     89.77  95.91  N/A         N/A          0.24         N/A          95.91  89.95    1.46     45.28       56          389      1.8      2.96          0.63    85.29     0.65    0.76    0.98    0.15    0.95     87.20   7.93    93.62   82.45   0.95    6090.30    3.38     N/A    
109  TR917TS060_5        060     80.82    100.00  109   N/A       N/A        0.11      N/A        61.31    N/A           41.41    59.52    3.197    3.596    391   0    0     0     88.75  91.82  N/A         N/A          0.19         N/A          92.58  88.636   1.33     42.29       54.5        377      1.8      1.08          0.71    84.53     0.70    0.75    0.96    0.17    0.94     86.90   7.84    93.94   83.13   0.92    5939.00    6.08     91.82  
110  TR917TS480_3        480     80.11    100.00  110   N/A       N/A        0.07      N/A        60.30    N/A           32.88    55.08    2.915    3.757    391   1    0     0     86.19  91.56  N/A         N/A          0.05         N/A          91.56  87.682   1.42     43.78       54.9        377      1.8      3.33          0.68    75.96     0.62    0.73    0.96    0.17    0.95     92.40   7.84    89.83   81.24   0.93    5973.80    7.37     21.43  
111  TR917TS060_3        060     80.11    100.00  110   N/A       N/A        0.07      N/A        60.68    N/A           40.07    58.55    3.364    3.995    391   0    0     0     87.47  91.56  N/A         N/A          0.12         N/A          92.58  88.036   1.38     42.29       53.9        373      1.7      1.18          0.70    82.35     0.69    0.73    0.96    0.19    0.94     88.60   7.84    93.78   82.72   0.92    5866.20    6.10     89.84  
112  TR917TS073_3        073     79.73    100.00  112   N/A       N/A        0.04      N/A        58.76    N/A           42.53    56.31    1.895    2.518    391   0    0     0     91.05  96.42  N/A         N/A          0.31         N/A          96.42  89.395   1.57     45.15       57.7        388      1.8      1.54          0.75    90.41     0.71    0.80    0.98    0.11    0.95     87.40   7.93    94.02   85.99   0.95    6255.10    2.83     93.57  
113  TR917TS060_2        060     79.67    100.00  113   N/A       N/A        0.04      N/A        60.30    N/A           40.51    58.32    4.124    4.491    391   0    0     0     87.21  91.05  N/A         N/A          0.11         N/A          91.30  87.053   1.33     42.04       53.1        371      1.9      1.03          0.70    82.35     0.69    0.73    0.94    0.21    0.93     86.90   6.81    93.62   82.02   0.91    5788.80    8.93     90.34  
114  TR917TS418_5        418     78.84    100.00  114   N/A       N/A        -0.02     N/A        56.91    N/A           36.30    54.75    1.948    2.616    391   0    0     0     90.79  95.65  N/A         N/A          0.29         N/A          95.65  88.89    1.54     45.15       55.6        388      1.8      3.42          0.71    90.41     0.67    0.78    0.98    0.11    0.96     84.40   7.93    93.42   83.75   0.94    6033.60    3.31     36.38  
115  TR917TS073_1        073     78.52    100.00  115   -0.12     N/A        -0.04     N/A        56.84    N/A           40.23    54.14    1.97     2.6      391   0    0     0     90.28  96.68  0.23        N/A          0.27         N/A          96.68  88.715   1.65     45.15       57.6        387      1.8      1.55          0.75    90.03     0.72    0.80    0.98    0.10    0.95     86.90   7.93    94.09   86.19   0.94    6247.30    2.76     92.90  
116  TR917TS073_4        073     78.45    100.00  116   N/A       N/A        -0.04     N/A        57.41    N/A           40.79    55.23    1.99     2.579    391   0    0     0     90.79  95.65  N/A         N/A          0.29         N/A          95.65  88.531   1.56     45.03       57.1        387      1.8      1.57          0.75    89.90     0.71    0.80    0.98    0.11    0.95     89.30   7.84    93.84   85.20   0.94    6192.60    3.02     93.23  
117  TR917TS480_4        480     77.88    100.00  117   N/A       N/A        -0.08     N/A        58.82    N/A           29.81    53.04    4.154    4.935    391   0    0     0     83.38  89.26  N/A         N/A          -0.10        N/A          89.26  84.644   1.41     42.91       52.9        365      1.8      3.50          0.65    71.74     0.59    0.69    0.93    0.25    0.93     81.40   7.02    90.83   78.83   0.89    5770.10    10.35    24.52  
118  TR917TS418_1        418     77.81    100.00  118   -0.17     N/A        -0.09     N/A        55.82    N/A           33.70    50.62    2.044    2.67     391   0    0     0     89.51  96.16  0.19        N/A          0.23         N/A          96.16  87.428   1.69     45.15       53.7        387      1.9      3.60          0.70    90.66     0.67    0.76    0.98    0.12    0.95     86.50   7.93    92.88   82.76   0.94    5830.80    3.43     37.64  
119  TR917TS480_5        480     77.62    100.00  119   N/A       N/A        -0.10     N/A        58.25    N/A           28.55    52.17    3.442    4.336    391   0    0     0     83.89  89.77  N/A         N/A          -0.07        N/A          90.03  84.781   1.39     42.17       52.3        372      2        3.44          0.64    70.20     0.59    0.68    0.95    0.26    0.93     84.60   7.54    90.62   78.01   0.91    5706.80    8.50     24.05  
120  TR917TS073_2        073     77.49    100.00  120   N/A       N/A        -0.11     N/A        55.88    N/A           41.00    54.04    2.186    2.707    391   0    0     0     89.00  95.40  N/A         N/A          0.20         N/A          95.91  87.648   1.68     44.90       56.9        388      2        1.53          0.75    90.92     0.72    0.80    0.98    0.10    0.95     87.80   7.93    93.84   85.74   0.93    6160.40    3.24     92.33  
121  TR917TS295_2        295     77.37    100.00  121   N/A       N/A        -0.11     N/A        56.84    N/A           34.60    51.63    2.386    3.053    391   0    0     0     85.93  94.88  N/A         N/A          0.04         N/A          94.88  86.687   1.72     44.78       53.8        381      1.9      2.98          0.62    87.72     0.64    0.75    0.97    0.15    0.94     85.70   7.84    92.23   81.84   0.93    5861.60    3.70     N/A    
122  TR917TS204_4        204     77.11    100.00  122   N/A       N/A        -0.13     N/A        55.76    N/A           34.92    52.13    2.125    2.881    391   1    0     0     85.42  94.63  N/A         N/A          0.01         N/A          94.63  87.212   1.70     45.28       49.7        386      1.9      0.91          0.65    80.05     0.63    0.70    0.98    0.21    0.95     78.10   7.84    89.64   76.52   0.93    5431.00    4.22     N/A    
123  TR917TS418_3        418     75.70    100.00  123   N/A       N/A        -0.22     N/A        53.71    N/A           32.73    49.74    2.11     2.719    391   0    0     0     88.49  96.16  N/A         N/A          0.17         N/A          96.16  86.986   1.72     45.03       53.9        388      1.9      3.70          0.70    90.03     0.66    0.77    0.98    0.12    0.95     84.90   7.93    93.01   82.87   0.93    5871.50    3.57     38.16  
124  TR917TS118_4        118     75.32    100.00  124   N/A       N/A        -0.25     N/A        53.71    N/A           40.71    52.03    2.766    3.231    391   0    0     0     85.42  93.09  N/A         N/A          0.01         N/A          93.35  85.544   1.75     44.53       51.7        383      2.2      1.97          0.72    87.98     0.72    0.77    0.97    0.13    0.95     89.37   7.74    92.91   83.24   0.92    5651.30    4.22     N/A    
125  TR917TS118_2        118     75.19    100.00  125   N/A       N/A        -0.26     N/A        54.47    N/A           37.30    50.87    2.713    3.14     391   0    0     0     83.63  92.84  N/A         N/A          -0.08        N/A          93.35  85.163   1.77     44.28       50.5        383      2.2      1.77          0.69    88.36     0.71    0.76    0.97    0.15    0.94     87.68   7.84    92.43   81.72   0.92    5512.90    4.39     N/A    
126  TR917TS295_4        295     74.94    100.00  126   N/A       N/A        -0.27     N/A        53.32    N/A           33.34    47.30    2.372    3        391   0    0     0     82.86  93.35  N/A         N/A          -0.12        N/A          93.35  85.038   1.83     44.90       52.2        383      2.1      3.13          0.62    85.55     0.65    0.75    0.97    0.16    0.94     88.00   7.84    92.48   81.05   0.92    5662.40    4.14     N/A    
127  TR917TS118_3        118     74.62    100.00  127   N/A       N/A        -0.29     N/A        54.09    N/A           36.83    51.14    2.4      2.882    391   0    0     0     82.86  93.61  N/A         N/A          -0.12        N/A          93.61  85.048   1.79     44.53       49.8        384      2.1      1.62          0.70    87.98     0.69    0.76    0.98    0.14    0.95     82.39   7.74    91.74   81.42   0.92    5444.00    4.17     N/A    
128  TR917TS418_4        418     74.55    100.00  128   N/A       N/A        -0.30     N/A        53.01    N/A           29.45    45.59    2.348    3.001    391   1    0     0     84.14  95.40  N/A         N/A          -0.06        N/A          95.91  85.199   1.90     44.90       52.4        388      2.2      3.86          0.69    88.62     0.66    0.76    0.98    0.12    0.95     87.70   7.93    92.70   83.39   0.92    5685.60    3.83     40.36  
129  TR917TS118_5        118     74.30    100.00  129   N/A       N/A        -0.32     N/A        52.05    N/A           39.65    50.73    2.463    2.996    391   0    0     0     85.93  93.09  N/A         N/A          0.04         N/A          93.61  85.434   1.73     44.78       52.1        385      2.2      1.76          0.70    88.36     0.70    0.76    0.98    0.14    0.95     92.36   7.84    92.19   81.90   0.92    5651.20    4.25     N/A    
130  TR917TS381_4        381     73.98    85.93   130   N/A       N/A        -0.34     N/A        56.52    N/A           46.59    50.74    1.575    2.233    336   0    0     0     80.31  84.14  N/A         N/A          -0.26        N/A          84.14  79.973   1.34     37.65       27          275      1.8      2.32          0.54    76.34     0.63    0.57    0.73    0.00    0.75     46.47   6.92    72.94   64.46   0.83    2910.30    N/A      32.62  
131  TR917TS381_3        381     73.98    85.93   130   N/A       N/A        -0.34     N/A        56.52    N/A           46.59    50.74    1.575    2.233    336   0    0     0     80.31  84.14  N/A         N/A          -0.26        N/A          84.14  79.973   1.34     37.65       27          275      1.8      2.32          0.54    76.34     0.63    0.57    0.73    0.00    0.75     46.47   6.92    72.94   64.46   0.83    2910.30    N/A      32.62  
132  TR917TS418_2        418     73.91    100.00  132   N/A       N/A        -0.34     N/A        52.05    N/A           30.24    45.93    2.356    2.918    391   0    0     0     84.91  95.14  N/A         N/A          -0.02        N/A          95.65  81.447   1.88     44.90       52.2        388      2.2      3.66          0.70    90.15     0.66    0.76    0.98    0.12    0.95     86.40   7.93    92.57   82.79   0.92    5662.70    3.83     40.29  
133  TR917TS381_1        381     73.85    85.93   133   -0.45     N/A        -0.35     N/A        56.52    N/A           45.87    50.98    1.584    2.284    336   0    0     0     80.31  83.89  -0.36       N/A          -0.26        N/A          83.89  80.117   1.36     38.05       27.3        280      1.9      2.58          0.54    75.70     0.63    0.57    0.73    0.00    0.75     46.98   6.81    72.10   64.12   0.83    2954.50    N/A      32.55  
134  TR917TS381_2        381     73.85    85.93   133   N/A       N/A        -0.35     N/A        56.52    N/A           45.87    50.98    1.584    2.284    336   0    0     0     80.31  83.89  N/A         N/A          -0.26        N/A          83.89  80.117   1.36     38.05       27.3        280      1.9      2.58          0.54    75.70     0.63    0.57    0.73    0.00    0.75     46.98   6.81    72.10   64.12   0.83    2954.50    N/A      32.55  
135  TR917TS381_5        381     73.40    85.17   135   N/A       N/A        -0.37     N/A        56.65    N/A           47.00    50.81    1.581    2.195    333   0    0     0     80.31  83.38  N/A         N/A          -0.26        N/A          83.38  79.585   1.36     37.37       26.4        274      1.9      2.27          0.54    75.32     0.63    0.57    0.72    0.00    0.74     46.87   6.81    71.41   63.47   0.82    2851.00    N/A      32.66  
136  TR917TS081_4        081     73.21    100.00  136   N/A       N/A        -0.39     N/A        51.09    N/A           35.27    48.34    2.306    2.892    391   0    0     0     85.17  96.16  N/A         N/A          -0.00        N/A          96.16  84.834   1.88     45.15       51.5        389      2.2      1.81          0.67    88.24     0.68    0.74    0.98    0.13    0.94     97.20   7.93    91.68   80.41   0.92    5623.90    3.91     93.70  
137  TR917TS187_5        187     72.25    100.00  137   N/A       N/A        -0.45     N/A        50.58    N/A           31.84    45.24    2.501    3.114    391   0    0     0     80.56  93.09  N/A         N/A          -0.24        N/A          93.09  81.987   1.92     44.90       51.5        387      2.4      2.79          0.61    87.08     0.66    0.75    0.97    0.15    0.94     87.80   7.84    92.01   81.34   0.91    5595.50    4.22     N/A    
138  TR917TS279_1        279     70.27    100.00  138   -0.71     N/A        -0.58     N/A        49.04    N/A           30.75    40.18    2.744    3.172    391   1    0     0     70.59  90.28  -0.93       N/A          -0.77        N/A          90.28  74.428   2.02     44.78       50.3        386      2.6      1.55          0.70    88.49     0.69    0.76    0.98    0.13    0.93     86.28   7.74    91.05   81.13   0.89    5495.70    3.51     83.19  
139  TR917TS474_1        474     70.20    100.00  139   -0.72     N/A        -0.58     N/A        50.06    N/A           27.56    41.48    2.778    3.43     391   1    0     0     68.80  88.75  -1.04       N/A          -0.86        N/A          88.75  70.004   2.06     44.66       50.5        386      2.6      3.19          0.69    86.45     0.70    0.74    0.97    0.13    0.95     92.40   7.74    92.69   85.11   0.89    5507.60    4.24     83.13  
140  TR917TS257_4        257     70.08    100.00  140   N/A       N/A        -0.59     N/A        49.42    N/A           28.53    43.30    3.442    4.163    391   0    0     0     75.96  88.75  N/A         N/A          -0.49        N/A          90.54  78.833   1.88     43.16       50.8        377      2.3      3.31          0.64    77.11     0.63    0.70    0.94    0.23    0.92     90.80   7.64    89.30   78.66   0.89    5549.30    6.54     44.01  
141  TR917TS474_2        474     69.50    100.00  141   N/A       N/A        -0.63     N/A        49.42    N/A           26.62    38.18    2.88     3.516    391   1    0     0     70.59  90.28  N/A         N/A          -0.77        N/A          90.28  69.467   2.08     44.66       47.9        383      2.6      3.24          0.68    86.32     0.69    0.73    0.97    0.14    0.94     92.20   7.24    92.16   83.87   0.89    5233.90    4.25     81.91  
142  TR917TS118_1        118     68.54    100.00  142   -0.84     N/A        -0.69     N/A        46.29    N/A           33.89    43.76    2.815    3.263    391   0    0     0     80.31  92.07  -0.36       N/A          -0.26        N/A          92.84  72.02    2.00     44.90       49          384      2.5      1.69          0.67    89.13     0.69    0.75    0.97    0.15    0.93     88.57   7.64    91.69   80.96   0.90    5324.80    4.54     N/A    
143  TR917TS330_1        330     66.50    100.00  143   -0.98     N/A        -0.83     N/A        44.88    N/A           26.29    37.47    2.91     3.421    391   0    0     0     70.84  91.05  -0.92       N/A          -0.76        N/A          91.05  67.737   2.14     45.03       49.2        387      2.8      2.40          0.68    87.72     0.67    0.75    0.97    0.18    0.92     81.40   7.84    90.61   79.28   0.89    5377.90    3.34     88.98  
144  TR917TS330_3        330     61.38    100.00  144   N/A       N/A        -1.16     N/A        41.43    N/A           25.52    32.54    3.816    4.377    391   0    0     0     52.94  79.80  N/A         N/A          -1.70        N/A          80.05  56.875   2.10     42.79       38.9        372      3.2      1.00          0.61    74.30     0.64    0.67    0.93    0.26    0.90     77.70   7.34    85.23   74.08   0.84    4308.30    6.81     75.23  
145  TR917TS257_1        257     59.97    100.00  145   -1.45     N/A        -1.26     N/A        37.40    N/A           21.24    26.26    3.338    8.783    391   14   0     0     56.78  85.17  -1.75       N/A          -1.50        N/A          85.17  61.067   2.33     44.78       37.8        379      3        2.93          0.00    8.95      0.58    0.69    0.95    0.21    0.93     21.80   7.54    87.67   73.57   0.85    4179.30    4.82     51.45  
146  TR917TS330_4        330     59.91    100.00  146   N/A       N/A        -1.26     N/A        37.41    N/A           23.07    32.21    3.245    3.812    391   0    0     0     60.36  86.19  N/A         N/A          -1.31        N/A          86.19  55.7     2.29     44.53       43.4        385      3        1.07          0.63    78.64     0.64    0.70    0.96    0.24    0.91     73.20   7.44    87.57   74.88   0.86    4764.80    4.61     79.18  
147  TR917TS330_5        330     55.63    100.00  147   N/A       N/A        -1.54     N/A        34.59    N/A           14.13    19.04    4.449    4.918    391   0    0     0     36.57  72.38  N/A         N/A          -2.56        N/A          72.63  42.506   2.61     42.04       34.6        377      4.1      0.97          0.58    72.51     0.61    0.65    0.93    0.30    0.87     69.50   7.24    85.12   70.96   0.78    3851.30    6.66     66.19  
148  TR917TS330_2        330     55.12    100.00  148   N/A       N/A        -1.57     N/A        34.08    N/A           16.40    21.01    4.255    4.76     391   0    0     0     39.90  74.68  N/A         N/A          -2.38        N/A          75.19  45.203   2.54     41.92       37.3        375      3.8      1.00          0.59    74.81     0.63    0.67    0.94    0.26    0.88     77.70   7.44    86.50   73.45   0.79    4123.90    5.56     68.84  
149  TR917TS257_2        257     42.52    100.00  149   N/A       N/A        -2.40     N/A        23.40    N/A           13.90    19.12    6.467    6.854    391   80   0     0     33.76  59.34  N/A         N/A          -2.71        N/A          61.38  39.699   2.49     35.32       19.2        311      3.9      3.06          0.24    56.14     0.51    0.54    0.73    0.57    0.83     81.00   7.24    73.81   62.23   0.70    2230.40    11.61    67.13  
150  TR917TS257_3        257     31.97    100.00  150   N/A       N/A        -3.09     N/A        19.12    N/A           9.79     15.00    10.844   11.215   391   59   0     0     27.11  37.08  N/A         N/A          -3.06        N/A          42.71  31.022   2.34     18.65       14.5        247      5.3      2.90          0.24    52.94     0.51    0.52    0.63    0.65    0.78     85.20   6.35    69.00   60.44   0.52    1542.50    38.29    75.67  
151  TR917TS399_5        399     9.78     100.00  151   N/A       N/A        -4.55     N/A        6.78     N/A           1.83     3.59     23.323   23.678   391   50   0     0     0.00   0.00   N/A         N/A          -4.48        N/A          17.65  11.306   2.71     3.60        0.4         105      7.6      3.55          0.09    9.72      0.39    0.24    0.09    2.09    0.50     65.00   2.83    31.05   39.68   0.25    249.30     365.05   31.35  
152  TR917TS399_3        399     9.53     100.00  152   N/A       N/A        -4.56     N/A        6.91     N/A           1.98     3.67     30.82    31.226   391   42   0     0     0.26   0.00   N/A         N/A          -4.47        N/A          12.79  8.294    2.65     2.98        1.2         92       11.2     3.48          0.10    8.95      0.40    0.24    0.15    2.25    0.49     63.80   3.50    29.19   39.80   0.19    214.80     559.58   21.22  
153  TR917TS399_2        399     9.53     100.00  152   N/A       N/A        -4.56     N/A        6.91     N/A           1.85     3.54     26.851   27.16    391   35   0     0     0.51   5.37   N/A         N/A          -4.46        N/A          18.67  10.309   2.26     2.98        1.3         82       12.4     3.51          0.11    10.49     0.40    0.24    0.10    2.16    0.50     65.20   3.07    31.23   40.23   0.20    193.50     420.61   29.81  
154  TR917TS399_1        399     9.02     100.00  154   -5.12     N/A        -4.60     N/A        6.08     N/A           1.85     3.54     23.401   23.845   391   42   0     0     0.26   0.26   -5.09       N/A          -4.47        N/A          16.62  8.705    2.63     2.73        0.6         80       12.6     3.62          0.10    11.00     0.40    0.24    0.10    2.10    0.50     64.20   3.89    31.74   40.19   0.27    185.80     315.93   32.00  
155  TR917TS399_4        399     7.67     100.00  155   N/A       N/A        -4.69     N/A        5.12     N/A           0.73     1.87     25.806   26.09    391   63   0     0     1.79   5.12   N/A         N/A          -4.39        N/A          16.37  8.014    2.70     1.48        0           0        N/A      3.55          0.08    9.34      0.37    0.22    0.04    2.16    0.51     62.70   2.58    29.33   39.16   0.20    N/A        441.93   21.29  

