#    Model               GR#     GDT_TS   NP_P    RANK  Z-M1-GDT  Z-M1s-GDT  Z-MA-GDT  Z-MAs-GDT  GDT_HA   Z-M1s-GDT-HA  GDC_SC   GDC_ALL  RMS_CA   RMS_ALL  NP    err  PC01  PC05  AL0_P  AL4_P  Z-M1-AL0_p  Z-M1s-AL0_p  Z-MA-AL0_p   Z-MAs-AL0_p  ALI_P  LGA_S    RMSD[L]  Z-score[M]  Z-Score[D]  Al.Res.  RMSD[D]  MolPrb_Score  LDDT    SphGr     CAD_AA  RPF     CODM    DFM     Handed.  SOV     CE      QCS     CONTS   TMscore  Dali(raw)  FlexE    QSE    

-    Starting model      -       83.45    -       -     -         -          -         -          68.58    -             43.32    -        2.45     3.10     -     -    -     -     -      -      -           -            -            -            -      -        -        11.31       12.30       73       2.20     1.07          0.73    83.78     0.74    0.78    0.94    0.19    0.91     100.00  5.19    95.59   88.92   0.81     435.90     1.84     -      

1    TR922TS118_4        118     88.51    100.00  1     N/A       N/A        0.87      N/A        71.28    N/A           52.70    64.90    1.674    2.405    74    0    0     0     94.59  95.95  N/A         N/A          1.02         N/A          95.95  92.55    1.26     11.52       13.4        73       1.6      1.64          0.76    89.19     0.75    0.81    0.97    0.12    0.94     98.65   5.19    94.14   89.31   0.86    466.70     1.20     N/A    
2    TR922TS446_1        446s    87.50    100.00  2     0.76      1.53       0.79      1.61       74.33    1.38          46.61    65.28    2.247    2.952    74    0    0     0     85.14  93.24  0.49        1.73         0.49         0.75         93.24  90.95    1.34     11.31       12.9        73       1.9      0.65          0.75    85.81     0.76    0.79    0.94    0.18    0.92     100.00  5.19    96.22   90.40   0.85    457.00     1.69     91.08  
3    TR922TS247_1        247     86.49    100.00  3     0.68      N/A        0.71      N/A        74.33    N/A           49.47    64.57    1.94     2.54     74    0    0     0     89.19  93.24  0.78        N/A          0.72         N/A          93.24  92.378   1.28     11.31       13.2        72       1.6      1.23          0.78    89.19     0.76    0.80    0.95    0.17    0.93     100.00  5.19    95.85   89.91   0.85    464.60     1.26     N/A    
4    TR922TS265_1        265     86.49    100.00  3     0.68      N/A        0.71      N/A        71.96    N/A           47.27    63.60    2.673    3.173    74    0    0     0     85.14  90.54  0.49        N/A          0.49         N/A          90.54  88.549   1.32     10.89       12.3        71       2.1      1.16          0.76    83.11     0.74    0.78    0.93    0.23    0.91     100.00  5.19    95.46   88.04   0.82    436.60     1.70     90.16  
5    TR922TS001_3        001     85.81    100.00  5     N/A       N/A        0.65      N/A        71.62    N/A           50.53    63.81    2.375    2.811    74    0    0     0     86.49  93.24  N/A         N/A          0.56         N/A          93.24  90.831   1.43     11.10       12.9        71       1.6      3.15          0.72    89.19     0.77    0.81    0.92    0.21    0.92     98.65   5.19    96.05   90.42   0.84    452.80     1.30     N/A    
6    TR922TS430_5        430s    85.47    100.00  6     N/A       N/A        0.62      0.87       72.30    N/A           50.24    63.23    2.478    3.104    74    0    0     0     85.14  90.54  N/A         N/A          0.49         0.75         90.54  87.702   1.33     11.10       12.8        73       2.2      1.49          0.76    84.46     0.76    0.79    0.94    0.18    0.92     100.00  5.19    96.00   89.50   0.82    451.60     1.98     27.75  
7    TR922TS081_3        081     85.47    100.00  6     N/A       N/A        0.62      N/A        71.62    N/A           46.87    63.19    2.379    3.063    74    0    0     0     83.78  89.19  N/A         N/A          0.41         N/A          89.19  89.379   1.51     11.10       12.6        73       2.1      0.88          0.74    83.78     0.74    0.76    0.94    0.18    0.92     100.00  5.19    95.38   88.20   0.83    445.00     2.11     90.84  
8    TR922TS118_3        118     85.47    100.00  6     N/A       N/A        0.62      N/A        69.93    N/A           47.33    64.47    2.249    2.841    74    0    0     0     89.19  91.89  N/A         N/A          0.72         N/A          91.89  89.752   1.51     11.31       11.7        72       2        1.42          0.75    90.54     0.76    0.79    0.94    0.21    0.92     98.65   5.19    93.35   86.93   0.83    416.90     1.52     N/A    
9    TR922TS118_1        118     85.47    100.00  6     0.59      N/A        0.62      N/A        72.64    N/A           49.06    64.72    2.636    3.027    74    0    0     0     89.19  91.89  0.78        N/A          0.72         N/A          91.89  88.508   1.24     10.89       12.6        69       1.5      1.33          0.77    89.19     0.76    0.79    0.90    0.19    0.91     80.89   5.19    95.29   89.68   0.83    442.00     1.62     N/A    
10   TR922TS265_2        265     85.47    100.00  6     N/A       N/A        0.62      N/A        71.62    N/A           47.24    63.68    2.846    3.398    74    0    0     0     83.78  91.89  N/A         N/A          0.41         N/A          91.89  88.11    1.32     10.68       12.2        71       2.1      0.64          0.75    83.11     0.74    0.77    0.90    0.23    0.91     100.00  5.04    95.50   88.54   0.82    433.00     1.72     89.48  
11   TR922TS081_1        081     85.47    100.00  6     0.59      N/A        0.62      N/A        71.96    N/A           46.72    63.18    2.371    3.059    74    0    0     0     83.78  89.19  0.40        N/A          0.41         N/A          89.19  89.379   1.50     11.10       12.6        73       2.1      0.88          0.74    83.78     0.74    0.76    0.94    0.19    0.92     100.00  5.19    95.37   88.18   0.83    445.10     2.12     90.95  
12   TR922TS430_1        430s    85.14    100.00  12    0.56      0.23       0.60      0.74       70.94    0.43          47.50    60.51    2.486    3.086    74    0    0     0     83.78  89.19  0.40        -0.58        0.41         0.29         89.19  87.328   1.40     11.10       12.7        73       2.2      2.24          0.75    84.46     0.75    0.78    0.94    0.19    0.91     100.00  5.19    96.05   89.62   0.82    449.20     1.98     28.13  
13   TR922TS204_3        204     85.14    100.00  12    N/A       N/A        0.60      N/A        70.27    N/A           41.99    59.07    2.482    3.215    74    0    0     0     83.78  89.19  N/A         N/A          0.41         N/A          89.19  87.512   1.38     11.10       12.6        73       2.2      0.94          0.74    81.76     0.73    0.78    0.94    0.20    0.91     100.00  5.19    95.65   88.63   0.82    444.10     1.94     N/A    
14   TR922TS204_1        204     85.14    100.00  12    0.56      N/A        0.60      N/A        70.27    N/A           42.60    58.98    2.504    3.225    74    0    0     0     83.78  90.54  0.40        N/A          0.41         N/A          90.54  87.524   1.41     11.10       12.5        73       2.2      0.64          0.74    81.76     0.73    0.78    0.94    0.20    0.91     100.00  5.19    95.46   88.65   0.82    441.10     1.95     N/A    
15   TR922TS265_4        265     85.14    100.00  12    N/A       N/A        0.60      N/A        72.97    N/A           49.78    63.14    2.926    3.228    74    0    0     0     86.49  91.89  N/A         N/A          0.56         N/A          91.89  88.182   1.30     10.89       12.4        73       2.7      1.07          0.75    84.46     0.74    0.79    0.94    0.20    0.90     100.00  5.19    95.64   88.50   0.82    439.80     1.88     90.45  
16   TR922TS324_4        324     85.14    100.00  12    N/A       N/A        0.60      N/A        70.94    N/A           41.73    62.30    2.519    3.138    74    0    0     0     83.78  93.24  N/A         N/A          0.41         N/A          93.24  89.468   1.36     11.10       12.8        73       2.2      2.55          0.74    84.46     0.74    0.78    0.94    0.18    0.91     82.20   5.19    95.77   89.15   0.83    452.20     2.10     21.25  
17   TR922TS017_2        017     85.14    100.00  12    N/A       N/A        0.60      N/A        68.58    N/A           35.93    58.80    2.099    2.831    74    0    0     0     86.49  93.24  N/A         N/A          0.56         N/A          93.24  89.823   1.44     11.52       12.8        72       1.8      1.29          0.71    85.14     0.71    0.75    0.96    0.21    0.93     98.65   5.19    95.30   87.98   0.83    447.60     1.56     92.39  
18   TR922TS081_2        081     85.14    100.00  12    N/A       N/A        0.60      N/A        72.64    N/A           45.11    62.10    2.433    3.106    74    0    0     0     85.14  90.54  N/A         N/A          0.49         N/A          90.54  88.395   1.41     11.10       12.6        73       2.2      0.88          0.74    83.78     0.74    0.77    0.94    0.18    0.92     100.00  5.19    95.56   88.47   0.82    449.70     1.98     89.68  
19   TR922TS118_2        118     84.80    100.00  19    N/A       N/A        0.57      N/A        68.58    N/A           43.84    59.60    2.559    3.101    74    0    0     0     85.14  90.54  N/A         N/A          0.49         N/A          90.54  86.386   1.29     11.10       12.2        71       2.1      1.15          0.75    88.51     0.76    0.79    0.93    0.19    0.91     98.65   5.19    94.34   88.71   0.81    430.80     1.57     N/A    
20   TR922TS450_2        450     84.80    100.00  19    N/A       N/A        0.57      N/A        67.23    N/A           40.63    56.90    2.305    2.853    74    0    0     0     83.78  94.59  N/A         N/A          0.41         N/A          94.59  90.463   1.58     11.31       12.7        73       1.9      1.24          0.73    83.78     0.74    0.76    0.93    0.17    0.92     100.00  5.19    92.92   88.30   0.82    449.60     1.90     27.96  
21   TR922TS480_2        480     84.80    100.00  19    N/A       N/A        0.57      N/A        69.26    N/A           34.40    56.39    3.823    4.481    74    0    0     0     85.14  86.49  N/A         N/A          0.49         N/A          86.49  87.577   1.42     10.68       11.1        68       1.6      2.64          0.68    83.11     0.67    0.75    0.87    0.33    0.88     100.00  5.04    94.27   85.41   0.81    399.40     5.30     23.02  
22   TR922TS480_4        480     84.80    100.00  19    N/A       N/A        0.57      N/A        70.61    N/A           39.91    58.35    2.431    3.11     74    0    0     0     83.78  91.89  N/A         N/A          0.41         N/A          91.89  87.956   1.30     11.31       12.3        73       2.2      2.31          0.72    83.11     0.71    0.77    0.94    0.20    0.92     100.00  5.19    95.75   89.07   0.82    435.70     1.82     21.69  
23   TR922TS430_3        430s    84.80    100.00  19    N/A       N/A        0.57      0.62       69.93    N/A           47.82    61.52    2.533    3.14     74    0    0     0     85.14  89.19  N/A         N/A          0.49         0.75         89.19  87.441   1.43     11.10       12.5        73       2.3      1.62          0.75    83.11     0.75    0.77    0.94    0.19    0.91     100.00  5.19    95.83   89.12   0.82    441.30     2.05     28.17  
24   TR922TS204_2        204     84.80    100.00  19    N/A       N/A        0.57      N/A        68.92    N/A           41.73    57.88    2.534    3.255    74    0    0     0     83.78  89.19  N/A         N/A          0.41         N/A          89.19  87.5     1.41     11.10       12.2        72       2.1      0.64          0.73    81.76     0.73    0.78    0.94    0.21    0.91     100.00  5.19    94.49   88.01   0.81    431.80     2.02     N/A    
25   TR922TS324_3        324     84.80    100.00  19    N/A       N/A        0.57      N/A        70.61    N/A           40.75    60.94    2.564    3.111    74    0    0     0     83.78  93.24  N/A         N/A          0.41         N/A          93.24  89.403   1.32     10.89       12.8        73       2.3      2.59          0.72    83.78     0.72    0.78    0.94    0.19    0.91     82.20   5.19    95.74   89.03   0.83    452.50     2.13     21.35  
26   TR922TS247_3        247     84.80    100.00  19    N/A       N/A        0.57      N/A        70.27    N/A           47.13    60.68    2.437    3.008    74    0    0     0     82.43  91.89  N/A         N/A          0.34         N/A          91.89  90.244   1.57     11.10       12.8        70       1.5      1.51          0.75    84.46     0.74    0.78    0.94    0.21    0.92     100.00  5.19    95.54   88.71   0.83    451.90     1.66     N/A    
27   TR922TS324_5        324     84.46    100.00  27    N/A       N/A        0.54      N/A        70.27    N/A           44.16    62.51    2.594    3.085    74    0    0     0     85.14  91.89  N/A         N/A          0.49         N/A          91.89  88.288   1.31     11.10       12.8        73       2.3      2.39          0.74    85.14     0.75    0.79    0.94    0.19    0.91     100.00  5.19    95.87   89.60   0.82    452.50     2.18     21.37  
28   TR922TS430_2        430s    84.46    100.00  27    N/A       N/A        0.54      0.50       70.27    N/A           48.23    62.31    2.459    3.063    74    0    0     0     83.78  90.54  N/A         N/A          0.41         0.29         90.54  87.115   1.39     11.10       12.8        73       2.2      1.86          0.76    84.46     0.75    0.79    0.94    0.18    0.92     100.00  5.19    95.90   89.57   0.82    451.40     1.96     27.71  
29   TR922TS250_5        250s    84.46    100.00  27    N/A       N/A        0.54      0.50       69.59    N/A           47.24    62.40    2.404    2.787    74    0    0     0     85.14  90.54  N/A         N/A          0.49         0.75         90.54  89.936   1.25     11.10       12.5        71       1.9      0.78          0.77    88.51     0.78    0.81    0.94    0.19    0.92     83.30   5.19    96.17   90.24   0.83    443.90     1.56     25.78  
30   TR922TS480_5        480     84.46    100.00  27    N/A       N/A        0.54      N/A        66.22    N/A           29.99    56.06    2.259    2.996    74    0    0     0     85.14  90.54  N/A         N/A          0.49         N/A          90.54  89.509   1.42     11.52       11.3        71       1.7      2.98          0.68    83.11     0.68    0.75    0.93    0.20    0.92     100.00  5.04    94.01   84.62   0.82    404.70     2.76     21.01  
31   TR922TS208_5        208     84.46    100.00  27    N/A       N/A        0.54      N/A        69.59    N/A           40.06    60.17    2.487    3.222    74    0    0     0     85.14  91.89  N/A         N/A          0.49         N/A          91.89  87.79    1.34     10.89       12.4        72       2        1.77          0.74    83.11     0.73    0.76    0.94    0.21    0.91     100.00  5.19    95.86   89.36   0.82    440.40     1.86     28.04  
32   TR922TS430_4        430s    84.46    100.00  27    N/A       N/A        0.54      0.50       69.26    N/A           48.66    60.80    2.563    3.17     74    0    0     0     85.14  89.19  N/A         N/A          0.49         0.75         89.19  87.417   1.41     11.10       12.4        73       2.3      1.46          0.75    83.11     0.75    0.77    0.93    0.19    0.91     100.00  5.04    95.62   88.83   0.81    438.20     2.08     28.44  
33   TR922TS324_2        324     84.46    100.00  27    N/A       N/A        0.54      N/A        70.27    N/A           44.13    62.09    2.635    3.164    74    0    0     0     83.78  93.24  N/A         N/A          0.41         N/A          93.24  88.448   1.39     11.10       12.8        73       2.4      2.45          0.74    83.78     0.75    0.78    0.94    0.19    0.91     100.00  5.19    95.92   89.44   0.82    452.00     2.25     21.47  
34   TR922TS273_1        273     84.46    100.00  27    0.50      N/A        0.54      N/A        69.25    N/A           37.06    58.02    2.692    3.299    74    0    0     0     82.43  91.89  0.30        N/A          0.34         N/A          91.89  87.358   1.41     10.89       11.3        71       2.2      2.07          0.68    83.11     0.73    0.78    0.93    0.22    0.91     100.00  5.04    94.87   87.50   0.81    406.90     2.13     N/A    
35   TR922TS208_3        208     84.46    100.00  27    N/A       N/A        0.54      N/A        70.94    N/A           43.29    61.69    2.47     3.16     74    0    0     0     85.14  90.54  N/A         N/A          0.49         N/A          90.54  88.567   1.39     10.89       12.7        73       2.2      1.47          0.74    83.11     0.74    0.77    0.94    0.19    0.92     100.00  5.19    96.19   89.99   0.82    449.20     1.80     27.91  
36   TR922TS204_4        204     84.12    100.00  36    N/A       N/A        0.51      N/A        69.93    N/A           39.28    58.49    2.444    3.15     74    0    0     0     83.78  90.54  N/A         N/A          0.41         N/A          90.54  88.952   1.53     11.10       12.4        73       2.2      0.88          0.72    83.11     0.71    0.77    0.95    0.22    0.92     100.00  5.19    95.47   87.78   0.82    440.80     1.85     N/A    
37   TR922TS324_1        324     84.12    100.00  36    0.47      N/A        0.51      N/A        69.93    N/A           39.25    61.61    2.578    3.131    74    0    0     0     83.78  93.24  0.40        N/A          0.41         N/A          93.24  89.148   1.35     11.10       12.9        73       2.3      2.69          0.73    84.46     0.74    0.78    0.94    0.19    0.91     100.00  5.19    95.90   89.52   0.82    453.20     2.12     21.47  
38   TR922TS250_2        250s    84.12    100.00  36    N/A       N/A        0.51      0.37       68.92    N/A           46.41    61.81    2.711    3.174    74    0    0     0     83.78  91.89  N/A         N/A          0.41         0.29         91.89  87.055   1.43     10.89       12.2        70       1.9      0.94          0.74    84.46     0.75    0.78    0.93    0.21    0.91     83.30   5.19    95.62   88.56   0.82    432.10     2.03     27.18  
39   TR922TS073_1        073     84.12    100.00  36    0.47      N/A        0.51      N/A        68.24    N/A           43.41    59.45    2.463    3.129    74    0    0     0     83.78  93.24  0.40        N/A          0.41         N/A          93.24  89.136   1.66     11.31       11.9        73       2.1      0.50          0.73    84.46     0.74    0.77    0.93    0.21    0.92     100.00  5.04    94.70   87.23   0.82    423.20     2.23     85.50  
40   TR922TS073_2        073     84.12    100.00  36    N/A       N/A        0.51      N/A        68.24    N/A           43.41    59.45    2.463    3.129    74    0    0     0     83.78  93.24  N/A         N/A          0.41         N/A          93.24  89.136   1.66     11.31       11.9        73       2.1      0.50          0.73    84.46     0.74    0.77    0.93    0.21    0.92     100.00  5.04    94.70   87.23   0.82    423.20     2.23     85.50  
41   TR922TS073_3        073     84.12    100.00  36    N/A       N/A        0.51      N/A        70.61    N/A           43.58    59.55    2.402    3.063    74    0    0     0     83.78  94.59  N/A         N/A          0.41         N/A          94.59  90.09    1.59     11.31       12          73       2.1      0.50          0.74    83.78     0.75    0.78    0.93    0.20    0.92     100.00  5.04    94.89   87.99   0.82    427.40     2.04     85.63  
42   TR922TS208_1        208     84.12    100.00  36    0.47      N/A        0.51      N/A        68.92    N/A           40.46    60.52    2.476    3.181    74    0    0     0     85.14  90.54  0.49        N/A          0.49         N/A          90.54  88.656   1.39     10.89       12.5        72       2        1.89          0.74    83.11     0.73    0.77    0.94    0.20    0.92     100.00  5.19    95.99   89.59   0.82    443.30     1.80     28.02  
43   TR922TS208_2        208     84.12    100.00  36    N/A       N/A        0.51      N/A        68.24    N/A           40.03    59.29    2.485    3.196    74    0    0     0     83.78  90.54  N/A         N/A          0.41         N/A          90.54  88.65    1.40     10.89       12.4        71       1.9      1.95          0.73    83.78     0.73    0.76    0.94    0.20    0.92     100.00  5.19    95.74   89.10   0.82    439.40     1.83     28.12  
44   TR922TS208_4        208     84.12    100.00  36    N/A       N/A        0.51      N/A        70.94    N/A           43.81    62.07    2.485    3.17     74    0    0     0     85.14  91.89  N/A         N/A          0.49         N/A          91.89  89.094   1.36     10.89       12.7        72       2        1.30          0.75    83.11     0.74    0.77    0.94    0.20    0.92     100.00  5.19    96.18   89.91   0.82    447.80     1.82     27.85  
45   TR922TS204_5        204     84.12    100.00  36    N/A       N/A        0.51      N/A        69.93    N/A           43.46    59.42    2.481    3.171    74    0    0     0     83.78  91.89  N/A         N/A          0.41         N/A          91.89  87.18    1.40     11.10       12.4        73       2.2      0.50          0.73    83.11     0.75    0.76    0.94    0.18    0.91     100.00  5.19    95.74   88.75   0.81    440.30     1.73     N/A    
46   TR922TS162_2        162     84.12    100.00  36    N/A       N/A        0.51      N/A        69.93    N/A           43.92    61.55    2.418    3.09     74    0    0     0     85.14  90.54  N/A         N/A          0.49         N/A          90.54  87.316   1.38     11.10       12.5        73       2.1      0.94          0.73    83.78     0.73    0.75    0.94    0.17    0.92     100.00  5.19    95.72   88.53   0.82    443.90     1.90     N/A    
47   TR922TS265_3        265     84.12    100.00  36    N/A       N/A        0.51      N/A        69.93    N/A           44.30    59.27    2.778    3.233    74    0    0     0     83.78  91.89  N/A         N/A          0.41         N/A          91.89  87.079   1.37     10.89       11.8        71       2.2      0.50          0.73    83.11     0.73    0.76    0.93    0.23    0.90     100.00  5.19    94.62   86.41   0.81    421.80     1.72     88.88  
48   TR922TS102_5        102     84.12    100.00  36    N/A       N/A        0.51      N/A        68.58    N/A           38.87    57.73    2.467    3.225    74    0    0     0     82.43  91.89  N/A         N/A          0.34         N/A          91.89  88.917   1.54     10.89       11.8        70       2        2.41          0.69    83.78     0.70    0.75    0.94    0.21    0.91     98.65   5.04    95.30   87.36   0.81    419.70     1.89     83.18  
49   TR922TS474_1        474     83.78    100.00  49    0.44      N/A        0.49      N/A        66.89    N/A           36.80    57.06    3.595    3.793    74    0    0     0     82.43  90.54  0.30        N/A          0.34         N/A          90.54  87.808   1.60     10.68       11.5        70       2        2.26          0.68    83.78     0.70    0.76    0.89    0.23    0.88     100.00  5.04    95.01   86.99   0.81    418.00     2.48     87.43  
50   TR922TS102_3        102     83.78    100.00  49    N/A       N/A        0.49      N/A        65.88    N/A           37.20    56.45    2.256    3.038    74    0    0     0     82.43  90.54  N/A         N/A          0.34         N/A          90.54  88.675   1.58     11.52       11.6        71       2        2.83          0.69    84.46     0.71    0.75    0.94    0.20    0.92     98.65   5.04    94.53   85.97   0.81    411.80     1.70     84.28  
51   TR922TS162_3        162     83.78    100.00  49    N/A       N/A        0.49      N/A        68.58    N/A           43.00    59.13    2.5      3.227    74    0    0     0     83.78  90.54  N/A         N/A          0.41         N/A          90.54  86.89    1.44     11.31       12.1        73       2.2      1.15          0.72    83.78     0.72    0.74    0.94    0.20    0.92     100.00  5.19    95.29   87.32   0.81    431.40     2.18     N/A    
52   TR922TS102_1        102     83.78    100.00  49    0.44      N/A        0.49      N/A        69.25    N/A           42.94    60.58    2.369    3.035    74    0    0     0     82.43  90.54  0.30        N/A          0.34         N/A          90.54  88.14    1.55     11.31       12          70       1.8      1.23          0.73    85.14     0.73    0.76    0.94    0.20    0.92     98.65   5.19    95.53   87.91   0.81    426.80     1.66     N/A    
53   TR922TS073_4        073     83.78    100.00  49    N/A       N/A        0.49      N/A        69.25    N/A           44.73    60.73    2.351    3.018    74    0    0     0     86.49  93.24  N/A         N/A          0.56         N/A          93.24  88.917   1.53     11.31       11.9        73       2.1      0.79          0.74    83.78     0.75    0.79    0.94    0.19    0.92     100.00  5.04    95.02   87.81   0.82    424.30     1.85     84.13  
54   TR922TS396_3        396     83.78    100.00  49    N/A       N/A        0.49      N/A        67.91    N/A           43.00    60.77    2.751    3.19     74    0    0     0     83.78  93.24  N/A         N/A          0.41         N/A          93.24  87.518   1.31     10.89       11.7        73       2.5      0.83          0.75    85.81     0.74    0.80    0.94    0.19    0.91     100.00  5.19    95.65   89.20   0.82    447.30     1.96     N/A    
55   TR922TS017_4        017     83.78    100.00  49    N/A       N/A        0.49      N/A        66.22    N/A           38.27    57.62    2.31     3.019    74    0    0     0     85.14  90.54  N/A         N/A          0.49         N/A          90.54  89.924   1.58     11.10       12.4        72       1.9      1.51          0.67    83.11     0.70    0.75    0.95    0.19    0.91     98.65   5.19    93.72   86.56   0.82    442.30     2.05     91.11  
56   TR922TS450_1        450     83.45    100.00  56    0.41      N/A        0.46      N/A        64.86    N/A           37.81    54.43    2.348    2.852    74    1    0     0     83.78  94.59  0.40        N/A          0.41         N/A          94.59  89.936   1.67     11.31       12.2        73       2        1.39          0.71    85.14     0.72    0.76    0.94    0.21    0.91     100.00  5.19    91.73   86.94   0.81    437.40     1.97     28.03  
57   TR922TS294_1        294     83.45    100.00  56    0.41      N/A        0.46      N/A        68.58    N/A           40.55    59.17    2.449    3.145    74    0    0     0     85.14  91.89  0.49        N/A          0.49         N/A          91.89  88.674   1.44     11.10       12.2        73       2.2      1.03          0.73    83.78     0.72    0.77    0.94    0.18    0.91     100.00  5.19    95.60   88.92   0.81    433.50     1.88     21.82  
58   TR922TS023_2        023     83.45    100.00  56    N/A       N/A        0.46      N/A        69.59    N/A           44.79    61.17    2.93     3.39     74    0    0     0     83.78  90.54  N/A         N/A          0.41         N/A          90.54  86.753   1.48     10.68       11.9        70       2.1      0.78          0.73    84.46     0.75    0.77    0.91    0.26    0.90     100.00  5.04    95.41   87.73   0.81    427.20     2.59     36.74  
59   TR922TS023_4        023     83.45    100.00  56    N/A       N/A        0.46      N/A        69.59    N/A           45.37    62.05    2.74     3.336    74    0    0     0     83.78  90.54  N/A         N/A          0.41         N/A          90.54  88.466   1.49     10.68       12          70       2        0.92          0.74    84.46     0.75    0.77    0.91    0.23    0.91     100.00  5.19    95.48   88.15   0.82    426.40     2.21     35.68  
60   TR922TS247_4        247     83.45    100.00  56    N/A       N/A        0.46      N/A        68.92    N/A           42.11    58.91    2.671    3.356    74    0    0     0     83.78  90.54  N/A         N/A          0.41         N/A          90.54  89.177   1.49     11.10       11.8        70       1.7      1.23          0.70    83.11     0.71    0.75    0.92    0.22    0.91     100.00  5.19    94.86   86.03   0.82    422.40     2.40     N/A    
61   TR922TS073_5        073     83.45    100.00  56    N/A       N/A        0.46      N/A        68.58    N/A           43.26    59.24    2.445    3.095    74    0    0     0     83.78  93.24  N/A         N/A          0.41         N/A          93.24  86.836   1.39     11.31       12.3        73       2.2      1.35          0.73    83.78     0.74    0.78    0.94    0.19    0.91     100.00  5.19    95.53   88.82   0.81    436.30     1.85     87.95  
62   TR922TS162_4        162     83.45    100.00  56    N/A       N/A        0.46      N/A        68.58    N/A           43.29    60.42    2.364    3.063    74    0    0     0     85.14  90.54  N/A         N/A          0.49         N/A          90.54  88.472   1.40     11.31       12.3        73       2.1      0.94          0.72    83.11     0.72    0.74    0.94    0.16    0.92     100.00  5.19    95.01   87.20   0.81    437.50     1.99     N/A    
63   TR922TS162_1        162     83.45    100.00  56    0.41      N/A        0.46      N/A        67.91    N/A           43.72    59.57    2.42     3.135    74    0    0     0     83.78  91.89  0.40        N/A          0.41         N/A          91.89  86.89    1.43     11.31       12.2        73       2.2      1.17          0.72    83.78     0.73    0.75    0.94    0.18    0.91     100.00  5.19    95.11   87.43   0.81    434.30     1.96     N/A    
64   TR922TS396_1        396     83.45    100.00  56    0.41      N/A        0.46      N/A        68.58    N/A           42.86    59.21    2.449    3.112    74    0    0     0     83.78  93.24  0.40        N/A          0.41         N/A          93.24  86.955   1.39     11.31       12.3        73       2.2      1.06          0.73    83.78     0.74    0.78    0.94    0.18    0.91     100.00  5.19    95.51   88.90   0.81    435.70     1.85     N/A    
65   TR922TS396_2        396     83.45    100.00  56    N/A       N/A        0.46      N/A        68.58    N/A           42.91    59.23    2.447    3.113    74    0    0     0     83.78  93.24  N/A         N/A          0.41         N/A          93.24  86.848   1.39     11.31       11.4        73       2.2      1.02          0.73    83.78     0.74    0.78    0.94    0.18    0.91     100.00  5.19    95.48   88.86   0.81    435.60     1.86     N/A    
66   TR922TS396_4        396     83.45    100.00  56    N/A       N/A        0.46      N/A        68.58    N/A           42.05    57.48    2.465    3.175    74    0    0     0     82.43  91.89  N/A         N/A          0.34         N/A          91.89  88.027   1.44     11.52       10.9        71       2        0.83          0.71    83.78     0.73    0.76    0.93    0.20    0.91     100.00  5.04    94.89   86.94   0.81    419.90     2.26     N/A    
67   TR922TS188_1        188     83.45    100.00  56    0.41      N/A        0.46      N/A        67.23    N/A           43.03    58.10    2.445    3.1      74    0    0     0     83.78  90.54  0.40        N/A          0.41         N/A          90.54  87.133   1.38     11.10       12          73       2.2      2.34          0.73    85.14     0.72    0.77    0.94    0.20    0.91     100.00  5.19    95.24   88.24   0.81    427.90     1.95     N/A    
68   TR922TS474_2        474     83.45    100.00  56    N/A       N/A        0.46      N/A        67.57    N/A           37.32    57.46    3.571    3.764    74    0    0     0     82.43  90.54  N/A         N/A          0.34         N/A          90.54  87.613   1.61     10.68       11.5        70       2        2.33          0.70    84.46     0.69    0.76    0.90    0.23    0.88     100.00  5.04    95.05   86.83   0.80    415.30     2.49     87.18  
69   TR922TS412_3        412     83.45    100.00  56    N/A       N/A        0.46      N/A        68.58    N/A           42.11    59.16    2.456    3.151    74    0    0     0     82.43  91.89  N/A         N/A          0.34         N/A          91.89  87.873   1.39     11.31       12.3        72       2.1      1.50          0.73    83.11     0.74    0.77    0.94    0.19    0.91     98.65   5.19    95.58   88.88   0.81    432.50     1.91     31.20  
70   TR922TS412_4        412     83.45    100.00  56    N/A       N/A        0.46      N/A        68.92    N/A           42.40    59.37    2.439    3.108    74    0    0     0     82.43  91.89  N/A         N/A          0.34         N/A          91.89  87.814   1.39     11.31       12.3        72       2.1      0.94          0.73    83.11     0.74    0.77    0.94    0.19    0.92     98.65   5.19    95.65   88.88   0.81    433.90     1.85     31.05  
71   TR922TS220_2        220s    83.45    100.00  56    N/A       N/A        0.46      0.13       68.92    N/A           38.79    57.52    2.571    3.249    74    0    0     0     82.43  89.19  N/A         N/A          0.34         -0.17        89.19  86.202   1.35     11.10       12.3        73       2.3      1.93          0.72    77.70     0.71    0.75    0.93    0.24    0.90     100.00  5.19    93.87   85.95   0.81    435.80     2.62     29.16  
72   TR922TS220_1        220s    83.45    100.00  56    0.41      -0.69      0.46      0.13       64.86    -1.28         37.81    54.43    2.348    2.852    74    1    0     0     83.78  94.59  0.40        -0.58        0.41         0.29         94.59  89.936   1.67     11.31       12.2        73       2        1.39          0.71    85.14     0.72    0.76    0.94    0.21    0.91     100.00  5.19    91.73   86.94   0.81    437.40     1.97     28.03  
73   TR922TS023_5        023     83.45    100.00  56    N/A       N/A        0.46      N/A        68.58    N/A           43.95    61.22    2.927    3.377    74    0    0     0     83.78  90.54  N/A         N/A          0.41         N/A          90.54  87.648   1.63     10.48       11.8        70       2.1      0.92          0.73    85.81     0.75    0.77    0.92    0.23    0.90     83.30   5.04    95.31   87.68   0.80    420.40     2.43     36.84  
74   TR922TS017_5        017     83.11    100.00  74    N/A       N/A        0.43      N/A        65.54    N/A           39.60    56.69    2.638    3.296    74    1    0     0     85.14  89.19  N/A         N/A          0.49         N/A          89.19  87.464   1.60     11.10       12          71       2.1      2.25          0.71    83.11     0.71    0.76    0.93    0.21    0.91     100.00  5.04    94.62   86.78   0.80    426.30     2.64     91.23  
75   TR922TS412_1        412     83.11    100.00  74    0.38      N/A        0.43      N/A        68.24    N/A           41.18    58.99    2.455    3.169    74    0    0     0     83.78  91.89  0.40        N/A          0.41         N/A          91.89  87.773   1.38     11.31       12.1        72       2.1      0.94          0.73    82.43     0.73    0.77    0.94    0.19    0.91     98.65   5.19    95.47   88.49   0.81    429.00     1.91     31.16  
76   TR922TS001_1        001     83.11    100.00  74    0.38      N/A        0.43      N/A        69.25    N/A           46.41    61.17    2.706    3.258    74    0    0     0     83.78  89.19  0.40        N/A          0.41         N/A          89.19  86.741   1.48     10.68       12          70       1.9      2.76          0.72    83.78     0.74    0.77    0.92    0.23    0.91     98.65   5.04    95.33   88.47   0.81    425.00     1.93     N/A    
77   TR922TS017_1        017     83.11    100.00  74    0.38      N/A        0.43      N/A        65.20    N/A           38.87    56.10    2.658    3.307    74    0    0     0     86.49  90.54  0.59        N/A          0.56         N/A          90.54  87.619   1.52     11.10       12          71       2.1      1.79          0.70    83.11     0.70    0.74    0.93    0.21    0.91     98.65   5.19    94.42   85.82   0.80    424.10     2.47     91.32  
78   TR922TS412_5        412     83.11    100.00  74    N/A       N/A        0.43      N/A        68.24    N/A           42.05    59.19    2.445    3.116    74    0    0     0     85.14  91.89  N/A         N/A          0.49         N/A          91.89  87.879   1.38     11.31       12.2        72       2.1      0.94          0.73    83.78     0.74    0.77    0.94    0.18    0.91     98.65   5.19    95.56   89.02   0.81    431.20     1.82     31.12  
79   TR922TS162_5        162     83.11    100.00  74    N/A       N/A        0.43      N/A        68.92    N/A           43.64    57.34    2.454    3.144    74    0    0     0     83.78  91.89  N/A         N/A          0.41         N/A          91.89  88.632   1.40     11.31       12.4        73       2.2      0.94          0.71    85.14     0.72    0.73    0.94    0.19    0.91     100.00  5.19    94.99   86.78   0.81    437.90     2.07     N/A    
80   TR922TS393_2        393     82.77    100.00  80    N/A       N/A        0.40      N/A        66.22    N/A           40.14    59.82    2.763    3.163    74    0    0     0     86.49  93.24  N/A         N/A          0.56         N/A          93.24  87.215   1.36     10.89       11.4        73       2.5      2.78          0.73    87.16     0.73    0.81    0.94    0.19    0.91     100.00  5.19    94.51   88.23   0.82    435.70     2.16     21.71  
81   TR922TS118_5        118     82.77    100.00  80    N/A       N/A        0.40      N/A        65.88    N/A           45.86    59.41    2.707    3.252    74    0    0     0     86.49  90.54  N/A         N/A          0.56         N/A          90.54  87.381   1.30     11.10       12.3        70       1.8      1.42          0.76    87.16     0.76    0.79    0.91    0.20    0.91     98.65   5.19    94.36   88.87   0.80    434.70     1.72     N/A    
82   TR922TS023_1        023     82.77    100.00  80    0.35      N/A        0.40      N/A        68.58    N/A           44.56    61.24    2.985    3.469    74    0    0     0     83.78  87.84  0.40        N/A          0.41         N/A          87.84  87.381   1.39     10.48       11.8        70       2.1      0.92          0.74    84.46     0.75    0.78    0.91    0.23    0.90     100.00  5.04    95.57   88.63   0.80    420.50     2.18     36.72  
83   TR922TS393_1        393     82.77    100.00  80    0.35      N/A        0.40      N/A        67.57    N/A           42.31    59.04    2.46     3.119    74    0    0     0     85.14  91.89  0.49        N/A          0.49         N/A          91.89  87.144   1.38     11.31       11.1        73       2.2      2.32          0.72    83.78     0.73    0.77    0.94    0.19    0.91     100.00  5.04    94.97   88.10   0.81    425.40     1.93     22.00  
84   TR922TS412_2        412     82.77    100.00  80    N/A       N/A        0.40      N/A        68.24    N/A           43.06    58.48    2.444    3.084    74    0    0     0     85.14  91.89  N/A         N/A          0.49         N/A          91.89  87.779   1.40     11.31       12.1        72       2.1      0.94          0.73    83.78     0.74    0.77    0.94    0.19    0.91     98.65   5.19    95.55   88.79   0.81    428.80     1.81     31.23  
85   TR922TS250_4        250s    82.77    100.00  80    N/A       N/A        0.40      -0.12      70.61    N/A           44.47    61.58    4.538    4.878    74    0    0     0     83.78  89.19  N/A         N/A          0.41         0.29         89.19  86.398   1.22     10.48       11.8        68       1.9      1.07          0.73    79.73     0.75    0.75    0.75    0.27    0.86     100.00  5.19    95.69   88.65   0.80    420.70     2.92     28.94  
86   TR922TS250_1        250s    82.77    100.00  80    0.35      -1.07      0.40      -0.12      67.57    -0.52         42.97    60.13    2.833    3.358    74    0    0     0     83.78  90.54  0.40        -0.58        0.41         0.29         90.54  87.192   1.42     10.68       11.7        70       2.1      1.23          0.73    83.78     0.74    0.77    0.91    0.24    0.91     100.00  5.04    95.34   87.75   0.81    417.00     1.81     27.67  
87   TR922TS393_3        393     82.43    100.00  87    N/A       N/A        0.38      N/A        65.88    N/A           39.62    56.32    2.523    3.216    74    0    0     0     82.43  90.54  N/A         N/A          0.34         N/A          90.54  87.482   1.50     11.52       10.5        71       2        2.80          0.69    82.43     0.72    0.76    0.93    0.21    0.91     100.00  5.04    94.37   86.24   0.80    408.40     2.25     22.90  
88   TR922TS265_5        265     82.43    100.00  87    N/A       N/A        0.38      N/A        67.57    N/A           42.57    57.56    2.918    3.444    74    0    0     0     82.43  89.19  N/A         N/A          0.34         N/A          89.19  86.919   1.51     10.68       11.4        71       2.2      1.07          0.72    83.11     0.72    0.76    0.92    0.26    0.90     100.00  5.04    94.16   85.84   0.79    409.30     1.92     87.92  
89   TR922TS480_3        480     82.43    100.00  87    N/A       N/A        0.38      N/A        66.55    N/A           34.80    55.75    3.751    4.247    74    0    0     0     82.43  86.49  N/A         N/A          0.34         N/A          86.49  86.949   1.42     10.89       10.9        68       1.8      2.91          0.67    83.11     0.66    0.74    0.88    0.25    0.88     100.00  5.04    93.83   84.66   0.80    398.90     5.84     23.91  
90   TR922TS396_5        396     82.43    100.00  87    N/A       N/A        0.38      N/A        67.91    N/A           40.72    57.36    3.535    3.681    74    0    0     0     82.43  89.19  N/A         N/A          0.34         N/A          89.19  87.103   1.56     10.68       10.7        70       2.1      0.58          0.72    84.46     0.73    0.77    0.91    0.24    0.88     100.00  5.04    94.79   86.55   0.80    413.50     2.56     N/A    
91   TR922TS393_4        393     82.09    100.00  91    N/A       N/A        0.35      N/A        66.22    N/A           41.82    56.94    2.78     3.173    74    0    0     0     79.73  89.19  N/A         N/A          0.19         N/A          89.19  86.973   1.43     11.10       11          71       2.1      2.37          0.73    85.14     0.73    0.79    0.92    0.20    0.90     72.60   5.04    94.49   87.66   0.81    423.90     3.01     23.56  
92   TR922TS187_5        187     82.09    100.00  91    N/A       N/A        0.35      N/A        64.53    N/A           37.75    56.70    3.192    3.654    74    0    0     0     83.78  90.54  N/A         N/A          0.41         N/A          90.54  86.718   1.49     10.68       11.5        70       2.1      2.49          0.57    81.08     0.65    0.75    0.92    0.26    0.89     100.00  5.04    93.60   83.46   0.80    411.40     3.01     N/A    
93   TR922TS017_3        017     82.09    100.00  91    N/A       N/A        0.35      N/A        64.53    N/A           33.02    55.93    2.329    3.07     74    0    0     0     85.14  91.89  N/A         N/A          0.49         N/A          91.89  88.442   1.58     11.10       12.1        72       2        1.39          0.67    83.78     0.69    0.73    0.95    0.19    0.91     98.65   5.19    94.36   85.74   0.81    427.80     2.05     91.61  
94   TR922TS023_3        023     82.09    100.00  91    N/A       N/A        0.35      N/A        67.91    N/A           41.59    60.27    2.874    3.357    74    0    0     0     83.78  90.54  N/A         N/A          0.41         N/A          90.54  87.127   1.60     10.68       11.7        70       2.1      0.94          0.73    83.11     0.75    0.78    0.92    0.23    0.90     83.30   5.19    95.10   87.06   0.80    418.70     2.48     36.26  
95   TR922TS011_5        011     82.09    100.00  91    N/A       N/A        0.35      N/A        66.22    N/A           37.52    55.18    2.762    3.568    74    0    0     0     77.03  89.19  N/A         N/A          0.04         N/A          89.19  86.83    1.76     11.10       12.1        73       2.5      1.44          0.71    75.68     0.71    0.74    0.93    0.27    0.89     100.00  5.04    93.78   85.47   0.79    430.10     3.08     29.92  
96   TR922TS450_3        450     82.09    100.00  91    N/A       N/A        0.35      N/A        66.22    N/A           37.03    54.28    2.581    3.211    74    0    0     0     79.73  93.24  N/A         N/A          0.19         N/A          93.24  88.454   1.66     10.89       12.1        73       2.2      1.30          0.70    79.73     0.68    0.74    0.93    0.24    0.90     100.00  5.19    92.68   85.93   0.80    431.20     2.40     30.36  
97   TR922TS450_4        450     82.09    100.00  91    N/A       N/A        0.35      N/A        65.20    N/A           38.27    55.21    2.414    3.062    74    0    0     0     83.78  94.59  N/A         N/A          0.41         N/A          94.59  89.829   1.62     11.31       12.6        73       2        2.33          0.71    79.05     0.70    0.75    0.94    0.22    0.91     100.00  5.19    94.49   87.29   0.81    446.10     2.10     28.39  
98   TR922TS257_3        257     82.09    100.00  91    N/A       N/A        0.35      N/A        64.53    N/A           41.41    47.96    2.803    10.986   74    0    0     0     82.43  90.54  N/A         N/A          0.34         N/A          90.54  86.925   1.51     11.10       11.4        71       2.1      2.11          0.00    2.70      0.68    0.77    0.92    0.21    0.90     69.40   5.04    94.04   85.94   0.80    408.70     3.02     32.92  
99   TR922TS393_5        393     82.09    100.00  91    N/A       N/A        0.35      N/A        65.54    N/A           41.65    57.18    3.547    3.708    74    0    0     0     82.43  90.54  N/A         N/A          0.34         N/A          90.54  86.06    1.60     10.68       10.3        70       2.1      2.81          0.71    83.11     0.71    0.76    0.91    0.25    0.88     100.00  5.04    93.82   85.06   0.80    400.50     2.83     24.08  
100  TR922TS250_3        250s    81.76    100.00  100   N/A       N/A        0.32      -0.49      68.58    N/A           44.47    61.20    4.457    4.968    74    0    0     0     85.14  87.84  N/A         N/A          0.49         0.75         87.84  85.171   1.30     10.48       11.6        68       1.9      1.16          0.72    81.08     0.75    0.75    0.84    0.28    0.86     100.00  5.19    95.46   88.21   0.79    413.80     4.26     29.35  
101  TR922TS011_2        011     81.42    100.00  101   N/A       N/A        0.29      N/A        64.86    N/A           37.52    52.27    2.635    3.597    74    0    0     0     77.03  90.54  N/A         N/A          0.04         N/A          90.54  87.524   1.63     11.31       11.9        72       2.1      1.39          0.70    75.00     0.70    0.71    0.92    0.30    0.89     100.00  5.04    92.47   83.97   0.79    424.70     2.87     29.43  
102  TR922TS450_5        450     81.42    100.00  101   N/A       N/A        0.29      N/A        64.86    N/A           36.19    52.41    2.612    3.472    74    0    0     0     78.38  91.89  N/A         N/A          0.11         N/A          91.89  87.808   1.73     11.31       12          72       2.2      1.89          0.71    79.73     0.70    0.73    0.93    0.27    0.89     100.00  5.04    93.29   85.27   0.80    427.60     2.69     30.93  
103  TR922TS220_5        220s    81.08    100.00  103   N/A       N/A        0.27      -0.74      64.86    N/A           40.26    54.01    2.86     3.719    74    0    0     0     77.03  87.84  N/A         N/A          0.04         -2.01        87.84  85.046   1.80     11.10       11.9        72       2.5      2.04          0.70    73.65     0.70    0.72    0.92    0.30    0.89     100.00  5.04    92.73   84.11   0.79    423.30     2.99     31.75  
104  TR922TS480_1        480     81.08    100.00  103   0.20      N/A        0.27      N/A        65.88    N/A           31.95    53.76    4.526    5.142    74    0    0     0     82.43  86.49  0.30        N/A          0.34         N/A          86.49  84.768   1.47     10.68       10.8        70       2.3      2.65          0.67    82.43     0.68    0.74    0.85    0.31    0.85     100.00  4.89    94.29   85.16   0.78    391.40     6.79     24.77  
105  TR922TS187_4        187     81.08    100.00  103   N/A       N/A        0.27      N/A        64.87    N/A           37.95    55.30    2.558    3.307    74    0    0     0     83.78  90.54  N/A         N/A          0.41         N/A          90.54  86.415   1.47     11.10       11.9        73       2.3      2.58          0.56    80.41     0.68    0.77    0.94    0.26    0.90     100.00  5.19    94.84   86.60   0.80    423.30     2.57     N/A    
106  TR922TS247_2        247     81.08    100.00  103   N/A       N/A        0.27      N/A        65.20    N/A           36.74    53.68    2.759    3.607    74    0    0     0     78.38  91.89  N/A         N/A          0.11         N/A          91.89  87.595   1.58     10.68       11.9        69       1.8      1.44          0.71    78.38     0.72    0.74    0.92    0.26    0.90     89.00   4.89    95.05   86.93   0.80    423.90     2.51     N/A    
107  TR922TS001_2        001     80.74    100.00  107   N/A       N/A        0.24      N/A        64.53    N/A           42.16    56.62    2.661    3.119    74    0    0     0     81.08  93.24  N/A         N/A          0.26         N/A          93.24  87.968   1.68     11.10       11.7        69       1.7      2.10          0.72    85.81     0.73    0.76    0.90    0.21    0.91     98.65   5.04    93.88   86.84   0.80    414.70     1.65     N/A    
108  TR922TS001_5        001     80.07    100.00  108   N/A       N/A        0.19      N/A        64.53    N/A           40.20    57.40    2.959    3.473    74    0    0     0     82.43  89.19  N/A         N/A          0.34         N/A          89.19  87.553   1.44     10.89       11.8        70       1.8      1.78          0.71    83.78     0.71    0.74    0.86    0.27    0.90     98.65   5.04    93.91   86.05   0.80    417.80     1.82     N/A    
109  TR922TS011_4        011     80.07    100.00  108   N/A       N/A        0.19      N/A        61.49    N/A           36.31    51.62    2.896    3.68     74    0    0     0     77.03  89.19  N/A         N/A          0.04         N/A          89.19  85.757   1.59     11.10       11.6        72       2.5      2.03          0.67    75.68     0.69    0.70    0.91    0.28    0.89     100.00  5.04    90.95   83.22   0.78    414.20     3.08     32.19  
110  TR922TS187_1        187     79.73    100.00  110   0.08      N/A        0.16      N/A        63.52    N/A           36.31    53.73    3.635    4.282    74    0    0     0     83.78  87.84  0.40        N/A          0.41         N/A          87.84  83.873   1.48     10.68       10.9        67       1.7      2.49          0.57    77.70     0.67    0.73    0.90    0.26    0.88     83.00   5.04    92.56   82.77   0.77    393.00     3.78     N/A    
111  TR922TS011_3        011     79.39    100.00  111   N/A       N/A        0.13      N/A        62.16    N/A           39.77    54.63    2.692    3.761    74    0    0     0     77.03  87.84  N/A         N/A          0.04         N/A          87.84  85.455   1.47     11.31       11.3        71       2.2      1.76          0.68    72.30     0.67    0.69    0.91    0.31    0.89     100.00  5.04    92.70   82.52   0.78    412.80     3.10     31.54  
112  TR922TS011_1        011     79.39    100.00  111   0.05      N/A        0.13      N/A        61.15    N/A           34.92    50.80    2.824    3.656    74    0    0     0     75.68  89.19  -0.18       N/A          -0.04        N/A          89.19  85.354   1.68     11.10       11.5        72       2.4      1.82          0.68    72.97     0.69    0.70    0.92    0.32    0.88     100.00  5.04    90.97   83.31   0.78    412.00     3.02     32.38  
113  TR922TS001_4        001     79.05    100.00  113   N/A       N/A        0.10      N/A        64.53    N/A           36.28    54.59    4.007    4.333    74    0    0     0     83.78  85.14  N/A         N/A          0.41         N/A          85.14  85.295   1.50     10.68       11.1        69       2        2.36          0.69    83.11     0.71    0.73    0.82    0.34    0.87     98.65   5.04    93.25   84.96   0.77    396.40     4.18     N/A    
114  TR922TS418_5        418     78.38    100.00  114   N/A       N/A        0.05      N/A        59.12    N/A           31.11    47.74    2.737    3.464    74    1    0     0     79.73  89.19  N/A         N/A          0.19         N/A          89.19  84.685   1.75     11.10       9.9         71       2.4      3.36          0.65    79.05     0.66    0.70    0.91    0.25    0.90     100.00  5.04    91.22   80.50   0.75    362.40     2.53     34.28  
115  TR922TS081_5        081     78.38    100.00  114   N/A       N/A        0.05      N/A        60.13    N/A           31.60    51.48    3.073    4.041    74    0    0     0     77.03  86.49  N/A         N/A          0.04         N/A          86.49  84.418   1.57     10.68       10.1        69       2        1.36          0.65    75.00     0.67    0.68    0.87    0.26    0.89     100.00  5.04    92.46   80.50   0.76    372.20     3.73     91.75  
116  TR922TS102_4        102     77.70    100.00  116   N/A       N/A        -0.01     N/A        57.77    N/A           37.26    48.51    2.534    3.191    74    0    0     0     78.38  87.84  N/A         N/A          0.11         N/A          87.84  85.271   1.91     11.31       10          69       2.2      2.19          0.66    86.49     0.67    0.73    0.92    0.22    0.90     98.65   5.04    90.19   79.48   0.76    366.40     2.22     85.35  
117  TR922TS220_3        220s    77.36    100.00  117   N/A       N/A        -0.03     -2.11      57.77    N/A           34.92    49.07    2.709    3.636    74    0    0     0     77.03  89.19  N/A         N/A          0.04         -2.01        89.19  85.153   1.62     11.10       10.9        72       2.3      1.81          0.66    77.03     0.67    0.70    0.92    0.30    0.89     100.00  5.04    88.58   81.99   0.77    394.00     2.97     31.11  
118  TR922TS418_3        418     77.03    100.00  118   N/A       N/A        -0.06     N/A        57.77    N/A           31.17    48.57    3.272    3.765    74    1    0     0     78.38  86.49  N/A         N/A          0.11         N/A          86.49  83.553   1.81     10.89       9.6         68       2.2      3.86          0.64    79.73     0.65    0.69    0.87    0.28    0.89     100.00  5.04    89.86   80.19   0.74    353.10     2.96     36.29  
119  TR922TS102_2        102     76.69    100.00  119   N/A       N/A        -0.09     N/A        57.43    N/A           26.41    41.40    2.693    3.326    74    1    0     0     79.73  86.49  N/A         N/A          0.19         N/A          86.49  82.936   1.74     11.31       9.8         69       2.2      2.65          0.65    83.11     0.67    0.71    0.90    0.22    0.90     98.65   4.89    90.53   81.70   0.75    357.40     2.34     N/A    
120  TR922TS247_5        247     76.69    100.00  119   N/A       N/A        -0.09     N/A        56.76    N/A           36.22    50.15    2.73     3.227    74    0    0     0     81.08  90.54  N/A         N/A          0.26         N/A          90.54  84.454   1.56     10.68       10.1        71       2.1      1.51          0.66    81.08     0.65    0.70    0.89    0.26    0.89     100.00  5.04    89.51   79.29   0.76    370.40     2.56     N/A    
121  TR922TS220_4        220s    76.69    100.00  119   N/A       N/A        -0.09     -2.35      56.76    N/A           33.48    47.85    2.695    3.679    74    0    0     0     77.03  90.54  N/A         N/A          0.04         -2.01        90.54  73.429   1.75     11.31       10.6        71       2.1      2.00          0.64    75.68     0.67    0.67    0.91    0.30    0.89     100.00  4.89    87.87   79.35   0.76    384.40     3.20     31.95  
122  TR922TS187_3        187     76.35    100.00  122   N/A       N/A        -0.12     N/A        59.46    N/A           34.86    49.91    4.263    4.897    74    0    0     0     77.03  86.49  N/A         N/A          0.04         N/A          86.49  81.602   1.70     10.27       10.2        67       2.1      2.44          0.54    67.57     0.66    0.70    0.84    0.33    0.85     100.00  5.04    92.64   82.18   0.73    373.80     3.86     N/A    
123  TR922TS418_4        418     76.35    100.00  122   N/A       N/A        -0.12     N/A        55.06    N/A           28.23    45.90    2.65     3.453    74    1    0     0     78.38  90.54  N/A         N/A          0.11         N/A          90.54  85.343   1.79     11.10       10.1        71       2.1      3.49          0.65    81.08     0.66    0.73    0.92    0.25    0.90     100.00  4.89    93.34   82.34   0.75    373.10     1.94     34.59  
124  TR922TS295_5        295     76.01    100.00  124   N/A       N/A        -0.14     N/A        58.11    N/A           24.21    46.80    3.435    4.029    74    0    0     0     75.68  85.14  N/A         N/A          -0.04        N/A          85.14  81.514   1.75     10.27       8.9         68       2.2      2.88          0.51    72.97     0.62    0.69    0.86    0.41    0.86     100.00  4.74    90.02   73.47   0.73    332.20     5.37     N/A    
125  TR922TS295_4        295     75.34    100.00  125   N/A       N/A        -0.20     N/A        57.77    N/A           35.84    50.49    4.566    4.924    74    0    0     0     75.68  85.14  N/A         N/A          -0.04        N/A          85.14  80.582   1.71     10.48       9           69       2.3      3.05          0.54    72.30     0.62    0.66    0.86    0.29    0.86     100.00  4.89    89.96   77.08   0.73    336.30     3.21     N/A    
126  TR922TS418_1        418     75.00    100.00  126   -0.33     N/A        -0.23     N/A        55.07    N/A           31.05    47.48    2.901    3.516    74    1    0     0     77.03  89.19  -0.09       N/A          0.04         N/A          89.19  83.369   1.79     11.31       10.2        72       2.5      3.83          0.65    82.43     0.65    0.72    0.91    0.27    0.89     100.00  4.89    92.65   83.26   0.74    373.40     1.61     36.61  
127  TR922TS257_1        257     74.66    100.00  127   -0.36     N/A        -0.25     N/A        53.72    N/A           32.41    39.77    3.115    8.608    74    0    0     0     74.32  90.54  -0.28       N/A          -0.12        N/A          90.54  82.782   1.82     11.10       10.3        70       2.2      2.33          0.00    0.68      0.64    0.72    0.92    0.26    0.89     63.90   5.04    88.24   81.66   0.74    376.20     2.79     36.36  
128  TR922TS187_2        187     74.66    100.00  127   N/A       N/A        -0.25     N/A        57.10    N/A           31.52    46.66    4.455    4.733    74    0    0     0     74.32  83.78  N/A         N/A          -0.12        N/A          83.78  80.062   1.72     10.48       8.3         69       2.4      2.66          0.53    74.32     0.62    0.67    0.85    0.29    0.86     100.00  4.89    89.51   76.44   0.72    314.30     3.47     N/A    
129  TR922TS081_4        081     74.32    100.00  129   N/A       N/A        -0.28     N/A        56.42    N/A           26.23    43.66    3.879    4.536    74    0    0     0     68.92  81.08  N/A         N/A          -0.42        N/A          81.08  76.197   1.88     10.48       8           64       2.2      1.91          0.59    73.65     0.61    0.62    0.85    0.36    0.86     74.40   4.74    89.54   73.12   0.72    306.30     5.78     90.80  
130  TR922TS295_1        295     72.97    100.00  130   -0.51     N/A        -0.39     N/A        55.74    N/A           28.11    44.79    4.797    5.104    74    0    0     0     75.68  83.78  -0.18       N/A          -0.04        N/A          83.78  79.374   1.71     10.48       8           67       2.3      2.99          0.50    70.95     0.61    0.63    0.71    0.34    0.85     75.00   4.89    89.22   75.23   0.71    305.80     3.56     N/A    
131  TR922TS295_3        295     72.97    100.00  130   N/A       N/A        -0.39     N/A        54.39    N/A           29.58    45.94    5.397    5.507    74    0    0     0     71.62  81.08  N/A         N/A          -0.27        N/A          81.08  78.292   1.75     9.85        8.2         66       2.3      2.84          0.51    71.62     0.63    0.65    0.76    0.49    0.81     81.00   4.58    88.05   74.57   0.71    312.40     5.40     N/A    
132  TR922TS295_2        295     72.97    100.00  130   N/A       N/A        -0.39     N/A        55.74    N/A           29.73    45.43    4.597    4.996    74    0    0     0     77.03  83.78  N/A         N/A          0.04         N/A          83.78  79.604   1.82     10.68       8.3         67       2.2      2.77          0.50    69.59     0.60    0.64    0.82    0.34    0.85     100.00  4.74    88.49   75.77   0.71    313.30     3.31     N/A    
133  TR922TS418_2        418     72.64    100.00  133   N/A       N/A        -0.42     N/A        52.70    N/A           27.85    43.05    3.08     3.782    74    1    0     0     70.27  86.49  N/A         N/A          -0.34        N/A          86.49  80.243   1.82     11.10       9.9         72       2.6      3.33          0.63    78.38     0.63    0.71    0.92    0.28    0.88     100.00  4.89    91.18   81.51   0.72    365.00     1.85     37.87  
134  TR922TS257_4        257     71.96    100.00  134   N/A       N/A        -0.47     N/A        52.03    N/A           29.55    36.85    3.219    7.153    74    0    0     0     78.38  89.19  N/A         N/A          0.11         N/A          89.19  81.673   1.98     11.31       9.4         72       2.5      2.36          0.00    4.05      0.61    0.68    0.89    0.26    0.89     53.70   4.89    87.17   78.13   0.71    348.10     4.94     37.71  
135  TR922TS060_1        060     70.27    100.00  135   -0.74     N/A        -0.61     N/A        59.12    N/A           33.74    50.05    7.145    7.498    74    0    0     0     68.92  71.62  -0.66       N/A          -0.42        N/A          75.68  75.006   1.53     8.18        8           58       1.5      0.79          0.56    59.46     0.65    0.60    0.57    0.73    0.77     77.60   4.42    90.21   71.68   0.70    305.70     27.27    79.22  
136  TR922TS060_3        060     69.26    100.00  136   N/A       N/A        -0.69     N/A        57.43    N/A           31.60    46.59    7.174    7.585    74    0    0     0     66.22  72.97  N/A         N/A          -0.57        N/A          72.97  71.373   1.50     7.13        7.2         59       2.4      1.32          0.55    62.16     0.61    0.57    0.72    0.54    0.75     98.60   4.58    89.16   69.07   0.66    280.70     10.69    79.11  
137  TR922TS060_5        060     67.57    100.00  137   N/A       N/A        -0.83     N/A        56.08    N/A           26.95    43.31    6.887    7.382    74    0    0     0     64.86  72.97  N/A         N/A          -0.65        N/A          72.97  73.631   1.50     7.13        7.5         61       2.4      1.26          0.53    56.08     0.60    0.55    0.65    0.76    0.74     98.60   4.58    88.61   68.09   0.69    291.00     17.46    78.91  
138  TR922TS257_2        257     65.54    100.00  138   N/A       N/A        -0.99     N/A        44.93    N/A           24.36    29.13    3.619    9.021    74    1    0     0     64.86  83.78  N/A         N/A          -0.65        N/A          83.78  69.759   2.22     10.89       7.8         70       2.7      2.31          0.00    0.00      0.60    0.65    0.89    0.35    0.87     76.60   4.74    74.20   73.00   0.66    298.50     4.08     43.13  
139  TR922TS060_2        060     65.54    100.00  138   N/A       N/A        -0.99     N/A        54.05    N/A           22.77    39.61    8.049    8.587    74    0    0     0     64.86  67.57  N/A         N/A          -0.65        N/A          71.62  71.373   1.68     6.50        6.7         58       2.3      1.03          0.51    53.38     0.59    0.52    0.59    0.69    0.70     56.90   4.25    88.28   65.83   0.65    264.20     18.45    78.37  
140  TR922TS060_4        060     64.86    100.00  140   N/A       N/A        -1.05     N/A        53.38    N/A           28.31    41.13    7.988    8.41     74    0    0     0     60.81  67.57  N/A         N/A          -0.87        N/A          72.97  70.596   1.84     7.55        6.6         57       2.2      1.08          0.51    51.35     0.59    0.53    0.59    0.77    0.71     84.40   4.58    87.96   65.48   0.64    263.70     22.50    78.08  
141  TR922TS381_4        381     61.49    77.03   141   N/A       N/A        -1.32     N/A        48.99    N/A           39.96    35.27    2.516    3.311    57    0    0     0     63.51  70.27  N/A         N/A          -0.72        N/A          70.27  66.323   1.82     5.90        0           0        N/A      2.48          0.39    56.76     0.55    0.39    0.56    0.00    0.64     49.10   3.29    40.43   51.76   0.60    N/A        N/A      32.87  
142  TR922TS381_3        381     61.49    77.03   141   N/A       N/A        -1.32     N/A        48.99    N/A           39.96    35.27    2.516    3.311    57    0    0     0     63.51  70.27  N/A         N/A          -0.72        N/A          70.27  66.323   1.82     5.90        0           0        N/A      2.48          0.39    56.76     0.55    0.39    0.56    0.00    0.64     49.10   3.29    40.43   51.76   0.60    N/A        N/A      32.87  
143  TR922TS381_1        381     60.47    75.68   143   -1.60     N/A        -1.40     N/A        47.63    N/A           38.14    34.55    2.559    3.334    56    0    0     0     60.81  71.62  -1.24       N/A          -0.87        N/A          71.62  62.702   2.09     5.49        0           0        N/A      3.07          0.38    56.76     0.54    0.38    0.54    0.00    0.63     37.01   3.07    36.48   48.94   0.59    N/A        N/A      32.72  
144  TR922TS381_2        381     60.47    75.68   143   N/A       N/A        -1.40     N/A        47.63    N/A           38.14    34.55    2.559    3.334    56    0    0     0     60.81  71.62  N/A         N/A          -0.87        N/A          71.62  62.702   2.09     5.49        0           0        N/A      3.07          0.38    56.76     0.54    0.38    0.54    0.00    0.63     37.01   3.07    36.48   48.94   0.59    N/A        N/A      32.72  
145  TR922TS381_5        381     59.80    74.32   145   N/A       N/A        -1.46     N/A        47.30    N/A           34.45    33.66    2.633    3.38     55    0    0     0     59.46  68.92  N/A         N/A          -0.95        N/A          68.92  64.368   1.85     6.23        0           0        N/A      3.09          0.38    54.05     0.55    0.38    0.52    0.00    0.62     35.21   3.07    38.30   46.17   0.58    N/A        N/A      33.27  
146  TR922TS279_1        279     53.72    100.00  146   -2.19     N/A        -1.95     N/A        34.12    N/A           15.81    20.88    6.567    6.966    74    2    0     0     43.24  68.92  -2.49       N/A          -1.86        N/A          68.92  54.489   1.90     9.01        3.8         56       2.7      1.65          0.44    54.05     0.56    0.49    0.65    0.70    0.77     72.31   3.89    66.70   56.96   0.55    186.90     15.10    72.00  
147  TR922TS330_1        330     50.00    100.00  147   -2.52     N/A        -2.25     N/A        30.74    N/A           14.37    17.49    6.432    6.956    74    2    0     0     36.49  59.46  -2.97       N/A          -2.23        N/A          63.51  45.32    2.58     7.97        2.3         52       3.5      3.02          0.44    48.65     0.51    0.49    0.55    1.01    0.72     63.00   3.70    54.57   54.27   0.47    140.50     12.60    81.67  
148  TR922TS330_5        330     44.93    100.00  148   N/A       N/A        -2.66     N/A        27.70    N/A           7.27     11.02    6.072    6.515    74    5    0     0     22.97  56.76  N/A         N/A          -2.99        N/A          59.46  45.547   2.56     7.34        2.5         47       3        3.50          0.43    52.03     0.52    0.47    0.63    0.80    0.73     72.00   3.29    48.70   53.94   0.49    140.50     12.68    72.08  
149  TR922TS330_4        330     44.26    100.00  149   N/A       N/A        -2.72     N/A        27.70    N/A           8.51     12.71    6.943    7.447    74    8    0     0     28.38  52.70  N/A         N/A          -2.69        N/A          54.05  39.155   2.45     6.08        1.6         47       3.2      3.88          0.44    46.62     0.52    0.48    0.54    0.98    0.68     55.70   3.50    48.35   51.74   0.42    88.40      15.60    78.49  
150  TR922TS257_5        257     41.22    100.00  150   N/A       N/A        -2.97     N/A        22.98    N/A           12.24    13.80    6.727    11.812   74    0    0     0     27.03  58.11  N/A         N/A          -2.76        N/A          59.46  43.453   2.54     5.67        1.3         47       3.2      2.32          0.00    0.00      0.53    0.46    0.70    0.72    0.78     81.90   3.50    47.40   56.34   0.43    89.10      19.39    64.81  
151  TR922TS330_3        330     40.88    100.00  151   N/A       N/A        -2.99     N/A        23.98    N/A           6.09     10.41    6.707    7.461    74    2    0     0     2.70   47.30  N/A         N/A          -4.13        N/A          48.65  32.896   2.76     5.25        1.2         49       4.2      3.28          0.42    42.57     0.49    0.42    0.57    0.93    0.70     68.30   3.07    42.34   52.84   0.39    111.40     14.99    64.92  
152  TR922TS330_2        330     38.18    100.00  152   N/A       N/A        -3.21     N/A        24.32    N/A           7.21     11.36    9.394    9.651    74    0    0     0     20.27  39.19  N/A         N/A          -3.14        N/A          52.70  36.412   2.39     3.58        1           44       3.6      2.26          0.42    45.95     0.54    0.46    0.51    1.00    0.58     74.40   2.83    49.52   54.90   0.40    98.00      18.82    62.33  
153  TR922TS399_3        399     34.46    100.00  153   N/A       N/A        -3.51     N/A        24.66    N/A           12.44    16.91    11.249   11.677   74    14   0     0     0.00   2.70   N/A         N/A          -4.28        N/A          37.84  31.765   2.32     2.95        0.1         34       6.3      3.96          0.10    38.51     0.47    0.37    0.18    1.61    0.51     89.00   2.30    29.98   55.01   0.32    62.90      14.66    44.49  
154  TR922TS399_2        399     34.12    100.00  154   N/A       N/A        -3.54     N/A        24.32    N/A           12.44    16.91    12.608   13.132   74    14   0     0     27.03  28.38  N/A         N/A          -2.76        N/A          40.54  35.547   1.90     2.53        0           0        N/A      3.51          0.15    37.84     0.48    0.37    0.19    1.25    0.52     88.20   2.30    29.57   52.07   0.35    N/A        37.47    43.61  
155  TR922TS399_1        399     34.12    100.00  154   -3.91     N/A        -3.54     N/A        24.32    N/A           12.44    16.91    12.608   13.132   74    14   0     0     27.03  28.38  -3.65       N/A          -2.76        N/A          40.54  35.547   1.90     2.53        0           0        N/A      3.52          0.15    37.84     0.48    0.37    0.19    1.25    0.52     88.20   2.30    29.57   52.07   0.35    N/A        37.47    43.07  
156  TR922TS399_4        399     33.78    100.00  156   N/A       N/A        -3.57     N/A        23.65    N/A           12.27    16.68    11.904   12.305   74    15   0     0     0.00   0.00   N/A         N/A          -4.28        N/A          45.95  33.407   2.34     1.28        0.1         30       3.1      3.60          0.18    37.16     0.47    0.35    0.21    1.57    0.53     89.00   3.07    36.87   52.00   0.34    68.80      31.57    41.62  
157  TR922TS399_5        399     32.43    100.00  157   N/A       N/A        -3.68     N/A        24.32    N/A           12.27    16.68    11.171   11.919   74    18   0     0     0.00   2.70   N/A         N/A          -4.28        N/A          39.19  30.445   2.44     1.28        0           0        N/A      3.46          0.16    35.14     0.48    0.32    0.15    1.53    0.46     84.40   2.58    35.03   50.86   0.33    N/A        31.48    43.71  

