#    Model               GR#     GDT_TS   NP_P    RANK  Z-M1-GDT  Z-M1s-GDT  Z-MA-GDT  Z-MAs-GDT  GDT_HA   Z-M1s-GDT-HA  GDC_SC   GDC_ALL  RMS_CA   RMS_ALL  NP    err  PC01  PC05  AL0_P  AL4_P  Z-M1-AL0_p  Z-M1s-AL0_p  Z-MA-AL0_p   Z-MAs-AL0_p  ALI_P  LGA_S    RMSD[L]  Z-score[M]  Z-Score[D]  Al.Res.  RMSD[D]  MolPrb_Score  LDDT    SphGr     CAD_AA  RPF     CODM    DFM     Handed.  SOV     CE      QCS     CONTS   TMscore  Dali(raw)  FlexE    QSE    

-    Starting model      -       79.68    -       -     -         -          -         -          61.08    -             36.70    -        2.46     3.15     -     -    -     -     -      -      -           -            -            -            -      -        -        27.98       26.70       217      1.80     1.57          0.65    81.96     0.65    0.69    0.96    0.17    0.94     93.10   6.92    90.77   80.64   0.91     2308.80    4.22     -      

1    TR920TS247_1        247     82.76    100.00  1     0.61      N/A        0.67      N/A        64.61    N/A           47.81    59.61    2.296    2.83     219   0    0     0     88.13  96.35  0.54        N/A          0.60         N/A          96.35  92.744   1.37     28.13       27.8        217      1.5      0.68          0.70    84.25     0.69    0.74    0.96    0.15    0.95     92.90   7.02    91.48   83.03   0.93    2397.80    3.89     N/A    
2    TR920TS208_2        208     82.08    100.00  2     N/A       N/A        0.63      N/A        63.47    N/A           41.48    56.76    2.289    3.029    219   0    0     0     84.47  95.89  N/A         N/A          0.42         N/A          95.89  91.332   1.46     27.98       27.6        217      1.6      1.70          0.68    81.96     0.66    0.72    0.96    0.16    0.94     92.80   7.02    91.62   81.83   0.92    2388.40    4.00     29.02  
3    TR920TS208_1        208     81.96    100.00  3     0.56      N/A        0.62      N/A        63.58    N/A           40.56    56.47    2.309    3.062    219   0    0     0     84.93  95.89  0.39        N/A          0.44         N/A          95.89  91.545   1.52     27.98       27.7        217      1.7      1.89          0.68    81.96     0.66    0.72    0.96    0.16    0.94     92.80   7.02    91.61   81.81   0.92    2390.30    3.98     29.08  
4    TR920TS208_5        208     81.85    100.00  4     N/A       N/A        0.61      N/A        63.13    N/A           40.59    56.17    2.294    3.065    219   0    0     0     84.47  96.35  N/A         N/A          0.42         N/A          96.35  91.278   1.51     27.98       27.6        217      1.7      1.71          0.68    81.74     0.66    0.72    0.96    0.16    0.94     92.80   7.02    91.57   81.76   0.92    2382.00    4.08     29.11  
5    TR920TS023_1        023     81.51    100.00  5     0.53      N/A        0.59      N/A        62.90    N/A           42.23    57.04    2.309    2.944    219   0    0     0     87.21  96.35  0.50        N/A          0.55         N/A          96.35  91.468   1.44     27.83       27.4        217      1.6      0.91          0.68    84.25     0.67    0.73    0.96    0.15    0.94     91.00   7.02    91.39   82.49   0.93    2369.10    4.08     24.92  
6    TR920TS023_4        023     81.51    100.00  5     N/A       N/A        0.59      N/A        62.90    N/A           43.18    57.08    2.298    2.935    219   0    0     0     87.21  96.80  N/A         N/A          0.55         N/A          96.80  91.368   1.44     28.13       27.4        217      1.6      0.86          0.68    84.25     0.67    0.72    0.96    0.15    0.94     88.60   7.02    91.32   82.41   0.93    2365.70    3.75     24.93  
7    TR920TS023_2        023     81.51    100.00  5     N/A       N/A        0.59      N/A        63.12    N/A           41.83    57.05    2.329    2.971    219   0    0     0     87.67  96.35  N/A         N/A          0.57         N/A          96.35  91.326   1.43     27.98       27.7        217      1.6      0.86          0.68    84.02     0.68    0.72    0.96    0.15    0.94     91.10   7.02    91.26   82.46   0.93    2389.80    3.74     24.88  
8    TR920TS208_3        208     81.16    100.00  8     N/A       N/A        0.57      N/A        62.67    N/A           39.54    56.11    2.34     3.117    219   0    0     0     84.47  95.89  N/A         N/A          0.42         N/A          95.89  91.026   1.44     27.98       27.6        217      1.7      1.87          0.68    81.28     0.66    0.72    0.96    0.16    0.94     92.80   7.02    91.52   81.59   0.92    2383.10    4.00     29.25  
9    TR920TS023_3        023     81.05    100.00  9     N/A       N/A        0.56      N/A        61.53    N/A           40.35    56.37    2.306    2.996    219   0    0     0     88.58  96.80  N/A         N/A          0.62         N/A          96.80  91.196   1.42     28.43       27.4        217      1.6      0.86          0.68    83.11     0.67    0.72    0.96    0.15    0.94     91.00   7.02    90.80   82.34   0.93    2368.40    4.81     24.79  
10   TR920TS250_1        250s    81.05    100.00  9     0.50      1.17       0.56      1.22       62.22    1.13          40.29    55.72    2.353    2.986    219   0    0     0     87.21  95.89  0.50        1.65         0.55         1.38         95.89  90.711   1.48     27.83       27.3        217      1.6      0.95          0.67    82.88     0.67    0.72    0.96    0.15    0.94     93.40   6.92    90.87   82.29   0.92    2362.70    4.01     31.97  
11   TR920TS250_4        250s    80.94    100.00  11    N/A       N/A        0.56      1.14       62.22    N/A           40.53    56.27    2.352    3.002    219   0    0     0     87.67  95.43  N/A         N/A          0.57         1.70         95.43  90.735   1.47     28.13       27.4        217      1.6      0.86          0.67    82.42     0.67    0.72    0.96    0.15    0.94     93.40   6.92    90.85   82.32   0.92    2367.70    4.04     31.92  
12   TR920TS430_3        430s    80.82    100.00  12    N/A       N/A        0.55      1.04       62.10    N/A           39.37    55.04    2.422    3.103    219   0    0     0     84.93  95.43  N/A         N/A          0.44         -0.18        95.43  90.347   1.57     27.53       26.8        217      1.8      1.71          0.67    81.96     0.67    0.70    0.96    0.17    0.94     92.80   7.02    91.11   80.93   0.92    2317.10    4.25     29.95  
13   TR920TS247_4        247     80.59    100.00  13    N/A       N/A        0.53      N/A        62.10    N/A           41.40    56.42    2.365    2.929    219   0    0     0     87.67  96.80  N/A         N/A          0.57         N/A          96.80  91.124   1.50     28.28       27.2        217      1.6      0.50          0.69    84.02     0.67    0.72    0.96    0.15    0.94     95.50   6.92    91.08   82.75   0.93    2352.40    4.32     N/A    
14   TR920TS208_4        208     80.59    100.00  13    N/A       N/A        0.53      N/A        61.99    N/A           40.06    55.66    2.322    3.093    219   0    0     0     84.47  95.89  N/A         N/A          0.42         N/A          95.89  90.942   1.48     27.98       27.5        217      1.7      1.81          0.68    81.28     0.66    0.71    0.96    0.15    0.94     92.80   7.02    91.61   81.59   0.92    2379.30    3.91     29.34  
15   TR920TS102_1        102     80.59    100.00  13    0.47      N/A        0.53      N/A        62.33    N/A           39.84    54.57    2.459    3.137    219   2    0     0     84.47  94.98  0.36        N/A          0.42         N/A          94.98  90.097   1.56     28.72       26.5        217      1.8      1.62          0.66    81.05     0.64    0.69    0.96    0.17    0.94     90.50   6.92    90.71   80.56   0.92    2293.90    4.33     N/A    
16   TR920TS204_1        204     80.59    100.00  13    0.47      N/A        0.53      N/A        61.87    N/A           37.91    54.80    2.42     3.229    219   0    0     0     85.39  94.98  0.41        N/A          0.46         N/A          94.98  90.681   1.52     27.83       27          217      1.7      0.50          0.67    81.05     0.64    0.71    0.96    0.17    0.94     88.80   7.02    90.67   80.61   0.92    2337.30    4.52     N/A    
17   TR920TS430_1        430s    80.59    100.00  13    0.47      0.81       0.53      0.87       61.76    0.86          39.59    55.09    2.415    3.09     219   0    0     0     84.93  95.43  0.39        -0.55        0.44         -0.18        95.43  90.261   1.51     27.53       26.8        217      1.8      1.72          0.67    81.96     0.67    0.71    0.96    0.17    0.94     92.80   6.92    91.10   81.12   0.92    2318.30    4.21     29.95  
18   TR920TS204_3        204     80.59    100.00  13    N/A       N/A        0.53      N/A        61.87    N/A           37.91    54.80    2.42     3.229    219   0    0     0     85.39  94.98  N/A         N/A          0.46         N/A          94.98  90.681   1.52     27.83       27          217      1.7      0.50          0.67    81.05     0.64    0.71    0.96    0.17    0.94     88.80   7.02    90.67   80.61   0.92    2337.30    4.52     N/A    
19   TR920TS430_4        430s    80.48    100.00  19    N/A       N/A        0.53      0.78       61.64    N/A           39.05    55.02    2.423    3.112    219   0    0     0     84.47  95.43  N/A         N/A          0.42         -0.49        95.43  90.197   1.53     27.53       26.7        217      1.8      1.50          0.67    81.96     0.67    0.70    0.96    0.17    0.94     92.80   6.92    91.05   80.88   0.92    2309.40    4.30     30.03  
20   TR920TS023_5        023     80.48    100.00  19    N/A       N/A        0.53      N/A        62.22    N/A           40.40    55.60    2.366    3.042    219   0    0     0     86.76  96.80  N/A         N/A          0.53         N/A          96.80  90.561   1.49     27.98       27.3        217      1.6      1.05          0.67    82.19     0.67    0.72    0.96    0.15    0.94     90.70   6.92    90.79   82.25   0.92    2357.40    3.75     25.38  
21   TR920TS102_5        102     80.36    100.00  21    N/A       N/A        0.52      N/A        61.41    N/A           38.72    52.97    2.451    3.232    219   0    0     0     83.56  95.43  N/A         N/A          0.38         N/A          95.43  89.912   1.58     28.28       26.2        217      1.8      2.01          0.64    80.37     0.64    0.69    0.96    0.18    0.94     86.80   6.92    90.32   79.24   0.91    2269.50    4.61     85.03  
22   TR920TS381_3        381     80.36    100.00  21    N/A       N/A        0.52      N/A        61.19    N/A           36.92    54.25    2.404    3.107    219   0    0     0     84.93  94.98  N/A         N/A          0.44         N/A          94.98  90.285   1.51     27.98       27.1        217      1.7      2.43          0.66    81.51     0.64    0.71    0.96    0.16    0.94     90.90   7.02    91.03   80.78   0.92    2343.20    3.98     29.36  
23   TR920TS381_4        381     80.36    100.00  21    N/A       N/A        0.52      N/A        61.19    N/A           36.92    54.25    2.404    3.107    219   0    0     0     84.93  94.98  N/A         N/A          0.44         N/A          94.98  90.285   1.51     27.98       27.1        217      1.7      2.43          0.66    81.51     0.64    0.71    0.96    0.16    0.94     90.90   7.02    91.03   80.78   0.92    2343.20    3.98     29.36  
24   TR920TS250_3        250s    80.25    100.00  24    N/A       N/A        0.51      0.61       61.64    N/A           40.21    56.23    2.349    2.984    219   0    0     0     87.21  95.89  N/A         N/A          0.55         1.38         95.89  90.529   1.48     28.13       27.4        217      1.6      0.91          0.67    83.11     0.68    0.72    0.96    0.15    0.94     93.20   6.92    90.90   82.38   0.92    2369.50    4.06     32.01  
25   TR920TS412_2        412     80.25    100.00  24    N/A       N/A        0.51      N/A        61.30    N/A           38.23    53.89    2.446    3.167    219   0    0     0     84.02  94.98  N/A         N/A          0.40         N/A          94.98  89.78    1.56     27.68       26.7        216      1.8      0.83          0.65    81.05     0.65    0.69    0.96    0.17    0.94     91.78   6.92    90.79   80.72   0.91    2310.60    4.32     29.88  
26   TR920TS412_3        412     80.14    100.00  26    N/A       N/A        0.51      N/A        61.65    N/A           38.51    53.58    2.48     3.208    219   0    0     0     84.93  94.98  N/A         N/A          0.44         N/A          94.98  89.65    1.57     27.83       26.5        216      1.8      0.99          0.65    80.82     0.65    0.69    0.96    0.17    0.94     90.48   6.92    90.55   80.52   0.91    2296.10    4.25     29.96  
27   TR920TS430_2        430s    80.14    100.00  26    N/A       N/A        0.51      0.52       60.96    N/A           39.04    54.80    2.42     3.096    219   0    0     0     85.39  95.43  N/A         N/A          0.46         0.14         95.43  90.239   1.51     27.53       26.7        217      1.8      1.66          0.67    81.96     0.67    0.70    0.96    0.17    0.94     92.80   6.92    91.01   81.12   0.92    2316.30    4.24     29.98  
28   TR920TS430_5        430s    80.14    100.00  26    N/A       N/A        0.51      0.52       61.30    N/A           39.71    55.21    2.419    3.096    219   0    0     0     85.39  95.43  N/A         N/A          0.46         0.14         95.43  90.139   1.52     27.53       26.7        217      1.8      1.64          0.67    81.74     0.67    0.70    0.96    0.17    0.94     92.80   6.92    91.04   81.01   0.92    2313.10    4.33     29.98  
29   TR920TS118_4        118     80.14    100.00  26    N/A       N/A        0.51      N/A        60.73    N/A           42.23    55.46    2.501    3.167    219   0    0     0     84.47  94.52  N/A         N/A          0.42         N/A          94.52  90.451   1.56     27.83       26.4        216      1.8      1.91          0.66    81.74     0.65    0.71    0.95    0.20    0.93     83.82   7.02    90.27   78.60   0.92    2281.70    5.20     N/A    
30   TR920TS220_4        220s    80.02    100.00  30    N/A       N/A        0.50      0.43       61.64    N/A           38.98    55.77    2.406    3.028    219   0    0     0     86.30  95.89  N/A         N/A          0.51         0.76         95.89  90.379   1.50     27.68       27.1        217      1.6      1.67          0.68    83.33     0.68    0.72    0.96    0.16    0.94     91.00   6.92    91.23   82.36   0.92    2347.20    3.70     28.94  
31   TR920TS450_4        450     80.02    100.00  30    N/A       N/A        0.50      N/A        61.64    N/A           38.98    55.77    2.406    3.028    219   0    0     0     86.30  95.89  N/A         N/A          0.51         N/A          95.89  90.379   1.50     27.68       27.1        217      1.6      1.67          0.68    83.33     0.68    0.72    0.96    0.16    0.94     91.00   6.92    91.23   82.36   0.92    2347.20    3.70     28.94  
32   TR920TS247_3        247     80.02    100.00  30    N/A       N/A        0.50      N/A        60.85    N/A           42.00    55.52    2.399    2.938    219   1    0     0     84.02  95.89  N/A         N/A          0.40         N/A          95.89  90.495   1.54     28.43       26.6        217      1.7      1.02          0.68    83.79     0.67    0.72    0.96    0.16    0.94     94.40   6.92    91.21   81.65   0.92    2305.60    4.31     N/A    
33   TR920TS011_4        011     80.02    100.00  30    N/A       N/A        0.50      N/A        61.64    N/A           38.98    55.77    2.406    3.028    219   0    0     0     86.30  95.89  N/A         N/A          0.51         N/A          95.89  90.379   1.50     27.68       27.1        217      1.6      1.67          0.68    83.33     0.68    0.72    0.96    0.16    0.94     91.00   6.92    91.23   82.36   0.92    2347.20    3.70     28.94  
34   TR920TS412_5        412     79.91    100.00  34    N/A       N/A        0.49      N/A        61.76    N/A           37.05    53.85    2.461    3.216    219   0    0     0     84.47  95.43  N/A         N/A          0.42         N/A          95.43  89.514   1.52     27.83       26.6        216      1.8      0.83          0.65    80.37     0.65    0.69    0.96    0.17    0.94     91.48   6.92    90.78   80.54   0.91    2300.30    4.40     29.86  
35   TR920TS381_1        381     79.91    100.00  34    0.43      N/A        0.49      N/A        61.08    N/A           36.63    53.56    2.411    3.088    219   0    0     0     84.93  94.98  0.39        N/A          0.44         N/A          94.98  90.024   1.53     27.83       26.9        217      1.7      2.62          0.66    82.19     0.64    0.71    0.96    0.16    0.94     90.70   6.92    90.90   80.65   0.92    2331.80    4.13     29.66  
36   TR920TS381_2        381     79.91    100.00  34    N/A       N/A        0.49      N/A        61.08    N/A           36.63    53.56    2.411    3.088    219   0    0     0     84.93  94.98  N/A         N/A          0.44         N/A          94.98  90.024   1.53     27.83       26.9        217      1.7      2.62          0.66    82.19     0.64    0.71    0.96    0.16    0.94     90.70   6.92    90.90   80.65   0.92    2331.80    4.13     29.66  
37   TR920TS073_5        073     79.91    100.00  34    N/A       N/A        0.49      N/A        61.08    N/A           37.11    53.91    2.457    3.148    219   0    0     0     84.02  94.98  N/A         N/A          0.40         N/A          94.98  89.742   1.55     27.98       26.7        217      1.8      2.59          0.65    81.96     0.64    0.69    0.96    0.17    0.94     93.00   6.92    90.66   80.40   0.91    2310.70    4.25     69.66  
38   TR920TS480_1        480     79.80    100.00  38    0.42      N/A        0.48      N/A        60.84    N/A           33.76    52.89    2.467    3.158    219   0    0     0     84.93  95.43  0.39        N/A          0.44         N/A          95.43  89.253   1.55     28.13       26.8        217      1.8      2.56          0.65    81.51     0.62    0.70    0.96    0.17    0.94     92.00   6.92    90.48   80.57   0.91    2322.60    4.22     22.60  
39   TR920TS294_1        294     79.80    100.00  38    0.42      N/A        0.48      N/A        60.96    N/A           35.68    53.05    2.442    3.206    219   0    0     0     84.47  94.98  0.36        N/A          0.42         N/A          94.98  89.64    1.52     27.83       26.7        217      1.8      1.77          0.65    81.05     0.63    0.69    0.96    0.17    0.94     90.30   6.92    90.77   80.64   0.92    2312.90    4.37     22.23  
40   TR920TS247_2        247     79.68    100.00  40    N/A       N/A        0.48      N/A        61.87    N/A           43.69    56.58    2.39     2.93     219   1    0     0     84.47  95.89  N/A         N/A          0.42         N/A          95.89  90.125   1.47     27.68       26.8        216      1.7      0.86          0.69    84.70     0.69    0.73    0.96    0.17    0.94     91.00   6.92    91.11   81.98   0.92    2317.60    4.20     N/A    
41   TR920TS396_2        396     79.57    100.00  41    N/A       N/A        0.47      N/A        60.84    N/A           36.37    53.69    2.464    3.163    219   1    0     0     84.02  94.52  N/A         N/A          0.40         N/A          94.98  89.688   1.56     27.83       26.1        217      1.8      1.70          0.65    81.74     0.65    0.69    0.96    0.17    0.94     91.70   6.92    90.77   80.58   0.92    2302.30    4.30     N/A    
42   TR920TS396_1        396     79.57    100.00  41    0.41      N/A        0.47      N/A        60.84    N/A           36.37    53.67    2.464    3.164    219   0    0     0     84.02  94.52  0.34        N/A          0.40         N/A          94.52  89.688   1.56     27.68       26.6        217      1.8      1.65          0.65    81.74     0.65    0.69    0.96    0.17    0.94     93.10   6.92    90.77   80.58   0.91    2302.00    4.30     N/A    
43   TR920TS250_2        250s    79.57    100.00  41    N/A       N/A        0.47      0.08       60.84    N/A           40.47    54.97    2.515    3.168    219   0    0     0     84.02  94.52  N/A         N/A          0.40         -0.80        94.52  89.626   1.48     26.19       26.4        214      1.6      1.22          0.66    79.45     0.66    0.71    0.95    0.18    0.94     91.60   6.92    90.36   80.17   0.91    2290.70    4.52     33.27  
44   TR920TS393_2        393     79.57    100.00  41    N/A       N/A        0.47      N/A        59.59    N/A           36.69    53.31    2.469    3.118    219   1    0     0     84.47  94.98  N/A         N/A          0.42         N/A          95.43  89.814   1.53     28.13       26.5        217      1.8      3.02          0.66    83.11     0.64    0.71    0.96    0.17    0.94     91.30   7.02    90.53   80.12   0.92    2323.00    4.60     22.41  
45   TR920TS204_5        204     79.45    100.00  45    N/A       N/A        0.46      N/A        60.73    N/A           36.81    53.48    2.463    3.17     219   0    0     0     84.93  94.98  N/A         N/A          0.44         N/A          94.98  90.058   1.57     28.13       26.8        217      1.8      0.80          0.65    82.19     0.63    0.70    0.96    0.17    0.94     92.40   6.92    90.63   80.45   0.91    2320.00    4.43     N/A    
46   TR920TS162_2        162     79.45    100.00  45    N/A       N/A        0.46      N/A        59.82    N/A           35.79    52.26    2.481    3.27     219   0    0     0     84.47  94.98  N/A         N/A          0.42         N/A          94.98  89.884   1.60     27.98       26.3        217      1.8      0.83          0.64    80.37     0.64    0.68    0.96    0.18    0.94     92.60   6.92    90.50   79.86   0.91    2277.90    4.72     N/A    
47   TR920TS412_1        412     79.45    100.00  45    0.40      N/A        0.46      N/A        60.84    N/A           39.01    53.84    2.47     3.213    219   0    0     0     84.93  94.98  0.39        N/A          0.44         N/A          94.98  89.788   1.54     28.13       26.5        216      1.8      0.68          0.64    80.59     0.65    0.69    0.96    0.17    0.94     92.58   6.92    90.65   80.46   0.91    2295.50    4.46     30.02  
48   TR920TS162_1        162     79.22    100.00  48    0.39      N/A        0.45      N/A        59.48    N/A           35.47    52.53    2.526    3.288    219   0    0     0     84.93  94.98  0.39        N/A          0.44         N/A          94.98  89.329   1.57     27.68       26.2        217      1.8      1.06          0.64    80.14     0.64    0.68    0.96    0.18    0.94     89.70   6.92    90.38   80.01   0.91    2270.80    5.02     N/A    
49   TR920TS381_5        381     79.22    100.00  48    N/A       N/A        0.45      N/A        60.27    N/A           36.35    53.06    2.48     3.147    219   0    0     0     83.56  95.43  N/A         N/A          0.38         N/A          95.43  89.362   1.58     27.83       26.7        217      1.8      2.37          0.65    81.96     0.64    0.70    0.96    0.17    0.94     90.60   6.92    90.74   80.52   0.91    2311.40    4.30     30.20  
50   TR920TS081_2        081     79.22    100.00  48    N/A       N/A        0.45      N/A        59.59    N/A           38.41    54.29    2.44     3.141    219   0    0     0     84.02  95.43  N/A         N/A          0.40         N/A          95.43  89.994   1.56     27.68       26.6        216      1.7      0.82          0.66    82.19     0.65    0.70    0.96    0.17    0.94     91.80   6.92    90.45   80.41   0.91    2300.90    4.53     88.72  
51   TR920TS081_1        081     79.22    100.00  48    0.39      N/A        0.45      N/A        60.27    N/A           38.67    54.06    2.457    3.17     219   0    0     0     84.02  95.89  0.34        N/A          0.40         N/A          95.89  89.954   1.56     27.68       26.6        216      1.7      0.95          0.66    81.74     0.65    0.70    0.96    0.17    0.94     92.10   6.92    90.50   80.38   0.91    2302.90    4.59     88.35  
52   TR920TS188_1        188     79.22    100.00  48    0.39      N/A        0.45      N/A        60.50    N/A           34.75    52.54    2.482    3.21     219   0    0     0     84.02  94.98  0.34        N/A          0.40         N/A          94.98  89.678   1.59     28.13       26.4        217      1.8      2.93          0.64    80.37     0.63    0.69    0.96    0.17    0.94     93.20   6.92    90.57   80.37   0.91    2287.50    4.38     N/A    
53   TR920TS247_5        247     79.11    100.00  53    N/A       N/A        0.44      N/A        59.93    N/A           38.47    54.57    2.42     2.988    219   0    0     0     86.30  96.35  N/A         N/A          0.51         N/A          96.35  90.345   1.48     27.38       26.9        217      1.6      0.86          0.67    84.02     0.67    0.71    0.96    0.16    0.94     88.70   6.92    90.73   81.66   0.92    2329.60    4.35     N/A    
54   TR920TS273_1        273     79.00    100.00  54    0.38      N/A        0.44      N/A        60.16    N/A           37.42    54.11    2.463    3.123    219   0    0     0     84.47  94.52  0.36        N/A          0.42         N/A          94.52  89.384   1.55     28.13       26.7        217      1.8      1.99          0.66    82.19     0.66    0.71    0.96    0.17    0.94     89.30   6.92    90.59   80.52   0.91    2309.10    4.05     N/A    
55   TR920TS474_1        474     79.00    100.00  54    0.38      N/A        0.44      N/A        60.16    N/A           37.61    53.13    2.605    3.36     219   0    0     0     84.93  94.52  0.39        N/A          0.44         N/A          94.52  89.422   1.60     27.68       26.3        216      1.9      2.17          0.66    81.96     0.65    0.70    0.96    0.18    0.94     93.10   6.92    90.91   80.79   0.91    2278.80    4.59     88.07  
56   TR920TS412_4        412     78.88    100.00  56    N/A       N/A        0.43      N/A        59.93    N/A           37.63    53.45    2.493    3.219    219   0    0     0     84.93  94.98  N/A         N/A          0.44         N/A          94.98  89.273   1.58     27.53       26.4        216      1.8      1.08          0.65    81.51     0.65    0.69    0.96    0.17    0.94     92.58   6.92    90.59   80.44   0.91    2287.10    4.30     30.15  
57   TR920TS162_4        162     78.65    100.00  57    N/A       N/A        0.41      N/A        59.24    N/A           36.12    52.40    2.555    3.267    219   0    0     0     85.39  94.98  N/A         N/A          0.46         N/A          94.98  89.209   1.55     27.83       26.1        217      1.8      0.60          0.65    80.14     0.64    0.68    0.96    0.18    0.94     93.40   6.92    90.28   80.32   0.91    2261.90    4.74     N/A    
58   TR920TS102_2        102     78.54    100.00  58    N/A       N/A        0.41      N/A        58.56    N/A           35.64    51.75    2.532    3.234    219   6    0     0     84.02  94.52  N/A         N/A          0.40         N/A          94.52  88.496   1.62     28.58       25.6        217      1.8      1.56          0.63    81.05     0.63    0.68    0.95    0.19    0.94     89.20   6.92    89.62   79.11   0.91    2221.00    4.57     N/A    
59   TR920TS250_5        250s    78.42    100.00  59    N/A       N/A        0.40      -0.80      59.70    N/A           37.81    52.74    2.655    3.348    219   0    0     0     82.65  93.15  N/A         N/A          0.33         -1.74        93.15  88.354   1.57     27.23       25.4        217      1.9      1.07          0.64    77.40     0.65    0.69    0.95    0.19    0.93     89.70   6.92    89.16   78.71   0.91    2204.00    5.40     34.21  
60   TR920TS011_2        011     78.31    100.00  60    N/A       N/A        0.39      N/A        58.56    N/A           35.40    50.97    1.957    2.826    219   0    0     0     84.47  95.43  N/A         N/A          0.42         N/A          95.43  88.659   1.71     28.58       26.4        219      1.9      1.79          0.69    89.95     0.69    0.75    0.98    0.12    0.95     88.50   7.02    95.27   87.41   0.91    2287.30    1.91     28.59  
61   TR920TS162_3        162     78.31    100.00  60    N/A       N/A        0.39      N/A        58.45    N/A           35.82    52.05    2.547    3.274    219   0    0     0     85.39  95.43  N/A         N/A          0.46         N/A          95.43  89.051   1.62     27.98       25.7        216      1.8      1.05          0.64    79.91     0.64    0.67    0.96    0.18    0.94     92.00   6.92    90.25   79.57   0.91    2230.60    5.16     N/A    
62   TR920TS450_1        450     78.31    100.00  60    0.33      N/A        0.39      N/A        58.56    N/A           35.40    50.97    1.957    2.826    219   0    0     0     84.47  95.43  0.36        N/A          0.42         N/A          95.43  88.659   1.71     28.58       26.4        219      1.9      1.79          0.69    89.95     0.69    0.75    0.98    0.12    0.95     88.50   7.02    95.27   87.41   0.91    2287.30    1.91     28.59  
63   TR920TS220_1        220s    78.31    100.00  60    0.33      -0.95      0.39      -0.88      58.56    -1.06         35.40    50.97    1.957    2.826    219   0    0     0     84.47  95.43  0.36        -0.99        0.42         -0.49        95.43  88.659   1.71     28.58       26.4        219      1.9      1.79          0.69    89.95     0.69    0.75    0.98    0.12    0.95     88.50   7.02    95.27   87.41   0.91    2287.30    1.91     28.59  
64   TR920TS324_4        324     78.31    100.00  60    N/A       N/A        0.39      N/A        59.70    N/A           36.72    52.60    2.654    3.372    219   0    0     0     84.02  94.06  N/A         N/A          0.40         N/A          94.06  88.09    1.55     27.68       26.2        216      1.9      2.50          0.66    81.74     0.64    0.70    0.95    0.18    0.94     92.10   6.92    90.71   80.64   0.90    2271.10    4.09     23.55  
65   TR920TS324_3        324     78.20    100.00  65    N/A       N/A        0.39      N/A        59.24    N/A           36.98    52.85    2.637    3.357    219   0    0     0     84.47  94.06  N/A         N/A          0.42         N/A          94.06  88.384   1.59     27.68       26.2        216      1.9      2.21          0.66    80.82     0.65    0.70    0.95    0.18    0.94     89.60   6.92    90.73   80.65   0.90    2272.40    4.00     23.34  
66   TR920TS446_1        446s    78.20    100.00  65    0.33      -1.03      0.39      -0.97      58.79    -0.93         38.52    51.40    2.714    3.397    219   0    0     0     85.39  95.43  0.41        -0.11        0.46         0.14         95.43  87.663   1.63     27.08       26.2        217      2        0.63          0.66    81.96     0.65    0.70    0.95    0.20    0.93     90.10   6.92    89.46   79.70   0.90    2273.90    4.27     88.25  
67   TR920TS324_2        324     78.20    100.00  65    N/A       N/A        0.39      N/A        59.36    N/A           35.24    52.28    2.648    3.314    219   0    0     0     84.02  94.06  N/A         N/A          0.40         N/A          94.06  88.332   1.60     27.68       26.2        216      1.9      2.14          0.65    82.65     0.64    0.70    0.95    0.18    0.94     87.30   6.92    90.63   80.66   0.90    2270.40    4.03     23.48  
68   TR920TS187_3        187     78.08    100.00  68    N/A       N/A        0.38      N/A        58.56    N/A           36.41    50.96    2.582    3.348    219   0    0     0     82.65  94.98  N/A         N/A          0.33         N/A          94.98  88.629   1.64     28.13       25.8        216      1.9      3.09          0.59    78.77     0.61    0.69    0.95    0.20    0.93     80.80   6.92    89.92   77.77   0.90    2243.40    4.97     N/A    
69   TR920TS450_2        450     78.08    100.00  68    N/A       N/A        0.38      N/A        58.10    N/A           35.26    50.59    1.967    2.757    219   0    0     0     84.93  94.98  N/A         N/A          0.44         N/A          94.98  88.308   1.77     27.83       26.1        219      1.9      1.83          0.69    90.87     0.70    0.74    0.98    0.12    0.95     91.20   6.92    95.01   86.59   0.91    2264.40    1.81     28.89  
70   TR920TS220_2        220s    78.08    100.00  68    N/A       N/A        0.38      -1.06      58.10    N/A           35.26    50.59    1.967    2.757    219   0    0     0     84.93  94.98  N/A         N/A          0.44         -0.18        94.98  88.308   1.77     27.83       26.1        219      1.9      1.83          0.69    90.87     0.70    0.74    0.98    0.12    0.95     91.20   6.92    95.01   86.59   0.91    2264.40    1.81     28.89  
71   TR920TS011_1        011     78.08    100.00  68    0.32      N/A        0.38      N/A        58.10    N/A           35.26    50.59    1.967    2.757    219   0    0     0     84.93  94.98  0.39        N/A          0.44         N/A          94.98  88.308   1.77     27.83       26.1        219      1.9      1.83          0.69    90.87     0.70    0.74    0.98    0.12    0.95     91.20   6.92    95.01   86.59   0.91    2264.40    1.81     28.89  
72   TR920TS162_5        162     78.08    100.00  68    N/A       N/A        0.38      N/A        57.31    N/A           35.58    51.32    2.604    3.333    219   0    0     0     84.02  94.06  N/A         N/A          0.40         N/A          94.06  88.947   1.59     28.28       25.5        216      1.8      0.71          0.63    79.91     0.63    0.67    0.95    0.19    0.94     93.70   6.81    89.95   79.10   0.91    2214.10    4.99     N/A    
73   TR920TS324_5        324     77.97    100.00  73    N/A       N/A        0.37      N/A        58.91    N/A           33.95    51.41    2.639    3.386    219   0    0     0     84.47  94.06  N/A         N/A          0.42         N/A          94.06  88.03    1.58     27.53       26.1        216      1.9      2.38          0.65    81.28     0.63    0.69    0.95    0.18    0.94     89.40   6.92    90.47   80.47   0.90    2261.40    4.06     23.48  
74   TR920TS102_3        102     77.85    100.00  74    N/A       N/A        0.36      N/A        57.88    N/A           35.33    51.09    2.475    3.174    219   0    0     0     84.93  95.89  N/A         N/A          0.44         N/A          95.89  89.249   1.64     28.13       25.9        217      1.8      1.75          0.63    79.68     0.63    0.68    0.96    0.18    0.94     89.80   6.81    90.36   79.53   0.91    2249.60    4.46     85.52  
75   TR920TS396_3        396     77.74    100.00  75    N/A       N/A        0.36      N/A        57.19    N/A           34.60    50.90    2.502    3.25     219   2    0     0     83.56  94.98  N/A         N/A          0.38         N/A          95.43  88.633   1.66     28.28       25.4        217      1.9      1.97          0.64    80.82     0.64    0.69    0.96    0.18    0.94     87.40   6.92    90.71   79.51   0.91    2230.80    4.60     N/A    
76   TR920TS396_5        396     77.63    100.00  76    N/A       N/A        0.35      N/A        58.45    N/A           35.33    51.31    2.704    3.477    219   1    0     0     83.11  94.06  N/A         N/A          0.35         N/A          94.52  88.216   1.59     27.68       25.6        216      2        1.88          0.65    81.51     0.65    0.69    0.95    0.19    0.93     89.20   6.92    90.71   80.31   0.90    2235.60    4.59     N/A    
77   TR920TS324_1        324     77.63    100.00  76    0.29      N/A        0.35      N/A        58.56    N/A           35.10    51.66    2.651    3.353    219   0    0     0     84.02  94.06  0.34        N/A          0.40         N/A          94.06  88.154   1.62     27.83       26.1        216      1.9      2.64          0.65    81.96     0.64    0.70    0.95    0.18    0.94     92.10   6.92    90.67   80.52   0.90    2260.50    3.99     23.64  
78   TR920TS450_3        450     77.28    100.00  78    N/A       N/A        0.33      N/A        57.42    N/A           34.40    50.15    2.012    2.885    219   0    0     0     85.84  94.52  N/A         N/A          0.49         N/A          94.52  88.208   1.75     27.83       26.1        219      2        1.81          0.68    89.50     0.68    0.74    0.98    0.13    0.95     83.40   6.92    94.78   86.50   0.90    2267.30    1.88     29.42  
79   TR920TS220_3        220s    77.28    100.00  78    N/A       N/A        0.33      -1.67      57.42    N/A           34.40    50.15    2.012    2.885    219   0    0     0     85.84  94.52  N/A         N/A          0.49         0.45         94.52  88.208   1.75     27.83       26.1        219      2        1.81          0.68    89.50     0.68    0.74    0.98    0.13    0.95     83.40   6.92    94.78   86.50   0.90    2267.30    1.88     29.42  
80   TR920TS011_3        011     77.28    100.00  78    N/A       N/A        0.33      N/A        57.42    N/A           34.40    50.15    2.012    2.885    219   0    0     0     85.84  94.52  N/A         N/A          0.49         N/A          94.52  88.208   1.75     27.83       26.1        219      2        1.81          0.68    89.50     0.68    0.74    0.98    0.13    0.95     83.40   6.92    94.78   86.50   0.90    2267.30    1.88     29.42  
81   TR920TS001_1        001     77.17    100.00  81    0.26      N/A        0.32      N/A        55.94    N/A           35.50    50.08    2.604    3.251    219   0    0     0     83.56  94.52  0.32        N/A          0.38         N/A          94.52  87.571   1.62     27.53       24.5        214      1.8      2.07          0.63    80.14     0.62    0.68    0.95    0.20    0.93     83.42   6.92    88.78   76.91   0.90    2133.00    4.68     N/A    
82   TR920TS011_5        011     77.06    100.00  82    N/A       N/A        0.32      N/A        57.08    N/A           35.63    50.43    2.543    3.242    219   0    0     0     82.19  96.35  N/A         N/A          0.31         N/A          96.35  88.578   1.71     27.08       25.8        217      1.9      1.92          0.65    81.74     0.66    0.70    0.96    0.16    0.94     90.60   6.92    90.65   80.27   0.90    2243.30    3.69     31.36  
83   TR920TS220_5        220s    77.06    100.00  82    N/A       N/A        0.32      -1.84      57.08    N/A           35.63    50.43    2.543    3.242    219   0    0     0     82.19  96.35  N/A         N/A          0.31         -2.05        96.35  88.578   1.71     27.08       25.8        217      1.9      1.92          0.65    81.74     0.66    0.70    0.96    0.16    0.94     90.60   6.92    90.65   80.27   0.90    2243.30    3.69     31.36  
84   TR920TS450_5        450     77.06    100.00  82    N/A       N/A        0.32      N/A        57.08    N/A           35.63    50.43    2.543    3.242    219   0    0     0     82.19  96.35  N/A         N/A          0.31         N/A          96.35  88.578   1.71     27.08       25.8        217      1.9      1.92          0.65    81.74     0.66    0.70    0.96    0.16    0.94     90.60   6.92    90.65   80.27   0.90    2243.30    3.69     31.36  
85   TR920TS001_5        001     76.71    100.00  85    N/A       N/A        0.29      N/A        55.82    N/A           33.89    50.91    2.562    3.202    219   0    0     0     85.39  95.89  N/A         N/A          0.46         N/A          95.89  87.637   1.62     27.68       24.7        215      1.8      2.19          0.63    80.82     0.63    0.68    0.96    0.19    0.94     81.23   6.92    89.17   77.25   0.91    2149.20    4.47     N/A    
86   TR920TS001_3        001     76.71    100.00  85    N/A       N/A        0.29      N/A        55.59    N/A           34.05    50.54    2.575    3.247    219   0    0     0     81.28  95.43  N/A         N/A          0.27         N/A          95.43  88.2     1.69     27.98       24.8        215      1.8      2.00          0.62    80.14     0.63    0.67    0.95    0.19    0.94     87.70   6.92    89.31   77.94   0.91    2160.00    4.82     N/A    
87   TR920TS396_4        396     76.60    100.00  87    N/A       N/A        0.29      N/A        57.08    N/A           34.77    50.11    2.712    3.433    219   1    0     0     83.11  94.06  N/A         N/A          0.35         N/A          94.52  88.036   1.64     27.98       25.4        214      1.9      1.76          0.64    81.05     0.66    0.69    0.95    0.18    0.94     83.90   6.92    90.55   80.27   0.90    2217.10    4.16     N/A    
88   TR920TS393_3        393     76.60    100.00  87    N/A       N/A        0.29      N/A        56.73    N/A           37.47    50.34    2.695    3.38     219   1    0     0     83.11  94.06  N/A         N/A          0.35         N/A          94.52  88       1.62     27.98       25.6        216      2        3.04          0.65    82.42     0.64    0.70    0.95    0.18    0.93     84.70   6.92    90.27   79.86   0.90    2238.00    4.15     24.07  
89   TR920TS393_1        393     76.37    100.00  89    0.21      N/A        0.27      N/A        55.14    N/A           36.51    50.88    2.514    3.156    219   1    0     0     84.02  94.98  0.34        N/A          0.40         N/A          95.43  88.639   1.67     28.72       25          217      1.9      3.09          0.65    82.42     0.64    0.71    0.96    0.18    0.93     87.80   6.58    90.38   78.93   0.91    2241.60    4.80     23.29  
90   TR920TS118_2        118     76.37    100.00  89    N/A       N/A        0.27      N/A        55.59    N/A           39.56    50.75    2.835    3.418    219   0    0     0     80.37  92.69  N/A         N/A          0.22         N/A          92.69  86.56    1.68     26.79       24.6        214      2        1.87          0.63    80.14     0.65    0.70    0.95    0.23    0.93     85.81   6.81    87.53   76.93   0.89    2136.80    5.47     N/A    
91   TR920TS073_3        073     76.37    100.00  89    N/A       N/A        0.27      N/A        54.80    N/A           38.27    51.33    2.493    3.145    219   0    0     0     84.47  94.52  N/A         N/A          0.42         N/A          94.52  88.546   1.65     27.68       26.6        216      1.9      1.20          0.67    82.65     0.66    0.72    0.96    0.17    0.93     91.50   6.92    91.59   80.63   0.90    2303.90    4.33     N/A    
92   TR920TS118_3        118     76.03    100.00  92    N/A       N/A        0.25      N/A        55.37    N/A           37.65    49.74    2.578    3.166    219   0    0     0     81.74  94.98  N/A         N/A          0.29         N/A          94.98  88.046   1.67     27.38       25.3        214      1.8      1.70          0.64    81.74     0.65    0.70    0.95    0.20    0.93     88.99   6.92    89.39   77.77   0.90    2194.40    5.33     N/A    
93   TR920TS393_4        393     76.03    100.00  92    N/A       N/A        0.25      N/A        55.48    N/A           36.01    49.84    2.769    3.421    219   1    0     0     82.19  93.61  N/A         N/A          0.31         N/A          94.06  86.986   1.69     27.68       21.4        213      1.9      3.02          0.65    82.19     0.64    0.70    0.95    0.19    0.93     89.20   6.92    89.92   79.35   0.90    2204.40    5.01     24.57  
94   TR920TS060_5        060     75.80    100.00  94    N/A       N/A        0.24      N/A        55.25    N/A           32.77    48.74    2.787    3.392    219   0    0     0     80.37  91.32  N/A         N/A          0.22         N/A          91.32  86.875   1.70     27.23       24          217      2.1      1.12          0.62    77.63     0.62    0.67    0.95    0.21    0.93     87.10   6.81    88.69   76.12   0.89    2091.30    5.65     87.10  
95   TR920TS060_2        060     75.69    100.00  95    N/A       N/A        0.23      N/A        55.36    N/A           33.83    49.03    2.685    3.426    219   0    0     0     81.74  92.69  N/A         N/A          0.29         N/A          92.69  86.371   1.64     27.08       24.2        217      2.1      1.13          0.61    76.94     0.61    0.65    0.95    0.20    0.93     93.00   6.81    89.19   76.62   0.89    2113.30    5.12     87.29  
96   TR920TS102_4        102     75.69    100.00  95    N/A       N/A        0.23      N/A        54.91    N/A           37.43    50.48    2.563    3.296    219   0    0     0     81.74  95.43  N/A         N/A          0.29         N/A          95.43  88.28    1.69     28.58       25          216      1.9      1.92          0.61    79.91     0.62    0.67    0.95    0.19    0.93     82.30   6.92    89.50   77.18   0.90    2172.90    4.64     85.67  
97   TR920TS073_4        073     75.57    100.00  97    N/A       N/A        0.22      N/A        56.16    N/A           35.67    49.41    2.788    3.426    219   0    0     0     79.00  93.15  N/A         N/A          0.16         N/A          93.15  86.498   1.72     27.83       25.8        216      2.1      1.30          0.66    81.28     0.65    0.71    0.95    0.19    0.92     92.30   6.92    89.65   79.89   0.89    2236.70    4.07     N/A    
98   TR920TS418_1        418     75.34    100.00  98    0.15      N/A        0.21      N/A        54.23    N/A           30.84    46.71    2.56     3.393    219   1    0     0     83.11  94.52  0.30        N/A          0.35         N/A          94.52  87.771   1.72     27.98       24.7        217      2        3.51          0.62    80.14     0.60    0.67    0.95    0.20    0.93     92.00   6.92    89.55   77.52   0.90    2155.40    4.79     31.81  
99   TR920TS017_5        017     75.23    100.00  99    N/A       N/A        0.20      N/A        54.34    N/A           32.32    47.68    2.759    3.419    219   0    0     0     79.00  94.06  N/A         N/A          0.16         N/A          94.06  86.916   1.77     27.53       25.2        216      2.1      1.85          0.64    80.37     0.64    0.70    0.95    0.18    0.93     90.20   6.92    89.28   78.94   0.89    2189.90    5.25     48.53  
100  TR920TS060_4        060     75.23    100.00  99    N/A       N/A        0.20      N/A        55.25    N/A           35.16    50.03    2.817    3.386    219   0    0     0     82.19  92.69  N/A         N/A          0.31         N/A          92.69  86.906   1.64     26.49       23.6        215      2.2      1.01          0.61    76.71     0.61    0.66    0.95    0.21    0.93     87.90   6.81    88.56   76.18   0.89    2055.10    6.03     87.09  
101  TR920TS017_1        017     75.23    100.00  99    0.14      N/A        0.20      N/A        54.22    N/A           32.20    47.79    2.755    3.409    219   0    0     0     79.45  93.61  0.12        N/A          0.18         N/A          93.61  86.904   1.79     27.53       25.2        216      2.1      2.06          0.65    80.59     0.64    0.70    0.95    0.18    0.93     89.70   6.92    89.29   79.09   0.89    2194.80    5.28     48.63  
102  TR920TS017_4        017     75.23    100.00  99    N/A       N/A        0.20      N/A        54.34    N/A           32.28    47.58    2.76     3.424    219   0    0     0     79.00  94.06  N/A         N/A          0.16         N/A          94.06  86.761   1.77     27.53       25.2        216      2.1      1.89          0.64    80.37     0.64    0.70    0.95    0.18    0.93     89.70   6.92    89.33   78.88   0.89    2188.20    5.25     48.61  
103  TR920TS017_3        017     75.23    100.00  99    N/A       N/A        0.20      N/A        54.45    N/A           32.22    47.69    2.755    3.411    219   0    0     0     79.45  94.06  N/A         N/A          0.18         N/A          94.06  86.87    1.79     27.53       25.2        216      2.1      1.97          0.65    80.37     0.64    0.70    0.95    0.18    0.93     89.70   6.92    89.29   79.04   0.89    2191.70    5.23     48.60  
104  TR920TS060_3        060     75.23    100.00  99    N/A       N/A        0.20      N/A        55.25    N/A           30.91    48.43    2.866    3.51     219   0    0     0     80.37  90.41  N/A         N/A          0.22         N/A          90.41  84.362   1.67     27.08       23.8        216      2.2      0.75          0.61    76.71     0.61    0.65    0.95    0.20    0.93     90.60   6.81    88.44   76.51   0.89    2080.80    5.25     86.80  
105  TR920TS017_2        017     75.23    100.00  99    N/A       N/A        0.20      N/A        54.22    N/A           32.11    47.78    2.755    3.406    219   0    0     0     79.45  93.61  N/A         N/A          0.18         N/A          93.61  86.906   1.79     27.53       25.3        216      2.1      2.04          0.65    80.59     0.64    0.70    0.95    0.18    0.93     89.70   6.92    89.27   79.14   0.89    2197.50    5.32     48.56  
106  TR920TS060_1        060     74.66    100.00  106   0.11      N/A        0.17      N/A        54.80    N/A           34.14    49.01    2.986    3.753    219   0    0     0     81.28  92.24  0.21        N/A          0.27         N/A          92.24  86.426   1.67     26.64       23.8        214      2.1      1.37          0.61    77.85     0.62    0.66    0.95    0.20    0.93     85.70   6.81    88.23   75.60   0.89    2080.10    5.44     86.90  
107  TR920TS418_2        418     74.54    100.00  107   N/A       N/A        0.16      N/A        52.63    N/A           31.55    47.24    2.505    3.305    219   0    0     0     82.19  94.52  N/A         N/A          0.31         N/A          94.52  86.916   1.72     28.28       24.3        216      2        3.40          0.61    80.37     0.60    0.66    0.95    0.20    0.93     90.40   6.92    89.37   76.26   0.89    2123.20    4.86     32.03  
108  TR920TS001_4        001     74.43    100.00  108   N/A       N/A        0.15      N/A        54.34    N/A           34.70    48.87    2.891    3.288    219   0    0     0     79.00  93.61  N/A         N/A          0.16         N/A          93.61  86.025   1.76     27.68       24.3        215      2.2      2.52          0.64    81.28     0.65    0.70    0.95    0.20    0.93     86.70   6.81    88.98   77.70   0.88    2112.40    5.53     N/A    
109  TR920TS081_3        081     74.31    100.00  109   N/A       N/A        0.14      N/A        51.83    N/A           32.77    44.82    2.882    3.552    219   0    0     0     83.11  95.43  N/A         N/A          0.35         N/A          95.43  85.238   1.79     27.68       23.7        216      2.1      1.58          0.60    78.54     0.62    0.66    0.95    0.22    0.93     85.10   6.81    88.30   77.06   0.88    2070.50    5.71     88.58  
110  TR920TS418_3        418     74.20    100.00  110   N/A       N/A        0.14      N/A        53.99    N/A           31.66    45.96    2.853    3.444    219   1    0     0     77.63  94.06  N/A         N/A          0.09         N/A          94.06  84.819   1.87     28.28       24.5        216      2.1      3.30          0.62    80.14     0.61    0.68    0.95    0.20    0.93     89.80   6.81    88.23   77.30   0.88    2136.10    4.93     33.57  
111  TR920TS118_1        118     74.20    100.00  110   0.08      N/A        0.14      N/A        53.99    N/A           34.57    47.30    2.975    3.586    219   0    0     0     78.54  92.24  0.07        N/A          0.13         N/A          92.24  84.392   1.85     27.23       23          215      2.3      1.83          0.61    80.14     0.64    0.68    0.94    0.26    0.93     83.52   6.81    86.71   76.45   0.88    2024.60    5.97     N/A    
112  TR920TS073_1        073     73.63    100.00  112   0.04      N/A        0.10      N/A        51.83    N/A           35.84    48.10    2.617    3.223    219   0    0     0     80.82  92.69  0.18        N/A          0.24         N/A          93.15  86.139   1.74     27.53       25.9        216      2.1      1.23          0.66    82.65     0.65    0.71    0.96    0.19    0.93     92.00   6.92    90.34   79.89   0.89    2249.70    3.73     N/A    
113  TR920TS118_5        118     73.06    100.00  113   N/A       N/A        0.07      N/A        51.94    N/A           35.41    46.65    2.654    3.102    219   0    0     0     79.91  93.61  N/A         N/A          0.20         N/A          93.61  86.229   1.84     26.94       24.9        215      2        2.28          0.65    83.33     0.65    0.71    0.96    0.20    0.93     85.11   6.81    89.58   79.37   0.89    2162.00    4.89     N/A    
114  TR920TS073_2        073     73.06    100.00  113   N/A       N/A        0.07      N/A        51.48    N/A           35.18    46.74    2.756    3.353    219   0    0     0     82.19  93.61  N/A         N/A          0.31         N/A          93.61  85.825   1.78     26.94       26          216      2        1.20          0.65    82.19     0.64    0.71    0.95    0.19    0.92     92.30   6.92    89.62   79.47   0.89    2253.90    4.02     N/A    
115  TR920TS001_2        001     72.83    100.00  115   N/A       N/A        0.05      N/A        51.37    N/A           31.45    46.31    2.936    3.547    219   0    0     0     79.45  92.69  N/A         N/A          0.18         N/A          92.69  84.661   1.66     26.34       23.1        215      2.1      2.00          0.61    79.91     0.62    0.66    0.94    0.23    0.93     87.90   6.81    87.67   76.30   0.88    2018.20    5.02     N/A    
116  TR920TS480_2        480     72.83    100.00  115   N/A       N/A        0.05      N/A        50.46    N/A           27.26    44.38    2.687    3.482    219   0    0     0     82.19  94.06  N/A         N/A          0.31         N/A          94.06  85.665   1.77     28.43       22.8        215      2        2.83          0.58    78.08     0.59    0.63    0.95    0.22    0.93     86.70   6.70    88.21   74.57   0.89    1998.60    5.64     25.63  
117  TR920TS480_5        480     71.80    100.00  117   N/A       N/A        -0.01     N/A        49.66    N/A           25.88    43.97    2.787    3.472    219   0    0     0     79.91  91.78  N/A         N/A          0.20         N/A          91.78  84.127   1.79     28.13       22.4        216      2.2      3.08          0.58    76.71     0.57    0.64    0.95    0.23    0.93     83.30   6.70    88.05   73.33   0.88    1963.30    6.87     26.08  
118  TR920TS418_5        418     71.35    100.00  118   N/A       N/A        -0.04     N/A        49.66    N/A           30.07    41.27    3.081    3.68     219   0    0     0     76.26  92.24  N/A         N/A          0.02         N/A          92.24  78.196   1.98     27.23       23.4        215      2.4      3.61          0.61    80.59     0.60    0.67    0.95    0.20    0.93     89.20   6.81    88.38   77.98   0.86    2043.90    5.37     36.06  
119  TR920TS418_4        418     71.23    100.00  119   N/A       N/A        -0.05     N/A        50.34    N/A           28.82    41.87    3.008    3.569    219   0    0     0     71.69  91.78  N/A         N/A          -0.20        N/A          91.78  75.761   1.97     27.83       23.5        217      2.4      3.91          0.61    80.59     0.60    0.68    0.95    0.20    0.92     92.60   6.81    87.90   77.73   0.86    2054.40    4.48     35.94  
120  TR920TS081_5        081     70.78    100.00  120   N/A       N/A        -0.07     N/A        49.55    N/A           29.18    42.11    3.123    3.878    219   0    0     0     76.71  89.04  N/A         N/A          0.05         N/A          89.04  74.448   1.97     27.83       22.1        215      2.5      2.16          0.60    76.71     0.61    0.66    0.94    0.25    0.92     86.30   6.70    87.40   74.40   0.86    1941.20    5.94     88.44  
121  TR920TS480_3        480     70.78    100.00  120   N/A       N/A        -0.07     N/A        48.06    N/A           25.75    42.77    2.803    3.493    219   1    0     0     77.63  90.87  N/A         N/A          0.09         N/A          90.87  77.362   1.77     27.83       22.7        215      2.2      3.18          0.58    76.26     0.57    0.63    0.95    0.22    0.92     89.90   6.81    87.23   72.98   0.87    1987.40    5.33     26.99  
122  TR920TS480_4        480     70.66    100.00  122   N/A       N/A        -0.08     N/A        47.83    N/A           25.67    42.01    2.901    3.525    219   0    0     0     74.89  94.52  N/A         N/A          -0.04        N/A          94.52  77.605   1.88     27.38       22.3        216      2.2      2.86          0.58    79.22     0.59    0.63    0.95    0.21    0.93     90.20   6.70    88.01   75.14   0.88    1954.50    5.06     27.16  
123  TR920TS279_1        279     70.43    100.00  123   -0.16     N/A        -0.10     N/A        49.31    N/A           31.58    43.95    3.258    3.792    219   3    0     0     76.26  88.58  -0.04       N/A          0.02         N/A          88.58  75.111   1.73     25.74       22.3        212      2.4      2.08          0.60    79.45     0.65    0.68    0.94    0.24    0.92     89.99   6.81    87.81   78.78   0.86    1954.40    5.48     85.90  
124  TR920TS187_4        187     70.43    100.00  123   N/A       N/A        -0.10     N/A        48.75    N/A           27.71    41.80    3.074    3.827    219   0    0     0     76.71  90.41  N/A         N/A          0.05         N/A          90.41  76.188   1.88     27.68       21.3        212      2.3      3.31          0.52    71.23     0.55    0.64    0.93    0.25    0.92     77.80   6.70    86.23   71.64   0.86    1878.00    7.03     N/A    
125  TR920TS330_3        330     70.09    100.00  125   N/A       N/A        -0.12     N/A        48.86    N/A           29.13    43.30    3.258    3.746    219   0    0     0     74.43  89.95  N/A         N/A          -0.06        N/A          90.41  79.652   1.75     26.94       22.8        210      2.2      1.55          0.61    74.20     0.63    0.67    0.92    0.25    0.91     79.30   6.58    88.05   75.77   0.86    1999.10    6.83     87.59  
126  TR920TS393_5        393     69.98    100.00  126   N/A       N/A        -0.12     N/A        49.66    N/A           29.35    42.98    3.36     4.134    219   1    0     0     69.41  89.95  N/A         N/A          -0.31        N/A          91.32  77.952   1.92     27.08       22.9        216      2.4      3.28          0.61    75.11     0.60    0.66    0.94    0.25    0.91     89.10   6.81    87.23   76.05   0.87    2033.90    6.75     28.88  
127  TR920TS081_4        081     64.95    100.00  127   N/A       N/A        -0.44     N/A        42.92    N/A           25.27    36.95    3.123    3.838    219   0    0     0     72.15  89.95  N/A         N/A          -0.17        N/A          89.95  69.999   2.05     27.53       22.3        216      2.5      1.85          0.59    76.94     0.60    0.65    0.95    0.21    0.93     81.70   6.70    89.02   76.34   0.84    1961.00    5.24     89.20  
128  TR920TS187_5        187     64.04    100.00  128   N/A       N/A        -0.49     N/A        41.32    N/A           23.42    34.48    3.264    4.102    219   0    0     0     66.67  87.21  N/A         N/A          -0.44        N/A          87.21  65.654   2.04     27.23       20.2        216      2.8      3.17          0.51    68.95     0.55    0.62    0.94    0.30    0.91     84.90   6.70    85.83   72.38   0.83    1790.50    7.39     N/A    
129  TR920TS295_5        295     63.36    100.00  129   N/A       N/A        -0.53     N/A        40.87    N/A           21.67    33.66    3.313    4.129    219   0    0     0     63.93  86.30  N/A         N/A          -0.57        N/A          86.76  58.629   2.08     26.79       19.1        213      2.7      2.97          0.50    66.44     0.54    0.61    0.93    0.32    0.91     80.50   6.58    85.74   69.46   0.82    1701.90    7.04     N/A    
130  TR920TS187_1        187     62.78    100.00  130   -0.63     N/A        -0.57     N/A        40.30    N/A           21.15    33.69    3.31     4.245    219   0    0     0     64.84  86.30  -0.60       N/A          -0.53        N/A          86.76  61.902   2.17     27.98       20.4        214      2.8      3.20          0.52    68.72     0.56    0.62    0.93    0.28    0.91     80.30   6.70    86.16   73.67   0.82    1802.90    6.14     N/A    
131  TR920TS295_1        295     61.76    100.00  131   -0.70     N/A        -0.63     N/A        39.73    N/A           21.93    33.24    3.511    4.351    219   0    0     0     63.01  84.47  -0.69       N/A          -0.61        N/A          86.30  62.176   2.24     27.83       19.7        215      3        3.40          0.52    67.12     0.54    0.61    0.93    0.30    0.90     82.20   6.70    85.11   72.32   0.81    1749.80    6.92     N/A    
132  TR920TS187_2        187     61.76    100.00  131   N/A       N/A        -0.63     N/A        39.73    N/A           21.93    33.24    3.511    4.351    219   0    0     0     63.01  84.47  N/A         N/A          -0.61        N/A          86.30  62.176   2.24     27.83       19.7        215      3        3.40          0.52    67.12     0.54    0.61    0.93    0.30    0.90     82.20   6.70    85.11   72.32   0.81    1749.80    6.92     N/A    
133  TR920TS295_2        295     60.62    100.00  133   N/A       N/A        -0.70     N/A        39.16    N/A           21.23    32.51    4.073    4.848    219   0    0     0     57.53  80.82  N/A         N/A          -0.88        N/A          82.19  56.263   2.11     26.49       18          206      3        3.23          0.49    66.21     0.53    0.59    0.89    0.36    0.89     82.40   6.58    83.22   68.87   0.79    1610.90    9.05     N/A    
134  TR920TS295_3        295     60.39    100.00  134   N/A       N/A        -0.72     N/A        37.67    N/A           20.90    32.24    3.63     4.352    219   0    0     0     60.27  87.67  N/A         N/A          -0.75        N/A          88.58  61.357   2.14     27.08       20.2        214      2.8      3.13          0.51    65.75     0.55    0.62    0.92    0.32    0.90     79.70   6.70    85.72   68.85   0.82    1785.00    8.44     N/A    
135  TR920TS295_4        295     60.16    100.00  135   N/A       N/A        -0.73     N/A        37.67    N/A           20.37    32.62    3.583    4.4      219   0    0     0     61.64  84.93  N/A         N/A          -0.68        N/A          86.76  60.566   2.16     27.23       19.5        212      2.8      2.95          0.50    63.01     0.55    0.60    0.92    0.35    0.90     79.10   6.58    84.29   70.76   0.82    1735.50    7.78     N/A    
136  TR920TS330_5        330     55.82    100.00  136   N/A       N/A        -1.00     N/A        35.05    N/A           19.13    28.43    4.619    5.282    219   0    0     0     46.12  73.06  N/A         N/A          -1.43        N/A          75.34  53.982   2.07     24.10       15.2        194      3        1.33          0.53    62.79     0.58    0.58    0.87    0.40    0.86     78.10   6.35    81.50   68.25   0.76    1387.20    9.44     71.18  
137  TR920TS257_1        257     53.88    100.00  137   -1.19     N/A        -1.12     N/A        31.16    N/A           17.55    23.84    3.833    4.536    219   12   0     0     51.14  78.08  -1.27       N/A          -1.19        N/A          78.08  50.886   2.44     26.19       14.7        207      3.4      2.88          0.42    74.89     0.56    0.61    0.89    0.35    0.88     63.90   6.58    82.81   70.01   0.75    1342.20    5.34     47.50  
138  TR920TS257_2        257     50.69    100.00  138   N/A       N/A        -1.32     N/A        29.68    N/A           18.97    24.78    5.135    5.654    219   49   0     0     49.77  69.41  N/A         N/A          -1.25        N/A          71.69  46.518   2.37     23.06       12          186      3.3      3.09          0.25    63.47     0.50    0.56    0.71    0.54    0.82     59.80   6.58    74.64   63.87   0.70    1126.60    8.63     51.12  
139  TR920TS257_3        257     40.87    100.00  139   N/A       N/A        -1.93     N/A        22.72    N/A           9.53     14.06    7.345    7.879    219   13   0     0     27.85  43.38  N/A         N/A          -2.31        N/A          51.60  34.409   2.65     16.80       6.2         167      4.3      3.40          0.30    51.60     0.51    0.49    0.78    0.55    0.83     70.10   4.89    68.94   60.32   0.58    676.40     15.94    65.84  
140  TR920TS257_5        257     39.84    100.00  140   N/A       N/A        -1.99     N/A        22.14    N/A           9.56     13.98    7.456    8.027    219   16   0     0     26.48  41.10  N/A         N/A          -2.37        N/A          47.95  32.87    2.59     16.80       6           116      2.9      3.46          0.27    48.17     0.49    0.46    0.76    0.66    0.83     63.80   4.89    67.36   59.03   0.57    487.60     19.90    65.65  
141  TR920TS257_4        257     39.73    100.00  141   N/A       N/A        -2.00     N/A        21.80    N/A           9.64     14.08    7.49     8.09     219   15   0     0     26.03  38.81  N/A         N/A          -2.40        N/A          47.03  32.446   2.48     16.80       6.1         117      3        3.48          0.27    48.63     0.49    0.46    0.76    0.64    0.83     62.60   4.89    66.82   58.77   0.57    494.50     19.90    65.90  
142  TR920TS330_2        330     19.06    100.00  142   N/A       N/A        -3.28     N/A        10.16    N/A           2.81     5.55     18.808   18.5     219   0    0     0     2.28   16.89  N/A         N/A          -3.54        N/A          28.31  18.712   2.34     3.98        1.8         107      8.1      1.83          0.26    18.72     0.42    0.24    0.20    1.56    0.53     70.40   1.99    43.67   41.10   0.35    306.60     171.54   36.63  
143  TR920TS330_4        330     14.61    100.00  143   N/A       N/A        -3.55     N/A        7.42     N/A           3.10     3.62     16.69    16.94    219   0    0     0     2.74   4.11   N/A         N/A          -3.52        N/A          25.57  14.334   2.49     2.34        1.5         76       3.7      1.44          0.24    16.89     0.41    0.19    0.14    1.89    0.55     60.30   2.58    40.32   36.13   0.36    266.60     120.53   26.62  
144  TR920TS330_1        330     14.61    100.00  143   -3.63     N/A        -3.55     N/A        8.79     N/A           3.84     6.14     20.34    20.709   219   0    0     0     0.00   0.00   -3.79       N/A          -3.65        N/A          23.29  16.719   2.24     1.74        0.9         54       2.7      1.64          0.23    15.30     0.41    0.19    0.17    1.96    0.51     55.30   1.99    36.75   38.29   0.27    164.80     123.64   31.03  
145  TR920TS399_3        399     10.73    100.00  145   N/A       N/A        -3.79     N/A        7.31     N/A           2.30     2.90     29.988   30.439   219   16   0     0     0.00   0.00   N/A         N/A          -3.65        N/A          21.92  12.369   2.60     0.40        0.1         54       4.2      3.28          0.10    11.64     0.39    0.21    0.19    2.47    0.53     36.30   1.64    30.95   37.51   0.23    82.80      490.90   28.33  
146  TR920TS399_2        399     10.05    100.00  146   N/A       N/A        -3.84     N/A        6.85     N/A           1.12     3.09     30.963   31.446   219   8    0     0     0.00   0.00   N/A         N/A          -3.65        N/A          18.26  11.493   2.86     0.40        0           0        N/A      3.27          0.11    11.64     0.39    0.20    0.17    2.49    0.50     34.90   1.64    30.86   37.51   0.21    N/A        495.10   24.33  
147  TR920TS399_1        399     10.05    100.00  146   -3.91     N/A        -3.84     N/A        6.85     N/A           1.12     3.09     30.963   31.446   219   8    0     0     0.00   0.00   -3.79       N/A          -3.65        N/A          18.26  11.493   2.86     0.40        0           0        N/A      3.27          0.11    11.64     0.39    0.20    0.17    2.49    0.50     34.90   1.64    30.86   37.51   0.21    N/A        495.10   24.34  
148  TR920TS399_4        399     9.36     100.00  148   N/A       N/A        -3.88     N/A        6.85     N/A           1.12     3.09     31.235   31.864   219   13   0     0     0.00   0.00   N/A         N/A          -3.65        N/A          16.44  12.242   2.62     0.40        0           0        N/A      3.28          0.10    13.24     0.39    0.21    0.20    2.51    0.51     37.30   0.73    27.66   37.78   0.21    N/A        606.62   25.39  
149  TR920TS399_5        399     9.36     100.00  148   N/A       N/A        -3.88     N/A        6.85     N/A           1.12     3.09     34.61    35.426   219   16   0     0     0.46   0.91   N/A         N/A          -3.63        N/A          18.26  13.122   2.13     0.40        0           0        N/A      3.28          0.11    12.79     0.39    0.21    0.18    2.50    0.49     35.70   1.24    28.79   37.94   0.19    N/A        631.62   24.49  

