#    Model               GR#     GDT_TS   NP_P    RANK  Z-M1-GDT  Z-M1s-GDT  Z-MA-GDT  Z-MAs-GDT  GDT_HA   Z-M1s-GDT-HA  GDC_SC   GDC_ALL  RMS_CA   RMS_ALL  NP    err  PC01  PC05  AL0_P  AL4_P  Z-M1-AL0_p  Z-M1s-AL0_p  Z-MA-AL0_p   Z-MAs-AL0_p  ALI_P  LGA_S    RMSD[L]  Z-score[M]  Z-Score[D]  Al.Res.  RMSD[D]  MolPrb_Score  LDDT    SphGr     CAD_AA  RPF     CODM    DFM     Handed.  SOV     CE      QCS     CONTS   TMscore  Dali(raw)  FlexE    QSE    

-    Starting model      -       63.27    -       -     -         -          -         -          43.70    -             25.91    -        5.98     6.09     -     -    -     -     -      -      -           -            -            -            -      -        -        31.76       32.00       306      2.90     3.56          0.48    57.33     0.53    0.58    0.76    0.56    0.86     80.10   6.92    72.70   69.24   0.82     3526.50    63.17    -      

1    TR928TS247_4        247     69.80    100.00  1     N/A       N/A        1.15      N/A        50.73    N/A           35.64    46.03    4.641    4.929    341   0    0     0     72.14  84.16  N/A         N/A          1.02         N/A          85.63  75.083   1.71     36.17       38.2        325      2.7      1.33          0.63    69.21     0.62    0.68    0.90    0.34    0.90     87.10   7.13    81.73   77.28   0.87    4170.00    24.09    N/A    
2    TR928TS450_2        450     69.06    100.00  2     N/A       N/A        1.08      N/A        49.85    N/A           32.99    45.45    4.552    4.873    341   0    0     0     73.02  85.34  N/A         N/A          1.08         N/A          86.51  80.684   1.74     35.14       38.6        315      2.4      2.76          0.61    64.96     0.61    0.65    0.89    0.36    0.90     81.10   5.86    83.59   76.11   0.87    4202.00    26.46    40.02  
3    TR928TS220_1        220s    68.77    100.00  3     1.08      1.36       1.06      2.19       50.52    1.36          34.64    45.89    4.533    4.87     341   0    0     0     73.02  85.04  1.10        1.32         1.08         1.83         85.63  80.165   1.73     34.88       38.4        314      2.4      2.72          0.61    64.81     0.61    0.65    0.90    0.36    0.90     87.60   6.23    83.42   75.99   0.87    4184.80    27.88    39.14  
4    TR928TS450_3        450     68.62    100.00  4     N/A       N/A        1.04      N/A        50.22    N/A           33.50    45.43    4.565    4.882    341   0    0     0     73.02  85.92  N/A         N/A          1.08         N/A          87.10  79.965   1.70     34.75       38.4        316      2.4      2.57          0.62    64.81     0.62    0.66    0.89    0.36    0.90     81.60   6.11    83.42   76.41   0.87    4189.70    27.92    39.41  
5    TR928TS247_5        247     68.18    100.00  5     N/A       N/A        1.01      N/A        47.66    N/A           32.73    43.77    4.686    5.073    341   0    0     0     68.62  82.70  N/A         N/A          0.78         N/A          83.87  65.511   1.81     36.43       36          324      2.6      1.06          0.61    66.57     0.61    0.65    0.89    0.36    0.91     78.40   7.02    80.86   74.67   0.87    3945.20    31.72    N/A    
6    TR928TS450_1        450     67.96    100.00  6     1.01      N/A        0.99      N/A        49.78    N/A           33.01    45.21    4.6      4.912    341   0    0     0     72.73  84.75  1.08        N/A          1.06         N/A          86.80  80.304   1.73     35.14       38.4        315      2.4      2.64          0.61    66.28     0.61    0.65    0.89    0.37    0.90     79.10   5.73    81.74   75.68   0.87    4182.50    26.13    39.58  
7    TR928TS450_5        450     67.74    100.00  7     N/A       N/A        0.97      N/A        49.34    N/A           32.71    45.23    4.58     4.883    341   0    0     0     71.55  84.16  N/A         N/A          0.98         N/A          86.22  80.235   1.73     35.14       38.2        317      2.5      2.68          0.61    64.22     0.61    0.65    0.89    0.36    0.90     85.40   6.92    82.22   76.02   0.87    4165.30    26.64    40.24  
8    TR928TS450_4        450     67.59    100.00  8     N/A       N/A        0.96      N/A        48.90    N/A           33.29    44.75    4.542    4.86     341   0    0     0     71.85  85.34  N/A         N/A          1.00         N/A          86.51  78.078   1.73     35.01       37.9        315      2.4      2.64          0.61    66.42     0.61    0.65    0.89    0.36    0.90     81.00   5.99    82.90   75.00   0.87    4136.90    24.77    39.21  
9    TR928TS247_1        247     67.30    100.00  9     0.94      N/A        0.93      N/A        48.90    N/A           34.46    44.26    5.762    5.916    341   0    0     0     68.04  80.35  0.74        N/A          0.74         N/A          82.40  68.411   1.80     31.37       36.2        324      2.9      1.27          0.62    65.25     0.62    0.66    0.84    0.40    0.90     83.90   7.02    80.98   75.57   0.85    3962.40    48.83    N/A    
10   TR928TS247_3        247     66.79    100.00  10    N/A       N/A        0.89      N/A        47.80    N/A           36.19    44.14    4.978    5.158    341   0    0     0     67.74  80.06  N/A         N/A          0.72         N/A          81.82  64.994   1.85     36.69       36.4        321      2.9      1.26          0.63    66.57     0.63    0.66    0.89    0.35    0.90     86.40   6.81    81.71   75.89   0.85    3984.00    33.61    N/A    
11   TR928TS247_2        247     65.54    100.00  11    N/A       N/A        0.78      N/A        46.12    N/A           31.65    41.35    5.212    5.426    341   0    0     0     69.50  83.87  N/A         N/A          0.84         N/A          85.92  70.462   1.89     35.91       36          326      2.8      1.24          0.61    67.89     0.62    0.66    0.87    0.38    0.90     89.00   6.70    79.30   75.00   0.86    3937.80    40.44    N/A    
12   TR928TS011_5        011     65.10    100.00  12    N/A       N/A        0.74      N/A        46.12    N/A           31.49    42.21    5.555    5.793    341   0    0     0     69.50  83.28  N/A         N/A          0.84         N/A          84.46  77.514   1.68     33.97       36.8        317      2.6      2.69          0.59    59.53     0.60    0.61    0.84    0.45    0.87     78.20   6.81    75.49   71.99   0.85    4026.10    50.04    41.76  
13   TR928TS220_3        220s    65.03    100.00  13    N/A       N/A        0.73      1.00       45.75    N/A           31.49    41.58    5.142    5.423    341   0    0     0     70.38  83.87  N/A         N/A          0.90         1.29         85.04  71.31    1.78     34.36       37.4        312      2.5      2.21          0.59    58.94     0.59    0.62    0.87    0.41    0.89     90.20   5.86    79.91   74.19   0.85    4082.50    37.06    42.35  
14   TR928TS011_4        011     64.15    100.00  14    N/A       N/A        0.65      N/A        45.82    N/A           29.50    41.24    5.605    5.871    341   0    0     0     68.62  81.23  N/A         N/A          0.78         N/A          83.87  75.492   1.73     33.97       36.9        317      2.5      2.77          0.58    59.09     0.59    0.60    0.84    0.44    0.87     82.90   6.92    74.66   71.16   0.85    4033.30    42.10    42.84  
15   TR928TS023_3        023     64.15    100.00  14    N/A       N/A        0.65      N/A        44.42    N/A           27.94    39.71    5.651    5.885    341   0    0     0     67.45  77.71  N/A         N/A          0.70         N/A          78.89  59.698   1.82     31.24       32.9        318      3.1      1.93          0.57    59.82     0.58    0.60    0.82    0.49    0.88     78.40   7.02    73.20   71.38   0.82    3615.10    65.23    39.22  
16   TR928TS220_2        220s    63.71    100.00  16    N/A       N/A        0.62      0.57       45.23    N/A           30.54    40.27    5.429    5.84     341   0    0     0     66.57  81.23  N/A         N/A          0.64         0.52         85.04  77.057   1.83     33.32       36.1        312      2.7      2.31          0.59    61.44     0.59    0.62    0.86    0.39    0.88     83.40   7.02    81.16   72.35   0.84    3945.70    19.60    42.62  
17   TR928TS011_2        011     63.64    100.00  17    N/A       N/A        0.61      N/A        44.43    N/A           30.38    40.84    5.648    5.887    341   0    0     0     67.45  81.23  N/A         N/A          0.70         N/A          83.58  76.688   1.76     33.84       36.5        316      2.5      2.91          0.58    57.04     0.59    0.60    0.83    0.47    0.87     80.50   6.92    75.29   70.99   0.85    3988.60    44.53    42.53  
18   TR928TS412_5        412     63.64    100.00  17    N/A       N/A        0.61      N/A        44.58    N/A           24.83    38.44    6        6.141    341   0    0     0     64.81  76.83  N/A         N/A          0.53         N/A          78.30  62.831   1.82     32.15       31.5        305      2.9      3.31          0.54    56.16     0.54    0.57    0.77    0.54    0.87     75.28   6.70    72.66   68.99   0.82    3466.60    64.53    53.10  
19   TR928TS412_1        412     63.64    100.00  17    0.61      N/A        0.61      N/A        44.50    N/A           24.89    38.70    5.991    6.11     341   0    0     0     64.22  77.71  0.47        N/A          0.49         N/A          79.18  58.774   1.83     31.89       31.6        306      3        3.32          0.54    56.30     0.54    0.57    0.77    0.55    0.87     78.77   6.70    72.71   69.17   0.82    3484.50    63.59    53.09  
20   TR928TS023_5        023     63.49    100.00  20    N/A       N/A        0.60      N/A        44.21    N/A           28.72    39.96    6.001    6.144    341   0    0     0     66.86  77.13  N/A         N/A          0.66         N/A          78.89  64.171   1.79     33.32       32.9        312      3        1.93          0.57    60.85     0.58    0.61    0.81    0.47    0.87     80.20   6.92    74.64   71.68   0.81    3615.30    70.31    39.36  
21   TR928TS011_3        011     63.49    100.00  20    N/A       N/A        0.60      N/A        44.21    N/A           30.80    40.77    5.508    5.839    341   0    0     0     66.86  80.65  N/A         N/A          0.66         N/A          83.28  77.034   1.77     34.10       36.2        316      2.5      2.98          0.57    58.65     0.59    0.60    0.84    0.45    0.87     82.10   6.81    74.68   70.57   0.85    3955.70    38.34    41.70  
22   TR928TS023_1        023     63.42    100.00  22    0.59      N/A        0.59      N/A        44.28    N/A           29.32    40.24    6.028    6.166    341   0    0     0     66.57  76.54  0.64        N/A          0.64         N/A          78.30  63.738   1.81     33.45       32.6        312      3        1.93          0.57    60.12     0.58    0.60    0.81    0.47    0.87     79.50   6.92    74.57   71.48   0.81    3585.00    70.30    39.48  
23   TR928TS412_3        412     63.34    100.00  23    N/A       N/A        0.58      N/A        44.28    N/A           25.19    38.66    6        6.125    341   0    0     0     64.52  77.13  N/A         N/A          0.51         N/A          78.59  59.032   1.81     32.02       31.4        308      3        3.31          0.54    56.30     0.54    0.57    0.77    0.53    0.86     78.97   6.70    72.56   68.94   0.82    3463.40    63.82    53.12  
24   TR928TS412_4        412     63.34    100.00  23    N/A       N/A        0.58      N/A        43.99    N/A           25.20    38.75    6        6.126    341   0    0     0     64.52  76.83  N/A         N/A          0.51         N/A          78.30  59.316   1.79     32.15       31.5        306      2.9      3.30          0.54    56.45     0.54    0.57    0.77    0.54    0.87     79.07   6.81    72.62   68.91   0.82    3474.80    63.86    53.06  
25   TR928TS250_5        250s    63.34    100.00  23    N/A       N/A        0.58      0.46       44.35    N/A           27.90    39.58    6.206    6.26     341   0    0     0     64.52  77.13  N/A         N/A          0.51         0.10         78.59  58.672   1.79     33.45       31.9        309      2.9      2.07          0.56    56.89     0.57    0.59    0.78    0.51    0.86     79.70   6.92    72.80   70.03   0.81    3510.40    66.88    41.45  
26   TR928TS418_1        418     63.27    100.00  26    0.57      N/A        0.58      N/A        43.70    N/A           25.91    38.83    5.977    6.086    341   0    0     0     63.93  77.71  0.45        N/A          0.47         N/A          79.18  58.023   1.86     31.76       32          306      2.9      3.56          0.48    57.33     0.53    0.58    0.76    0.56    0.86     80.10   6.92    72.70   69.24   0.82    3526.50    63.17    53.03  
27   TR928TS412_2        412     63.27    100.00  26    N/A       N/A        0.58      N/A        43.91    N/A           24.47    38.39    5.992    6.125    341   0    0     0     64.22  77.13  N/A         N/A          0.49         N/A          78.59  59.115   1.82     32.02       31.6        306      3        3.32          0.54    56.30     0.54    0.57    0.77    0.54    0.87     78.77   6.70    72.67   69.12   0.82    3480.60    63.98    53.19  
28   TR928TS418_3        418     63.27    100.00  26    N/A       N/A        0.58      N/A        43.70    N/A           25.91    38.83    5.977    6.086    341   0    0     0     63.93  77.71  N/A         N/A          0.47         N/A          79.18  58.023   1.86     31.76       32          306      2.9      3.56          0.48    57.33     0.53    0.58    0.76    0.56    0.86     80.10   6.92    72.70   69.24   0.82    3526.50    63.17    53.03  
29   TR928TS480_2        480     63.12    100.00  29    N/A       N/A        0.56      N/A        43.40    N/A           23.03    38.23    5.964    6.074    341   0    0     0     64.81  77.71  N/A         N/A          0.53         N/A          79.18  57.892   1.89     31.89       31.9        306      2.9      3.99          0.55    58.06     0.53    0.58    0.77    0.56    0.87     78.80   6.47    73.00   69.53   0.82    3509.20    61.48    36.43  
30   TR928TS220_5        220s    63.12    100.00  29    N/A       N/A        0.56      0.39       43.62    N/A           30.96    40.57    6.037    6.036    341   0    0     0     68.91  78.30  N/A         N/A          0.80         0.99         79.47  65.038   1.78     32.28       32.3        312      3        2.24          0.58    60.26     0.59    0.60    0.78    0.51    0.87     80.40   6.81    73.78   71.07   0.82    3557.10    69.72    42.80  
31   TR928TS220_4        220s    62.98    100.00  31    N/A       N/A        0.55      0.34       43.48    N/A           28.39    40.46    5.588    5.898    341   0    0     0     67.45  82.70  N/A         N/A          0.70         0.70         85.63  76.979   1.76     33.71       36.5        315      2.5      2.68          0.57    58.65     0.57    0.59    0.83    0.47    0.87     76.10   6.58    75.16   70.43   0.85    3992.40    36.99    43.00  
32   TR928TS011_1        011     62.98    100.00  31    0.55      N/A        0.55      N/A        43.48    N/A           28.39    40.46    5.588    5.898    341   0    0     0     67.45  82.70  0.70        N/A          0.70         N/A          85.63  76.979   1.76     33.71       36.5        315      2.5      2.68          0.57    58.65     0.57    0.59    0.83    0.47    0.87     76.10   6.58    75.16   70.43   0.85    3992.40    36.99    43.00  
33   TR928TS188_1        188     62.83    100.00  33    0.53      N/A        0.54      N/A        42.96    N/A           24.21    37.45    5.995    6.128    341   0    0     0     65.10  76.83  0.53        N/A          0.55         N/A          78.30  58.804   1.83     31.89       31.3        309      3.1      3.80          0.54    56.16     0.52    0.57    0.76    0.57    0.86     65.50   6.92    72.63   68.22   0.82    3446.40    63.91    N/A    
34   TR928TS396_2        396     62.83    100.00  33    N/A       N/A        0.54      N/A        43.33    N/A           25.60    38.79    6.021    6.13     341   0    0     0     64.52  76.83  N/A         N/A          0.51         N/A          78.30  59.214   1.83     31.76       31.5        308      3        3.50          0.55    57.33     0.54    0.58    0.77    0.56    0.86     76.60   6.92    72.75   69.11   0.82    3481.40    64.40    N/A    
35   TR928TS396_3        396     62.83    100.00  33    N/A       N/A        0.54      N/A        43.33    N/A           20.45    37.08    6.021    6.165    341   0    0     0     64.81  76.83  N/A         N/A          0.53         N/A          78.30  59.304   1.81     31.89       31.5        306      3        3.97          0.53    54.55     0.52    0.56    0.77    0.56    0.86     75.30   6.92    72.59   68.70   0.82    3480.40    64.36    N/A    
36   TR928TS023_4        023     62.83    100.00  33    N/A       N/A        0.54      N/A        43.84    N/A           28.39    39.33    6.009    6.195    341   0    0     0     64.81  77.42  N/A         N/A          0.53         N/A          79.18  58.116   1.82     30.72       31.9        311      3        1.95          0.56    59.09     0.57    0.60    0.81    0.48    0.87     80.30   7.02    74.65   70.62   0.81    3513.30    80.78    40.11  
37   TR928TS073_5        073     62.83    100.00  33    N/A       N/A        0.54      N/A        43.33    N/A           19.69    36.89    5.967    6.107    341   0    0     0     64.52  77.13  N/A         N/A          0.51         N/A          78.30  61.545   1.82     31.89       31.9        306      2.9      4.68          0.53    55.28     0.52    0.57    0.76    0.56    0.86     75.80   6.92    72.64   68.86   0.82    3515.90    62.58    81.02  
38   TR928TS396_1        396     62.83    100.00  33    0.53      N/A        0.54      N/A        43.33    N/A           25.60    38.78    6.014    6.124    341   0    0     0     64.52  77.13  0.49        N/A          0.51         N/A          78.59  59.062   1.84     31.76       31.7        305      2.9      3.50          0.55    57.33     0.54    0.58    0.77    0.56    0.86     76.90   6.92    72.76   69.13   0.82    3490.50    64.40    N/A    
39   TR928TS396_4        396     62.68    100.00  39    N/A       N/A        0.53      N/A        43.26    N/A           25.84    38.57    6.052    6.141    341   0    0     0     64.52  76.54  N/A         N/A          0.51         N/A          78.01  58.609   1.78     32.15       31.5        304      2.9      2.79          0.56    56.74     0.55    0.59    0.77    0.55    0.87     77.60   6.70    72.91   69.29   0.82    3477.60    64.67    N/A    
40   TR928TS023_2        023     62.54    100.00  40    N/A       N/A        0.51      N/A        43.77    N/A           28.28    39.66    6.422    6.522    341   0    0     0     65.69  76.25  N/A         N/A          0.58         N/A          77.71  57.723   1.78     30.85       32          311      3        1.95          0.56    57.92     0.57    0.59    0.78    0.54    0.86     79.70   5.73    70.43   70.26   0.81    3520.60    73.49    40.57  
41   TR928TS396_5        396     62.39    100.00  41    N/A       N/A        0.50      N/A        43.19    N/A           25.64    38.43    6.052    6.108    341   0    0     0     64.81  76.83  N/A         N/A          0.53         N/A          78.30  58.81    1.89     32.15       31.5        304      2.9      2.93          0.56    56.89     0.56    0.59    0.77    0.55    0.87     77.60   6.70    72.92   69.38   0.82    3482.20    64.54    N/A    
42   TR928TS017_4        017     62.32    100.00  42    N/A       N/A        0.50      N/A        42.60    N/A           25.53    38.06    6.091    6.158    341   0    0     0     63.34  76.54  N/A         N/A          0.43         N/A          78.01  58.012   1.85     32.28       31          307      3        3.69          0.54    57.77     0.54    0.58    0.77    0.56    0.86     79.30   6.92    72.92   69.17   0.81    3421.40    65.55    82.34  
43   TR928TS017_5        017     62.24    100.00  43    N/A       N/A        0.49      N/A        42.52    N/A           25.41    38.04    6.093    6.159    341   0    0     0     63.93  76.54  N/A         N/A          0.47         N/A          78.01  58.251   1.85     32.28       31.1        307      3        3.70          0.54    57.77     0.54    0.58    0.77    0.56    0.86     79.30   6.92    72.91   69.14   0.81    3435.50    65.63    82.34  
44   TR928TS017_2        017     62.24    100.00  43    N/A       N/A        0.49      N/A        42.45    N/A           25.20    37.90    6.101    6.165    341   0    0     0     63.93  76.54  N/A         N/A          0.47         N/A          78.01  58.126   1.83     32.28       30.9        305      2.9      3.71          0.54    57.77     0.54    0.58    0.77    0.56    0.86     79.30   6.92    72.92   69.07   0.81    3405.80    65.93    82.40  
45   TR928TS017_3        017     62.17    100.00  45    N/A       N/A        0.48      N/A        42.37    N/A           25.35    37.98    6.097    6.162    341   0    0     0     63.64  76.54  N/A         N/A          0.45         N/A          77.71  58.075   1.84     32.28       30.9        306      2.9      3.70          0.54    57.77     0.54    0.58    0.77    0.56    0.86     79.30   6.92    72.87   69.11   0.81    3413.40    65.80    82.39  
46   TR928TS017_1        017     62.17    100.00  45    0.47      N/A        0.48      N/A        42.30    N/A           25.27    37.96    6.099    6.163    341   0    0     0     63.93  76.54  0.45        N/A          0.47         N/A          78.01  58.126   1.83     32.28       31.1        303      2.8      3.71          0.54    57.77     0.54    0.58    0.77    0.56    0.86     79.30   6.92    72.92   69.10   0.81    3433.80    65.85    82.39  
47   TR928TS250_1        250s    61.88    100.00  47    0.44      0.15       0.46      -0.01      42.89    0.19          27.37    38.26    6.213    6.274    341   0    0     0     64.22  76.25  0.47        0.24         0.49         0.04         78.59  56.79    1.83     29.94       31.3        303      2.9      2.02          0.56    56.89     0.57    0.59    0.77    0.54    0.86     78.90   6.70    72.92   69.76   0.81    3454.80    70.97    42.06  
48   TR928TS250_4        250s    61.88    100.00  47    N/A       N/A        0.46      -0.01      42.74    N/A           27.04    38.28    6.195    6.253    341   0    0     0     63.64  75.66  N/A         N/A          0.45         -0.08        77.71  57.686   1.85     30.33       31.1        306      3.1      2.23          0.56    57.33     0.57    0.59    0.77    0.52    0.86     78.90   6.70    72.89   69.80   0.81    3433.70    70.41    41.94  
49   TR928TS250_2        250s    61.88    100.00  47    N/A       N/A        0.46      -0.01      42.74    N/A           26.91    38.35    6.202    6.258    341   0    0     0     63.64  76.25  N/A         N/A          0.45         -0.08        78.30  60.101   1.83     32.15       31.1        305      3        2.07          0.56    57.33     0.57    0.59    0.77    0.52    0.86     78.80   6.70    72.91   69.79   0.81    3434.30    70.51    41.96  
50   TR928TS273_1        273     61.80    100.00  50    0.44      N/A        0.45      N/A        42.16    N/A           26.42    38.07    6.09     6.15     341   0    0     0     64.81  76.54  0.51        N/A          0.53         N/A          77.71  56.932   1.95     31.89       30.9        303      2.9      3.15          0.53    57.04     0.56    0.58    0.78    0.53    0.86     83.10   6.70    72.80   69.36   0.81    3408.20    66.62    N/A    
51   TR928TS250_3        250s    61.80    100.00  50    N/A       N/A        0.45      -0.04      42.74    N/A           27.35    38.42    6.206    6.246    341   0    0     0     63.34  75.37  N/A         N/A          0.43         -0.14        77.42  57.578   1.84     32.02       31.2        305      3        2.08          0.56    57.77     0.57    0.59    0.77    0.53    0.86     78.90   6.92    72.92   69.81   0.81    3436.00    70.35    41.99  
52   TR928TS208_1        208     61.73    100.00  52    0.43      N/A        0.44      N/A        43.04    N/A           25.77    37.65    6.084    6.167    341   0    0     0     63.93  76.25  0.45        N/A          0.47         N/A          77.42  56.29    1.84     30.46       30.7        311      3.1      2.52          0.54    56.45     0.55    0.58    0.79    0.52    0.86     72.40   6.70    72.51   68.70   0.81    3384.40    66.67    43.79  
53   TR928TS208_3        208     61.66    100.00  53    N/A       N/A        0.44      N/A        42.74    N/A           24.79    37.29    6.091    6.173    341   0    0     0     64.22  76.54  N/A         N/A          0.49         N/A          77.71  57.866   1.82     30.59       30.5        309      3        2.66          0.54    55.87     0.55    0.57    0.78    0.52    0.86     74.70   6.81    72.45   68.40   0.81    3370.90    67.64    43.79  
54   TR928TS208_5        208     61.58    100.00  54    N/A       N/A        0.43      N/A        42.89    N/A           25.80    37.46    6.075    6.174    341   0    0     0     63.93  75.66  N/A         N/A          0.47         N/A          76.83  61.601   1.81     30.20       30.7        311      3.1      2.09          0.55    56.60     0.55    0.58    0.79    0.51    0.86     72.50   6.92    72.40   68.42   0.81    3384.10    66.79    43.87  
55   TR928TS204_5        204     61.58    100.00  54    N/A       N/A        0.43      N/A        42.38    N/A           27.04    37.88    6.079    6.178    341   0    0     0     64.22  76.25  N/A         N/A          0.49         N/A          77.71  59.116   1.83     31.89       31          304      2.9      2.35          0.54    56.45     0.55    0.57    0.77    0.58    0.86     73.90   6.92    72.59   68.54   0.81    3425.60    67.05    N/A    
56   TR928TS208_2        208     61.51    100.00  56    N/A       N/A        0.42      N/A        42.89    N/A           25.98    37.71    6.086    6.176    341   0    0     0     63.93  75.37  N/A         N/A          0.47         N/A          76.54  58.741   1.80     29.81       30.7        312      3.2      2.30          0.55    56.60     0.55    0.58    0.79    0.53    0.86     73.60   6.70    72.46   68.66   0.81    3391.00    66.04    43.90  
57   TR928TS162_2        162     61.51    100.00  56    N/A       N/A        0.42      N/A        41.87    N/A           24.97    37.42    6.083    6.16     341   0    0     0     65.10  75.66  N/A         N/A          0.55         N/A          76.54  56.519   1.90     28.12       29.8        308      3        2.41          0.53    56.74     0.54    0.56    0.78    0.55    0.87     76.90   6.92    72.80   67.70   0.81    3297.40    69.64    N/A    
58   TR928TS162_1        162     61.36    100.00  58    0.40      N/A        0.41      N/A        41.50    N/A           25.06    37.17    6.079    6.174    341   0    0     0     64.22  76.83  0.47        N/A          0.49         N/A          78.01  57.49    1.82     32.15       29.7        310      3.1      2.29          0.53    56.30     0.54    0.56    0.79    0.55    0.87     75.70   6.92    72.85   67.31   0.81    3283.00    68.20    N/A    
59   TR928TS081_5        081     61.29    100.00  59    N/A       N/A        0.41      N/A        41.42    N/A           25.27    36.94    6.117    6.222    341   0    0     0     64.81  76.25  N/A         N/A          0.53         N/A          77.71  55.958   1.87     31.89       29.8        307      3        2.23          0.54    56.01     0.55    0.56    0.78    0.55    0.86     77.20   6.92    72.54   68.25   0.81    3297.10    69.97    75.45  
60   TR928TS208_4        208     61.29    100.00  59    N/A       N/A        0.41      N/A        42.38    N/A           24.86    37.02    6.083    6.176    341   0    0     0     62.76  75.95  N/A         N/A          0.39         N/A          77.13  56.849   1.86     30.59       30.4        311      3.1      2.23          0.54    55.57     0.55    0.57    0.79    0.53    0.86     72.70   6.81    72.22   67.85   0.81    3357.90    67.09    43.92  
61   TR928TS430_2        430s    61.07    100.00  61    N/A       N/A        0.39      -0.27      41.20    N/A           24.83    36.64    6.101    6.203    341   0    0     0     62.17  75.95  N/A         N/A          0.35         -0.38        77.13  56.279   1.85     28.64       28.9        309      3.2      2.12          0.53    54.55     0.55    0.56    0.79    0.55    0.87     72.20   6.92    72.50   65.93   0.81    3203.40    71.30    44.52  
62   TR928TS001_5        001     60.70    100.00  62    N/A       N/A        0.35      N/A        40.84    N/A           25.20    36.54    6.046    6.143    341   0    0     0     63.05  75.07  N/A         N/A          0.41         N/A          75.37  56.601   1.87     31.37       29.8        299      2.8      3.60          0.52    54.55     0.55    0.57    0.80    0.55    0.88     76.08   6.92    72.88   67.55   0.81    3299.40    60.90    N/A    
63   TR928TS430_5        430s    60.70    100.00  62    N/A       N/A        0.35      -0.39      40.98    N/A           24.54    36.31    6.1      6.219    341   0    0     0     61.88  75.07  N/A         N/A          0.33         -0.44        76.25  55.75    1.89     28.77       28.8        309      3.2      1.99          0.53    54.40     0.54    0.55    0.79    0.55    0.87     72.30   6.92    72.38   65.67   0.80    3189.50    71.27    44.69  
64   TR928TS430_3        430s    60.63    100.00  64    N/A       N/A        0.35      -0.41      41.13    N/A           24.08    36.68    6.108    6.21     341   0    0     0     62.17  75.37  N/A         N/A          0.35         -0.38        76.54  56.015   1.86     29.94       29.4        309      3.2      2.40          0.53    54.69     0.55    0.55    0.78    0.55    0.87     73.20   6.81    72.44   66.47   0.81    3249.50    72.23    44.33  
65   TR928TS430_1        430s    60.63    100.00  64    0.33      -0.06      0.35      -0.41      41.05    -0.10         24.25    36.95    6.099    6.2      341   0    0     0     61.58  75.07  0.28        -0.08        0.31         -0.50        76.25  55.618   1.83     30.07       29.2        310      3.2      2.57          0.53    54.99     0.55    0.56    0.79    0.55    0.87     73.10   6.92    72.55   66.28   0.81    3229.40    71.83    44.36  
66   TR928TS102_1        102     60.56    100.00  66    0.32      N/A        0.34      N/A        40.91    N/A           25.25    36.78    6.18     6.222    341   0    0     0     65.40  75.66  0.56        N/A          0.57         N/A          77.13  61.174   1.83     30.72       30          305      3.1      2.22          0.54    57.04     0.55    0.57    0.80    0.51    0.87     75.60   6.92    73.14   69.29   0.81    3317.00    70.35    N/A    
67   TR928TS204_1        204     60.48    100.00  67    0.31      N/A        0.33      N/A        40.91    N/A           26.36    37.00    6.126    6.16     341   0    0     0     63.64  74.49  0.43        N/A          0.45         N/A          75.66  56.259   1.84     32.41       29.8        303      3.1      1.56          0.54    55.57     0.56    0.57    0.78    0.54    0.86     73.70   6.70    72.90   68.73   0.81    3303.30    71.04    N/A    
68   TR928TS204_3        204     60.48    100.00  67    N/A       N/A        0.33      N/A        40.91    N/A           26.36    37.00    6.126    6.16     341   0    0     0     63.64  74.49  N/A         N/A          0.45         N/A          75.66  56.259   1.84     32.41       29.8        303      3.1      1.56          0.54    55.57     0.56    0.57    0.78    0.54    0.86     73.70   6.70    72.90   68.73   0.81    3303.30    71.04    N/A    
69   TR928TS162_3        162     60.48    100.00  67    N/A       N/A        0.33      N/A        40.40    N/A           24.32    36.34    6.094    6.159    341   0    0     0     63.93  76.25  N/A         N/A          0.47         N/A          77.42  56.735   1.89     31.76       29.5        306      3        1.90          0.53    57.18     0.55    0.56    0.78    0.54    0.86     78.30   6.81    72.42   67.67   0.81    3263.20    69.64    N/A    
70   TR928TS430_4        430s    60.48    100.00  67    N/A       N/A        0.33      -0.46      41.20    N/A           23.83    36.40    6.109    6.232    341   0    0     0     61.00  74.78  N/A         N/A          0.27         -0.62        75.95  54.725   1.88     29.94       29          310      3.2      2.24          0.53    54.84     0.54    0.55    0.79    0.56    0.87     72.30   6.92    72.40   65.99   0.80    3212.70    72.24    44.58  
71   TR928TS187_3        187     60.04    100.00  71    N/A       N/A        0.30      N/A        39.52    N/A           22.91    34.99    6.053    6.157    341   0    0     0     64.22  75.37  N/A         N/A          0.49         N/A          76.54  56.721   1.89     31.76       29.8        304      3        3.64          0.49    55.13     0.53    0.57    0.79    0.58    0.86     77.70   6.92    72.09   67.26   0.81    3292.80    64.69    N/A    
72   TR928TS295_1        295     60.04    100.00  71    0.27      N/A        0.30      N/A        39.52    N/A           22.96    34.99    6.053    6.157    341   0    0     0     64.22  75.37  0.47        N/A          0.49         N/A          76.54  56.721   1.89     31.76       29.8        304      3        3.63          0.49    55.13     0.53    0.57    0.79    0.58    0.86     77.70   6.92    72.09   67.26   0.81    3294.20    64.69    N/A    
73   TR928TS393_4        393     59.97    100.00  73    N/A       N/A        0.29      N/A        40.40    N/A           24.02    35.73    6.144    6.203    341   0    0     0     63.34  77.13  N/A         N/A          0.43         N/A          78.30  56.262   1.97     32.67       29.3        309      3.1      4.04          0.53    55.13     0.53    0.57    0.77    0.57    0.86     72.80   6.92    72.29   67.33   0.81    3249.70    68.22    37.60  
74   TR928TS393_3        393     59.97    100.00  73    N/A       N/A        0.29      N/A        40.17    N/A           24.56    35.79    6.115    6.188    341   0    0     0     63.05  76.54  N/A         N/A          0.41         N/A          77.42  54.882   1.89     32.02       29.8        304      2.9      3.97          0.53    56.45     0.54    0.58    0.78    0.56    0.86     75.00   6.92    72.34   67.62   0.81    3305.90    67.57    37.70  
75   TR928TS393_1        393     59.90    100.00  75    0.26      N/A        0.28      N/A        39.73    N/A           25.01    36.31    6.148    6.21     341   0    0     0     64.52  77.13  0.49        N/A          0.51         N/A          78.30  56.016   1.92     32.15       29.8        302      2.9      4.22          0.53    56.60     0.53    0.57    0.78    0.57    0.86     77.40   6.81    72.47   67.74   0.81    3303.30    67.02    37.86  
76   TR928TS393_2        393     59.90    100.00  75    N/A       N/A        0.28      N/A        39.73    N/A           25.01    36.31    6.148    6.21     341   0    0     0     64.52  77.13  N/A         N/A          0.51         N/A          78.30  56.016   1.92     32.15       29.8        302      2.9      4.22          0.53    56.60     0.53    0.57    0.78    0.57    0.86     77.40   6.81    72.47   67.74   0.81    3303.30    67.02    37.86  
77   TR928TS162_4        162     59.82    100.00  77    N/A       N/A        0.28      N/A        39.66    N/A           24.40    36.19    6.141    6.216    341   0    0     0     64.52  75.37  N/A         N/A          0.51         N/A          76.25  55.334   1.87     31.89       29.2        306      3.2      1.69          0.52    56.45     0.54    0.55    0.78    0.55    0.86     77.20   6.92    72.20   66.47   0.80    3242.90    73.43    N/A    
78   TR928TS162_5        162     59.60    100.00  78    N/A       N/A        0.26      N/A        39.74    N/A           25.71    36.42    6.165    6.25     341   0    0     0     62.17  75.07  N/A         N/A          0.35         N/A          76.25  55.567   1.88     29.94       28.6        303      3        1.71          0.52    55.57     0.54    0.55    0.78    0.56    0.86     74.00   6.81    71.88   66.01   0.81    3174.00    76.02    N/A    
79   TR928TS393_5        393     59.38    100.00  79    N/A       N/A        0.24      N/A        39.22    N/A           23.81    35.31    6.157    6.218    341   0    0     0     63.93  77.13  N/A         N/A          0.47         N/A          78.59  56.498   1.92     31.89       29.7        303      2.9      3.99          0.54    55.43     0.53    0.57    0.78    0.57    0.86     74.20   6.92    72.24   67.45   0.81    3288.10    68.01    37.86  
80   TR928TS324_3        324     59.24    100.00  80    N/A       N/A        0.23      N/A        38.93    N/A           20.68    32.73    5.575    6.219    341   0    0     0     57.18  77.71  N/A         N/A          0.01         N/A          81.52  62.964   1.85     32.41       34.1        315      2.8      3.73          0.50    49.71     0.50    0.53    0.82    0.58    0.87     82.40   6.47    73.70   61.84   0.83    3741.60    16.96    40.12  
81   TR928TS102_5        102     59.24    100.00  80    N/A       N/A        0.23      N/A        39.00    N/A           23.11    34.91    6.247    6.287    341   0    0     0     61.88  75.37  N/A         N/A          0.33         N/A          76.54  53.001   1.95     31.50       29          301      2.9      2.74          0.51    56.16     0.54    0.56    0.79    0.54    0.86     73.30   6.92    72.41   67.37   0.80    3220.30    73.81    76.77  
82   TR928TS081_1        081     59.09    100.00  82    0.19      N/A        0.21      N/A        38.63    N/A           24.73    35.28    6.222    6.309    341   0    0     0     63.34  76.25  0.41        N/A          0.43         N/A          77.71  53.371   1.94     31.76       28.4        300      3        1.77          0.53    56.16     0.55    0.55    0.78    0.56    0.86     80.70   6.81    71.92   67.50   0.80    3157.70    72.66    76.57  
83   TR928TS001_1        001     58.94    100.00  83    0.17      N/A        0.20      N/A        38.63    N/A           25.73    35.39    6.325    6.298    341   0    0     0     61.58  73.90  0.28        N/A          0.31         N/A          74.49  53.136   1.93     32.02       27.6        303      3.1      2.44          0.52    55.72     0.55    0.56    0.79    0.57    0.87     67.10   6.70    71.32   64.99   0.80    3071.70    65.79    N/A    
84   TR928TS324_5        324     58.94    100.00  83    N/A       N/A        0.20      N/A        39.00    N/A           19.40    33.18    5.484    6.267    341   0    0     0     59.53  76.83  N/A         N/A          0.17         N/A          80.94  60.605   1.84     31.11       33.9        316      2.9      3.82          0.50    48.68     0.50    0.53    0.83    0.52    0.87     87.30   6.92    72.52   62.43   0.83    3715.90    16.77    39.69  
85   TR928TS102_3        102     58.80    100.00  85    N/A       N/A        0.19      N/A        38.93    N/A           22.43    35.23    6.257    6.294    341   0    0     0     62.76  74.49  N/A         N/A          0.39         N/A          75.95  53.847   1.88     27.60       29          305      3.2      2.48          0.52    55.87     0.54    0.56    0.79    0.55    0.86     77.30   6.92    72.26   67.43   0.80    3213.80    70.34    76.61  
86   TR928TS060_5        060     58.43    100.00  86    N/A       N/A        0.16      N/A        38.27    N/A           22.70    33.95    6.163    6.337    341   0    0     0     61.29  75.95  N/A         N/A          0.29         N/A          76.83  54.487   1.94     31.37       27.9        310      3.2      1.95          0.50    50.73     0.52    0.52    0.79    0.56    0.86     66.70   6.81    71.84   64.76   0.80    3095.40    69.12    76.15  
87   TR928TS060_3        060     58.43    100.00  86    N/A       N/A        0.16      N/A        37.76    N/A           23.73    34.15    6.056    6.212    341   0    0     0     61.00  74.49  N/A         N/A          0.27         N/A          75.95  53.512   1.97     30.20       27.5        309      3.3      1.91          0.51    53.08     0.54    0.53    0.79    0.59    0.86     77.50   6.81    70.31   64.49   0.80    3058.10    71.98    74.86  
88   TR928TS324_2        324     58.43    100.00  86    N/A       N/A        0.16      N/A        38.12    N/A           19.32    31.09    5.545    6.219    341   0    0     0     56.89  77.42  N/A         N/A          -0.01        N/A          81.52  63.324   1.83     32.15       34.4        316      2.8      3.51          0.49    48.24     0.49    0.52    0.82    0.58    0.87     85.40   6.47    73.64   61.15   0.83    3768.50    16.57    40.34  
89   TR928TS060_2        060     58.28    100.00  89    N/A       N/A        0.14      N/A        38.05    N/A           20.88    33.65    6.072    6.292    341   0    0     0     60.41  75.66  N/A         N/A          0.23         N/A          76.54  55.362   1.94     31.89       28.5        303      3        2.21          0.51    52.79     0.53    0.53    0.79    0.56    0.86     72.90   6.81    71.06   64.44   0.80    3158.70    67.72    74.96  
90   TR928TS081_3        081     58.28    100.00  89    N/A       N/A        0.14      N/A        37.76    N/A           24.10    33.90    6.289    6.367    341   0    0     0     62.76  75.37  N/A         N/A          0.39         N/A          76.83  52.805   2.00     31.76       27.8        302      3.2      1.68          0.52    56.45     0.54    0.55    0.78    0.56    0.86     75.50   6.70    71.62   67.26   0.80    3085.60    73.19    77.13  
91   TR928TS324_1        324     58.28    100.00  89    0.11      N/A        0.14      N/A        37.98    N/A           18.46    31.56    5.579    6.235    341   0    0     0     56.01  77.42  -0.12       N/A          -0.07        N/A          81.23  62.945   1.85     33.71       34.4        316      2.8      3.69          0.49    48.97     0.49    0.52    0.82    0.58    0.87     85.20   6.47    73.55   61.27   0.83    3773.90    16.61    40.32  
92   TR928TS001_3        001     58.06    100.00  92    N/A       N/A        0.12      N/A        38.63    N/A           23.98    34.72    6.592    6.596    341   0    0     0     61.58  75.07  N/A         N/A          0.31         N/A          76.54  54.309   1.92     31.89       28.2        303      3.1      2.58          0.51    53.52     0.55    0.56    0.77    0.55    0.86     79.57   6.11    70.70   65.54   0.80    3125.20    65.15    N/A    
93   TR928TS001_2        001     57.99    100.00  93    N/A       N/A        0.12      N/A        38.56    N/A           23.81    34.52    6.59     6.598    341   0    0     0     61.00  75.37  N/A         N/A          0.27         N/A          76.83  54.223   1.96     32.28       28.2        303      3.1      2.54          0.51    53.37     0.54    0.56    0.77    0.56    0.86     78.97   6.58    70.70   65.33   0.80    3128.90    64.52    N/A    
94   TR928TS324_4        324     57.92    100.00  94    N/A       N/A        0.11      N/A        37.61    N/A           17.56    30.84    5.392    6.154    341   0    0     0     56.60  76.54  N/A         N/A          -0.03        N/A          81.23  62.557   1.83     33.45       34.4        318      2.8      3.69          0.49    48.39     0.49    0.52    0.83    0.55    0.87     84.60   6.92    72.45   60.69   0.84    3771.40    16.10    40.68  
95   TR928TS081_4        081     57.92    100.00  94    N/A       N/A        0.11      N/A        37.53    N/A           24.08    34.00    6.295    6.374    341   0    0     0     62.46  74.49  N/A         N/A          0.37         N/A          76.54  53.551   2.01     31.76       28.3        304      3.1      1.31          0.52    56.16     0.54    0.55    0.78    0.56    0.86     76.50   6.70    71.59   67.25   0.80    3142.80    73.22    77.18  
96   TR928TS001_4        001     57.84    100.00  96    N/A       N/A        0.10      N/A        37.68    N/A           22.09    34.07    6.256    6.395    341   0    0     0     60.12  72.14  N/A         N/A          0.21         N/A          74.19  54.102   1.95     29.94       28.1        303      3        2.41          0.51    51.61     0.54    0.54    0.79    0.58    0.87     77.87   6.47    71.53   65.04   0.79    3115.00    68.51    N/A    
97   TR928TS060_4        060     57.48    100.00  97    N/A       N/A        0.07      N/A        38.05    N/A           20.52    33.51    6.296    6.503    341   0    0     0     60.41  76.25  N/A         N/A          0.23         N/A          77.42  55.721   1.96     28.12       28.3        307      3.2      2.36          0.49    49.41     0.51    0.51    0.78    0.58    0.85     74.80   6.81    68.09   61.99   0.80    3141.70    68.04    74.93  
98   TR928TS265_1        265     56.97    100.00  98    -0.01     N/A        0.03      N/A        38.05    N/A           20.64    27.30    6.459    6.463    341   0    0     0     54.84  72.43  -0.20       N/A          -0.15        N/A          73.90  51.497   2.33     32.41       25.7        302      3.4      2.23          0.52    55.72     0.55    0.56    0.80    0.54    0.87     79.30   6.11    70.91   65.37   0.77    2872.50    66.41    71.58  
99   TR928TS265_2        265     56.97    100.00  98    N/A       N/A        0.03      N/A        37.69    N/A           22.04    27.51    6.409    6.41     341   0    0     0     53.96  70.38  N/A         N/A          -0.20        N/A          72.14  48.842   2.21     32.15       26.1        302      3.4      2.17          0.53    56.16     0.56    0.56    0.80    0.53    0.87     75.70   6.35    71.18   66.15   0.77    2908.60    62.45    72.04  
100  TR928TS265_5        265     56.74    100.00  100   N/A       N/A        0.01      N/A        38.05    N/A           20.92    27.65    6.461    6.445    341   0    0     0     55.13  73.31  N/A         N/A          -0.13        N/A          75.07  53.267   2.27     31.37       26.1        299      3.2      2.15          0.52    55.72     0.55    0.56    0.79    0.56    0.87     73.00   6.11    71.02   64.58   0.78    2909.20    68.84    70.68  
101  TR928TS265_3        265     56.74    100.00  100   N/A       N/A        0.01      N/A        37.24    N/A           20.77    28.09    6.39     6.405    341   0    0     0     56.30  72.43  N/A         N/A          -0.05        N/A          73.90  48.459   2.21     32.28       25.8        304      3.4      2.05          0.52    54.99     0.55    0.56    0.81    0.55    0.87     74.10   6.35    70.91   65.44   0.78    2893.80    67.37    72.15  
102  TR928TS060_1        060     56.23    100.00  102   -0.08     N/A        -0.04     N/A        37.17    N/A           23.36    33.87    6.494    6.806    341   0    0     0     59.53  74.19  0.14        N/A          0.17         N/A          75.66  54.772   1.95     28.38       27.6        304      3.2      2.33          0.48    46.92     0.51    0.49    0.75    0.62    0.85     75.20   6.23    66.59   61.21   0.79    3061.40    73.62    73.75  
103  TR928TS102_2        102     55.79    100.00  103   N/A       N/A        -0.07     N/A        35.85    N/A           24.47    32.97    6.384    6.36     341   0    0     0     61.58  74.49  N/A         N/A          0.31         N/A          75.66  53.371   2.03     30.33       27.1        301      3.3      2.27          0.52    57.04     0.55    0.56    0.80    0.52    0.86     80.10   6.35    71.46   67.14   0.79    3012.00    64.67    N/A    
104  TR928TS480_3        480     55.65    100.00  104   N/A       N/A        -0.09     N/A        36.80    N/A           17.95    30.88    7.699    8.1      341   0    0     0     55.72  70.38  N/A         N/A          -0.09        N/A          75.37  55.028   1.89     31.24       29.3        298      2.9      3.82          0.49    49.41     0.50    0.52    0.68    0.66    0.83     69.50   4.89    65.48   62.22   0.78    3241.10    42.27    42.52  
105  TR928TS118_5        118     55.57    100.00  105   N/A       N/A        -0.09     N/A        36.07    N/A           22.52    31.51    6.708    6.722    341   0    0     0     57.77  72.14  N/A         N/A          0.05         N/A          73.31  52.54    1.97     31.89       26.1        298      3.2      2.00          0.50    53.37     0.54    0.54    0.76    0.57    0.85     68.10   6.58    70.21   64.27   0.78    2911.60    68.53    N/A    
106  TR928TS081_2        081     55.50    100.00  106   N/A       N/A        -0.10     N/A        35.04    N/A           21.80    31.66    6.392    6.521    341   0    0     0     59.53  73.31  N/A         N/A          0.17         N/A          74.78  53.209   2.06     31.89       26.5        301      3.2      1.49          0.50    54.55     0.54    0.53    0.78    0.57    0.86     77.30   6.11    70.89   65.90   0.79    2954.60    68.62    78.68  
107  TR928TS381_3        381     55.35    89.44   107   N/A       N/A        -0.11     N/A        37.53    N/A           26.79    32.57    5.548    5.713    305   0    0     0     58.36  68.62  N/A         N/A          0.09         N/A          70.09  52.726   1.90     22.85       20.4        253      3.1      3.77          0.43    50.29     0.50    0.47    0.66    0.00    0.74     57.13   6.35    56.92   55.69   0.74    2212.20    N/A      52.87  
108  TR928TS381_4        381     55.35    89.44   107   N/A       N/A        -0.11     N/A        37.53    N/A           26.79    32.57    5.548    5.713    305   0    0     0     58.36  68.62  N/A         N/A          0.09         N/A          70.09  52.726   1.90     22.85       20.4        253      3.1      3.77          0.43    50.29     0.50    0.47    0.66    0.00    0.74     57.13   6.35    56.92   55.69   0.74    2212.20    N/A      52.87  
109  TR928TS265_4        265     55.28    100.00  109   N/A       N/A        -0.12     N/A        36.15    N/A           18.85    25.52    6.587    6.569    341   0    0     0     52.79  72.14  N/A         N/A          -0.28        N/A          73.61  50.689   2.40     31.76       24.5        304      3.5      2.08          0.51    55.28     0.54    0.55    0.80    0.56    0.87     74.60   6.11    70.98   64.69   0.77    2757.30    68.06    69.38  
110  TR928TS118_3        118     55.20    100.00  110   N/A       N/A        -0.13     N/A        35.48    N/A           19.88    31.90    6.753    6.767    341   0    0     0     59.53  73.02  N/A         N/A          0.17         N/A          75.07  53.677   1.98     31.50       26.4        297      3.2      2.25          0.50    52.20     0.54    0.54    0.78    0.58    0.85     74.28   6.47    69.40   63.81   0.78    2943.80    62.54    N/A    
111  TR928TS381_1        381     54.98    89.15   111   -0.19     N/A        -0.15     N/A        37.02    N/A           26.28    32.18    5.888    5.841    304   0    0     0     57.18  68.91  -0.03       N/A          0.01         N/A          70.38  51.921   1.89     27.82       20.8        254      3.2      3.63          0.43    51.17     0.50    0.47    0.65    0.00    0.73     55.52   5.73    56.79   55.51   0.74    2254.70    N/A      53.29  
112  TR928TS480_4        480     54.84    100.00  112   N/A       N/A        -0.16     N/A        37.17    N/A           18.48    32.53    9.621    10.065   341   0    0     0     57.18  69.21  N/A         N/A          0.01         N/A          75.66  61.702   1.77     26.57       29.2        289      2.7      4.19          0.45    41.50     0.47    0.43    0.41    0.99    0.75     66.30   5.73    53.80   57.95   0.78    3228.90    133.65   44.01  
113  TR928TS381_2        381     54.84    88.56   112   N/A       N/A        -0.16     N/A        37.10    N/A           25.45    31.71    5.217    5.592    302   0    0     0     56.01  68.62  N/A         N/A          -0.07        N/A          70.09  51.239   1.92     28.25       20.4        249      2.9      3.64          0.42    50.88     0.49    0.46    0.67    0.00    0.74     56.17   5.60    55.88   55.27   0.74    2215.70    N/A      53.14  
114  TR928TS118_2        118     54.55    100.00  114   N/A       N/A        -0.18     N/A        36.44    N/A           21.57    30.40    6.814    6.832    341   0    0     0     55.43  72.14  N/A         N/A          -0.11        N/A          75.07  51.712   2.13     32.15       26.2        296      3.1      2.07          0.50    52.20     0.55    0.55    0.79    0.57    0.85     72.49   6.11    69.65   63.64   0.78    2920.00    62.81    N/A    
115  TR928TS381_5        381     54.18    89.44   115   N/A       N/A        -0.22     N/A        36.22    N/A           25.24    31.41    5.581    5.732    305   0    0     0     57.18  68.62  N/A         N/A          0.01         N/A          70.09  51.165   1.96     27.54       20.4        256      3.1      3.66          0.42    50.15     0.50    0.47    0.66    0.00    0.74     57.63   5.73    57.64   56.03   0.74    2223.20    N/A      53.69  
116  TR928TS480_1        480     53.81    100.00  116   -0.30     N/A        -0.25     N/A        32.92    N/A           17.69    27.77    6.333    6.445    341   0    0     0     56.89  73.31  -0.05       N/A          -0.01        N/A          74.49  50.375   2.24     31.50       24.7        305      3.4      3.37          0.48    54.99     0.51    0.53    0.79    0.58    0.86     69.90   6.23    69.26   61.57   0.78    2771.50    65.74    42.02  
117  TR928TS474_3        474     53.67    100.00  117   N/A       N/A        -0.26     N/A        32.99    N/A           17.37    25.66    5.175    5.554    341   0    0     0     45.16  60.70  N/A         N/A          -0.80        N/A          73.61  48.661   2.20     30.98       27.6        320      3.9      2.68          0.54    61.58     0.56    0.61    0.87    0.43    0.89     87.30   7.02    78.21   69.73   0.80    3067.90    39.88    68.37  
118  TR928TS474_1        474     53.59    100.00  118   -0.32     N/A        -0.27     N/A        32.77    N/A           17.74    25.85    5.144    5.535    341   0    0     0     48.39  65.98  -0.66       N/A          -0.58        N/A          71.55  50.154   2.37     30.20       28.1        321      3.8      2.59          0.54    61.88     0.56    0.61    0.87    0.43    0.89     85.60   6.92    78.72   70.34   0.80    3117.40    39.34    68.23  
119  TR928TS474_2        474     53.37    100.00  119   N/A       N/A        -0.29     N/A        32.77    N/A           16.69    25.07    5.457    5.852    341   0    0     0     42.52  62.46  N/A         N/A          -0.97        N/A          72.43  49.076   2.28     30.59       29.2        322      3.8      2.75          0.54    57.48     0.55    0.60    0.86    0.47    0.89     84.90   6.92    77.95   68.95   0.78    3244.70    40.70    67.18  
120  TR928TS118_1        118     53.08    100.00  120   -0.37     N/A        -0.31     N/A        33.14    N/A           18.89    28.36    6.293    6.333    341   0    0     0     55.43  71.55  -0.16       N/A          -0.11        N/A          72.73  51.246   2.12     30.98       24.8        304      3.6      1.88          0.49    51.03     0.54    0.54    0.81    0.54    0.86     69.99   6.35    69.58   63.79   0.77    2774.50    65.73    N/A    
121  TR928TS446_1        446s    52.71    100.00  121   -0.40     -1.45      -0.34     -2.94      32.26    -1.45         19.27    26.04    6.412    6.508    341   0    0     0     50.15  70.38  -0.54       -1.48        -0.46        -2.84        73.02  47.279   2.24     29.42       24.7        303      3.5      1.58          0.50    53.52     0.54    0.54    0.79    0.57    0.86     74.60   5.86    68.91   64.02   0.76    2780.20    65.83    74.09  
122  TR928TS257_3        257     52.27    100.00  122   N/A       N/A        -0.38     N/A        31.38    N/A           17.84    24.87    5.478    5.858    341   0    0     0     46.63  64.52  N/A         N/A          -0.70        N/A          72.43  49.614   2.25     29.81       28.9        321      3.8      2.63          0.53    58.36     0.56    0.60    0.86    0.47    0.88     84.90   7.02    77.78   68.62   0.79    3205.50    40.52    61.02  
123  TR928TS102_4        102     52.05    100.00  123   N/A       N/A        -0.40     N/A        31.75    N/A           21.91    29.78    6.52     6.524    341   0    0     0     56.89  71.85  N/A         N/A          -0.01        N/A          73.61  48.154   2.18     29.29       24.4        294      3.3      2.56          0.49    55.72     0.53    0.54    0.79    0.56    0.86     76.80   6.70    69.91   64.82   0.78    2731.60    65.75    76.60  
124  TR928TS073_2        073     51.61    100.00  124   N/A       N/A        -0.44     N/A        31.52    N/A           17.39    23.96    6.668    6.718    341   0    0     0     49.56  69.50  N/A         N/A          -0.50        N/A          71.55  46.703   2.40     29.94       23.8        303      3.5      2.17          0.49    51.03     0.53    0.53    0.77    0.57    0.85     76.00   6.35    68.24   62.39   0.76    2676.90    83.90    79.23  
125  TR928TS073_3        073     50.29    100.00  125   N/A       N/A        -0.55     N/A        29.98    N/A           16.43    21.85    6.484    6.477    341   0    0     0     46.92  69.50  N/A         N/A          -0.68        N/A          71.26  44.076   2.48     29.94       23          306      3.6      2.15          0.49    52.05     0.52    0.53    0.77    0.56    0.86     74.00   6.81    68.31   61.92   0.76    2591.70    78.48    78.84  
126  TR928TS118_4        118     50.00    100.00  126   N/A       N/A        -0.58     N/A        31.67    N/A           16.82    23.48    6.689    6.855    341   0    0     0     49.56  67.16  N/A         N/A          -0.50        N/A          68.91  46.332   2.29     29.68       23.8        293      3.4      2.10          0.48    50.15     0.54    0.54    0.81    0.56    0.86     73.68   5.46    70.01   62.97   0.75    2669.50    71.32    N/A    
127  TR928TS480_5        480     49.78    100.00  127   N/A       N/A        -0.60     N/A        28.89    N/A           15.35    23.24    6.493    6.601    341   0    0     0     48.09  70.67  N/A         N/A          -0.60        N/A          71.85  45.188   2.44     32.02       21.6        296      3.4      3.36          0.48    52.64     0.51    0.52    0.77    0.60    0.86     70.50   6.35    69.27   61.23   0.76    2449.00    74.77    45.02  
128  TR928TS073_4        073     49.34    100.00  128   N/A       N/A        -0.64     N/A        28.59    N/A           17.88    23.95    6.504    6.579    341   0    0     0     46.92  70.97  N/A         N/A          -0.68        N/A          72.43  45.769   2.37     30.20       23.7        301      3.6      2.29          0.49    50.59     0.52    0.53    0.77    0.59    0.85     69.60   6.35    67.71   62.11   0.77    2667.40    74.50    78.34  
129  TR928TS073_1        073     49.27    100.00  129   -0.72     N/A        -0.64     N/A        28.23    N/A           16.30    21.99    6.435    6.494    341   0    0     0     45.16  66.86  -0.89       N/A          -0.80        N/A          69.21  43.391   2.35     30.07       23.3        305      3.6      2.15          0.49    52.79     0.53    0.53    0.77    0.58    0.86     73.50   6.47    68.14   61.77   0.77    2627.10    81.45    78.66  
130  TR928TS257_4        257     47.51    100.00  130   N/A       N/A        -0.80     N/A        27.42    N/A           14.63    19.60    6.095    6.419    341   0    0     0     37.24  59.53  N/A         N/A          -1.33        N/A          65.40  38.854   2.51     29.03       21.7        304      4.1      2.45          0.49    56.16     0.55    0.56    0.86    0.50    0.88     82.20   6.47    75.22   64.82   0.73    2456.50    45.75    64.18  
131  TR928TS257_5        257     46.85    100.00  131   N/A       N/A        -0.86     N/A        26.98    N/A           14.39    19.36    6.07     6.386    341   0    0     0     34.60  58.65  N/A         N/A          -1.51        N/A          62.17  41.186   2.63     28.90       22.7        297      5        2.58          0.48    55.87     0.54    0.56    0.85    0.51    0.88     82.20   5.86    74.37   63.44   0.73    2556.00    45.41    65.69  
132  TR928TS279_1        279     45.97    100.00  132   -1.03     N/A        -0.93     N/A        28.08    N/A           16.21    22.42    7.662    7.732    341   0    0     0     38.42  55.72  -1.38       N/A          -1.25        N/A          59.53  40.04    2.31     24.23       21.1        292      4.4      1.47          0.47    47.51     0.53    0.51    0.79    0.67    0.85     60.82   6.70    65.14   62.12   0.69    2390.70    56.86    60.35  
133  TR928TS295_4        295     45.45    100.00  133   N/A       N/A        -0.98     N/A        25.30    N/A           12.86    20.18    6.801    7.049    341   0    0     0     26.69  49.85  N/A         N/A          -2.04        N/A          57.18  38.149   2.50     25.53       22.1        295      3.9      3.88          0.40    40.91     0.48    0.49    0.76    0.65    0.85     83.70   5.73    67.93   59.12   0.73    2494.60    62.80    N/A    
134  TR928TS257_1        257     44.87    100.00  134   -1.13     N/A        -1.03     N/A        24.48    N/A           12.91    17.03    6.181    6.516    341   0    0     0     38.42  55.43  -1.38       N/A          -1.25        N/A          57.48  39.084   2.43     28.90       16.9        290      4.4      2.45          0.47    55.43     0.54    0.54    0.85    0.53    0.88     82.00   6.11    73.65   62.43   0.72    1954.30    48.39    66.99  
135  TR928TS187_4        187     44.80    100.00  135   N/A       N/A        -1.03     N/A        24.64    N/A           11.67    18.72    6.915    7.197    341   0    0     0     35.78  58.65  N/A         N/A          -1.43        N/A          65.10  40.056   2.42     24.88       18.6        272      4.1      3.89          0.38    38.27     0.46    0.48    0.77    0.69    0.85     68.60   5.46    68.68   57.37   0.73    2138.20    59.36    N/A    
136  TR928TS187_2        187     44.58    100.00  136   N/A       N/A        -1.05     N/A        24.64    N/A           11.22    18.40    6.844    7.277    341   0    0     0     35.48  61.58  N/A         N/A          -1.45        N/A          65.69  41.667   2.42     27.99       20.8        293      4        3.88          0.38    36.36     0.46    0.46    0.76    0.67    0.84     73.30   6.23    67.47   55.74   0.73    2360.70    47.86    N/A    
137  TR928TS187_5        187     44.58    100.00  136   N/A       N/A        -1.05     N/A        23.97    N/A           12.79    19.16    6.74     7.074    341   0    0     0     35.19  62.76  N/A         N/A          -1.47        N/A          64.52  40.064   2.39     23.45       20          298      4.1      4.00          0.39    38.56     0.47    0.47    0.76    0.66    0.85     76.60   5.73    66.65   56.10   0.73    2284.60    56.60    N/A    
138  TR928TS187_1        187     43.62    100.00  138   -1.24     N/A        -1.14     N/A        23.61    N/A           11.19    18.04    6.859    7.206    341   0    0     0     28.45  53.67  -2.09       N/A          -1.92        N/A          62.46  35.635   2.55     22.41       20.2        292      4        3.82          0.37    36.66     0.46    0.46    0.75    0.71    0.84     78.70   5.99    64.64   55.02   0.72    2289.30    57.03    N/A    
139  TR928TS295_3        295     43.33    100.00  139   N/A       N/A        -1.16     N/A        23.54    N/A           9.76     16.12    6.818    7.166    341   0    0     0     25.22  49.27  N/A         N/A          -2.14        N/A          60.12  37.933   2.55     30.07       19.9        290      4        3.82          0.38    36.22     0.46    0.47    0.75    0.70    0.84     71.70   5.86    67.02   56.18   0.72    2270.50    57.17    N/A    
140  TR928TS295_2        295     43.18    100.00  140   N/A       N/A        -1.18     N/A        22.80    N/A           9.81     17.06    6.702    7.053    341   0    0     0     35.78  60.70  N/A         N/A          -1.43        N/A          64.22  38.546   2.50     25.01       19.7        297      4        3.80          0.38    35.92     0.46    0.46    0.76    0.70    0.85     73.10   5.46    66.28   54.69   0.73    2245.40    54.77    N/A    
141  TR928TS295_5        295     40.76    100.00  141   N/A       N/A        -1.39     N/A        21.34    N/A           8.55     14.10    7.025    7.39     341   0    0     0     28.74  56.01  N/A         N/A          -1.90        N/A          59.82  34.647   2.55     24.23       19.5        294      4.1      3.77          0.37    36.80     0.45    0.46    0.78    0.74    0.83     74.60   6.11    65.09   54.94   0.70    2237.30    62.06    N/A    
142  TR928TS418_2        418     38.78    100.00  142   N/A       N/A        -1.56     N/A        24.12    N/A           12.06    19.17    9.473    9.646    341   0    0     0     35.19  47.80  N/A         N/A          -1.47        N/A          53.37  40.067   2.14     21.63       15.6        228      3.8      4.22          0.38    35.34     0.44    0.40    0.66    1.08    0.79     44.80   6.11    54.70   52.71   0.61    1813.00    147.07   67.59  
143  TR928TS257_2        257     38.05    100.00  143   N/A       N/A        -1.62     N/A        19.65    N/A           10.49    13.13    7.445    7.675    341   0    0     0     21.70  29.03  N/A         N/A          -2.38        N/A          49.56  42.097   2.05     22.41       15.6        263      5.6      2.32          0.42    48.68     0.52    0.50    0.82    0.59    0.87     81.10   6.11    68.67   57.64   0.62    1826.40    56.40    71.63  
144  TR928TS399_3        399     5.94     100.00  144   N/A       N/A        -4.43     N/A        3.01     N/A           0.85     1.59     24.276   24.65    341   0    0     0     0.00   1.47   N/A         N/A          -3.84        N/A          19.65  10.149   2.72     -0.05       0           0        N/A      4.11          0.04    4.55      0.29    0.05    -0.12   2.51    0.50     15.50   1.24    17.96   23.29   0.25    N/A        330.59   18.84  
145  TR928TS399_2        399     5.79     100.00  145   N/A       N/A        -4.44     N/A        2.79     N/A           0.98     1.49     23.887   24.316   341   0    0     0     0.59   0.00   N/A         N/A          -3.80        N/A          16.42  9.934    2.54     -0.05       0           0        N/A      4.09          0.03    4.69      0.29    0.04    -0.12   2.49    0.50     22.70   1.24    18.03   23.33   0.28    N/A        349.16   16.40  
146  TR928TS399_4        399     5.72     100.00  146   N/A       N/A        -4.44     N/A        3.08     N/A           0.60     1.41     23.366   23.798   341   0    0     0     0.00   0.00   N/A         N/A          -3.84        N/A          17.89  9.48     2.90     0.21        0           0        N/A      4.08          0.04    4.69      0.29    0.05    -0.03   2.51    0.50     14.80   2.58    17.81   23.13   0.26    N/A        316.66   17.88  
147  TR928TS399_1        399     5.57     100.00  147   -4.76     N/A        -4.46     N/A        2.50     N/A           0.41     1.10     23.733   24.177   341   0    0     0     0.00   1.76   -4.13       N/A          -3.84        N/A          15.54  8.671    2.67     -0.05       0           0        N/A      4.13          0.04    4.69      0.29    -0.20   -0.12   2.51    0.49     15.90   1.24    18.43   23.22   0.25    N/A        361.05   18.71  
148  TR928TS399_5        399     5.21     100.00  148   N/A       N/A        -4.49     N/A        2.86     N/A           0.28     1.20     24.52    24.945   341   0    0     0     0.59   2.05   N/A         N/A          -3.80        N/A          18.77  10.785   2.59     -0.05       0           0        N/A      4.10          0.04    4.55      0.29    0.05    -0.11   2.54    0.50     12.30   2.58    17.45   23.32   0.30    N/A        404.72   16.50  

