#    Model               GR#     GDT_TS   NP_P    RANK  Z-M1-GDT  Z-M1s-GDT  Z-MA-GDT  Z-MAs-GDT  GDT_HA   Z-M1s-GDT-HA  GDC_SC   GDC_ALL  RMS_CA   RMS_ALL  NP    err  PC01  PC05  AL0_P  AL4_P  Z-M1-AL0_p  Z-M1s-AL0_p  Z-MA-AL0_p   Z-MAs-AL0_p  ALI_P  LGA_S    RMSD[L]  Z-score[M]  Z-Score[D]  Al.Res.  RMSD[D]  MolPrb_Score  LDDT    SphGr     CAD_AA  RPF     CODM    DFM     Handed.  SOV     CE      QCS     CONTS   TMscore  Dali(raw)  FlexE    QSE    

-    Starting model      -       69.02    -       -     -         -          -         -          48.37    -             27.05    -        3.50     4.31     -     -    -     -     -      -      -           -            -            -            -      -        -        19.06       15.40       132      2.60     1.61          0.57    67.03     0.58    0.62    0.89    0.32    0.87     73.10   6.23    84.27   69.44   0.79     916.40     6.70     -      

1    TR921TS204_4        204     73.55    100.00  1     N/A       N/A        0.75      N/A        54.16    N/A           30.75    45.09    3.386    4.096    138   0    0     0     73.91  82.61  N/A         N/A          0.59         N/A          82.61  74.788   1.70     19.23       15.6        132      2.6      0.73          0.60    69.93     0.59    0.65    0.89    0.29    0.88     73.30   6.23    84.36   69.64   0.81    931.30     6.99     N/A    
2    TR921TS204_2        204     71.74    100.00  2     N/A       N/A        0.60      N/A        52.90    N/A           27.85    43.99    3.515    4.228    138   0    0     0     72.46  84.78  N/A         N/A          0.50         N/A          84.78  74.047   1.67     18.88       15.5        130      2.5      0.90          0.60    70.29     0.59    0.64    0.88    0.30    0.88     75.60   6.23    84.09   69.87   0.80    923.30     6.96     N/A    
3    TR921TS204_1        204     71.38    100.00  3     0.55      N/A        0.58      N/A        52.35    N/A           28.17    43.41    3.538    4.239    138   0    0     0     71.74  84.78  0.38        N/A          0.46         N/A          84.78  73.172   1.69     18.88       15.5        130      2.5      0.98          0.59    70.29     0.59    0.64    0.89    0.30    0.88     75.30   6.23    84.23   69.55   0.80    924.20     6.91     N/A    
4    TR921TS023_5        023     71.38    100.00  3     N/A       N/A        0.58      N/A        51.09    N/A           32.40    42.88    3.386    4.109    138   0    0     0     71.74  84.78  N/A         N/A          0.46         N/A          84.78  70.27    1.80     18.88       16          133      2.5      0.83          0.60    71.74     0.61    0.65    0.89    0.31    0.88     74.10   6.23    83.88   70.61   0.80    948.10     6.65     33.83  
5    TR921TS118_1        118     71.20    100.00  5     0.53      N/A        0.56      N/A        51.27    N/A           31.93    44.02    3.356    3.974    138   0    0     0     72.46  86.23  0.43        N/A          0.50         N/A          86.23  70.528   1.75     19.23       15.2        128      2.2      1.88          0.60    70.29     0.59    0.64    0.88    0.32    0.88     76.84   6.11    82.05   68.43   0.81    905.90     9.07     N/A    
6    TR921TS023_3        023     71.20    100.00  5     N/A       N/A        0.56      N/A        50.55    N/A           30.77    42.46    3.384    4.094    138   0    0     0     71.01  84.06  N/A         N/A          0.42         N/A          84.06  70.397   1.81     19.40       15.9        133      2.5      0.95          0.60    71.01     0.61    0.65    0.89    0.32    0.88     73.90   6.23    83.94   70.62   0.80    947.50     6.73     33.92  
7    TR921TS247_3        247     71.20    100.00  5     N/A       N/A        0.56      N/A        52.90    N/A           28.12    35.66    3.69     4.245    138   0    0     0     66.67  82.61  N/A         N/A          0.15         N/A          82.61  64.984   1.85     18.71       14.7        128      2.6      0.67          0.62    72.46     0.62    0.67    0.90    0.29    0.88     66.50   6.11    85.96   72.83   0.79    881.10     6.71     N/A    
8    TR921TS265_4        265     71.01    100.00  8     N/A       N/A        0.55      N/A        50.73    N/A           28.53    42.76    3.402    4.105    138   0    0     0     72.46  84.06  N/A         N/A          0.50         N/A          84.06  73.291   1.79     18.88       15.3        131      2.5      1.26          0.58    68.84     0.57    0.63    0.89    0.31    0.88     72.60   6.11    84.23   69.97   0.80    915.90     6.87     81.79  
9    TR921TS393_1        393     71.01    100.00  8     0.52      N/A        0.55      N/A        51.99    N/A           28.56    41.53    3.414    4.211    138   0    0     0     73.19  85.51  0.49        N/A          0.55         N/A          85.51  79.997   1.74     19.06       15          132      2.5      3.28          0.58    68.48     0.57    0.64    0.89    0.32    0.88     73.70   6.23    83.81   69.68   0.80    929.40     6.58     30.49  
10   TR921TS204_3        204     70.83    100.00  10    N/A       N/A        0.53      N/A        51.81    N/A           29.33    43.59    3.544    4.292    138   0    0     0     71.74  84.78  N/A         N/A          0.46         N/A          84.78  76.489   1.72     18.71       15.4        131      2.6      0.99          0.59    69.57     0.59    0.64    0.89    0.30    0.88     74.40   6.23    84.12   69.30   0.80    918.30     6.92     N/A    
11   TR921TS118_2        118     70.83    100.00  10    N/A       N/A        0.53      N/A        51.09    N/A           33.54    45.10    3.333    3.989    138   0    0     0     72.46  84.06  N/A         N/A          0.50         N/A          84.06  69.359   1.69     19.23       14.9        127      2.2      1.92          0.59    70.65     0.59    0.64    0.88    0.32    0.89     74.16   6.11    81.87   68.63   0.81    891.10     8.31     N/A    
12   TR921TS265_5        265     70.83    100.00  10    N/A       N/A        0.53      N/A        50.18    N/A           28.54    42.56    3.419    4.194    138   0    0     0     72.46  82.61  N/A         N/A          0.50         N/A          82.61  68.188   1.82     19.06       15.4        131      2.5      1.38          0.58    68.48     0.58    0.63    0.89    0.30    0.88     77.20   6.23    83.98   70.03   0.80    919.40     7.19     81.44  
13   TR921TS393_2        393     70.83    100.00  10    N/A       N/A        0.53      N/A        50.36    N/A           28.37    42.50    3.35     4.111    138   0    0     0     72.46  84.06  N/A         N/A          0.50         N/A          84.06  74.407   1.72     19.23       15.2        133      2.6      3.18          0.59    67.39     0.58    0.65    0.89    0.31    0.88     74.10   6.23    83.36   69.63   0.81    939.50     6.74     30.08  
14   TR921TS250_3        250s    70.83    100.00  10    N/A       N/A        0.53      1.98       51.09    N/A           27.77    41.41    3.516    4.253    138   0    0     0     71.74  84.06  N/A         N/A          0.46         0.69         84.06  79.774   1.75     19.06       15.5        133      2.7      1.09          0.59    68.84     0.60    0.63    0.89    0.31    0.87     75.80   6.23    83.30   69.94   0.79    922.00     6.94     37.61  
15   TR921TS265_2        265     70.65    100.00  15    N/A       N/A        0.52      N/A        49.82    N/A           29.26    43.73    3.441    4.136    138   0    0     0     72.46  84.06  N/A         N/A          0.50         N/A          84.06  75.072   1.69     19.06       15.6        132      2.5      0.95          0.59    68.48     0.58    0.63    0.89    0.31    0.88     74.20   6.23    84.64   70.75   0.80    928.80     6.89     81.49  
16   TR921TS250_4        250s    70.65    100.00  15    N/A       N/A        0.52      1.76       50.91    N/A           27.62    41.35    3.483    4.263    138   0    0     0     71.74  84.06  N/A         N/A          0.46         0.69         84.06  73.335   1.79     18.88       15.6        133      2.6      1.19          0.59    68.12     0.60    0.63    0.89    0.31    0.87     75.80   6.23    83.40   70.01   0.79    927.10     6.81     37.49  
17   TR921TS450_4        450     70.47    100.00  17    N/A       N/A        0.50      N/A        50.36    N/A           25.75    36.23    3.45     4.093    138   0    0     0     69.57  86.96  N/A         N/A          0.33         N/A          86.96  82.213   1.79     19.23       16.1        133      2.5      1.72          0.60    72.46     0.61    0.66    0.91    0.28    0.88     85.40   6.23    85.72   75.17   0.81    955.40     6.12     41.04  
18   TR921TS396_3        396     70.47    100.00  17    N/A       N/A        0.50      N/A        49.27    N/A           28.43    41.95    3.347    4.153    138   0    0     0     74.64  84.78  N/A         N/A          0.64         N/A          84.78  74.88    1.70     19.23       15.2        133      2.6      1.73          0.58    67.39     0.59    0.63    0.90    0.31    0.88     73.70   6.23    84.06   70.00   0.80    939.20     6.79     N/A    
19   TR921TS265_1        265     70.29    100.00  19    0.44      N/A        0.49      N/A        50.00    N/A           28.12    43.21    3.492    4.276    138   0    0     0     72.46  83.33  0.43        N/A          0.50         N/A          83.33  74.144   1.69     18.71       15.3        130      2.6      1.01          0.58    65.58     0.57    0.62    0.88    0.32    0.88     72.90   6.23    83.34   69.95   0.80    913.00     7.78     81.52  
20   TR921TS381_4        381     70.29    100.00  19    N/A       N/A        0.49      N/A        49.64    N/A           26.18    40.37    3.479    4.252    138   0    0     0     71.74  86.23  N/A         N/A          0.46         N/A          86.23  75.691   1.71     19.06       15.9        132      2.5      2.57          0.58    68.12     0.58    0.64    0.89    0.32    0.88     74.60   6.23    84.36   70.04   0.79    942.90     6.42     38.60  
21   TR921TS023_4        023     70.29    100.00  19    N/A       N/A        0.49      N/A        50.36    N/A           29.36    40.98    3.57     4.299    138   0    0     0     69.57  82.61  N/A         N/A          0.33         N/A          82.61  73.618   1.79     18.88       15.3        130      2.5      0.93          0.58    65.94     0.60    0.64    0.88    0.33    0.87     73.60   6.23    83.28   69.30   0.79    914.40     7.22     34.99  
22   TR921TS250_5        250s    70.29    100.00  19    N/A       N/A        0.49      1.32       50.18    N/A           27.59    41.46    3.569    4.318    138   0    0     0     71.74  84.06  N/A         N/A          0.46         0.69         84.06  74.794   1.80     18.88       15.5        132      2.6      1.33          0.59    68.12     0.60    0.63    0.88    0.31    0.87     75.80   6.23    83.38   70.07   0.79    924.60     6.86     37.59  
23   TR921TS381_3        381     70.29    100.00  19    N/A       N/A        0.49      N/A        49.64    N/A           26.18    40.37    3.479    4.252    138   0    0     0     71.74  86.23  N/A         N/A          0.46         N/A          86.23  75.691   1.71     19.06       15.9        132      2.5      2.57          0.58    68.12     0.58    0.64    0.89    0.32    0.88     74.60   6.23    84.36   70.04   0.79    942.90     6.42     38.60  
24   TR921TS118_3        118     70.11    100.00  24    N/A       N/A        0.48      N/A        50.73    N/A           32.93    45.27    3.611    4.275    138   0    0     0     69.57  82.61  N/A         N/A          0.33         N/A          82.61  68.799   1.80     19.06       14.9        131      2.8      1.83          0.61    67.39     0.60    0.65    0.88    0.35    0.87     74.16   6.11    80.74   68.14   0.79    887.80     8.84     N/A    
25   TR921TS118_4        118     70.11    100.00  24    N/A       N/A        0.48      N/A        49.82    N/A           30.60    42.68    3.384    4.076    138   0    0     0     65.94  84.06  N/A         N/A          0.11         N/A          84.06  74.227   1.78     19.23       14.6        128      2.3      1.70          0.59    66.67     0.59    0.64    0.87    0.35    0.88     73.17   6.11    79.74   66.35   0.80    871.40     9.50     N/A    
26   TR921TS381_2        381     70.11    100.00  24    N/A       N/A        0.48      N/A        49.64    N/A           26.07    40.60    3.459    4.256    138   0    0     0     72.46  86.23  N/A         N/A          0.50         N/A          86.23  79.798   1.70     19.06       15.9        132      2.5      2.60          0.58    68.48     0.58    0.64    0.89    0.32    0.88     72.80   6.23    84.36   70.33   0.80    947.10     6.37     38.62  
27   TR921TS450_5        450     70.11    100.00  24    N/A       N/A        0.48      N/A        50.73    N/A           27.59    36.45    3.467    4.048    138   0    0     0     69.57  86.96  N/A         N/A          0.33         N/A          86.96  82.019   1.76     19.23       16.3        132      2.5      1.94          0.61    71.74     0.62    0.67    0.91    0.28    0.88     85.80   6.23    85.63   75.28   0.81    967.60     6.88     41.42  
28   TR921TS381_1        381     70.11    100.00  24    0.42      N/A        0.48      N/A        49.64    N/A           26.07    40.60    3.459    4.256    138   0    0     0     72.46  86.23  0.43        N/A          0.50         N/A          86.23  79.798   1.70     19.06       15.9        132      2.5      2.60          0.58    68.48     0.58    0.64    0.89    0.32    0.88     72.80   6.23    84.36   70.33   0.80    947.10     6.37     38.62  
29   TR921TS450_2        450     69.93    100.00  29    N/A       N/A        0.46      N/A        49.82    N/A           24.55    35.26    3.452    4.017    138   0    0     0     70.29  87.68  N/A         N/A          0.37         N/A          87.68  82.669   1.77     19.23       16          133      2.5      1.92          0.60    70.29     0.61    0.66    0.91    0.25    0.88     83.20   6.23    85.70   74.90   0.81    951.90     6.67     40.92  
30   TR921TS011_3        011     69.93    100.00  29    N/A       N/A        0.46      N/A        49.27    N/A           23.65    31.36    3.45     3.967    138   0    0     0     68.12  86.23  N/A         N/A          0.24         N/A          86.96  76.606   1.69     19.23       15.6        133      2.6      1.93          0.61    73.91     0.63    0.68    0.91    0.25    0.88     83.60   6.23    85.33   74.13   0.80    927.90     6.23     42.66  
31   TR921TS102_2        102     69.93    100.00  29    N/A       N/A        0.46      N/A        51.09    N/A           31.58    42.97    3.578    4.408    138   13   0     0     70.29  84.06  N/A         N/A          0.37         N/A          84.06  73.314   1.71     18.88       15.2        133      2.7      1.87          0.58    67.39     0.57    0.64    0.89    0.31    0.87     73.10   6.23    84.88   68.31   0.79    910.20     6.69     N/A    
32   TR921TS102_1        102     69.93    100.00  29    0.40      N/A        0.46      N/A        50.36    N/A           31.52    42.45    3.539    4.362    138   1    0     0     67.39  83.33  0.03        N/A          0.20         N/A          83.33  73.522   1.80     19.06       15.4        131      2.5      1.92          0.58    67.03     0.58    0.63    0.89    0.31    0.88     72.00   6.23    84.76   68.40   0.79    917.90     6.77     N/A    
33   TR921TS273_1        273     69.93    100.00  29    0.40      N/A        0.46      N/A        50.18    N/A           26.80    40.86    3.521    4.208    138   0    0     0     71.74  84.78  0.38        N/A          0.46         N/A          84.78  73.369   1.81     19.23       15.2        131      2.5      2.10          0.58    69.57     0.59    0.63    0.89    0.32    0.88     73.10   6.23    83.94   69.34   0.79    907.90     6.72     N/A    
34   TR921TS381_5        381     69.75    100.00  34    N/A       N/A        0.45      N/A        49.27    N/A           26.16    39.63    3.503    4.306    138   0    0     0     71.74  85.51  N/A         N/A          0.46         N/A          85.51  79.809   1.82     19.06       15.8        134      2.7      2.00          0.58    67.75     0.59    0.63    0.89    0.32    0.88     73.60   6.23    84.13   70.00   0.79    939.30     6.50     39.08  
35   TR921TS102_4        102     69.75    100.00  34    N/A       N/A        0.45      N/A        50.54    N/A           29.33    41.04    3.622    4.347    138   0    0     0     69.57  82.61  N/A         N/A          0.33         N/A          82.61  66.531   1.82     19.06       14.5        130      2.6      2.04          0.57    68.84     0.57    0.62    0.88    0.32    0.88     72.70   6.23    83.82   66.16   0.78    869.20     7.88     80.55  
36   TR921TS247_2        247     69.75    100.00  34    N/A       N/A        0.45      N/A        50.18    N/A           27.07    33.87    3.566    4.14     138   0    0     0     67.39  84.06  N/A         N/A          0.20         N/A          84.06  72.789   1.75     19.23       14.5        128      2.5      0.83          0.61    72.10     0.63    0.68    0.89    0.28    0.88     78.90   6.11    86.24   72.48   0.79    871.80     7.45     N/A    
37   TR921TS001_4        001     69.75    100.00  34    N/A       N/A        0.45      N/A        49.82    N/A           30.67    41.70    3.523    4.163    138   0    0     0     71.01  84.06  N/A         N/A          0.42         N/A          84.06  68.772   1.77     19.23       15.3        130      2.6      2.79          0.58    69.20     0.59    0.63    0.89    0.32    0.88     73.46   6.23    84.53   69.52   0.79    909.00     6.84     N/A    
38   TR921TS250_2        250s    69.56    100.00  38    N/A       N/A        0.43      0.43       50.18    N/A           27.59    40.41    3.606    4.357    138   0    0     0     71.74  84.06  N/A         N/A          0.46         0.69         84.06  79.618   1.81     18.88       15.3        131      2.6      1.03          0.58    67.75     0.60    0.63    0.88    0.32    0.87     75.80   6.23    83.18   69.67   0.78    911.20     6.99     38.24  
39   TR921TS023_1        023     69.56    100.00  38    0.37      N/A        0.43      N/A        49.64    N/A           29.73    40.71    3.753    4.562    138   0    0     0     69.57  79.71  0.21        N/A          0.33         N/A          80.43  72.382   1.82     18.54       14.9        130      2.7      1.02          0.59    65.58     0.60    0.64    0.88    0.32    0.87     73.90   6.11    83.25   69.29   0.78    890.50     7.06     35.78  
40   TR921TS102_3        102     69.56    100.00  38    N/A       N/A        0.43      N/A        50.00    N/A           29.67    41.76    3.661    4.418    138   0    0     0     68.12  84.06  N/A         N/A          0.24         N/A          84.06  72.132   1.78     18.71       14.7        128      2.5      1.66          0.58    66.67     0.58    0.63    0.88    0.31    0.87     71.70   6.11    83.34   68.54   0.78    880.60     7.88     80.28  
41   TR921TS265_3        265     69.56    100.00  38    N/A       N/A        0.43      N/A        48.73    N/A           28.79    43.21    3.477    4.212    138   0    0     0     72.46  84.78  N/A         N/A          0.50         N/A          84.78  72.946   1.67     19.06       15.2        132      2.6      1.02          0.57    67.39     0.57    0.62    0.89    0.33    0.88     72.90   6.23    83.81   69.61   0.80    908.30     7.21     81.18  
42   TR921TS208_3        208     69.56    100.00  38    N/A       N/A        0.43      N/A        49.45    N/A           26.90    40.89    3.538    4.316    138   0    0     0     71.74  84.06  N/A         N/A          0.46         N/A          84.06  79.507   1.73     18.88       15.3        131      2.6      1.70          0.58    68.12     0.59    0.63    0.89    0.33    0.87     73.10   6.23    84.36   69.52   0.79    914.90     6.58     39.46  
43   TR921TS208_5        208     69.56    100.00  38    N/A       N/A        0.43      N/A        49.46    N/A           28.84    40.52    3.551    4.326    138   0    0     0     70.29  84.06  N/A         N/A          0.37         N/A          84.06  75.238   1.77     19.06       15.3        131      2.6      1.69          0.58    68.48     0.59    0.64    0.88    0.34    0.87     73.60   6.23    84.39   69.18   0.79    912.00     6.75     39.60  
44   TR921TS017_3        017     69.56    100.00  38    N/A       N/A        0.43      N/A        49.09    N/A           27.12    39.54    3.501    4.276    138   4    0     0     71.01  84.78  N/A         N/A          0.42         N/A          84.78  68.576   1.70     19.23       15.2        131      2.5      1.93          0.58    67.75     0.58    0.64    0.89    0.33    0.88     74.60   6.23    83.87   69.86   0.79    910.60     6.46     85.76  
45   TR921TS250_1        250s    69.56    100.00  38    0.37      0.99       0.43      0.43       50.18    0.85          27.87    40.83    3.531    4.268    138   0    0     0     71.01  83.33  0.32        0.55         0.42         0.26         83.33  73.834   1.77     18.88       15.3        133      2.7      1.24          0.58    68.12     0.60    0.63    0.89    0.31    0.87     75.80   6.23    82.94   69.74   0.79    912.00     6.98     37.98  
46   TR921TS023_2        023     69.38    100.00  46    N/A       N/A        0.42      N/A        49.82    N/A           30.93    42.05    3.448    4.148    138   0    0     0     71.01  84.78  N/A         N/A          0.42         N/A          84.78  74.613   1.77     19.06       15.6        132      2.5      1.21          0.59    70.29     0.60    0.64    0.89    0.31    0.87     75.80   6.23    82.93   69.92   0.79    928.60     6.97     34.38  
47   TR921TS017_4        017     69.38    100.00  46    N/A       N/A        0.42      N/A        48.73    N/A           26.79    40.07    3.51     4.288    138   3    0     0     71.01  84.78  N/A         N/A          0.42         N/A          84.78  74.323   1.79     19.23       15.3        132      2.6      2.00          0.56    67.75     0.58    0.63    0.89    0.33    0.88     74.60   6.23    83.90   69.75   0.79    913.80     6.55     85.45  
48   TR921TS017_2        017     69.38    100.00  46    N/A       N/A        0.42      N/A        48.91    N/A           27.16    39.73    3.507    4.283    138   4    0     0     71.01  84.78  N/A         N/A          0.42         N/A          84.78  66.923   1.75     19.06       15.2        131      2.5      1.89          0.57    67.75     0.58    0.63    0.89    0.33    0.88     74.60   6.23    83.85   69.84   0.79    910.00     6.49     85.67  
49   TR921TS017_1        017     69.38    100.00  46    0.35      N/A        0.42      N/A        48.91    N/A           27.15    40.27    3.508    4.29     138   1    0     0     71.01  84.06  0.32        N/A          0.42         N/A          84.06  74.365   1.78     19.06       15.3        134      2.8      1.84          0.56    67.75     0.58    0.63    0.89    0.32    0.87     74.60   6.23    83.95   69.67   0.79    916.10     6.64     85.29  
50   TR921TS208_2        208     69.38    100.00  46    N/A       N/A        0.42      N/A        49.46    N/A           29.01    40.54    3.565    4.325    138   0    0     0     69.57  83.33  N/A         N/A          0.33         N/A          83.33  73.987   1.78     18.88       15.2        130      2.5      1.73          0.58    68.48     0.59    0.64    0.88    0.34    0.87     73.60   6.23    84.42   69.13   0.79    910.30     6.77     39.75  
51   TR921TS208_1        208     69.38    100.00  46    0.35      N/A        0.42      N/A        49.45    N/A           27.71    40.37    3.551    4.313    138   0    0     0     71.74  84.06  0.38        N/A          0.46         N/A          84.06  79.354   1.75     18.88       15.3        132      2.6      1.90          0.58    68.12     0.59    0.64    0.89    0.33    0.87     73.10   6.23    84.49   69.36   0.79    914.70     6.60     39.60  
52   TR921TS188_1        188     69.38    100.00  46    0.35      N/A        0.42      N/A        48.55    N/A           24.18    38.97    3.507    4.352    138   0    0     0     73.19  85.51  0.49        N/A          0.55         N/A          85.51  74.393   1.83     19.06       15.3        132      2.6      2.71          0.56    65.94     0.57    0.61    0.89    0.33    0.88     76.10   6.23    84.49   69.58   0.79    913.20     6.67     N/A    
53   TR921TS430_3        430s    69.20    100.00  53    N/A       N/A        0.40      -0.02      50.18    N/A           27.68    40.70    3.582    4.26     138   0    0     0     71.01  83.33  N/A         N/A          0.42         0.26         83.33  74.78    1.82     18.88       14.9        132      2.6      1.61          0.57    67.75     0.58    0.61    0.89    0.32    0.87     73.90   6.23    83.69   68.60   0.79    893.10     7.17     38.29  
54   TR921TS220_5        220s    69.20    100.00  53    N/A       N/A        0.40      -0.02      48.19    N/A           28.28    41.08    3.377    4.177    138   0    0     0     70.29  86.23  N/A         N/A          0.37         -0.16        86.23  76.319   1.83     19.23       16.1        134      2.6      2.21          0.58    70.29     0.57    0.62    0.90    0.32    0.88     74.60   6.23    84.49   68.60   0.80    954.30     6.85     37.50  
55   TR921TS430_1        430s    69.20    100.00  53    0.33      0.47       0.40      -0.02      50.00    0.70          27.43    40.38    3.571    4.256    138   0    0     0     71.74  83.33  0.38        0.99         0.46         0.69         83.33  72.719   1.80     18.71       14.9        132      2.6      1.44          0.57    67.75     0.58    0.61    0.89    0.32    0.87     73.90   6.23    83.59   68.76   0.78    893.70     7.00     38.38  
56   TR921TS412_1        412     69.20    100.00  53    0.33      N/A        0.40      N/A        48.91    N/A           26.72    40.00    3.514    4.327    138   0    0     0     72.46  84.78  0.43        N/A          0.50         N/A          84.78  79.198   1.75     19.06       15.2        131      2.6      1.07          0.57    66.67     0.59    0.62    0.89    0.32    0.88     73.66   6.23    84.36   69.72   0.79    905.90     6.79     38.81  
57   TR921TS208_4        208     69.20    100.00  53    N/A       N/A        0.40      N/A        49.27    N/A           27.52    40.82    3.561    4.317    138   0    0     0     71.74  83.33  N/A         N/A          0.46         N/A          83.33  79.65    1.69     18.88       15.3        131      2.6      1.51          0.58    67.75     0.59    0.63    0.88    0.33    0.87     73.10   6.23    84.27   69.47   0.79    911.30     6.65     39.52  
58   TR921TS324_2        324     69.20    100.00  53    N/A       N/A        0.40      N/A        48.01    N/A           27.88    40.79    3.241    3.915    138   0    0     0     70.29  85.51  N/A         N/A          0.37         N/A          85.51  69.107   1.87     19.40       16          134      2.5      2.08          0.59    73.55     0.58    0.65    0.90    0.31    0.88     74.40   6.23    84.87   69.97   0.80    950.30     6.45     30.50  
59   TR921TS204_5        204     69.20    100.00  53    N/A       N/A        0.40      N/A        48.91    N/A           26.08    39.67    3.499    4.31     138   0    0     0     71.74  85.51  N/A         N/A          0.46         N/A          85.51  79.205   1.76     19.06       15.4        132      2.5      0.67          0.57    66.67     0.58    0.62    0.89    0.33    0.88     73.10   6.23    84.20   69.62   0.79    918.30     6.55     N/A    
60   TR921TS001_2        001     69.20    100.00  53    N/A       N/A        0.40      N/A        48.37    N/A           27.37    41.31    3.572    4.237    138   0    0     0     71.01  84.78  N/A         N/A          0.42         N/A          84.78  73.588   1.68     18.71       14.3        129      2.6      2.33          0.56    67.03     0.55    0.61    0.88    0.35    0.87     73.96   6.23    83.81   67.37   0.79    856.40     7.40     N/A    
61   TR921TS412_4        412     69.20    100.00  53    N/A       N/A        0.40      N/A        48.55    N/A           26.74    39.77    3.515    4.357    138   0    0     0     72.46  86.23  N/A         N/A          0.50         N/A          86.23  74.05    1.78     19.06       15.2        131      2.6      1.53          0.57    66.30     0.58    0.61    0.89    0.32    0.88     73.07   6.23    84.31   69.45   0.79    907.20     6.79     38.92  
62   TR921TS412_2        412     69.02    100.00  62    N/A       N/A        0.39      N/A        48.55    N/A           27.65    40.27    3.523    4.335    138   0    0     0     72.46  84.78  N/A         N/A          0.50         N/A          84.78  72.767   1.75     19.06       15.1        131      2.6      1.09          0.56    67.75     0.59    0.62    0.89    0.32    0.88     73.07   6.23    84.12   69.30   0.79    898.30     6.75     38.99  
63   TR921TS017_5        017     69.02    100.00  62    N/A       N/A        0.39      N/A        48.37    N/A           27.05    40.04    3.505    4.307    138   0    0     0     72.46  84.78  N/A         N/A          0.50         N/A          84.78  74.193   1.84     19.06       15.4        132      2.6      1.61          0.57    67.03     0.58    0.62    0.89    0.32    0.88     73.10   6.23    84.27   69.44   0.79    916.40     6.70     85.18  
64   TR921TS396_1        396     69.02    100.00  62    0.31      N/A        0.39      N/A        48.73    N/A           27.05    40.03    3.507    4.315    138   0    0     0     72.46  85.51  0.43        N/A          0.50         N/A          85.51  74.082   1.84     19.06       15.3        133      2.6      1.58          0.57    66.67     0.58    0.62    0.89    0.32    0.88     73.10   6.23    84.27   69.45   0.79    913.80     6.72     N/A    
65   TR921TS446_1        446s    69.02    100.00  62    0.31      0.20       0.39      -0.24      49.28    0.11          29.69    42.57    3.484    4.255    138   0    0     0     70.29  84.06  0.26        0.11         0.37         -0.16        84.06  73.927   1.82     18.71       15.2        134      2.8      1.03          0.58    68.48     0.59    0.63    0.89    0.32    0.87     71.40   6.23    84.08   69.02   0.80    908.10     6.44     83.10  
66   TR921TS430_4        430s    69.02    100.00  62    N/A       N/A        0.39      -0.24      49.82    N/A           27.74    40.53    3.603    4.277    138   0    0     0     72.46  84.06  N/A         N/A          0.50         1.11         84.06  65.979   1.75     18.71       14.8        132      2.7      1.38          0.57    67.75     0.58    0.61    0.89    0.32    0.87     73.90   6.23    83.36   68.31   0.78    888.10     7.35     38.47  
67   TR921TS430_2        430s    69.02    100.00  62    N/A       N/A        0.39      -0.24      49.63    N/A           26.91    40.28    3.569    4.266    138   0    0     0     71.01  83.33  N/A         N/A          0.42         0.26         83.33  72.268   1.77     18.71       14.9        132      2.7      1.53          0.57    66.30     0.59    0.61    0.89    0.33    0.87     73.10   6.23    83.58   68.80   0.78    893.10     6.95     38.49  
68   TR921TS396_2        396     69.02    100.00  62    N/A       N/A        0.39      N/A        48.73    N/A           27.05    40.03    3.507    4.315    138   0    0     0     72.46  85.51  N/A         N/A          0.50         N/A          85.51  74.082   1.84     19.06       14.8        132      2.6      1.58          0.57    66.67     0.58    0.62    0.89    0.32    0.88     73.10   6.23    84.27   69.44   0.79    915.60     6.72     N/A    
69   TR921TS294_1        294     69.02    100.00  62    0.31      N/A        0.39      N/A        48.37    N/A           24.70    39.30    3.488    4.301    138   0    0     0     72.46  86.23  0.43        N/A          0.50         N/A          86.23  67.319   1.79     19.06       15.4        132      2.5      1.98          0.56    66.30     0.56    0.62    0.89    0.32    0.88     67.90   6.23    84.11   69.35   0.79    919.00     6.68     31.11  
70   TR921TS324_1        324     69.02    100.00  62    0.31      N/A        0.39      N/A        47.46    N/A           29.03    40.95    3.281    3.983    138   0    0     0     70.29  86.96  0.26        N/A          0.37         N/A          86.96  80.349   1.86     19.23       16.2        134      2.5      2.72          0.59    71.74     0.58    0.64    0.90    0.33    0.88     81.50   6.23    85.08   69.79   0.80    959.60     6.57     30.82  
71   TR921TS430_5        430s    68.84    100.00  71    N/A       N/A        0.38      -0.46      49.28    N/A           27.18    40.16    3.589    4.287    138   0    0     0     71.74  83.33  N/A         N/A          0.46         0.69         83.33  73.368   1.81     18.88       14.8        131      2.6      1.25          0.57    66.30     0.58    0.61    0.89    0.33    0.87     72.60   6.23    83.44   68.47   0.78    889.20     7.06     38.38  
72   TR921TS220_2        220s    68.84    100.00  71    N/A       N/A        0.38      -0.46      48.37    N/A           22.70    31.89    3.504    4.066    138   0    0     0     68.84  86.96  N/A         N/A          0.28         -1.00        86.96  77.137   1.75     19.40       15.8        133      2.5      1.98          0.59    70.29     0.62    0.66    0.90    0.26    0.88     85.80   6.11    85.10   74.22   0.80    940.70     6.90     43.32  
73   TR921TS073_5        073     68.84    100.00  71    N/A       N/A        0.38      N/A        48.37    N/A           26.46    39.98    3.501    4.296    138   0    0     0     72.46  85.51  N/A         N/A          0.50         N/A          85.51  74.044   1.78     19.06       15.4        132      2.5      2.56          0.57    67.39     0.58    0.62    0.89    0.32    0.88     72.60   6.23    84.15   69.36   0.79    918.60     6.65     85.19  
74   TR921TS247_1        247     68.84    100.00  71    0.29      N/A        0.38      N/A        51.81    N/A           24.47    33.94    3.4      4.065    138   1    0     0     64.49  82.61  -0.19       N/A          0.02         N/A          82.61  63.832   1.94     19.23       14.8        128      2.6      0.67          0.61    69.20     0.62    0.67    0.90    0.30    0.88     79.10   6.11    83.93   72.89   0.77    885.60     6.38     N/A    
75   TR921TS412_3        412     68.84    100.00  71    N/A       N/A        0.38      N/A        48.91    N/A           27.09    39.35    3.531    4.33     138   0    0     0     71.74  84.78  N/A         N/A          0.46         N/A          84.78  73.824   1.77     19.06       15.1        131      2.6      1.27          0.57    67.75     0.59    0.62    0.89    0.32    0.87     72.57   6.23    84.04   69.36   0.79    899.90     6.77     39.04  
76   TR921TS011_2        011     68.84    100.00  71    N/A       N/A        0.38      N/A        48.19    N/A           25.19    34.56    3.434    4.104    138   1    0     0     65.94  86.96  N/A         N/A          0.11         N/A          86.96  81.779   1.76     19.40       16          133      2.5      2.39          0.60    71.74     0.62    0.66    0.91    0.31    0.88     80.90   6.11    85.63   74.18   0.80    951.50     6.20     42.26  
77   TR921TS247_4        247     68.84    100.00  71    N/A       N/A        0.38      N/A        51.45    N/A           30.11    42.12    3.366    4.027    138   0    0     0     64.49  84.06  N/A         N/A          0.02         N/A          84.06  73.589   1.74     19.74       15.2        130      2.4      1.13          0.60    70.65     0.61    0.66    0.90    0.33    0.88     74.20   6.11    84.59   73.41   0.79    910.30     5.72     N/A    
78   TR921TS418_4        418     68.84    100.00  71    N/A       N/A        0.38      N/A        47.46    N/A           26.63    41.69    3.317    4.034    138   0    0     0     70.29  88.41  N/A         N/A          0.37         N/A          89.13  80.206   1.85     19.40       15.7        132      2.4      3.19          0.58    70.65     0.56    0.64    0.90    0.33    0.88     73.30   6.23    84.95   69.11   0.80    933.70     6.67     38.03  
79   TR921TS011_1        011     68.84    100.00  71    0.29      N/A        0.38      N/A        48.37    N/A           22.70    31.89    3.504    4.066    138   0    0     0     68.84  86.96  0.15        N/A          0.28         N/A          86.96  77.137   1.75     19.40       15.8        133      2.5      1.98          0.59    70.29     0.62    0.66    0.90    0.26    0.88     85.80   6.11    85.10   74.22   0.80    940.70     6.90     43.32  
80   TR921TS396_5        396     68.84    100.00  71    N/A       N/A        0.38      N/A        48.19    N/A           26.79    39.37    3.477    4.244    138   0    0     0     70.29  86.23  N/A         N/A          0.37         N/A          86.23  64.061   1.89     18.37       14.5        131      2.6      2.05          0.58    68.48     0.57    0.63    0.90    0.34    0.88     72.00   6.23    84.43   68.79   0.78    900.00     6.33     N/A    
81   TR921TS393_4        393     68.84    100.00  71    N/A       N/A        0.38      N/A        48.55    N/A           25.39    39.03    3.47     4.254    138   1    0     0     71.01  86.23  N/A         N/A          0.42         N/A          86.23  66.207   1.88     19.06       14.8        133      2.7      3.42          0.58    68.12     0.56    0.64    0.90    0.36    0.88     69.60   6.23    83.56   68.51   0.78    914.80     6.25     31.72  
82   TR921TS393_5        393     68.84    100.00  71    N/A       N/A        0.38      N/A        46.56    N/A           25.17    39.79    3.2      4.013    138   1    0     0     74.64  87.68  N/A         N/A          0.64         N/A          87.68  75.731   1.86     19.40       15.5        134      2.5      3.66          0.58    69.20     0.54    0.63    0.90    0.33    0.88     77.30   6.23    84.79   67.93   0.81    954.80     6.07     29.86  
83   TR921TS412_5        412     68.84    100.00  71    N/A       N/A        0.38      N/A        48.73    N/A           27.60    40.07    3.511    4.338    138   0    0     0     73.19  85.51  N/A         N/A          0.55         N/A          85.51  74.501   1.80     19.06       15.3        131      2.6      1.14          0.57    67.39     0.59    0.62    0.89    0.32    0.88     73.07   6.23    84.28   69.56   0.79    909.90     6.70     38.76  
84   TR921TS396_4        396     68.66    100.00  84    N/A       N/A        0.36      N/A        48.19    N/A           28.59    40.88    3.436    4.137    138   1    0     0     71.01  84.78  N/A         N/A          0.42         N/A          84.78  65.926   1.89     18.71       14.5        134      2.7      2.21          0.58    70.65     0.58    0.64    0.90    0.36    0.88     71.70   6.23    83.82   67.73   0.79    901.60     6.57     N/A    
85   TR921TS001_3        001     68.66    100.00  84    N/A       N/A        0.36      N/A        46.92    N/A           27.88    40.34    3.574    4.244    138   0    0     0     71.01  84.06  N/A         N/A          0.42         N/A          84.06  68.84    1.70     18.54       14.5        132      2.8      2.31          0.56    66.30     0.56    0.61    0.88    0.34    0.87     72.67   6.11    83.86   67.79   0.79    866.10     7.20     N/A    
86   TR921TS324_4        324     68.66    100.00  84    N/A       N/A        0.36      N/A        46.92    N/A           27.43    40.26    3.244    3.935    138   0    0     0     66.67  86.23  N/A         N/A          0.15         N/A          87.68  68.448   1.86     19.57       16.1        134      2.4      2.50          0.58    71.74     0.57    0.64    0.90    0.34    0.88     74.40   6.23    84.56   68.70   0.80    954.70     6.78     30.84  
87   TR921TS220_3        220s    68.30    100.00  87    N/A       N/A        0.33      -1.12      47.10    N/A           22.68    32.45    3.451    4.161    138   1    0     0     65.94  87.68  N/A         N/A          0.11         -2.69        87.68  75.279   1.81     19.57       15.7        133      2.5      2.06          0.58    68.48     0.60    0.63    0.91    0.29    0.88     84.00   6.11    84.99   73.27   0.80    936.60     6.53     42.52  
88   TR921TS001_5        001     68.30    100.00  87    N/A       N/A        0.33      N/A        47.47    N/A           29.17    40.11    3.582    4.247    138   0    0     0     70.29  83.33  N/A         N/A          0.37         N/A          83.33  73.035   1.83     19.06       14.1        130      2.7      2.37          0.56    68.12     0.57    0.60    0.89    0.35    0.88     73.96   6.11    83.33   66.34   0.79    849.70     7.67     N/A    
89   TR921TS073_2        073     68.30    100.00  87    N/A       N/A        0.33      N/A        47.10    N/A           26.00    36.91    3.28     4.026    138   0    0     0     69.57  83.33  N/A         N/A          0.33         N/A          84.78  65.25    2.09     19.40       14.5        134      2.7      1.73          0.58    71.74     0.58    0.64    0.90    0.35    0.88     74.40   6.23    83.94   66.93   0.78    873.70     5.70     85.14  
90   TR921TS220_4        220s    68.12    100.00  90    N/A       N/A        0.32      -1.34      47.83    N/A           28.45    41.03    3.549    4.262    138   0    0     0     70.29  83.33  N/A         N/A          0.37         -0.16        83.33  68.275   1.86     19.06       15.2        130      2.5      1.84          0.59    68.48     0.59    0.63    0.89    0.31    0.87     73.50   6.23    83.58   68.65   0.79    907.30     7.10     39.57  
91   TR921TS393_3        393     68.12    100.00  90    N/A       N/A        0.32      N/A        48.01    N/A           27.60    40.52    3.422    4.158    138   1    0     0     68.84  85.51  N/A         N/A          0.28         N/A          85.51  67.328   1.84     18.88       14.5        133      2.7      3.29          0.59    72.10     0.58    0.65    0.90    0.37    0.88     68.60   6.23    83.45   67.64   0.79    903.50     6.66     31.09  
92   TR921TS081_5        081     68.12    100.00  90    N/A       N/A        0.32      N/A        48.19    N/A           28.04    39.77    3.836    4.529    138   0    0     0     65.22  81.16  N/A         N/A          0.06         N/A          81.16  71.072   1.77     18.88       13.9        129      2.7      1.94          0.58    67.03     0.58    0.62    0.87    0.35    0.87     71.50   6.11    80.47   67.91   0.78    841.10     8.44     86.11  
93   TR921TS081_1        081     68.12    100.00  90    0.22      N/A        0.32      N/A        47.46    N/A           26.52    38.37    3.615    4.387    138   0    0     0     70.29  84.06  0.26        N/A          0.37         N/A          84.06  71.794   1.83     18.54       14.6        131      2.7      1.07          0.56    65.22     0.56    0.62    0.88    0.33    0.87     72.60   6.23    84.04   68.19   0.78    877.80     6.94     78.97  
94   TR921TS102_5        102     68.12    100.00  90    N/A       N/A        0.32      N/A        47.65    N/A           29.48    39.57    3.635    4.484    138   0    0     0     67.39  84.78  N/A         N/A          0.20         N/A          84.78  73.233   1.80     18.88       14.5        132      2.7      2.10          0.56    67.03     0.57    0.61    0.88    0.33    0.87     71.50   6.23    83.34   65.70   0.78    884.60     7.48     81.08  
95   TR921TS324_5        324     68.12    100.00  90    N/A       N/A        0.32      N/A        46.56    N/A           28.17    39.62    3.267    3.941    138   0    0     0     67.39  86.96  N/A         N/A          0.20         N/A          86.96  68.028   1.91     19.74       16.1        134      2.5      2.55          0.59    71.74     0.57    0.64    0.90    0.34    0.88     82.30   6.23    84.52   68.77   0.80    953.40     6.75     30.98  
96   TR921TS011_4        011     67.94    100.00  96    N/A       N/A        0.30      N/A        47.46    N/A           24.73    36.74    3.514    4.172    138   0    0     0     66.67  87.68  N/A         N/A          0.15         N/A          87.68  81.642   1.81     19.06       15.9        133      2.5      1.84          0.59    69.57     0.62    0.66    0.90    0.30    0.87     81.20   6.23    83.39   72.72   0.80    946.80     7.21     40.61  
97   TR921TS324_3        324     67.94    100.00  96    N/A       N/A        0.30      N/A        46.74    N/A           26.32    39.31    3.276    3.947    138   0    0     0     66.67  87.68  N/A         N/A          0.15         N/A          87.68  68.35    1.92     19.40       16.1        133      2.5      2.51          0.59    71.38     0.57    0.64    0.90    0.34    0.88     81.50   6.23    84.53   69.15   0.80    953.80     6.68     31.06  
98   TR921TS118_5        118     67.94    100.00  96    N/A       N/A        0.30      N/A        47.10    N/A           30.89    39.78    3.484    4.114    138   0    0     0     66.67  83.33  N/A         N/A          0.15         N/A          83.33  63.778   1.84     19.23       14.2        131      2.7      2.17          0.58    67.75     0.57    0.63    0.87    0.36    0.88     67.90   6.11    80.19   66.72   0.78    854.30     10.00    N/A    
99   TR921TS450_1        450     67.75    100.00  99    0.18      N/A        0.29      N/A        47.10    N/A           26.21    35.83    3.491    3.976    138   0    0     0     67.39  86.96  0.03        N/A          0.20         N/A          86.96  77.045   1.83     19.06       15.8        133      2.5      2.27          0.61    73.19     0.63    0.67    0.90    0.26    0.88     83.60   6.23    85.20   74.43   0.80    942.60     6.92     42.01  
100  TR921TS220_1        220s    67.75    100.00  99    0.18      -1.66      0.29      -1.79      47.10    -1.67         26.21    35.83    3.491    3.976    138   0    0     0     67.39  86.96  0.03        -1.65        0.20         -1.85        86.96  77.045   1.83     19.06       15.8        133      2.5      2.27          0.61    73.19     0.63    0.67    0.90    0.26    0.88     83.60   6.23    85.20   74.43   0.80    942.60     6.92     42.01  
101  TR921TS011_5        011     67.75    100.00  99    N/A       N/A        0.29      N/A        47.28    N/A           22.66    32.51    3.594    4.245    138   0    0     0     65.22  86.23  N/A         N/A          0.06         N/A          86.23  75.409   1.75     19.23       15.7        134      2.6      2.10          0.59    66.67     0.60    0.65    0.90    0.30    0.87     87.40   6.11    84.78   73.24   0.80    935.40     7.67     42.80  
102  TR921TS001_1        001     67.75    100.00  99    0.18      N/A        0.29      N/A        46.92    N/A           27.26    39.28    3.574    4.25     138   0    0     0     70.29  84.06  0.26        N/A          0.37         N/A          84.06  66.876   1.82     18.88       14.5        133      2.8      2.31          0.56    66.67     0.56    0.61    0.88    0.34    0.87     72.97   6.11    83.15   67.19   0.79    867.40     7.74     N/A    
103  TR921TS081_2        081     67.57    100.00  103   N/A       N/A        0.28      N/A        47.10    N/A           26.75    38.70    3.634    4.379    138   0    0     0     68.84  84.78  N/A         N/A          0.28         N/A          84.78  73.176   1.81     18.71       14.6        131      2.7      1.07          0.56    65.22     0.56    0.62    0.88    0.33    0.87     73.00   6.23    84.28   68.18   0.78    874.80     6.76     79.84  
104  TR921TS474_2        474     67.57    100.00  103   N/A       N/A        0.28      N/A        46.74    N/A           29.25    40.46    3.439    4.143    138   0    0     0     69.57  86.96  N/A         N/A          0.33         N/A          86.96  66.551   1.90     19.06       15.6        132      2.5      2.67          0.57    70.29     0.57    0.64    0.90    0.32    0.87     81.40   6.23    84.48   68.96   0.79    929.90     5.89     79.76  
105  TR921TS330_1        330     67.57    100.00  103   0.16      N/A        0.28      N/A        47.28    N/A           28.15    39.44    3.431    4.169    138   1    0     0     65.22  83.33  -0.14       N/A          0.06         N/A          83.33  62.553   2.00     19.74       14          129      2.4      2.07          0.58    67.03     0.57    0.62    0.87    0.36    0.87     70.90   5.99    80.27   67.16   0.77    842.60     8.54     85.77  
106  TR921TS060_1        060     67.57    100.00  103   0.16      N/A        0.28      N/A        46.01    N/A           27.41    37.77    3.677    4.314    138   0    0     0     70.29  81.88  0.26        N/A          0.37         N/A          81.88  71.055   1.94     18.54       14.1        131      2.7      1.34          0.56    65.58     0.55    0.60    0.88    0.34    0.88     72.50   6.11    82.46   66.36   0.77    847.80     7.34     78.78  
107  TR921TS480_1        480     67.57    100.00  103   0.16      N/A        0.28      N/A        46.56    N/A           19.12    34.97    3.363    4.172    138   0    0     0     70.29  84.06  0.26        N/A          0.37         N/A          84.06  63.845   2.03     19.40       14.4        135      2.7      3.34          0.55    64.13     0.53    0.60    0.90    0.36    0.88     64.90   6.23    82.96   66.83   0.77    866.20     7.54     32.08  
108  TR921TS073_3        073     67.57    100.00  103   N/A       N/A        0.28      N/A        46.20    N/A           26.02    37.54    3.27     4.08     138   0    0     0     71.01  84.06  N/A         N/A          0.42         N/A          84.06  67.17    2.00     19.74       14.7        134      2.7      1.69          0.57    68.84     0.57    0.63    0.90    0.34    0.88     74.40   6.23    83.78   66.79   0.78    882.60     5.59     84.35  
109  TR921TS450_3        450     67.57    100.00  103   N/A       N/A        0.28      N/A        48.01    N/A           20.89    30.89    3.547    4.136    138   0    0     0     66.67  87.68  N/A         N/A          0.15         N/A          87.68  76.542   1.84     19.23       15.7        130      2.4      1.46          0.60    68.48     0.61    0.66    0.90    0.29    0.87     85.50   6.23    85.07   73.63   0.80    932.80     7.25     42.78  
110  TR921TS073_1        073     67.39    100.00  110   0.14      N/A        0.26      N/A        45.29    N/A           25.49    36.30    3.25     4.052    138   0    0     0     71.74  84.78  0.38        N/A          0.46         N/A          84.78  67.244   2.05     19.57       14.7        134      2.7      1.75          0.58    71.74     0.57    0.64    0.90    0.33    0.88     74.40   6.23    84.55   66.93   0.78    882.70     5.48     85.57  
111  TR921TS247_5        247     67.03    100.00  111   N/A       N/A        0.23      N/A        48.91    N/A           29.67    39.17    3.971    4.604    138   0    0     0     63.04  82.61  N/A         N/A          -0.07        N/A          82.61  65.495   1.81     18.37       14.4        125      2.6      0.67          0.61    63.77     0.62    0.66    0.87    0.38    0.86     71.80   5.99    82.48   71.34   0.77    866.20     10.18    N/A    
112  TR921TS474_3        474     66.85    100.00  112   N/A       N/A        0.22      N/A        45.11    N/A           24.59    36.39    3.981    4.776    138   0    0     0     68.84  86.23  N/A         N/A          0.28         N/A          86.23  72.082   1.98     19.57       14.5        132      2.8      2.43          0.53    61.96     0.55    0.61    0.86    0.42    0.85     77.10   6.23    79.67   69.62   0.77    873.20     11.27    77.08  
113  TR921TS060_4        060     66.30    100.00  113   N/A       N/A        0.18      N/A        45.29    N/A           27.40    37.90    3.772    4.378    138   0    0     0     66.67  80.43  N/A         N/A          0.15         N/A          81.16  71.812   1.80     17.68       13.7        128      2.8      1.14          0.55    66.30     0.57    0.60    0.88    0.37    0.88     71.80   5.99    82.44   66.64   0.77    831.10     7.80     78.51  
114  TR921TS073_4        073     66.30    100.00  113   N/A       N/A        0.18      N/A        45.11    N/A           24.45    34.93    3.482    4.229    138   0    0     0     70.29  84.78  N/A         N/A          0.37         N/A          84.78  64.462   2.12     19.23       13.9        134      2.9      1.59          0.57    69.93     0.57    0.63    0.89    0.35    0.87     74.50   6.23    82.87   66.84   0.76    838.80     6.30     83.74  
115  TR921TS060_3        060     66.12    100.00  115   N/A       N/A        0.16      N/A        44.38    N/A           26.85    37.50    3.888    4.495    138   0    0     0     68.12  79.71  N/A         N/A          0.24         N/A          80.43  70.277   1.83     18.19       13.3        127      2.8      1.26          0.54    63.41     0.55    0.58    0.87    0.38    0.87     64.20   5.99    82.62   67.03   0.76    807.90     8.17     77.51  
116  TR921TS418_1        418     66.12    100.00  115   0.01      N/A        0.16      N/A        44.02    N/A           22.55    36.13    3.466    4.287    138   0    0     0     65.22  86.96  -0.14       N/A          0.06         N/A          86.96  61.981   2.06     19.23       14.7        134      2.7      3.54          0.55    65.58     0.52    0.61    0.90    0.38    0.87     77.70   6.11    82.96   68.29   0.77    880.50     6.42     40.39  
117  TR921TS474_1        474     65.94    100.00  117   -0.01     N/A        0.15      N/A        44.20    N/A           23.35    37.00    3.916    4.531    138   0    0     0     66.67  85.51  -0.02       N/A          0.15         N/A          85.51  61.667   2.07     19.23       13.4        133      2.9      2.36          0.54    63.04     0.57    0.63    0.86    0.39    0.85     76.20   6.11    78.61   69.04   0.75    813.30     10.49    77.23  
118  TR921TS187_1        187     65.76    100.00  118   -0.03     N/A        0.13      N/A        44.38    N/A           23.51    35.85    3.58     4.376    138   0    0     0     67.39  85.51  0.03        N/A          0.20         N/A          85.51  65.337   2.01     19.40       14.3        132      2.5      2.91          0.48    60.87     0.52    0.61    0.88    0.39    0.87     65.90   6.11    83.85   65.39   0.78    860.90     8.19     N/A    
119  TR921TS480_4        480     65.76    100.00  118   N/A       N/A        0.13      N/A        44.57    N/A           22.05    35.04    3.623    4.395    138   0    0     0     68.84  82.61  N/A         N/A          0.28         N/A          82.61  63.177   1.98     19.06       14.1        132      2.8      3.06          0.54    63.04     0.52    0.60    0.89    0.34    0.87     66.30   6.11    82.44   65.81   0.76    849.00     7.31     33.19  
120  TR921TS187_3        187     65.58    100.00  120   N/A       N/A        0.12      N/A        43.12    N/A           25.83    36.84    3.476    4.302    138   0    0     0     67.39  84.06  N/A         N/A          0.20         N/A          84.06  65.112   1.96     18.02       14.2        132      2.5      3.01          0.48    61.59     0.53    0.61    0.87    0.42    0.87     66.50   6.11    83.95   65.83   0.78    856.60     8.77     N/A    
121  TR921TS060_2        060     65.40    100.00  121   N/A       N/A        0.10      N/A        44.20    N/A           23.97    35.24    3.849    4.498    138   0    0     0     65.22  77.54  N/A         N/A          0.06         N/A          79.71  68.426   1.83     18.88       12.9        127      2.8      1.64          0.53    63.77     0.55    0.58    0.88    0.36    0.87     73.40   5.99    82.01   65.36   0.75    786.50     8.15     77.19  
122  TR921TS418_5        418     65.22    100.00  122   N/A       N/A        0.09      N/A        42.57    N/A           21.29    35.83    3.484    4.315    138   0    0     0     71.01  85.51  N/A         N/A          0.42         N/A          85.51  64.988   1.99     19.40       14.1        135      2.8      3.75          0.53    65.22     0.54    0.59    0.89    0.33    0.88     68.10   6.23    82.38   65.82   0.78    852.60     6.33     39.99  
123  TR921TS295_5        295     65.22    100.00  122   N/A       N/A        0.09      N/A        42.57    N/A           26.50    35.96    3.601    4.371    138   0    0     0     68.12  86.96  N/A         N/A          0.24         N/A          87.68  64.236   2.02     19.23       14.5        135      2.9      2.85          0.50    64.86     0.55    0.65    0.88    0.37    0.87     81.70   6.11    84.44   65.18   0.78    870.30     7.38     N/A    
124  TR921TS060_5        060     65.04    100.00  124   N/A       N/A        0.08      N/A        44.38    N/A           22.77    34.62    3.763    4.432    138   0    0     0     65.94  80.43  N/A         N/A          0.11         N/A          80.43  61.488   1.98     19.06       13          130      2.8      1.13          0.53    65.22     0.55    0.58    0.88    0.37    0.87     69.00   5.99    82.35   65.09   0.76    794.50     7.92     77.93  
125  TR921TS279_1        279     64.67    100.00  125   -0.14     N/A        0.05      N/A        43.48    N/A           26.24    36.92    3.457    4.216    138   1    0     0     65.94  82.61  -0.08       N/A          0.11         N/A          82.61  62.951   1.98     19.06       13.2        129      2.6      1.66          0.55    64.13     0.56    0.59    0.87    0.35    0.88     74.66   5.99    80.73   65.19   0.77    798.10     10.14    77.97  
126  TR921TS187_2        187     64.49    100.00  126   N/A       N/A        0.03      N/A        42.03    N/A           23.42    34.70    3.513    4.303    138   0    0     0     68.84  86.96  N/A         N/A          0.28         N/A          88.41  66.337   2.04     18.71       14.7        133      2.5      3.23          0.47    62.32     0.52    0.61    0.88    0.39    0.88     80.30   6.11    84.52   65.21   0.78    882.60     7.49     N/A    
127  TR921TS295_4        295     64.31    100.00  127   N/A       N/A        0.02      N/A        41.48    N/A           22.79    35.28    3.702    4.349    138   0    0     0     66.67  86.23  N/A         N/A          0.15         N/A          86.96  65.59    2.02     18.71       14.3        131      2.5      2.90          0.48    67.39     0.54    0.63    0.87    0.36    0.87     66.00   6.11    84.53   66.81   0.77    862.10     7.20     N/A    
128  TR921TS418_3        418     64.13    100.00  128   N/A       N/A        0.00      N/A        43.12    N/A           21.38    34.63    4.203    4.88     138   1    0     0     66.67  82.61  N/A         N/A          0.15         N/A          82.61  59.93    2.06     18.88       14          131      2.8      3.06          0.56    62.68     0.56    0.62    0.85    0.39    0.85     79.30   6.11    79.46   69.66   0.75    845.30     11.33    42.38  
129  TR921TS187_5        187     64.13    100.00  128   N/A       N/A        0.00      N/A        42.21    N/A           24.55    35.71    3.897    4.47     138   0    0     0     64.49  85.51  N/A         N/A          0.02         N/A          85.51  61.676   1.94     18.19       14.4        129      2.6      3.15          0.49    62.68     0.55    0.61    0.85    0.36    0.86     77.50   6.11    82.83   66.29   0.76    867.60     10.53    N/A    
130  TR921TS418_2        418     63.77    100.00  130   N/A       N/A        -0.02     N/A        43.12    N/A           19.78    34.12    4.017    4.709    138   0    0     0     66.67  83.33  N/A         N/A          0.15         N/A          83.33  60.217   2.09     19.06       13.6        130      2.7      3.20          0.55    63.04     0.54    0.62    0.86    0.41    0.85     80.00   5.99    79.57   69.68   0.75    826.00     10.97    41.73  
131  TR921TS187_4        187     63.59    100.00  131   N/A       N/A        -0.04     N/A        40.76    N/A           22.76    34.24    3.638    4.484    138   0    0     0     65.22  86.23  N/A         N/A          0.06         N/A          86.96  63.561   2.08     18.88       14.2        132      2.8      3.10          0.49    65.22     0.54    0.62    0.88    0.35    0.87     77.80   6.11    82.65   65.49   0.76    853.50     7.41     N/A    
132  TR921TS480_5        480     62.86    100.00  132   N/A       N/A        -0.09     N/A        40.22    N/A           19.17    32.09    3.541    4.371    138   0    0     0     67.39  84.78  N/A         N/A          0.20         N/A          84.78  58.764   2.24     18.71       13.1        133      2.8      2.93          0.53    63.41     0.53    0.59    0.89    0.36    0.87     64.80   6.11    81.09   64.56   0.74    795.60     7.94     34.07  
133  TR921TS480_3        480     62.32    100.00  133   N/A       N/A        -0.14     N/A        39.31    N/A           17.13    28.85    3.552    4.258    138   0    0     0     61.59  82.61  N/A         N/A          -0.16        N/A          82.61  58.055   2.40     19.40       12.9        133      2.9      3.09          0.52    63.04     0.53    0.57    0.89    0.37    0.86     69.00   6.11    80.98   64.43   0.72    784.30     8.04     35.78  
134  TR921TS257_1        257     62.32    100.00  133   -0.38     N/A        -0.14     N/A        40.94    N/A           22.76    30.88    3.902    4.658    138   6    0     0     70.29  84.78  0.26        N/A          0.37         N/A          84.78  59.79    2.27     19.40       0           0        N/A      2.98          0.01    59.42     0.53    0.60    0.86    0.40    0.86     21.30   5.99    77.10   62.51   0.74    N/A        11.27    41.96  
135  TR921TS081_4        081     61.96    100.00  135   N/A       N/A        -0.17     N/A        41.12    N/A           21.49    33.16    4.099    4.895    138   0    0     0     61.59  78.26  N/A         N/A          -0.16        N/A          78.26  57.765   2.07     17.85       11.6        123      2.8      2.11          0.51    52.54     0.51    0.55    0.82    0.43    0.85     69.40   5.99    79.77   59.92   0.73    718.30     12.01    84.68  
136  TR921TS081_3        081     61.23    100.00  136   N/A       N/A        -0.22     N/A        39.49    N/A           21.71    31.69    4.127    4.977    138   0    0     0     62.32  76.81  N/A         N/A          -0.11        N/A          78.26  57.948   2.15     16.47       11          124      2.8      1.65          0.51    53.99     0.53    0.54    0.83    0.47    0.85     64.10   5.99    76.12   59.40   0.72    687.90     14.45    83.35  
137  TR921TS257_2        257     59.60    100.00  137   N/A       N/A        -0.35     N/A        38.04    N/A           19.59    28.58    3.994    4.63     138   6    0     0     62.32  81.88  N/A         N/A          -0.11        N/A          82.61  57.665   2.36     19.57       10.2        133      3        2.83          0.44    59.78     0.53    0.56    0.83    0.43    0.86     63.30   5.99    74.06   57.19   0.72    642.30     12.30    44.33  
138  TR921TS480_2        480     59.24    100.00  138   N/A       N/A        -0.38     N/A        36.41    N/A           16.18    27.66    3.921    4.832    138   0    0     0     63.77  80.43  N/A         N/A          -0.03        N/A          81.16  57.108   2.24     18.37       11.8        131      3        3.08          0.49    53.99     0.48    0.54    0.87    0.42    0.86     64.40   5.99    78.48   61.26   0.72    728.70     9.66     37.33  
139  TR921TS295_1        295     59.06    100.00  139   -0.72     N/A        -0.39     N/A        37.68    N/A           21.57    32.38    4.8      5.386    138   0    0     0     61.59  79.71  -0.42       N/A          -0.16        N/A          79.71  58.977   2.14     17.33       12.5        124      2.7      3.59          0.47    59.42     0.53    0.58    0.77    0.51    0.84     73.90   5.60    78.82   62.54   0.72    764.00     15.19    N/A    
140  TR921TS295_2        295     58.88    100.00  140   N/A       N/A        -0.41     N/A        37.13    N/A           20.75    31.91    4.84     5.505    138   0    0     0     59.42  76.81  N/A         N/A          -0.29        N/A          76.81  57.766   2.00     15.78       11.9        122      2.6      3.32          0.46    55.07     0.51    0.56    0.76    0.56    0.83     75.00   5.60    78.97   61.19   0.71    734.60     15.03    N/A    
141  TR921TS295_3        295     57.97    100.00  141   N/A       N/A        -0.48     N/A        36.59    N/A           20.28    30.63    4.893    5.475    138   0    0     0     60.14  78.99  N/A         N/A          -0.25        N/A          78.99  56.696   2.08     16.30       11.8        121      2.6      3.17          0.45    57.61     0.52    0.57    0.76    0.54    0.83     80.90   5.60    78.87   61.94   0.71    729.60     14.84    N/A    
142  TR921TS162_3        162     42.21    100.00  142   N/A       N/A        -1.72     N/A        25.54    N/A           10.86    20.15    8.013    8.546    138   0    0     0     39.13  48.55  N/A         N/A          -1.53        N/A          50.72  43.571   1.98     10.10       3.7         77       2.8      2.00          0.32    18.48     0.43    0.28    0.53    1.08    0.74     37.80   4.89    57.77   38.12   0.50    281.20     86.92    N/A    
143  TR921TS162_2        162     40.94    100.00  143   N/A       N/A        -1.82     N/A        24.64    N/A           11.49    20.18    8.016    8.492    138   0    0     0     39.13  47.83  N/A         N/A          -1.53        N/A          50.72  43.162   1.99     9.93        3.9         79       2.9      2.15          0.33    19.20     0.43    0.29    0.54    1.07    0.74     30.90   4.74    57.52   38.36   0.50    295.10     84.74    N/A    
144  TR921TS162_1        162     40.94    100.00  143   -2.59     N/A        -1.82     N/A        24.64    N/A           12.07    20.46    8.044    8.546    138   0    0     0     39.13  48.55  -2.19       N/A          -1.53        N/A          51.45  43.34    1.99     9.93        3.8         74       2.5      2.21          0.33    18.84     0.44    0.29    0.53    1.09    0.74     36.50   4.89    57.80   38.24   0.50    272.80     85.46    N/A    
145  TR921TS162_5        162     40.58    100.00  145   N/A       N/A        -1.85     N/A        23.91    N/A           10.30    18.95    8.074    8.646    138   0    0     0     36.96  50.00  N/A         N/A          -1.66        N/A          50.72  43.065   2.11     9.93        3.6         73       2.6      2.33          0.32    17.39     0.42    0.26    0.53    1.10    0.73     37.10   4.89    57.02   36.62   0.49    266.40     87.21    N/A    
146  TR921TS162_4        162     40.04    100.00  146   N/A       N/A        -1.89     N/A        24.27    N/A           11.10    19.78    8.096    8.64     138   0    0     0     39.13  47.83  N/A         N/A          -1.53        N/A          50.00  43.14    2.16     9.93        3.4         76       2.9      2.21          0.32    18.12     0.43    0.27    0.53    1.10    0.74     37.80   5.19    57.20   38.41   0.49    273.90     88.30    N/A    
147  TR921TS257_3        257     36.23    100.00  147   N/A       N/A        -2.19     N/A        19.02    N/A           11.10    11.56    7.532    18.155   138   2    0     0     22.46  36.96  N/A         N/A          -2.55        N/A          37.68  27.558   2.27     7.35        0.7         65       3.7      2.58          0.00    0.36      0.39    0.19    0.52    1.29    0.71     22.00   4.25    52.64   30.96   0.40    129.70     73.59    72.18  
148  TR921TS257_4        257     33.70    100.00  148   N/A       N/A        -2.39     N/A        21.56    N/A           11.74    12.11    11.143   16.993   138   5    0     0     28.26  35.51  N/A         N/A          -2.19        N/A          44.93  33.738   2.28     8.21        0           0        N/A      2.87          0.00    0.36      0.42    0.23    0.21    1.28    0.69     7.80    4.42    49.47   32.70   0.44    N/A        178.96   69.84  
149  TR921TS330_4        330     27.54    100.00  149   N/A       N/A        -2.87     N/A        15.58    N/A           7.13     11.15    13.085   13.527   138   0    0     0     2.17   30.43  N/A         N/A          -3.78        N/A          39.86  27.423   2.35     4.94        1.4         67       3.9      1.73          0.31    14.86     0.43    0.28    0.26    1.45    0.53     55.30   4.07    43.20   38.57   0.40    174.80     115.27   51.21  
150  TR921TS330_3        330     25.54    100.00  150   N/A       N/A        -3.03     N/A        15.40    N/A           6.27     9.43     16.015   16.336   138   0    0     0     20.29  30.43  N/A         N/A          -2.68        N/A          37.68  25.232   2.58     4.25        0           0        N/A      1.17          0.27    9.06      0.39    0.17    0.09    1.70    0.46     50.80   2.58    39.56   32.91   0.36    N/A        123.36   39.02  
151  TR921TS330_5        330     23.91    100.00  151   N/A       N/A        -3.16     N/A        14.49    N/A           7.68     9.03     16.332   16.665   138   0    0     0     17.39  27.54  N/A         N/A          -2.85        N/A          36.23  24.9     2.48     2.53        0           0        N/A      0.93          0.27    10.87     0.41    0.19    0.09    1.81    0.45     50.40   3.29    38.03   34.63   0.35    N/A        124.60   38.37  
152  TR921TS330_2        330     19.02    100.00  152   N/A       N/A        -3.54     N/A        10.69    N/A           3.01     5.59     15.577   15.87    138   2    0     0     12.32  16.67  N/A         N/A          -3.16        N/A          34.78  22.122   2.37     2.36        0.9         60       4        1.17          0.26    6.52      0.40    0.14    -0.01   1.96    0.48     52.70   1.64    31.63   30.00   0.32    150.80     168.09   33.31  
153  TR921TS399_5        399     17.75    100.00  153   N/A       N/A        -3.64     N/A        10.51    N/A           3.23     5.83     17.9     18.079   138   13   0     0     0.72   0.00   N/A         N/A          -3.87        N/A          21.74  11.051   2.66     2.53        0           0        N/A      3.60          0.11    7.61      0.36    0.15    0.04    1.90    0.49     20.60   1.24    31.21   27.68   0.25    N/A        246.69   35.67  
154  TR921TS399_1        399     17.21    100.00  154   -5.04     N/A        -3.68     N/A        10.33    N/A           1.02     4.96     16.758   17.078   138   15   0     0     0.00   0.72   -5.28       N/A          -3.92        N/A          15.94  12.243   2.76     1.84        0           0        N/A      3.79          0.09    7.97      0.36    0.18    0.15    1.83    0.46     20.70   1.24    31.92   29.00   0.23    N/A        184.97   35.13  
155  TR921TS399_3        399     17.03    100.00  155   N/A       N/A        -3.70     N/A        10.51    N/A           1.11     4.60     17.111   17.384   138   18   0     0     1.45   1.45   N/A         N/A          -3.83        N/A          21.74  11.051   2.66     1.84        0           0        N/A      3.78          0.10    7.61      0.36    0.17    0.09    1.80    0.48     21.20   1.24    31.93   28.75   0.25    N/A        193.22   34.51  
156  TR921TS399_4        399     16.49    100.00  156   N/A       N/A        -3.74     N/A        9.96     N/A           1.21     5.25     17.38    17.732   138   14   0     0     0.00   0.00   N/A         N/A          -3.92        N/A          26.09  17.778   2.56     1.67        0           0        N/A      3.59          0.11    7.61      0.36    0.16    0.09    1.94    0.48     18.60   1.64    29.54   27.69   0.25    N/A        208.49   36.29  
157  TR921TS399_2        399     15.58    100.00  157   N/A       N/A        -3.81     N/A        9.24     N/A           1.50     5.27     18.441   18.731   138   10   0     0     1.45   5.80   N/A         N/A          -3.83        N/A          22.46  15.376   2.71     1.84        0           0        N/A      3.53          0.13    8.70      0.36    0.16    0.15    1.96    0.48     18.90   1.64    33.49   28.18   0.25    N/A        227.98   31.38  

