#    Model               GR#     GDT_TS   NP_P    RANK  Z-M1-GDT  Z-M1s-GDT  Z-MA-GDT  Z-MAs-GDT  GDT_HA   Z-M1s-GDT-HA  GDC_SC   GDC_ALL  RMS_CA   RMS_ALL  NP    err  PC01  PC05  AL0_P  AL4_P  Z-M1-AL0_p  Z-M1s-AL0_p  Z-MA-AL0_p   Z-MAs-AL0_p  ALI_P  LGA_S    RMSD[L]  Z-score[M]  Z-Score[D]  Al.Res.  RMSD[D]  MolPrb_Score  LDDT    SphGr     CAD_AA  RPF     CODM    DFM     Handed.  SOV     CE      QCS     CONTS   TMscore  Dali(raw)  FlexE    QSE    

-    Starting model      -       66.43    -       -     -         -          -         -          52.28    -             32.03    -        13.04    13.86    -     -    -     -     -      -      -           -            -            -            -      -        -        17.85       16.90       139      2.80     0.86          0.53    51.43     0.57    0.59    0.66    0.54    0.86     84.50   6.23    83.82   70.06   0.71     1125.70    53.99    -      

1    TR947TS011_3        011     68.86    100.00  1     N/A       N/A        0.72      N/A        56.15    N/A           38.30    50.78    11.045   11.636   175   2    0     0     68.00  70.29  N/A         N/A          0.52         N/A          74.29  73.138   1.34     18.49       18.7        141      3        1.92          0.59    61.43     0.64    0.65    0.70    0.48    0.83     81.10   6.35    86.02   74.88   0.72    1235.70    40.06    42.25  
2    TR947TS023_5        023     68.71    100.00  2     N/A       N/A        0.71      N/A        54.85    N/A           32.84    48.17    13.034   13.896   175   0    0     0     69.14  73.14  N/A         N/A          0.60         N/A          73.14  72.805   1.30     18.17       18.1        141      3.2      1.24          0.55    55.71     0.62    0.61    0.66    0.52    0.86     82.50   6.11    85.11   74.30   0.72    1200.70    52.95    38.61  
3    TR947TS023_2        023     68.71    100.00  2     N/A       N/A        0.71      N/A        54.28    N/A           32.02    47.61    12.926   13.86    175   0    0     0     69.14  73.14  N/A         N/A          0.60         N/A          73.14  72.604   1.32     18.17       18.1        140      2.7      0.97          0.55    55.43     0.61    0.61    0.65    0.54    0.86     81.40   6.23    84.51   74.83   0.72    1196.30    52.36    38.66  
4    TR947TS011_2        011     68.71    100.00  2     N/A       N/A        0.71      N/A        55.72    N/A           38.07    50.77    10.356   11.062   175   1    0     0     68.00  70.86  N/A         N/A          0.52         N/A          74.29  72.955   1.35     18.33       18.8        141      2.9      1.57          0.59    62.29     0.63    0.64    0.71    0.50    0.84     81.10   6.35    86.01   74.88   0.73    1238.80    37.02    41.95  
5    TR947TS023_1        023     68.57    100.00  5     0.68      N/A        0.70      N/A        53.57    N/A           32.23    47.29    12.711   13.558   175   0    0     0     69.71  73.14  0.60        N/A          0.63         N/A          73.14  72.581   1.35     18.01       18          137      1.9      0.89          0.55    57.71     0.61    0.62    0.67    0.51    0.86     81.10   6.11    85.00   73.99   0.72    1189.20    50.64    38.72  
6    TR947TS023_3        023     68.43    100.00  6     N/A       N/A        0.68      N/A        53.57    N/A           30.89    46.95    13.126   14.025   175   0    0     0     68.57  73.14  N/A         N/A          0.56         N/A          73.14  73.125   1.38     18.01       18          137      1.9      1.05          0.55    56.57     0.60    0.61    0.65    0.52    0.86     84.10   6.11    84.00   74.28   0.72    1186.40    53.09    38.73  
7    TR947TS208_3        208     68.14    100.00  7     N/A       N/A        0.66      N/A        55.00    N/A           34.72    47.52    12.985   13.743   175   1    0     0     67.43  72.00  N/A         N/A          0.49         N/A          72.00  71.366   1.30     17.85       17.6        138      2.6      1.79          0.54    52.57     0.59    0.60    0.65    0.52    0.86     84.70   6.35    84.31   71.58   0.72    1168.20    53.93    42.89  
8    TR947TS208_1        208     68.14    100.00  7     0.65      N/A        0.66      N/A        55.28    N/A           34.08    47.58    12.985   13.758   175   1    0     0     66.86  71.43  0.40        N/A          0.45         N/A          71.43  72.015   1.38     17.69       17.5        138      2.6      1.35          0.54    52.57     0.59    0.60    0.66    0.52    0.86     84.70   6.11    84.40   71.83   0.72    1167.60    53.77    42.85  
9    TR947TS450_5        450     68.14    100.00  7     N/A       N/A        0.66      N/A        54.14    N/A           33.73    49.03    11.074   11.767   175   1    0     0     68.57  72.00  N/A         N/A          0.56         N/A          73.71  72.992   1.41     18.17       18.7        138      2.3      1.73          0.59    58.00     0.63    0.64    0.70    0.50    0.83     73.90   6.35    85.96   75.12   0.73    1237.20    40.39    42.21  
10   TR947TS208_5        208     68.14    100.00  7     N/A       N/A        0.66      N/A        54.86    N/A           33.71    47.37    12.982   13.751   175   1    0     0     66.86  72.00  N/A         N/A          0.45         N/A          72.00  71.947   1.32     17.69       17.6        140      2.7      1.48          0.54    51.71     0.58    0.59    0.66    0.53    0.86     83.80   6.11    84.36   71.72   0.72    1167.20    53.79    42.88  
11   TR947TS011_1        011     68.14    100.00  7     0.65      N/A        0.66      N/A        54.14    N/A           33.73    49.03    11.074   11.767   175   1    0     0     68.57  72.00  0.52        N/A          0.56         N/A          73.71  72.992   1.41     18.17       18.7        138      2.3      1.73          0.59    58.00     0.63    0.64    0.70    0.50    0.83     73.90   6.35    85.96   75.12   0.73    1237.20    40.39    42.21  
12   TR947TS208_4        208     68.00    100.00  12    N/A       N/A        0.65      N/A        55.00    N/A           34.90    47.78    12.985   13.735   175   1    0     0     67.43  71.43  N/A         N/A          0.49         N/A          71.43  72.308   1.40     17.69       17.7        134      1.7      1.45          0.54    52.57     0.59    0.60    0.65    0.52    0.86     84.70   6.35    84.37   71.83   0.72    1165.60    53.83    42.86  
13   TR947TS430_2        430s    68.00    100.00  12    N/A       N/A        0.65      0.88       54.86    N/A           34.92    48.69    13.036   13.883   175   1    0     0     66.29  71.43  N/A         N/A          0.41         -0.05        71.43  71.486   1.38     17.69       17.4        138      2.7      1.65          0.54    52.86     0.59    0.59    0.66    0.52    0.86     83.80   5.99    84.32   71.20   0.72    1159.30    54.43    43.22  
14   TR947TS430_5        430s    68.00    100.00  12    N/A       N/A        0.65      0.88       55.00    N/A           34.92    48.79    13.031   13.854   175   1    0     0     66.86  70.86  N/A         N/A          0.45         0.24         70.86  71.494   1.32     17.69       17.4        139      2.8      1.35          0.55    52.00     0.59    0.59    0.66    0.53    0.86     83.80   6.35    84.28   71.13   0.72    1159.30    54.55    43.23  
15   TR947TS208_2        208     67.86    100.00  15    N/A       N/A        0.64      N/A        54.57    N/A           34.07    47.70    12.988   13.772   175   1    0     0     66.86  72.00  N/A         N/A          0.45         N/A          72.00  71.972   1.38     17.85       17.5        140      2.8      1.46          0.54    52.29     0.59    0.60    0.66    0.53    0.86     78.70   6.11    84.37   71.85   0.72    1163.60    53.69    42.82  
16   TR947TS430_1        430s    67.71    100.00  16    0.61      1.14       0.63      0.73       54.29    1.40          35.00    48.57    13.038   13.847   175   1    0     0     66.86  70.86  0.40        0.56         0.45         0.24         70.86  71.135   1.33     17.85       17.4        138      2.7      1.89          0.54    52.57     0.59    0.59    0.66    0.53    0.86     83.20   5.99    84.31   71.17   0.72    1156.60    54.38    43.24  
17   TR947TS450_2        450     67.57    100.00  17    N/A       N/A        0.61      N/A        54.00    N/A           33.25    47.92    10.244   10.903   175   2    0     0     68.57  71.43  N/A         N/A          0.56         N/A          73.71  72.321   1.35     17.54       18.6        142      3.2      1.99          0.59    63.14     0.63    0.64    0.72    0.55    0.83     80.20   6.23    85.27   75.40   0.72    1231.00    35.34    42.31  
18   TR947TS220_5        220s    67.57    100.00  17    N/A       N/A        0.61      0.67       55.29    N/A           33.86    48.97    12.691   13.622   175   1    0     0     69.14  71.43  N/A         N/A          0.60         1.41         73.14  71.794   1.30     18.49       18.4        135      2        1.52          0.58    58.57     0.62    0.62    0.65    0.58    0.84     88.30   6.23    85.47   73.77   0.72    1214.50    50.79    42.38  
19   TR947TS430_3        430s    67.43    100.00  19    N/A       N/A        0.60      0.60       54.14    N/A           33.03    47.90    13.046   13.821   175   1    0     0     67.43  71.43  N/A         N/A          0.49         0.53         71.43  70.987   1.34     17.85       17.2        138      2.7      1.79          0.53    51.71     0.58    0.58    0.66    0.53    0.86     83.90   5.99    84.24   70.79   0.72    1145.00    54.49    43.34  
20   TR947TS450_4        450     67.43    100.00  19    N/A       N/A        0.60      N/A        54.57    N/A           33.17    47.44    10.27    10.94    175   1    0     0     68.00  71.43  N/A         N/A          0.52         N/A          73.71  72.17    1.53     18.97       18.5        142      3.2      1.73          0.58    62.86     0.62    0.64    0.72    0.56    0.82     77.60   6.47    85.32   74.72   0.72    1226.40    35.95    42.69  
21   TR947TS204_1        204     67.29    100.00  21    0.57      N/A        0.59      N/A        54.57    N/A           32.70    47.16    13.006   13.758   175   1    0     0     67.43  72.57  0.44        N/A          0.49         N/A          72.57  71.419   1.31     18.17       17.4        138      3.1      0.78          0.54    53.71     0.58    0.59    0.66    0.53    0.86     84.80   5.99    84.07   71.29   0.72    1157.30    54.06    N/A    
22   TR947TS430_4        430s    67.29    100.00  21    N/A       N/A        0.59      0.53       53.43    N/A           32.75    47.63    13.036   13.829   175   1    0     0     66.29  71.43  N/A         N/A          0.41         -0.05        71.43  70.847   1.44     17.85       17.1        138      2.7      1.46          0.54    51.71     0.58    0.58    0.66    0.54    0.86     83.20   5.99    84.28   70.82   0.72    1141.30    54.34    43.37  
23   TR947TS204_3        204     67.29    100.00  21    N/A       N/A        0.59      N/A        54.57    N/A           32.70    47.16    13.006   13.758   175   1    0     0     67.43  72.57  N/A         N/A          0.49         N/A          72.57  71.419   1.31     18.17       17.4        138      3.1      0.78          0.54    53.71     0.58    0.59    0.66    0.53    0.86     84.80   5.99    84.07   71.29   0.72    1157.30    54.06    N/A    
24   TR947TS118_3        118     67.29    100.00  21    N/A       N/A        0.59      N/A        52.29    N/A           32.96    47.71    11.78    12.459   175   1    0     0     68.57  73.14  N/A         N/A          0.56         N/A          73.71  71.975   1.26     17.85       17.8        142      2.9      1.75          0.56    61.14     0.59    0.61    0.65    0.62    0.69     75.07   6.23    81.71   72.77   0.72    1188.80    34.54    N/A    
25   TR947TS412_1        412     67.14    100.00  25    0.56      N/A        0.58      N/A        52.72    N/A           31.77    46.15    12.934   13.785   175   1    0     0     67.43  72.00  0.44        N/A          0.49         N/A          72.00  71.065   1.35     17.85       16.6        139      2.8      1.29          0.53    51.14     0.58    0.58    0.66    0.54    0.87     84.41   6.23    84.03   70.23   0.71    1107.20    54.10    74.86  
26   TR947TS102_1        102     67.14    100.00  25    0.56      N/A        0.58      N/A        54.28    N/A           32.54    46.95    13.02    13.81    175   4    0     0     66.29  72.00  0.36        N/A          0.41         N/A          72.00  69.584   1.42     18.33       17.1        136      2.2      1.30          0.53    52.29     0.57    0.58    0.66    0.54    0.86     85.50   5.99    83.86   70.89   0.71    1136.80    53.34    N/A    
27   TR947TS250_1        250s    67.00    100.00  27    0.54      0.80       0.57      0.39       52.14    0.46          29.77    45.29    12.799   13.749   175   0    0     0     67.43  71.43  0.44        0.88         0.49         0.53         71.43  70.932   1.37     18.33       17.1        135      1.9      1.25          0.54    53.71     0.60    0.60    0.66    0.57    0.85     82.80   6.11    83.58   72.25   0.71    1135.80    52.24    47.62  
28   TR947TS412_5        412     67.00    100.00  27    N/A       N/A        0.57      N/A        52.72    N/A           30.79    45.66    13.624   14.48    175   1    0     0     67.43  71.43  N/A         N/A          0.49         N/A          71.43  71.165   1.36     17.69       16.8        134      1.9      1.32          0.53    51.43     0.58    0.58    0.65    0.55    0.87     86.20   6.23    83.73   70.12   0.71    1122.00    59.59    74.81  
29   TR947TS220_4        220s    67.00    100.00  27    N/A       N/A        0.57      0.39       53.00    N/A           35.55    46.76    9.392    10.044   175   1    0     0     66.86  71.43  N/A         N/A          0.45         0.24         74.86  71.594   1.48     18.49       18.4        139      2.7      1.81          0.58    64.00     0.63    0.63    0.74    0.50    0.83     80.80   6.47    86.10   74.40   0.71    1215.00    30.85    42.89  
30   TR947TS023_4        023     66.86    100.00  30    N/A       N/A        0.56      N/A        52.57    N/A           30.83    46.06    13.029   13.924   175   0    0     0     66.86  71.43  N/A         N/A          0.45         N/A          71.43  71.093   1.30     18.33       17.2        138      2.8      1.09          0.54    53.14     0.60    0.60    0.65    0.56    0.85     82.60   6.35    83.99   73.00   0.71    1142.70    52.92    40.00  
31   TR947TS450_1        450     66.86    100.00  30    0.53      N/A        0.56      N/A        53.72    N/A           33.76    45.96    10.481   11.118   175   1    0     0     69.14  74.29  0.56        N/A          0.60         N/A          74.29  71.992   1.46     18.33       18.7        141      3        1.81          0.58    61.43     0.62    0.64    0.72    0.56    0.84     70.60   6.11    85.25   74.78   0.72    1234.20    36.38    42.60  
32   TR947TS011_4        011     66.86    100.00  30    N/A       N/A        0.56      N/A        53.72    N/A           33.76    45.96    10.481   11.118   175   1    0     0     69.14  74.29  N/A         N/A          0.60         N/A          74.29  71.992   1.46     18.33       18.7        141      3        1.81          0.58    61.43     0.62    0.64    0.72    0.56    0.84     70.60   6.11    85.25   74.78   0.72    1234.20    36.38    42.60  
33   TR947TS273_1        273     66.86    100.00  30    0.53      N/A        0.56      N/A        52.43    N/A           31.20    46.02    13.034   13.84    175   1    0     0     67.43  71.43  0.44        N/A          0.49         N/A          71.43  70.885   1.34     18.01       17          138      2.7      2.10          0.53    52.00     0.58    0.59    0.66    0.53    0.86     85.50   5.99    83.90   70.89   0.71    1134.10    53.81    N/A    
34   TR947TS418_3        418     66.71    100.00  34    N/A       N/A        0.54      N/A        50.86    N/A           26.40    42.13    12.478   13.267   175   0    0     0     66.86  73.14  N/A         N/A          0.45         N/A          73.14  70.607   1.54     18.65       16.6        140      2.5      3.99          0.51    52.00     0.53    0.57    0.72    0.72    0.76     74.80   6.11    83.33   69.88   0.72    1118.80    35.90    75.57  
35   TR947TS250_4        250s    66.71    100.00  34    N/A       N/A        0.54      0.25       52.00    N/A           29.90    45.38    12.778   13.732   175   0    0     0     67.43  71.43  N/A         N/A          0.49         0.53         71.43  70.997   1.37     18.33       17          140      2.9      1.03          0.54    53.43     0.60    0.60    0.66    0.57    0.85     82.80   6.11    83.58   72.21   0.71    1130.10    52.06    47.66  
36   TR947TS412_2        412     66.71    100.00  34    N/A       N/A        0.54      N/A        52.14    N/A           31.89    46.44    13.412   14.264   175   1    0     0     67.43  71.43  N/A         N/A          0.49         N/A          71.43  70.945   1.37     17.85       16.8        132      1.7      1.11          0.53    51.43     0.58    0.58    0.66    0.58    0.85     86.11   6.23    83.74   70.14   0.71    1112.20    57.50    74.78  
37   TR947TS204_5        204     66.57    100.00  37    N/A       N/A        0.53      N/A        52.72    N/A           31.56    46.31    13.032   13.848   175   1    0     0     67.43  71.43  N/A         N/A          0.49         N/A          71.43  69.915   1.43     17.69       16.9        138      2.7      1.13          0.53    51.71     0.57    0.59    0.66    0.54    0.86     83.40   6.23    83.86   70.41   0.71    1129.10    54.10    N/A    
38   TR947TS412_4        412     66.57    100.00  37    N/A       N/A        0.53      N/A        52.29    N/A           31.43    46.07    13.832   14.63    175   1    0     0     66.86  70.86  N/A         N/A          0.45         N/A          70.86  70.779   1.46     17.69       16.8        136      2.6      1.03          0.52    51.14     0.58    0.58    0.65    0.57    0.86     84.41   6.23    83.71   70.09   0.71    1117.80    61.09    74.84  
39   TR947TS450_3        450     66.57    100.00  37    N/A       N/A        0.53      N/A        52.86    N/A           33.94    46.57    10.231   10.859   175   1    0     0     67.43  71.43  N/A         N/A          0.49         N/A          74.86  72.489   1.50     17.54       18.6        140      2.5      1.95          0.58    62.57     0.63    0.64    0.72    0.55    0.83     66.40   6.47    86.45   75.01   0.72    1230.30    35.62    42.76  
40   TR947TS250_2        250s    66.57    100.00  37    N/A       N/A        0.53      0.18       51.57    N/A           30.67    45.62    12.881   13.833   175   0    0     0     66.86  70.86  N/A         N/A          0.45         0.24         70.86  70.99    1.37     18.33       17.1        139      2.9      1.03          0.54    53.71     0.60    0.60    0.66    0.57    0.85     82.80   6.11    83.56   72.21   0.71    1136.80    52.85    47.64  
41   TR947TS294_1        294     66.57    100.00  37    0.50      N/A        0.53      N/A        52.29    N/A           31.12    45.26    13.081   13.87    175   0    0     0     67.43  71.43  0.44        N/A          0.49         N/A          71.43  70.857   1.42     17.69       16.9        138      2.7      2.23          0.52    51.43     0.56    0.58    0.66    0.53    0.86     74.10   6.23    84.09   70.51   0.71    1130.10    54.34    37.59  
42   TR947TS250_3        250s    66.57    100.00  37    N/A       N/A        0.53      0.18       51.43    N/A           30.21    45.56    12.573   13.504   175   0    0     0     67.43  71.43  N/A         N/A          0.49         0.53         71.43  71.02    1.38     18.33       17          138      2.8      1.15          0.54    53.43     0.60    0.60    0.66    0.58    0.85     82.80   6.11    83.58   72.18   0.71    1132.20    50.33    47.64  
43   TR947TS250_5        250s    66.43    100.00  43    N/A       N/A        0.52      0.11       51.72    N/A           29.90    45.20    12.833   13.782   175   0    0     0     67.43  71.43  N/A         N/A          0.49         0.53         71.43  71.313   1.40     18.33       17.1        139      2.8      1.10          0.54    53.71     0.60    0.60    0.66    0.57    0.85     82.80   6.11    83.59   72.17   0.71    1136.40    52.63    47.70  
44   TR947TS412_3        412     66.43    100.00  43    N/A       N/A        0.52      N/A        51.71    N/A           31.42    45.56    13.539   14.36    175   1    0     0     67.43  71.43  N/A         N/A          0.49         N/A          71.43  70.867   1.37     17.85       16.7        132      1.7      1.10          0.53    51.14     0.58    0.58    0.66    0.58    0.85     86.70   6.23    83.73   69.90   0.71    1110.50    58.72    74.91  
45   TR947TS396_1        396     66.29    100.00  45    0.48      N/A        0.51      N/A        52.14    N/A           31.79    45.84    13.037   13.861   175   1    0     0     67.43  71.43  0.44        N/A          0.49         N/A          71.43  70.734   1.37     17.85       16.8        138      2.7      0.86          0.53    51.43     0.57    0.59    0.66    0.54    0.86     85.00   6.23    83.85   70.12   0.71    1122.50    53.99    N/A    
46   TR947TS102_5        102     66.29    100.00  45    N/A       N/A        0.51      N/A        52.00    N/A           32.39    45.52    13.066   13.842   175   1    0     0     64.57  70.86  N/A         N/A          0.30         N/A          70.86  70.218   1.51     18.17       16.4        138      3.1      2.00          0.52    49.14     0.55    0.56    0.66    0.59    0.86     86.60   5.99    83.52   69.04   0.71    1106.60    54.60    71.61  
47   TR947TS073_5        073     66.14    100.00  47    N/A       N/A        0.50      N/A        52.14    N/A           32.40    46.16    13.034   13.849   175   1    0     0     67.43  72.00  N/A         N/A          0.49         N/A          72.00  70.439   1.46     17.85       16.8        138      2.7      2.04          0.53    51.43     0.57    0.59    0.66    0.54    0.86     86.80   6.23    83.71   70.06   0.71    1121.20    53.93    81.77  
48   TR947TS081_2        081     66.14    100.00  47    N/A       N/A        0.50      N/A        51.72    N/A           31.68    45.47    12.962   13.743   175   1    0     0     66.86  72.00  N/A         N/A          0.45         N/A          72.00  70.892   1.49     17.69       16.7        139      2.8      0.89          0.53    52.29     0.59    0.59    0.66    0.55    0.86     87.40   6.35    83.95   69.97   0.71    1115.10    55.60    73.60  
49   TR947TS220_2        220s    66.14    100.00  47    N/A       N/A        0.50      -0.03      52.43    N/A           32.97    45.35    8.572    9.37     175   1    0     0     66.29  71.43  N/A         N/A          0.41         -0.05        74.86  72.278   1.59     17.69       18.1        145      3.1      1.71          0.59    63.43     0.63    0.63    0.80    0.56    0.78     70.20   5.99    83.42   73.77   0.72    1225.20    16.38    43.32  
50   TR947TS396_2        396     66.14    100.00  47    N/A       N/A        0.50      N/A        51.86    N/A           32.03    46.08    13.04    13.867   175   1    0     0     67.43  71.43  N/A         N/A          0.49         N/A          71.43  70.907   1.37     17.69       16.6        138      2.7      0.80          0.53    51.43     0.57    0.58    0.66    0.54    0.86     86.20   6.23    83.81   70.05   0.71    1121.70    54.05    N/A    
51   TR947TS393_1        393     65.86    100.00  51    0.44      N/A        0.47      N/A        50.43    N/A           31.41    44.73    12.986   13.776   175   1    0     0     67.43  71.43  0.44        N/A          0.49         N/A          71.43  69.807   1.38     18.17       16.5        139      2.8      2.75          0.53    53.71     0.57    0.59    0.65    0.54    0.86     80.70   6.35    83.46   69.79   0.71    1119.00    53.90    37.81  
52   TR947TS081_1        081     65.86    100.00  51    0.44      N/A        0.47      N/A        50.57    N/A           30.84    44.07    12.73    13.51    175   1    0     0     66.86  72.57  0.40        N/A          0.45         N/A          72.57  70.709   1.37     18.17       16.6        140      2.8      1.10          0.53    52.29     0.59    0.59    0.66    0.56    0.86     88.20   6.23    83.99   70.09   0.71    1113.50    54.45    75.77  
53   TR947TS188_1        188     65.86    100.00  51    0.44      N/A        0.47      N/A        50.72    N/A           29.97    44.75    13.059   13.838   175   1    0     0     67.43  71.43  0.44        N/A          0.49         N/A          71.43  70.421   1.41     17.85       16.7        137      2.6      2.42          0.52    50.00     0.56    0.58    0.66    0.54    0.86     75.40   6.23    83.50   69.50   0.71    1113.60    54.17    N/A    
54   TR947TS279_1        279     65.43    100.00  54    0.40      N/A        0.44      N/A        51.14    N/A           27.45    45.20    10.743   11.39    175   4    0     0     69.14  70.86  0.56        N/A          0.60         N/A          76.00  73.278   1.45     17.22       16.3        138      2.2      2.72          0.52    54.29     0.59    0.58    0.80    0.60    0.72     84.22   5.99    83.30   70.59   0.74    1183.50    15.25    79.67  
55   TR947TS102_2        102     65.43    100.00  54    N/A       N/A        0.44      N/A        51.14    N/A           29.29    44.09    12.776   13.529   175   24   0     0     63.43  70.86  N/A         N/A          0.23         N/A          70.86  70.268   1.58     17.85       16          126      2.2      2.39          0.51    49.14     0.54    0.57    0.66    0.58    0.85     89.00   5.99    83.03   69.45   0.71    1022.50    51.23    N/A    
56   TR947TS017_4        017     65.43    100.00  54    N/A       N/A        0.44      N/A        49.72    N/A           30.55    44.85    13.01    13.826   175   1    0     0     66.29  71.43  N/A         N/A          0.41         N/A          71.43  69.737   1.40     17.85       16.7        135      2.6      1.75          0.52    51.14     0.58    0.58    0.66    0.56    0.86     83.12   6.23    84.21   70.19   0.71    1112.00    54.25    89.39  
57   TR947TS001_5        001     65.00    100.00  57    N/A       N/A        0.40      N/A        49.57    N/A           33.52    43.84    8.013    8.794    175   19   0     0     66.29  73.14  N/A         N/A          0.41         N/A          73.14  70.987   1.61     17.85       15.5        139      2.9      4.28          0.49    55.43     0.57    0.61    0.71    0.52    0.84     83.12   6.11    82.89   69.68   0.71    1132.00    27.32    N/A    
58   TR947TS162_4        162     64.86    100.00  58    N/A       N/A        0.39      N/A        50.00    N/A           29.32    44.18    9.828    10.689   175   0    0     0     66.29  70.86  N/A         N/A          0.41         N/A          70.86  70.188   1.44     17.85       16.3        136      2.6      0.97          0.52    51.43     0.57    0.57    0.76    0.58    0.81     80.10   6.23    82.62   69.24   0.71    1092.00    31.34    N/A    
59   TR947TS102_3        102     64.86    100.00  58    N/A       N/A        0.39      N/A        50.00    N/A           30.48    44.58    12.99    13.757   175   1    0     0     65.71  72.57  N/A         N/A          0.38         N/A          72.57  70.792   1.57     18.65       16.4        139      2.7      2.34          0.52    52.57     0.56    0.57    0.65    0.56    0.86     87.90   6.35    83.17   69.50   0.71    1101.90    53.08    71.95  
60   TR947TS418_5        418     64.86    100.00  58    N/A       N/A        0.39      N/A        49.43    N/A           25.16    42.47    10.966   11.637   175   0    0     0     68.00  72.57  N/A         N/A          0.52         N/A          72.57  70.07    1.49     18.17       16.6        139      2.8      4.05          0.51    50.86     0.53    0.57    0.72    0.56    0.87     70.20   6.35    83.74   69.43   0.71    1112.10    26.95    74.99  
61   TR947TS418_4        418     64.71    100.00  61    N/A       N/A        0.38      N/A        48.57    N/A           27.32    42.16    12.081   13.054   175   0    0     0     67.43  72.00  N/A         N/A          0.49         N/A          72.00  70.581   1.45     17.85       16.4        135      2.1      3.93          0.51    52.00     0.55    0.57    0.72    0.64    0.85     65.90   6.23    82.48   69.54   0.71    1106.00    38.94    74.69  
62   TR947TS001_4        001     64.57    100.00  62    N/A       N/A        0.37      N/A        49.15    N/A           32.17    42.85    10.092   10.974   175   10   0     0     65.71  72.57  N/A         N/A          0.38         N/A          73.71  71.512   1.49     18.49       16.4        141      2.4      3.56          0.50    52.00     0.57    0.60    0.69    0.62    0.80     85.91   5.86    82.51   69.26   0.72    1120.80    32.88    N/A    
63   TR947TS324_1        324     64.29    100.00  63    0.30      N/A        0.34      N/A        48.57    N/A           29.90    43.61    13.044   13.839   175   1    0     0     68.00  72.57  0.48        N/A          0.52         N/A          72.57  69.757   1.43     18.01       16.9        138      2.8      2.27          0.53    51.43     0.57    0.59    0.65    0.55    0.87     86.10   5.99    83.71   70.82   0.71    1127.80    50.09    38.16  
64   TR947TS187_3        187     64.29    100.00  63    N/A       N/A        0.34      N/A        48.57    N/A           25.07    41.41    12.914   13.633   175   0    0     0     64.57  71.43  N/A         N/A          0.30         N/A          71.43  70.083   1.54     17.85       15.9        138      2.9      2.63          0.45    44.00     0.53    0.55    0.65    0.59    0.85     83.50   6.23    82.72   67.30   0.70    1081.80    56.03    N/A    
65   TR947TS162_2        162     64.29    100.00  63    N/A       N/A        0.34      N/A        48.29    N/A           30.43    43.95    9.693    10.544   175   0    0     0     67.43  70.86  N/A         N/A          0.49         N/A          70.86  69.84    1.45     17.85       16.1        136      2.6      1.40          0.51    51.14     0.57    0.57    0.76    0.58    0.81     78.40   5.99    82.69   69.21   0.70    1083.30    30.83    N/A    
66   TR947TS162_3        162     64.29    100.00  63    N/A       N/A        0.34      N/A        48.57    N/A           28.84    43.91    9.676    10.515   175   0    0     0     67.43  70.86  N/A         N/A          0.49         N/A          70.86  69.298   1.51     18.33       16.3        136      2.5      0.97          0.51    51.14     0.57    0.57    0.77    0.58    0.81     80.10   6.23    82.83   69.51   0.71    1091.90    30.35    N/A    
67   TR947TS073_1        073     64.29    100.00  63    0.30      N/A        0.34      N/A        48.28    N/A           29.28    41.15    11.37    12.051   175   1    0     0     66.29  72.00  0.36        N/A          0.41         N/A          73.14  70.456   1.56     18.81       16.8        141      2.4      1.47          0.53    53.14     0.57    0.58    0.73    0.68    0.70     86.50   6.23    82.87   69.27   0.71    1142.40    32.08    80.20  
68   TR947TS162_1        162     64.14    100.00  68    0.28      N/A        0.33      N/A        48.43    N/A           30.49    44.44    9.709    10.595   175   0    0     0     66.86  70.86  0.40        N/A          0.45         N/A          70.86  69.541   1.40     18.17       16.2        137      2.6      1.72          0.51    50.57     0.56    0.56    0.76    0.58    0.81     78.40   6.23    82.89   69.15   0.71    1087.70    30.73    N/A    
69   TR947TS324_2        324     64.00    100.00  69    N/A       N/A        0.32      N/A        47.86    N/A           28.80    42.94    12.129   12.904   175   1    0     0     68.00  72.00  N/A         N/A          0.52         N/A          72.00  70.231   1.46     18.17       16.8        138      3.2      2.32          0.52    51.43     0.57    0.58    0.69    0.56    0.82     86.10   6.23    83.99   70.68   0.71    1121.60    41.59    38.10  
70   TR947TS017_1        017     63.86    100.00  70    0.26      N/A        0.31      N/A        48.86    N/A           29.33    42.59    13.043   13.857   175   1    0     0     66.29  70.29  0.36        N/A          0.41         N/A          70.86  68.657   1.57     18.01       16.3        135      2.7      1.51          0.51    50.29     0.57    0.57    0.66    0.57    0.86     87.20   6.23    83.24   68.88   0.70    1089.60    53.71    90.01  
71   TR947TS480_5        480     63.86    100.00  70    N/A       N/A        0.31      N/A        49.86    N/A           26.14    44.26    9.65     10.545   175   1    0     0     66.86  68.57  N/A         N/A          0.45         N/A          69.71  68.328   1.32     17.06       15.7        141      3.7      2.98          0.52    48.29     0.55    0.57    0.74    0.67    0.77     77.20   5.46    83.96   68.88   0.69    1083.90    25.24    39.97  
72   TR947TS480_3        480     63.86    100.00  70    N/A       N/A        0.31      N/A        48.42    N/A           24.89    42.84    8.772    9.642    175   1    0     0     65.71  70.29  N/A         N/A          0.38         N/A          71.43  69.05    1.44     18.01       15.7        141      2.7      3.33          0.52    48.86     0.53    0.56    0.78    0.61    0.77     80.10   6.11    81.42   67.52   0.71    1096.40    21.58    39.14  
73   TR947TS162_5        162     63.86    100.00  70    N/A       N/A        0.31      N/A        48.57    N/A           29.16    43.49    9.634    10.461   175   0    0     0     66.29  70.86  N/A         N/A          0.41         N/A          70.86  69.551   1.50     18.33       16.1        137      2.5      0.97          0.51    52.57     0.58    0.57    0.77    0.57    0.81     80.70   6.23    82.71   69.20   0.71    1083.60    29.91    N/A    
74   TR947TS446_1        446s    63.86    100.00  70    0.26      -0.67      0.31      -1.14      49.43    -0.71         30.25    42.99    12.797   13.585   175   1    0     0     66.29  72.00  0.36        0.24         0.41         -0.05        72.00  69.035   1.47     18.65       17.1        136      2.4      0.90          0.54    53.71     0.59    0.60    0.67    0.52    0.86     87.60   6.23    84.48   70.52   0.70    1143.00    48.59    74.11  
75   TR947TS017_2        017     63.71    100.00  75    N/A       N/A        0.30      N/A        48.14    N/A           29.38    42.64    13.039   13.842   175   1    0     0     66.29  70.86  N/A         N/A          0.41         N/A          71.43  68.629   1.54     18.01       16.5        135      2.6      2.24          0.51    50.57     0.57    0.57    0.66    0.56    0.86     85.20   6.23    83.26   69.15   0.70    1102.80    53.46    89.87  
76   TR947TS102_4        102     63.71    100.00  75    N/A       N/A        0.30      N/A        48.14    N/A           28.61    42.59    13.091   13.889   175   1    0     0     64.00  72.00  N/A         N/A          0.27         N/A          72.00  69.233   1.57     17.85       15.3        136      2.7      2.07          0.50    48.00     0.55    0.55    0.66    0.60    0.86     85.70   6.23    82.55   67.70   0.70    1036.20    54.23    71.59  
77   TR947TS480_2        480     63.57    100.00  77    N/A       N/A        0.28      N/A        48.00    N/A           22.88    42.12    7.761    8.481    175   1    0     0     66.86  68.57  N/A         N/A          0.45         N/A          71.43  70.523   1.56     17.69       15.8        144      3.1      3.31          0.52    50.29     0.53    0.55    0.80    0.56    0.79     71.80   6.11    82.53   66.84   0.72    1096.50    16.15    39.56  
78   TR947TS324_5        324     63.57    100.00  77    N/A       N/A        0.28      N/A        47.43    N/A           28.27    42.40    11.53    12.091   175   1    0     0     66.86  72.00  N/A         N/A          0.45         N/A          72.00  69.313   1.58     17.85       16.8        139      3        2.48          0.52    51.43     0.58    0.59    0.70    0.51    0.87     86.10   5.99    83.77   70.83   0.70    1121.90    44.74    38.41  
79   TR947TS073_3        073     63.57    100.00  77    N/A       N/A        0.28      N/A        47.28    N/A           30.13    42.20    12.241   12.896   175   1    0     0     64.00  70.29  N/A         N/A          0.27         N/A          72.00  69.724   1.48     18.65       15          138      2.7      1.60          0.52    52.86     0.58    0.57    0.64    0.72    0.68     85.10   6.11    81.85   68.85   0.70    1104.30    29.43    78.14  
80   TR947TS073_2        073     63.43    100.00  80    N/A       N/A        0.27      N/A        47.42    N/A           29.67    42.03    10.777   11.609   175   1    0     0     65.14  69.71  N/A         N/A          0.34         N/A          71.43  69.373   1.51     18.65       16.3        138      2.9      1.54          0.53    52.29     0.58    0.57    0.74    0.66    0.72     86.00   6.23    82.58   68.71   0.69    1097.00    29.81    78.05  
81   TR947TS295_4        295     63.43    100.00  80    N/A       N/A        0.27      N/A        48.29    N/A           25.36    40.58    12.682   13.511   175   0    0     0     63.43  72.57  N/A         N/A          0.23         N/A          73.14  68.078   1.68     18.33       15.5        137      2.8      2.65          0.46    46.00     0.52    0.56    0.65    0.59    0.85     75.30   5.99    83.15   67.15   0.70    1046.20    53.23    N/A    
82   TR947TS001_3        001     63.43    100.00  80    N/A       N/A        0.27      N/A        48.43    N/A           31.44    40.76    8.359    9.257    175   4    0     0     60.00  69.14  N/A         N/A          0.01         N/A          70.86  57.311   1.71     18.33       15.6        132      2.3      3.17          0.51    50.86     0.57    0.57    0.75    0.56    0.78     87.10   5.86    82.10   67.70   0.70    1078.30    18.88    N/A    
83   TR947TS187_1        187     63.29    100.00  83    0.21      N/A        0.26      N/A        47.71    N/A           24.17    40.17    12.477   13.23    175   0    0     0     64.00  71.43  0.20        N/A          0.27         N/A          71.43  68.209   1.59     18.17       15.4        139      3.3      2.79          0.44    45.43     0.53    0.56    0.67    0.62    0.84     77.40   6.23    82.71   66.16   0.70    1040.30    50.23    N/A    
84   TR947TS017_5        017     63.29    100.00  83    N/A       N/A        0.26      N/A        47.29    N/A           29.77    42.37    13.001   13.795   175   1    0     0     66.29  70.86  N/A         N/A          0.41         N/A          71.43  68.509   1.54     18.17       16.3        138      2.8      2.29          0.52    50.86     0.57    0.58    0.66    0.55    0.86     85.40   5.99    82.85   69.25   0.70    1093.10    53.33    89.83  
85   TR947TS017_3        017     63.14    100.00  85    N/A       N/A        0.25      N/A        47.57    N/A           29.37    42.48    13.017   13.814   175   2    0     0     65.71  70.86  N/A         N/A          0.38         N/A          71.43  68.757   1.53     18.01       16.2        136      2.8      2.19          0.52    50.86     0.56    0.58    0.66    0.55    0.86     85.40   5.99    82.88   69.13   0.70    1090.00    53.45    89.90  
86   TR947TS001_1        001     63.00    100.00  86    0.18      N/A        0.24      N/A        46.71    N/A           30.85    42.12    11.19    11.943   175   3    0     0     65.14  68.00  0.28        N/A          0.34         N/A          70.86  68.744   1.64     18.33       15.9        133      2.1      2.21          0.52    52.00     0.58    0.57    0.69    0.54    0.83     84.81   5.99    83.90   68.73   0.70    1067.20    38.67    N/A    
87   TR947TS118_5        118     63.00    100.00  86    N/A       N/A        0.24      N/A        47.71    N/A           28.51    40.96    10.932   11.562   175   1    0     0     68.57  69.71  N/A         N/A          0.56         N/A          72.00  68.491   1.64     17.85       17          143      3.2      1.78          0.55    64.29     0.60    0.61    0.66    0.60    0.69     84.91   6.11    82.10   73.06   0.69    1143.90    31.79    N/A    
88   TR947TS295_2        295     63.00    100.00  86    N/A       N/A        0.24      N/A        47.57    N/A           23.31    39.60    12.08    12.806   175   0    0     0     63.43  70.29  N/A         N/A          0.23         N/A          70.29  68.222   1.53     17.85       15.3        139      3.2      2.68          0.44    44.57     0.53    0.55    0.67    0.57    0.84     85.00   6.23    82.67   66.71   0.69    1030.20    49.18    N/A    
89   TR947TS324_3        324     62.86    100.00  89    N/A       N/A        0.23      N/A        46.86    N/A           29.33    41.28    13.283   14.06    175   1    0     0     67.43  73.71  N/A         N/A          0.49         N/A          73.71  68.561   1.61     18.17       16.8        139      3.2      2.14          0.53    52.86     0.57    0.60    0.67    0.60    0.82     89.00   5.99    83.65   71.01   0.70    1122.40    49.12    38.92  
90   TR947TS247_5        247     62.86    100.00  89    N/A       N/A        0.23      N/A        49.57    N/A           29.17    42.48    9.785    10.877   175   1    0     0     62.29  68.00  N/A         N/A          0.16         N/A          70.29  68.775   1.57     17.38       14.4        136      2.4      1.05          0.55    52.86     0.57    0.56    0.75    0.70    0.71     69.40   5.60    82.81   68.47   0.70    1064.80    16.02    N/A    
91   TR947TS247_3        247     62.71    100.00  91    N/A       N/A        0.21      N/A        49.28    N/A           31.74    43.06    9.625    10.685   175   1    0     0     62.86  67.43  N/A         N/A          0.19         N/A          69.14  68.373   1.57     17.38       14.3        136      2.6      0.95          0.56    54.29     0.59    0.58    0.79    0.69    0.71     71.70   5.86    82.19   68.77   0.69    1053.90    14.72    N/A    
92   TR947TS247_1        247     62.71    100.00  91    0.16      N/A        0.21      N/A        49.43    N/A           30.99    42.76    9.613    10.759   175   1    0     0     62.86  67.43  0.12        N/A          0.19         N/A          70.29  66.276   1.41     17.54       15.5        127      1.9      0.78          0.57    54.29     0.59    0.58    0.78    0.64    0.71     67.70   5.73    82.73   69.69   0.69    1032.60    15.72    N/A    
93   TR947TS295_1        295     62.57    100.00  93    0.14      N/A        0.20      N/A        45.86    N/A           23.29    38.87    11.875   12.671   175   1    0     0     64.00  72.00  0.20        N/A          0.27         N/A          72.00  68.606   1.67     18.17       15.2        136      2.9      2.79          0.45    47.43     0.53    0.56    0.67    0.58    0.84     73.00   5.99    82.93   68.15   0.70    1023.00    48.04    N/A    
94   TR947TS187_2        187     62.57    100.00  93    N/A       N/A        0.20      N/A        45.86    N/A           23.29    38.87    11.875   12.671   175   1    0     0     64.00  72.00  N/A         N/A          0.27         N/A          72.00  68.606   1.67     18.17       15.2        136      2.9      2.79          0.45    47.43     0.53    0.56    0.67    0.58    0.84     73.00   5.99    82.93   68.15   0.70    1023.00    48.04    N/A    
95   TR947TS220_1        220s    62.57    100.00  93    0.14      -1.27      0.20      -1.77      48.43    -1.15         29.76    39.28    9.106    10.325   175   1    0     0     62.86  65.71  0.12        -1.69        0.19         -1.82        72.00  67.832   1.61     16.74       16.7        146      3.4      1.99          0.56    56.29     0.60    0.59    0.82    0.54    0.75     81.60   5.86    83.89   71.35   0.69    1158.50    11.45    47.05  
96   TR947TS011_5        011     62.57    100.00  93    N/A       N/A        0.20      N/A        48.43    N/A           29.76    39.28    9.106    10.325   175   1    0     0     62.86  65.71  N/A         N/A          0.19         N/A          72.00  67.832   1.61     16.74       16.7        146      3.4      1.99          0.56    56.29     0.60    0.59    0.82    0.54    0.75     81.60   5.86    83.89   71.35   0.69    1158.50    11.45    47.05  
97   TR947TS480_1        480     62.43    100.00  97    0.13      N/A        0.19      N/A        47.71    N/A           25.28    41.13    9.427    10.289   175   1    0     0     64.57  66.86  0.24        N/A          0.30         N/A          68.00  66.764   1.43     17.38       15.1        136      2.8      3.33          0.51    48.00     0.52    0.56    0.75    0.68    0.74     75.60   5.86    79.31   66.52   0.68    1044.50    23.31    40.96  
98   TR947TS324_4        324     62.29    100.00  98    N/A       N/A        0.18      N/A        46.28    N/A           26.91    40.32    13.383   14.165   175   1    0     0     65.71  72.00  N/A         N/A          0.38         N/A          72.00  67.742   1.65     18.17       16.5        139      3.4      2.46          0.52    52.57     0.57    0.59    0.65    0.61    0.83     87.00   5.99    83.30   70.79   0.69    1103.10    54.22    39.56  
99   TR947TS295_3        295     62.14    100.00  99    N/A       N/A        0.17      N/A        45.72    N/A           23.07    39.28    12.564   13.32    175   0    0     0     63.43  70.86  N/A         N/A          0.23         N/A          70.86  68.712   1.65     17.22       15.2        135      2.2      2.62          0.44    44.29     0.51    0.55    0.66    0.62    0.84     73.80   5.99    82.86   66.62   0.69    1027.50    51.00    N/A    
100  TR947TS187_4        187     62.14    100.00  99    N/A       N/A        0.17      N/A        46.00    N/A           20.70    38.65    12.6     13.438   175   1    0     0     66.29  72.00  N/A         N/A          0.41         N/A          72.00  68.343   1.67     17.69       15.5        138      2.9      2.76          0.46    46.29     0.52    0.56    0.67    0.56    0.85     85.10   5.99    82.38   67.18   0.69    1045.50    51.54    N/A    
101  TR947TS001_2        001     62.00    100.00  101   N/A       N/A        0.16      N/A        47.14    N/A           29.66    39.08    8.313    9.305    175   1    0     0     58.86  67.43  N/A         N/A          -0.06        N/A          69.14  61.597   1.71     18.17       15          130      2.1      2.12          0.51    49.43     0.55    0.54    0.76    0.57    0.78     89.29   5.73    82.67   66.87   0.70    1041.90    18.02    N/A    
102  TR947TS247_2        247     61.57    100.00  102   N/A       N/A        0.12      N/A        48.43    N/A           27.32    40.38    9.693    10.841   175   1    0     0     60.57  66.86  N/A         N/A          0.05         N/A          69.71  66.849   1.64     17.38       13.8        134      2.4      0.66          0.55    53.14     0.57    0.56    0.76    0.76    0.71     68.60   5.60    81.56   67.82   0.68    1022.20    16.66    N/A    
103  TR947TS073_4        073     61.57    100.00  102   N/A       N/A        0.12      N/A        45.14    N/A           28.35    40.01    10.993   11.75    175   1    0     0     63.43  71.43  N/A         N/A          0.23         N/A          72.00  68.823   1.65     18.33       16.2        142      3        1.57          0.52    53.71     0.57    0.57    0.70    0.65    0.72     84.80   5.86    81.43   68.89   0.70    1098.90    32.89    78.87  
104  TR947TS060_4        060     61.43    100.00  104   N/A       N/A        0.11      N/A        44.14    N/A           21.19    36.92    8.764    9.959    175   0    0     0     61.71  68.57  N/A         N/A          0.12         N/A          68.57  66.517   1.72     17.69       12.9        136      2.6      1.49          0.48    43.43     0.53    0.49    0.79    0.73    0.76     77.90   5.86    82.26   63.16   0.69    967.50     21.26    78.90  
105  TR947TS480_4        480     61.29    100.00  105   N/A       N/A        0.10      N/A        46.86    N/A           22.69    40.71    10.222   11.06    175   1    0     0     64.57  66.29  N/A         N/A          0.30         N/A          67.43  66.293   1.38     16.42       14.4        132      2.6      3.55          0.50    45.14     0.51    0.54    0.70    0.69    0.71     78.20   5.46    80.14   65.85   0.67    1012.10    26.50    41.48  
106  TR947TS118_2        118     61.14    100.00  106   N/A       N/A        0.08      N/A        45.28    N/A           26.59    39.67    11.791   12.575   175   1    0     0     59.43  67.43  N/A         N/A          -0.03        N/A          69.71  65.338   1.49     17.85       14.9        128      2.6      2.30          0.51    53.71     0.57    0.57    0.53    0.69    0.73     88.99   6.23    81.44   70.53   0.68    987.00     39.15    N/A    
107  TR947TS295_5        295     61.00    100.00  107   N/A       N/A        0.07      N/A        44.42    N/A           23.75    37.74    12.88    13.68    175   0    0     0     65.14  70.29  N/A         N/A          0.34         N/A          70.86  67.894   1.66     18.01       14.4        136      2.4      2.79          0.44    42.86     0.53    0.54    0.64    0.65    0.83     84.50   6.23    82.06   65.58   0.68    984.80     53.66    N/A    
108  TR947TS396_4        396     60.86    100.00  108   N/A       N/A        0.06      N/A        45.14    N/A           26.22    38.04    12.173   12.957   175   1    0     0     61.71  66.29  N/A         N/A          0.12         N/A          68.57  56.344   1.59     16.10       14.8        138      3.3      0.85          0.50    50.29     0.55    0.56    0.68    0.58    0.86     77.30   6.23    81.92   66.61   0.68    1025.00    49.64    N/A    
109  TR947TS381_5        381     60.86    89.71   108   N/A       N/A        0.06      N/A        47.71    N/A           30.54    38.07    12.567   13.565   157   1    0     0     60.57  65.71  N/A         N/A          0.05         N/A          65.71  64.807   1.40     16.40       6.5         99       2.8      2.49          0.38    42.86     0.52    0.41    0.53    0.00    0.82     58.66   5.60    66.67   55.12   0.65    470.80     N/A      75.23  
110  TR947TS393_3        393     60.86    100.00  108   N/A       N/A        0.06      N/A        44.72    N/A           27.18    39.33    12.559   13.445   175   1    0     0     64.57  72.57  N/A         N/A          0.30         N/A          72.57  67.864   1.69     18.33       16.1        139      3.2      3.29          0.52    51.43     0.55    0.59    0.68    0.52    0.84     84.30   6.23    83.26   70.30   0.69    1105.20    46.97    39.95  
111  TR947TS393_2        393     60.86    100.00  108   N/A       N/A        0.06      N/A        44.72    N/A           27.18    39.33    12.559   13.445   175   1    0     0     64.57  72.57  N/A         N/A          0.30         N/A          72.57  67.864   1.69     18.33       16.1        139      3.2      3.29          0.52    51.43     0.55    0.59    0.68    0.52    0.84     84.30   6.23    83.26   70.30   0.69    1105.20    46.97    39.95  
112  TR947TS187_5        187     60.86    100.00  108   N/A       N/A        0.06      N/A        44.86    N/A           22.61    37.83    12.276   13.006   175   0    0     0     59.43  69.14  N/A         N/A          -0.03        N/A          69.14  66.697   1.76     18.01       14.6        137      3.5      2.61          0.43    44.57     0.51    0.54    0.67    0.59    0.83     67.90   5.99    82.43   65.37   0.68    987.80     48.72    N/A    
113  TR947TS396_3        396     60.57    100.00  113   N/A       N/A        0.04      N/A        43.85    N/A           27.14    39.07    12.597   13.402   175   1    0     0     65.14  72.00  N/A         N/A          0.34         N/A          72.00  67.004   1.65     18.17       16          139      3.3      1.39          0.52    50.86     0.56    0.57    0.67    0.52    0.84     86.50   6.23    83.31   70.61   0.68    1089.20    47.76    N/A    
114  TR947TS060_5        060     60.57    100.00  113   N/A       N/A        0.04      N/A        46.00    N/A           23.10    38.67    10.505   11.426   175   0    0     0     60.57  67.43  N/A         N/A          0.05         N/A          68.00  65.955   1.57     16.58       14.2        131      2.3      1.04          0.46    42.00     0.53    0.49    0.67    0.78    0.77     81.80   5.60    82.29   64.55   0.68    981.90     38.21    76.82  
115  TR947TS247_4        247     60.57    100.00  113   N/A       N/A        0.04      N/A        47.43    N/A           29.33    39.91    9.64     10.702   175   2    0     0     60.57  65.14  N/A         N/A          0.05         N/A          69.71  64.215   1.56     17.38       14.2        135      2.6      0.57          0.56    53.43     0.58    0.58    0.77    0.64    0.71     63.70   5.73    82.58   68.87   0.68    1049.80    16.92    N/A    
116  TR947TS220_3        220s    60.43    100.00  116   N/A       N/A        0.03      -2.82      46.28    N/A           28.79    39.11    8.983    9.81     175   2    0     0     60.57  66.29  N/A         N/A          0.05         -3.00        70.86  65.92    1.76     16.90       14.8        141      3.4      2.19          0.55    56.00     0.58    0.57    0.78    0.57    0.74     81.70   5.86    81.69   69.61   0.68    1091.20    10.73    48.52  
117  TR947TS381_1        381     60.43    91.43   116   -0.05     N/A        0.03      N/A        48.00    N/A           29.72    37.38    13.242   14.02    160   1    0     0     59.43  65.14  -0.11       N/A          -0.03        N/A          65.14  64.434   1.33     16.62       6.4         92       2.4      2.40          0.37    44.29     0.52    0.41    0.54    0.00    0.81     55.00   5.60    66.84   56.18   0.64    468.80     N/A      73.36  
118  TR947TS381_2        381     60.43    91.43   116   N/A       N/A        0.03      N/A        48.00    N/A           29.72    37.38    13.242   14.02    160   1    0     0     59.43  65.14  N/A         N/A          -0.03        N/A          65.14  64.434   1.33     16.62       6.4         92       2.4      2.40          0.37    44.29     0.52    0.41    0.54    0.00    0.81     55.00   5.60    66.84   56.18   0.64    468.80     N/A      73.36  
119  TR947TS060_2        060     60.14    100.00  119   N/A       N/A        0.00      N/A        44.28    N/A           23.87    37.22    7.887    9.086    175   0    0     0     61.14  68.57  N/A         N/A          0.08         N/A          70.29  59.121   1.71     17.85       13.6        138      2.8      1.37          0.47    45.43     0.54    0.48    0.80    0.68    0.78     88.30   5.73    82.99   64.45   0.69    980.30     18.27    75.59  
120  TR947TS060_1        060     60.00    100.00  120   -0.09     N/A        -0.01     N/A        45.71    N/A           23.13    37.30    13.314   14.138   175   0    0     0     58.86  68.00  -0.15       N/A          -0.06        N/A          68.00  65.217   1.68     16.74       13.8        129      2.3      1.38          0.47    43.14     0.53    0.50    0.60    0.94    0.69     88.50   5.73    81.05   64.15   0.66    942.00     52.02    79.53  
121  TR947TS381_3        381     59.29    87.43   121   N/A       N/A        -0.07     N/A        46.57    N/A           32.97    37.42    12.923   13.792   153   1    0     0     58.29  63.43  N/A         N/A          -0.10        N/A          63.43  62.647   1.45     15.38       6.1         86       2        2.31          0.37    43.14     0.52    0.41    0.51    0.00    0.82     53.00   5.60    62.62   51.98   0.63    443.90     N/A      75.26  
122  TR947TS393_5        393     59.29    100.00  121   N/A       N/A        -0.07     N/A        44.00    N/A           28.48    39.81    13.724   14.493   175   2    0     0     64.57  68.00  N/A         N/A          0.30         N/A          71.43  66.789   1.75     16.74       14.4        139      3.2      3.03          0.52    54.57     0.56    0.60    0.60    0.56    0.82     87.30   5.99    81.17   69.27   0.69    1046.70    60.16    41.42  
123  TR947TS381_4        381     59.29    87.43   121   N/A       N/A        -0.07     N/A        46.57    N/A           32.97    37.42    12.923   13.792   153   1    0     0     58.29  63.43  N/A         N/A          -0.10        N/A          63.43  62.647   1.45     15.38       6.1         86       2        2.31          0.37    43.14     0.52    0.41    0.51    0.00    0.82     53.00   5.60    62.62   51.98   0.63    443.90     N/A      75.26  
124  TR947TS060_3        060     59.00    100.00  124   N/A       N/A        -0.09     N/A        43.72    N/A           23.67    36.73    9.739    10.688   175   0    0     0     58.29  65.14  N/A         N/A          -0.10        N/A          68.00  65.083   1.60     16.90       13          130      2.5      1.28          0.46    39.43     0.52    0.48    0.71    0.83    0.74     83.80   5.73    82.81   63.28   0.67    961.00     32.56    74.87  
125  TR947TS393_4        393     58.86    100.00  125   N/A       N/A        -0.10     N/A        42.57    N/A           23.34    37.59    9.327    10.123   175   1    0     0     61.14  67.43  N/A         N/A          0.08         N/A          70.86  66.789   1.74     17.38       15.2        139      3.1      3.76          0.51    47.71     0.52    0.54    0.73    0.57    0.75     79.50   5.86    79.42   65.06   0.69    1052.90    24.80    41.95  
126  TR947TS118_4        118     58.29    100.00  126   N/A       N/A        -0.15     N/A        43.43    N/A           25.25    32.70    10.086   10.861   175   1    0     0     55.43  63.43  N/A         N/A          -0.29        N/A          64.57  54.74    1.92     17.85       13.4        142      3.7      1.62          0.49    45.14     0.56    0.52    0.66    0.78    0.74     87.30   5.99    82.08   65.84   0.65    997.20     31.51    N/A    
127  TR947TS418_2        418     58.00    100.00  127   N/A       N/A        -0.17     N/A        41.57    N/A           21.96    36.14    14.365   15.085   175   1    0     0     58.86  68.00  N/A         N/A          -0.06        N/A          68.00  63.204   1.65     17.85       12.3        124      2.1      4.01          0.44    45.14     0.51    0.50    0.63    0.80    0.87     65.00   6.11    76.96   61.20   0.66    854.10     60.94    71.25  
128  TR947TS396_5        396     57.29    100.00  128   N/A       N/A        -0.23     N/A        40.85    N/A           18.75    32.48    11.077   11.97    175   1    0     0     56.00  69.14  N/A         N/A          -0.25        N/A          70.29  65.283   1.82     17.85       14.6        136      3.1      2.86          0.48    51.14     0.53    0.55    0.65    0.62    0.82     65.60   5.86    80.23   64.73   0.67    1013.10    38.77    N/A    
129  TR947TS081_4        081     57.29    100.00  128   N/A       N/A        -0.23     N/A        40.86    N/A           17.67    28.09    12.18    12.942   175   1    0     0     54.29  61.71  N/A         N/A          -0.36        N/A          66.29  50.751   1.79     18.49       14.6        136      3.2      1.83          0.50    50.57     0.55    0.58    0.64    0.64    0.80     86.40   6.11    83.06   69.03   0.64    990.10     44.05    86.12  
130  TR947TS081_3        081     57.00    100.00  130   N/A       N/A        -0.26     N/A        41.43    N/A           20.67    29.60    11.701   12.473   175   1    0     0     55.43  61.14  N/A         N/A          -0.29        N/A          66.86  54.204   1.77     18.33       14.7        139      3.1      1.64          0.51    52.29     0.56    0.58    0.66    0.66    0.79     86.70   6.11    83.15   68.75   0.65    1006.70    39.91    85.00  
131  TR947TS418_1        418     56.86    100.00  131   -0.37     N/A        -0.27     N/A        39.57    N/A           19.02    31.23    11.644   12.407   175   1    0     0     62.86  72.00  0.12        N/A          0.19         N/A          72.00  61.799   1.96     18.33       13.5        137      2.7      4.22          0.46    50.57     0.51    0.52    0.71    0.82    0.72     72.00   5.99    79.19   63.59   0.67    924.90     34.18    73.02  
132  TR947TS081_5        081     56.43    100.00  132   N/A       N/A        -0.30     N/A        40.00    N/A           20.66    29.70    12.376   13.07    175   1    0     0     53.71  61.14  N/A         N/A          -0.40        N/A          66.29  52.517   1.73     18.65       14.5        137      3.4      1.79          0.50    51.71     0.56    0.57    0.64    0.64    0.80     73.00   6.11    83.03   68.74   0.64    987.80     45.58    85.77  
133  TR947TS118_1        118     54.86    100.00  133   -0.55     N/A        -0.43     N/A        38.29    N/A           20.89    29.74    10.654   11.264   175   1    0     0     57.14  62.29  -0.27       N/A          -0.18        N/A          65.71  49.754   2.00     18.17       13.8        141      3.3      1.63          0.48    49.43     0.54    0.54    0.61    0.70    0.71     62.04   5.73    80.97   67.02   0.64    957.70     32.95    N/A    
134  TR947TS474_2        474     46.86    81.71   134   N/A       N/A        -1.09     N/A        33.00    N/A           19.19    28.18    10.49    11.078   143   0    0     0     48.57  52.57  N/A         N/A          -0.73        N/A          59.43  52.07    1.64     13.54       11.2        110      2.1      3.47          0.32    27.14     0.38    0.32    0.22    1.07    0.70     57.12   5.19    59.53   45.77   0.58    782.50     53.10    67.11  
135  TR947TS330_2        330     45.57    100.00  135   N/A       N/A        -1.20     N/A        32.43    N/A           18.29    25.47    11.161   12.275   175   2    0     0     45.14  49.14  N/A         N/A          -0.95        N/A          54.29  42.688   1.89     13.86       8.8         122      4.8      2.15          0.44    38.29     0.51    0.45    0.48    1.00    0.64     78.80   5.04    75.10   58.68   0.54    698.60     40.74    65.52  
136  TR947TS330_1        330     44.86    100.00  136   -1.46     N/A        -1.26     N/A        32.29    N/A           17.94    26.17    10.779   11.824   175   1    0     0     45.14  49.71  -1.09       N/A          -0.95        N/A          54.29  42.773   1.92     14.02       8.8         119      3.7      1.50          0.44    37.71     0.52    0.46    0.53    0.92    0.67     70.20   5.46    76.25   61.23   0.55    697.00     31.09    60.80  
137  TR947TS474_1        474     42.29    81.71   137   -1.69     N/A        -1.47     N/A        29.43    N/A           9.00     14.53    10.514   11.158   143   0    0     0     33.71  47.43  -1.88       N/A          -1.68        N/A          54.29  45.792   2.01     13.37       8.7         114      3.1      3.41          0.31    23.43     0.37    0.29    0.22    1.09    0.69     55.89   4.89    57.74   43.24   0.52    633.60     51.23    59.36  
138  TR947TS257_4        257     34.57    100.00  138   N/A       N/A        -2.10     N/A        18.71    N/A           8.00     11.88    12.797   13.465   175   19   0     0     18.86  36.57  N/A         N/A          -2.63        N/A          44.57  29.561   2.46     13.06       3.3         98       4        3.23          0.24    34.57     0.45    0.41    0.64    0.86    0.74     69.80   5.19    63.95   52.11   0.48    326.20     51.27    52.84  
139  TR947TS257_1        257     34.29    100.00  139   -2.41     N/A        -2.13     N/A        18.71    N/A           8.38     11.72    12.429   13.268   175   15   0     0     19.43  35.43  -2.86       N/A          -2.60        N/A          42.86  30.048   2.44     12.74       3           96       3.8      3.03          0.28    34.57     0.45    0.41    0.65    0.86    0.74     68.50   5.04    63.52   51.87   0.48    298.90     49.26    52.44  
140  TR947TS257_5        257     34.29    100.00  139   N/A       N/A        -2.13     N/A        18.71    N/A           8.38     11.72    13.137   13.633   175   19   0     0     19.43  35.43  N/A         N/A          -2.60        N/A          42.86  30.048   2.44     12.74       3           96       3.8      3.51          0.26    33.43     0.45    0.40    0.63    0.87    0.75     68.50   5.04    63.33   50.95   0.48    298.70     53.73    52.44  
141  TR947TS330_3        330     31.86    100.00  141   N/A       N/A        -2.33     N/A        19.29    N/A           7.50     13.64    12.358   13.272   175   1    0     0     25.14  33.71  N/A         N/A          -2.23        N/A          46.29  31.633   2.35     9.06        4           99       3.6      1.13          0.33    24.00     0.45    0.28    0.39    1.20    0.62     47.20   4.25    53.35   43.99   0.46    370.00     78.35    53.38  
142  TR947TS330_4        330     31.00    100.00  142   N/A       N/A        -2.40     N/A        21.14    N/A           12.28    16.40    15.931   16.775   175   1    0     0     24.00  36.00  N/A         N/A          -2.30        N/A          46.29  32.492   2.37     6.50        5           102      4.2      1.52          0.34    23.14     0.46    0.32    0.31    1.52    0.52     57.00   3.07    54.43   46.05   0.44    443.90     90.71    47.30  
143  TR947TS257_3        257     28.86    100.00  143   N/A       N/A        -2.57     N/A        16.00    N/A           5.87     6.71     14.186   14.899   175   19   0     0     18.86  28.57  N/A         N/A          -2.63        N/A          32.57  24.61    2.42     7.30        1.5         75       4.9      3.00          0.20    30.57     0.45    0.37    0.48    1.05    0.68     63.80   4.42    60.81   49.80   0.37    209.50     77.93    40.12  
144  TR947TS330_5        330     27.86    100.00  144   N/A       N/A        -2.66     N/A        18.14    N/A           7.48     11.86    16.707   17.605   175   1    0     0     22.86  32.00  N/A         N/A          -2.38        N/A          37.71  28.135   2.36     6.82        2.1         70       3.2      1.26          0.31    21.43     0.44    0.28    0.33    1.54    0.50     58.90   2.83    50.43   44.33   0.41    266.60     96.54    40.86  
145  TR947TS257_2        257     26.57    100.00  145   N/A       N/A        -2.76     N/A        14.86    N/A           5.41     9.68     18.092   18.907   175   4    0     0     18.29  29.14  N/A         N/A          -2.67        N/A          36.00  26.176   2.63     7.46        1.3         79       5.5      2.39          0.28    30.86     0.45    0.37    0.53    1.13    0.71     49.50   4.07    59.09   46.00   0.38    213.30     131.68   39.15  
146  TR947TS399_5        399     13.57    100.00  146   N/A       N/A        -3.83     N/A        8.28     N/A           1.39     3.50     20.039   20.665   175   10   0     0     0.00   6.86   N/A         N/A          -3.85        N/A          23.43  14.71    2.70     2.03        0           0        N/A      3.41          0.12    15.71     0.36    0.16    0.13    2.18    0.47     38.30   2.30    32.08   33.69   0.25    N/A        228.04   35.95  
147  TR947TS399_4        399     13.43    100.00  147   N/A       N/A        -3.84     N/A        8.43     N/A           1.39     3.50     19.664   20.257   175   9    0     0     0.00   0.00   N/A         N/A          -3.85        N/A          14.29  10.859   2.53     1.39        0           0        N/A      3.47          0.12    15.14     0.37    0.15    0.10    2.13    0.50     45.40   1.24    29.70   33.62   0.21    N/A        401.54   31.40  
148  TR947TS399_3        399     13.43    100.00  147   N/A       N/A        -3.84     N/A        8.43     N/A           1.39     3.50     21.061   21.749   175   13   0     0     0.00   0.00   N/A         N/A          -3.85        N/A          17.71  12.593   2.70     1.39        0           0        N/A      3.43          0.11    15.14     0.36    0.15    0.07    2.20    0.47     38.30   1.64    30.50   33.49   0.21    N/A        321.38   30.85  
149  TR947TS399_1        399     13.43    100.00  147   -4.30     N/A        -3.84     N/A        8.43     N/A           1.39     3.50     21.774   22.28    175   11   0     0     0.00   0.00   -4.19       N/A          -3.85        N/A          14.86  11.226   2.41     1.39        0           0        N/A      3.42          0.11    14.86     0.37    0.15    0.08    2.17    0.50     38.30   1.64    28.68   33.55   0.22    N/A        436.77   28.16  
150  TR947TS399_2        399     12.29    100.00  150   N/A       N/A        -3.94     N/A        8.43     N/A           1.39     3.57     20.437   21.314   175   10   0     0     1.14   4.00   N/A         N/A          -3.77        N/A          19.43  13.126   2.61     1.23        0           0        N/A      3.42          0.11    15.43     0.36    0.14    0.09    2.19    0.50     38.30   1.99    30.99   33.53   0.25    N/A        286.80   31.52  

