#    Model               GR#     GDT_TS   NP_P    RANK  Z-M1-GDT  Z-M1s-GDT  Z-MA-GDT  Z-MAs-GDT  GDT_HA   Z-M1s-GDT-HA  GDC_SC   GDC_ALL  RMS_CA   RMS_ALL  NP    err  PC01  PC05  AL0_P  AL4_P  Z-M1-AL0_p  Z-M1s-AL0_p  Z-MA-AL0_p   Z-MAs-AL0_p  ALI_P  LGA_S    RMSD[L]  Z-score[M]  Z-Score[D]  Al.Res.  RMSD[D]  MolPrb_Score  LDDT    SphGr     CAD_AA  RPF     CODM    DFM     Handed.  SOV     CE      QCS     CONTS   TMscore  Dali(raw)  FlexE    QSE    

-    Starting model      -       76.68    -       -     -         -          -         -          60.23    -             39.41    -        4.65     5.18     -     -    -     -     -      -      -           -            -            -            -      -        -        18.55       18.20       135      1.90     1.59          0.65    69.80     0.66    0.69    0.82    0.42    0.89     80.20   5.99    88.23   77.76   0.83     1181.80    16.92    -      

1    TR948TS023_2        023     81.71    100.00  1     N/A       N/A        0.77      N/A        65.77    N/A           40.95    53.27    3.08     3.545    149   0    0     0     79.87  87.92  N/A         N/A          0.50         N/A          89.26  86.039   1.35     19.73       20.2        138      1.8      0.93          0.71    82.55     0.70    0.76    0.93    0.19    0.91     87.30   6.23    91.30   84.01   0.86    1294.20    3.77     29.50  
2    TR948TS250_1        250s    81.54    100.00  2     0.72      1.51       0.76      2.37       66.11    1.08          43.73    57.67    3.506    4.078    149   0    0     0     81.21  86.58  0.52        1.29         0.57         1.36         87.25  86.333   1.27     18.05       19.4        135      1.7      0.74          0.68    74.83     0.68    0.72    0.89    0.32    0.92     77.00   6.11    90.53   82.05   0.85    1247.30    7.63     26.72  
3    TR948TS023_5        023     80.70    100.00  3     N/A       N/A        0.69      N/A        63.76    N/A           43.22    56.48    3.008    3.387    149   0    0     0     81.21  87.92  N/A         N/A          0.57         N/A          88.59  85.997   1.35     18.05       20          141      2        0.83          0.72    86.24     0.71    0.78    0.95    0.20    0.92     88.60   6.23    91.62   85.10   0.86    1282.10    4.26     28.49  
4    TR948TS265_3        265     80.20    100.00  4     N/A       N/A        0.65      N/A        68.62    N/A           42.73    58.09    4.726    5.264    149   1    0     0     79.87  83.22  N/A         N/A          0.50         N/A          85.91  84.602   1.33     18.72       19.2        135      1.9      1.21          0.67    69.46     0.67    0.69    0.81    0.40    0.90     82.30   5.86    89.31   78.55   0.84    1239.40    18.10    86.51  
5    TR948TS265_1        265     79.87    100.00  5     0.59      N/A        0.63      N/A        68.29    N/A           42.73    57.56    4.734    5.26     149   1    0     0     79.87  85.23  0.45        N/A          0.50         N/A          86.58  84.163   1.14     17.71       19.3        134      1.8      1.14          0.67    69.13     0.67    0.69    0.82    0.39    0.90     83.60   5.86    89.41   78.79   0.84    1246.30    17.48    85.91  
6    TR948TS023_4        023     79.53    100.00  6     N/A       N/A        0.60      N/A        63.09    N/A           42.23    54.96    3.362    3.916    149   0    0     0     77.18  86.58  N/A         N/A          0.34         N/A          87.25  84.646   1.46     19.06       19.5        141      2.2      0.74          0.71    81.88     0.71    0.76    0.94    0.24    0.90     87.00   6.23    90.78   83.68   0.85    1256.50    4.62     30.49  
7    TR948TS023_3        023     79.03    100.00  7     N/A       N/A        0.57      N/A        62.58    N/A           41.05    53.63    3.291    3.89     149   0    0     0     75.84  87.92  N/A         N/A          0.27         N/A          89.26  85.515   1.46     19.22       19.6        141      2.1      1.04          0.70    81.54     0.70    0.76    0.94    0.23    0.91     87.50   6.23    90.61   83.45   0.85    1258.40    6.57     30.74  
8    TR948TS247_3        247     79.03    100.00  7     N/A       N/A        0.57      N/A        65.77    N/A           39.35    50.47    3.32     3.937    149   0    0     0     75.17  84.56  N/A         N/A          0.23         N/A          84.56  83.925   1.57     18.89       19.7        145      2.7      0.60          0.71    78.86     0.70    0.75    0.95    0.25    0.90     83.70   6.23    90.34   83.56   0.83    1266.60    4.54     N/A    
9    TR948TS250_4        250s    79.03    100.00  7     N/A       N/A        0.57      0.72       64.93    N/A           42.53    56.85    4.428    4.903    149   0    0     0     79.87  85.23  N/A         N/A          0.50         0.89         87.25  84.67    1.31     16.87       19.3        135      1.7      0.76          0.67    70.47     0.69    0.71    0.84    0.38    0.90     85.10   5.99    90.18   81.44   0.84    1242.70    12.92    28.18  
10   TR948TS250_5        250s    79.03    100.00  7     N/A       N/A        0.57      0.72       64.60    N/A           42.16    56.89    4.407    4.873    149   0    0     0     79.87  85.23  N/A         N/A          0.50         0.89         87.25  84.64    1.25     16.87       19.3        135      1.7      0.76          0.67    70.81     0.69    0.71    0.84    0.38    0.91     85.10   5.99    90.24   81.47   0.84    1240.80    12.98    28.10  
11   TR948TS250_3        250s    79.03    100.00  7     N/A       N/A        0.57      0.72       64.77    N/A           42.44    57.21    4.401    4.895    149   0    0     0     79.87  85.23  N/A         N/A          0.50         0.89         87.25  84.646   1.33     17.04       19.3        135      1.7      0.76          0.67    70.81     0.69    0.71    0.84    0.38    0.91     85.10   5.99    90.23   81.43   0.84    1243.70    12.98    28.01  
12   TR948TS250_2        250s    79.03    100.00  7     N/A       N/A        0.57      0.72       64.43    N/A           42.19    57.19    4.403    4.886    149   0    0     0     80.54  85.91  N/A         N/A          0.53         1.13         87.92  84.649   1.32     17.04       19.3        135      1.7      0.69          0.67    71.14     0.69    0.71    0.84    0.38    0.91     85.10   5.99    90.26   81.51   0.84    1243.20    12.98    28.03  
13   TR948TS204_1        204     78.86    100.00  13    0.51      N/A        0.55      N/A        65.61    N/A           40.35    56.31    4.722    5.295    149   1    0     0     78.52  83.22  0.38        N/A          0.42         N/A          85.23  84.002   1.32     18.05       19.2        135      1.9      0.71          0.67    67.79     0.66    0.69    0.82    0.42    0.90     79.60   5.99    89.28   78.91   0.83    1237.60    16.94    N/A    
14   TR948TS204_3        204     78.69    100.00  14    N/A       N/A        0.54      N/A        65.44    N/A           40.47    56.14    4.71     5.262    149   1    0     0     78.52  83.22  N/A         N/A          0.42         N/A          84.56  83.177   1.28     17.54       19.1        136      2        0.93          0.67    68.46     0.67    0.69    0.82    0.42    0.90     79.60   5.99    89.23   78.69   0.83    1230.50    17.02    N/A    
15   TR948TS023_1        023     78.69    100.00  14    0.50      N/A        0.54      N/A        62.25    N/A           43.78    56.01    3.387    3.914    149   0    0     0     77.85  86.58  0.34        N/A          0.38         N/A          87.25  85.17    1.53     19.56       19.5        141      2.2      0.64          0.70    80.54     0.70    0.76    0.93    0.25    0.90     87.00   6.23    90.62   83.36   0.85    1253.40    4.86     30.35  
16   TR948TS265_2        265     78.69    100.00  14    N/A       N/A        0.54      N/A        65.77    N/A           43.61    56.97    4.626    5.177    149   1    0     0     79.87  85.23  N/A         N/A          0.50         N/A          86.58  84.331   1.22     18.38       19          134      1.8      1.24          0.67    70.47     0.67    0.69    0.83    0.39    0.89     80.40   5.86    88.96   78.45   0.84    1225.90    16.20    86.02  
17   TR948TS102_1        102     78.69    100.00  14    0.50      N/A        0.54      N/A        64.93    N/A           39.20    55.58    4.655    5.286    149   6    0     0     79.19  85.23  0.41        N/A          0.46         N/A          86.58  83.419   1.36     18.89       19          135      1.9      1.82          0.66    68.12     0.66    0.69    0.83    0.40    0.90     81.00   5.99    89.29   78.96   0.84    1227.90    15.97    N/A    
18   TR948TS247_1        247     78.52    100.00  18    0.49      N/A        0.53      N/A        65.94    N/A           43.80    56.28    3.83     4.515    149   1    0     0     79.19  83.22  0.41        N/A          0.46         N/A          83.89  83.03    1.55     17.71       18.7        136      2.4      0.83          0.70    77.52     0.69    0.73    0.92    0.28    0.89     83.50   6.11    89.79   81.21   0.82    1210.70    6.52     N/A    
19   TR948TS208_3        208     78.52    100.00  18    N/A       N/A        0.53      N/A        64.09    N/A           41.91    56.22    4.674    5.193    149   1    0     0     77.85  83.89  N/A         N/A          0.38         N/A          86.58  83.869   1.30     17.21       19          135      1.8      1.55          0.66    69.80     0.67    0.70    0.82    0.43    0.90     80.20   5.99    89.48   78.90   0.84    1228.60    17.27    34.44  
20   TR948TS208_4        208     78.52    100.00  18    N/A       N/A        0.53      N/A        64.26    N/A           40.16    55.82    4.675    5.197    149   1    0     0     78.52  85.23  N/A         N/A          0.42         N/A          86.58  83.513   1.31     17.38       19          135      1.8      1.42          0.66    70.13     0.66    0.70    0.82    0.43    0.89     80.20   5.99    89.46   78.90   0.83    1226.70    17.19    34.43  
21   TR948TS247_5        247     78.52    100.00  18    N/A       N/A        0.53      N/A        62.92    N/A           41.40    53.68    3.115    4.028    149   0    0     0     75.17  87.25  N/A         N/A          0.23         N/A          87.25  85.111   1.57     20.23       18.5        138      2.2      1.16          0.67    72.15     0.68    0.70    0.94    0.27    0.91     84.60   6.11    89.02   79.04   0.84    1196.00    6.13     N/A    
22   TR948TS081_1        081     78.52    100.00  18    0.49      N/A        0.53      N/A        63.42    N/A           40.70    54.98    4.727    5.234    149   1    0     0     78.52  83.89  0.38        N/A          0.42         N/A          85.91  83.472   1.40     18.38       18.8        135      1.8      0.81          0.66    69.13     0.67    0.68    0.82    0.43    0.90     80.20   5.99    88.89   78.28   0.83    1217.40    17.88    83.60  
23   TR948TS265_5        265     78.36    100.00  23    N/A       N/A        0.52      N/A        64.09    N/A           41.36    56.59    4.656    5.187    149   1    0     0     77.85  85.91  N/A         N/A          0.38         N/A          87.25  83.345   1.39     17.71       18.4        135      1.9      1.40          0.66    70.81     0.66    0.68    0.83    0.40    0.89     81.60   5.86    88.15   77.25   0.84    1193.30    16.06    85.76  
24   TR948TS430_3        430s    78.19    100.00  24    N/A       N/A        0.50      0.17       64.94    N/A           41.34    55.91    4.729    5.306    149   1    0     0     77.85  83.89  N/A         N/A          0.38         0.18         85.91  83.342   1.36     18.55       18.9        135      1.9      1.50          0.67    68.46     0.67    0.69    0.82    0.43    0.89     80.10   5.99    88.81   78.21   0.83    1221.00    17.25    33.76  
25   TR948TS011_5        011     78.19    100.00  24    N/A       N/A        0.50      N/A        62.08    N/A           40.15    55.17    3.547    4.172    149   1    0     0     78.52  86.58  N/A         N/A          0.42         N/A          86.58  84.387   1.32     16.87       19.4        137      1.9      1.60          0.67    75.17     0.67    0.70    0.90    0.32    0.91     83.20   6.11    89.53   80.89   0.84    1248.70    8.52     32.99  
26   TR948TS430_1        430s    78.19    100.00  24    0.46      0.20       0.50      0.17       65.27    0.83          39.91    55.87    4.714    5.292    149   1    0     0     77.85  83.89  0.34        0.30         0.38         0.18         85.91  83.171   1.32     18.89       18.8        135      1.9      1.47          0.67    68.79     0.67    0.69    0.82    0.42    0.89     80.10   5.99    88.72   78.26   0.83    1216.30    16.87    33.75  
27   TR948TS208_1        208     78.19    100.00  24    0.46      N/A        0.50      N/A        63.93    N/A           41.03    56.01    4.692    5.219    149   1    0     0     77.85  83.89  0.34        N/A          0.38         N/A          86.58  83.801   1.32     17.04       19          135      1.8      1.52          0.66    70.13     0.67    0.70    0.82    0.43    0.89     80.20   5.99    89.38   78.88   0.83    1225.80    17.39    34.56  
28   TR948TS208_2        208     78.19    100.00  24    N/A       N/A        0.50      N/A        63.76    N/A           40.03    55.39    4.711    5.25     149   1    0     0     77.85  83.22  N/A         N/A          0.38         N/A          85.23  83.531   1.32     17.04       18.8        135      1.9      1.59          0.66    69.46     0.67    0.70    0.82    0.44    0.89     80.10   5.99    89.23   78.79   0.83    1217.10    17.50    34.76  
29   TR948TS220_5        220s    78.19    100.00  24    N/A       N/A        0.50      0.17       62.08    N/A           40.15    55.17    3.547    4.172    149   1    0     0     78.52  86.58  N/A         N/A          0.42         0.41         86.58  84.387   1.32     16.87       19.4        137      1.9      1.60          0.67    75.17     0.67    0.70    0.90    0.32    0.91     83.20   6.11    89.53   80.89   0.84    1248.70    8.52     32.99  
30   TR948TS450_5        450     78.19    100.00  24    N/A       N/A        0.50      N/A        62.08    N/A           40.15    55.17    3.547    4.172    149   1    0     0     78.52  86.58  N/A         N/A          0.42         N/A          86.58  84.387   1.32     16.87       19.4        137      1.9      1.60          0.67    75.17     0.67    0.70    0.90    0.32    0.91     83.20   6.11    89.53   80.89   0.84    1248.70    8.52     32.99  
31   TR948TS001_1        001     78.19    100.00  24    0.46      N/A        0.50      N/A        61.07    N/A           36.57    52.06    4.307    4.838    149   1    0     0     81.21  85.91  0.52        N/A          0.57         N/A          87.25  83.139   1.36     17.38       18.6        135      1.9      2.00          0.65    71.14     0.65    0.68    0.86    0.38    0.90     79.17   5.86    88.56   78.44   0.84    1202.40    13.83    N/A    
32   TR948TS060_1        060     78.02    100.00  32    0.45      N/A        0.49      N/A        62.59    N/A           43.02    57.05    6.113    6.541    149   0    0     0     79.87  83.89  0.45        N/A          0.50         N/A          83.89  81.576   1.25     16.20       18.4        129      1.7      0.99          0.66    71.81     0.68    0.71    0.81    0.30    0.91     79.30   5.33    90.43   80.95   0.82    1188.30    18.63    87.00  
33   TR948TS430_2        430s    78.02    100.00  32    N/A       N/A        0.49      0.05       65.10    N/A           38.97    55.31    4.7      5.288    149   1    0     0     78.52  85.91  N/A         N/A          0.42         0.41         87.25  83.333   1.46     18.72       18.8        135      1.9      1.53          0.66    68.46     0.66    0.69    0.82    0.42    0.89     80.10   5.99    88.57   78.17   0.83    1214.50    16.54    33.77  
34   TR948TS208_5        208     78.02    100.00  32    N/A       N/A        0.49      N/A        63.26    N/A           38.30    54.60    4.727    5.269    149   1    0     0     77.85  83.22  N/A         N/A          0.38         N/A          85.23  83.716   1.35     17.04       18.9        135      1.9      1.28          0.66    69.13     0.67    0.69    0.81    0.44    0.89     72.90   5.99    89.32   78.85   0.83    1217.50    17.49    34.79  
35   TR948TS073_3        073     77.85    100.00  35    N/A       N/A        0.48      N/A        62.08    N/A           39.96    54.22    4.719    5.248    149   1    0     0     78.52  85.23  N/A         N/A          0.42         N/A          86.58  83.316   1.42     18.22       18.4        135      1.9      1.83          0.65    69.80     0.66    0.69    0.81    0.42    0.89     80.20   5.99    88.51   77.87   0.83    1192.40    18.36    87.74  
36   TR948TS430_4        430s    77.85    100.00  35    N/A       N/A        0.48      -0.06      64.77    N/A           40.31    55.68    4.746    5.325    149   1    0     0     77.85  84.56  N/A         N/A          0.38         0.18         86.58  83.177   1.40     18.22       18.8        135      1.9      1.37          0.66    68.46     0.67    0.69    0.81    0.43    0.89     80.10   5.99    88.58   78.02   0.83    1217.00    17.06    33.96  
37   TR948TS204_5        204     77.85    100.00  35    N/A       N/A        0.48      N/A        62.75    N/A           38.99    53.74    4.663    5.206    149   1    0     0     78.52  84.56  N/A         N/A          0.42         N/A          86.58  83.698   1.55     18.55       18.6        135      1.9      0.96          0.65    69.46     0.66    0.69    0.82    0.42    0.89     80.60   5.99    88.53   78.04   0.83    1200.30    17.15    N/A    
38   TR948TS273_1        273     77.85    100.00  35    0.44      N/A        0.48      N/A        62.25    N/A           37.77    53.76    4.668    5.242    149   1    0     0     78.52  84.56  0.38        N/A          0.42         N/A          86.58  83.183   1.39     18.55       18.7        135      1.9      1.97          0.65    70.13     0.66    0.69    0.82    0.42    0.89     79.90   5.99    88.60   78.39   0.83    1208.20    17.02    N/A    
39   TR948TS102_2        102     77.69    100.00  39    N/A       N/A        0.46      N/A        62.41    N/A           39.29    53.96    4.368    4.937    149   16   0     0     77.85  86.58  N/A         N/A          0.38         N/A          87.25  82.912   1.48     18.89       18.9        136      2        1.94          0.66    68.79     0.64    0.69    0.86    0.35    0.90     81.00   5.99    89.48   80.19   0.83    1220.80    12.84    N/A    
40   TR948TS220_4        220s    77.69    100.00  39    N/A       N/A        0.46      -0.16      63.59    N/A           36.26    46.93    3.518    3.878    149   0    0     0     73.15  87.25  N/A         N/A          0.12         -1.48        87.92  84.275   1.60     19.22       19.8        142      2.2      1.36          0.69    80.20     0.71    0.73    0.93    0.24    0.90     88.60   6.23    90.08   82.73   0.83    1272.50    6.09     34.89  
41   TR948TS102_5        102     77.69    100.00  39    N/A       N/A        0.46      N/A        62.25    N/A           33.48    52.84    4.685    5.309    149   1    0     0     78.52  85.23  N/A         N/A          0.42         N/A          86.58  83.51    1.37     17.21       18.4        134      1.8      2.02          0.63    68.79     0.62    0.66    0.82    0.43    0.90     79.60   5.99    88.73   77.43   0.83    1195.10    16.36    78.51  
42   TR948TS060_3        060     77.69    100.00  39    N/A       N/A        0.46      N/A        62.75    N/A           40.72    55.63    6.676    7.119    149   0    0     0     77.85  80.54  N/A         N/A          0.38         N/A          80.54  80.616   1.29     16.53       18          130      2.2      0.81          0.66    71.14     0.68    0.70    0.79    0.38    0.89     76.20   5.04    90.02   80.17   0.80    1170.60    24.98    88.40  
43   TR948TS247_4        247     77.52    100.00  43    N/A       N/A        0.45      N/A        63.25    N/A           41.45    55.17    3.826    4.614    149   0    0     0     74.50  83.22  N/A         N/A          0.19         N/A          83.22  82.353   1.42     18.22       18.6        140      2.9      0.74          0.69    73.83     0.67    0.72    0.93    0.30    0.89     84.60   6.11    89.26   80.33   0.82    1205.50    6.08     N/A    
44   TR948TS265_4        265     77.52    100.00  43    N/A       N/A        0.45      N/A        64.26    N/A           43.05    57.01    4.791    5.328    149   1    0     0     79.19  85.23  N/A         N/A          0.46         N/A          86.58  83.56    1.38     18.05       18.7        134      1.8      1.17          0.66    68.46     0.65    0.68    0.81    0.41    0.89     80.10   5.86    88.70   77.78   0.83    1209.60    18.36    85.65  
45   TR948TS430_5        430s    77.35    100.00  45    N/A       N/A        0.44      -0.39      64.26    N/A           38.74    54.70    4.676    5.26     149   1    0     0     77.18  83.89  N/A         N/A          0.34         -0.06        85.91  82.912   1.40     18.89       18.6        135      1.9      1.80          0.66    68.46     0.67    0.69    0.82    0.42    0.89     80.00   5.99    88.33   77.87   0.83    1204.10    16.23    33.95  
46   TR948TS412_3        412     77.18    100.00  46    N/A       N/A        0.43      N/A        60.91    N/A           38.45    53.25    4.694    5.236    149   1    0     0     78.52  84.56  N/A         N/A          0.42         N/A          86.58  83.101   1.41     17.71       18.5        135      1.9      1.33          0.65    69.46     0.65    0.68    0.82    0.43    0.89     79.17   5.99    88.08   77.71   0.83    1192.10    17.63    47.00  
47   TR948TS001_3        001     77.18    100.00  46    N/A       N/A        0.43      N/A        60.57    N/A           39.04    53.67    4.089    4.79     149   1    0     0     76.51  84.56  N/A         N/A          0.31         N/A          85.91  82.721   1.38     17.38       18.3        136      2.4      2.29          0.66    72.48     0.66    0.70    0.89    0.37    0.88     79.17   5.99    88.94   79.26   0.82    1184.40    10.16    N/A    
48   TR948TS001_5        001     77.18    100.00  46    N/A       N/A        0.43      N/A        58.05    N/A           37.37    49.93    3.093    3.706    149   1    0     0     77.18  87.25  N/A         N/A          0.34         N/A          87.25  84.102   1.60     19.06       18.2        140      2.3      2.25          0.66    76.51     0.64    0.70    0.92    0.28    0.91     80.46   6.23    87.31   77.79   0.83    1178.20    8.50     N/A    
49   TR948TS220_3        220s    77.01    100.00  49    N/A       N/A        0.41      -0.61      62.25    N/A           35.56    47.25    3.408    3.846    149   0    0     0     74.50  87.92  N/A         N/A          0.19         -1.01        87.92  84.252   1.72     18.89       19.7        141      2.2      2.06          0.69    80.20     0.69    0.73    0.94    0.24    0.90     86.20   6.23    90.15   82.84   0.83    1269.90    6.50     34.86  
50   TR948TS001_4        001     77.01    100.00  49    N/A       N/A        0.41      N/A        59.90    N/A           37.96    50.99    4.273    4.861    149   1    0     0     76.51  83.22  N/A         N/A          0.31         N/A          83.22  82.812   1.43     17.54       17.6        134      2.3      2.03          0.64    72.15     0.64    0.68    0.86    0.40    0.89     79.26   5.86    88.25   77.41   0.82    1144.20    12.40    N/A    
51   TR948TS011_4        011     77.01    100.00  49    N/A       N/A        0.41      N/A        62.25    N/A           35.56    47.25    3.408    3.846    149   0    0     0     74.50  87.92  N/A         N/A          0.19         N/A          87.92  84.252   1.72     18.89       19.7        141      2.2      2.06          0.69    80.20     0.69    0.73    0.94    0.24    0.90     86.20   6.23    90.15   82.84   0.83    1269.90    6.50     34.86  
52   TR948TS412_1        412     77.01    100.00  49    0.37      N/A        0.41      N/A        60.57    N/A           37.15    52.82    4.682    5.238    149   1    0     0     78.52  84.56  0.38        N/A          0.42         N/A          86.58  82.983   1.44     18.38       18.3        135      1.9      1.70          0.65    69.80     0.65    0.68    0.82    0.42    0.89     79.46   5.99    88.19   77.83   0.83    1184.70    17.41    47.09  
53   TR948TS073_1        073     77.01    100.00  49    0.37      N/A        0.41      N/A        60.91    N/A           38.62    53.28    4.628    5.145    149   1    0     0     78.52  84.56  0.38        N/A          0.42         N/A          86.58  83.972   1.41     19.06       18.5        136      1.9      1.81          0.65    70.13     0.65    0.69    0.82    0.43    0.89     80.10   5.99    88.30   77.82   0.83    1199.50    17.17    87.87  
54   TR948TS412_4        412     77.01    100.00  49    N/A       N/A        0.41      N/A        60.91    N/A           37.95    53.12    4.665    5.22     149   1    0     0     78.52  84.56  N/A         N/A          0.42         N/A          86.58  83.063   1.41     18.38       18.5        135      1.9      1.42          0.65    70.13     0.65    0.68    0.82    0.42    0.89     79.17   5.99    88.25   77.82   0.83    1194.40    17.15    46.99  
55   TR948TS412_5        412     77.01    100.00  49    N/A       N/A        0.41      N/A        61.58    N/A           37.34    53.28    4.675    5.225    149   1    0     0     78.52  84.56  N/A         N/A          0.42         N/A          86.58  83.007   1.40     18.38       18.5        135      1.9      1.65          0.65    70.13     0.65    0.68    0.82    0.42    0.89     79.17   5.99    88.30   77.77   0.83    1193.50    17.29    46.96  
56   TR948TS060_5        060     77.01    100.00  49    N/A       N/A        0.41      N/A        61.24    N/A           38.99    54.70    7.667    8.188    149   0    0     0     79.19  82.55  N/A         N/A          0.46         N/A          82.55  79.507   1.26     17.38       18.9        129      2.1      0.85          0.65    70.13     0.67    0.70    0.79    0.53    0.81     83.70   5.04    89.87   80.33   0.80    1170.90    24.24    87.15  
57   TR948TS060_4        060     77.01    100.00  49    N/A       N/A        0.41      N/A        61.41    N/A           40.12    55.23    4.785    5.486    149   0    0     0     79.87  85.23  N/A         N/A          0.50         N/A          85.23  82.388   1.26     17.04       18.2        132      1.9      0.92          0.65    71.48     0.67    0.69    0.88    0.33    0.90     81.70   5.46    89.09   79.80   0.82    1177.80    10.01    87.98  
58   TR948TS450_1        450     77.01    100.00  49    0.37      N/A        0.41      N/A        62.25    N/A           35.56    47.25    3.408    3.846    149   0    0     0     74.50  87.92  0.16        N/A          0.19         N/A          87.92  84.252   1.72     18.89       19.7        141      2.2      2.06          0.69    80.20     0.69    0.73    0.94    0.24    0.90     86.20   6.23    90.15   82.84   0.83    1269.90    6.50     34.86  
59   TR948TS294_1        294     76.85    100.00  59    0.36      N/A        0.40      N/A        61.08    N/A           36.20    51.92    4.672    5.296    149   0    0     0     79.19  84.56  0.41        N/A          0.46         N/A          86.58  82.924   1.44     18.05       18.3        135      1.9      2.17          0.64    69.46     0.64    0.68    0.82    0.42    0.89     79.70   5.99    88.30   78.01   0.83    1185.40    16.97    27.63  
60   TR948TS073_2        073     76.85    100.00  59    N/A       N/A        0.40      N/A        60.57    N/A           41.20    54.42    4.669    5.175    149   1    0     0     78.52  85.23  N/A         N/A          0.42         N/A          87.25  83.183   1.36     18.22       18.5        135      1.9      1.81          0.65    69.46     0.66    0.69    0.82    0.42    0.89     80.50   5.99    88.61   77.87   0.83    1195.50    17.46    87.70  
61   TR948TS073_5        073     76.68    100.00  61    N/A       N/A        0.39      N/A        60.23    N/A           39.53    52.97    4.664    5.192    149   1    0     0     78.52  84.56  N/A         N/A          0.42         N/A          86.58  82.753   1.44     18.55       18.3        135      1.9      2.04          0.65    70.13     0.66    0.69    0.82    0.42    0.89     80.20   5.99    88.17   77.77   0.83    1185.20    17.14    83.69  
62   TR948TS204_4        204     76.68    100.00  61    N/A       N/A        0.39      N/A        60.74    N/A           37.32    53.27    4.802    5.429    149   1    0     0     77.85  85.23  N/A         N/A          0.38         N/A          86.58  83.407   1.50     18.38       18.3        136      2.1      0.50          0.65    69.13     0.65    0.68    0.82    0.44    0.89     79.70   5.99    88.37   77.90   0.82    1186.70    16.41    N/A    
63   TR948TS187_3        187     76.68    100.00  61    N/A       N/A        0.39      N/A        58.73    N/A           35.73    50.70    3.799    4.762    149   0    0     0     79.19  82.55  N/A         N/A          0.46         N/A          84.56  81.388   1.36     18.38       17.9        134      1.9      2.93          0.58    68.46     0.63    0.68    0.88    0.36    0.90     80.20   5.73    87.42   76.26   0.82    1163.60    14.58    N/A    
64   TR948TS412_2        412     76.68    100.00  61    N/A       N/A        0.39      N/A        59.90    N/A           38.27    53.29    4.666    5.21     149   1    0     0     78.52  84.56  N/A         N/A          0.42         N/A          86.58  82.907   1.42     18.38       18.5        135      1.8      1.70          0.65    71.14     0.65    0.68    0.82    0.42    0.89     79.17   5.99    88.16   77.78   0.83    1192.00    17.41    46.98  
65   TR948TS381_4        381     76.68    97.32   61    N/A       N/A        0.39      N/A        61.41    N/A           41.12    53.18    4.64     5.232    145   1    0     0     77.18  82.55  N/A         N/A          0.34         N/A          84.56  82.433   1.35     18.72       18.2        129      1.8      2.13          0.62    67.11     0.65    0.65    0.77    0.00    0.87     76.27   5.99    84.62   76.18   0.82    1133.80    N/A      46.19  
66   TR948TS381_3        381     76.68    97.32   61    N/A       N/A        0.39      N/A        61.41    N/A           41.12    53.18    4.64     5.232    145   1    0     0     77.18  82.55  N/A         N/A          0.34         N/A          84.56  82.433   1.35     18.72       18.2        129      1.8      2.13          0.62    67.11     0.65    0.65    0.77    0.00    0.87     76.27   5.99    84.62   76.18   0.82    1133.80    N/A      46.19  
67   TR948TS247_2        247     76.51    100.00  67    N/A       N/A        0.38      N/A        62.42    N/A           37.62    50.07    3.754    4.357    149   1    0     0     75.17  83.89  N/A         N/A          0.23         N/A          83.89  77.867   1.31     17.88       18.4        138      2.3      0.94          0.67    75.84     0.66    0.70    0.91    0.30    0.89     75.70   6.23    88.69   79.88   0.82    1193.50    5.81     N/A    
68   TR948TS396_2        396     76.51    100.00  67    N/A       N/A        0.38      N/A        60.23    N/A           39.19    52.75    4.655    5.192    149   1    0     0     78.52  84.56  N/A         N/A          0.42         N/A          86.58  83.118   1.44     18.55       18          135      1.9      0.96          0.65    69.80     0.66    0.69    0.82    0.42    0.89     80.20   5.99    88.21   77.83   0.83    1184.00    16.95    N/A    
69   TR948TS396_1        396     76.51    100.00  67    0.33      N/A        0.38      N/A        60.23    N/A           39.19    52.75    4.655    5.191    149   1    0     0     78.52  84.56  0.38        N/A          0.42         N/A          86.58  82.756   1.44     18.55       18.3        135      1.9      0.97          0.65    69.80     0.66    0.69    0.82    0.42    0.89     80.20   5.99    88.21   77.83   0.83    1184.00    16.95    N/A    
70   TR948TS081_2        081     76.51    100.00  67    N/A       N/A        0.38      N/A        60.07    N/A           36.63    52.55    4.742    5.313    149   1    0     0     77.18  84.56  N/A         N/A          0.34         N/A          86.58  82.203   1.51     18.55       18.3        135      1.9      0.85          0.64    69.80     0.65    0.68    0.82    0.44    0.89     82.80   5.86    88.64   77.36   0.82    1182.40    17.48    84.55  
71   TR948TS393_1        393     76.51    100.00  67    0.33      N/A        0.38      N/A        60.74    N/A           39.60    54.07    4.729    5.204    149   1    0     0     78.52  84.56  0.38        N/A          0.42         N/A          86.58  83.993   1.44     17.54       18.1        135      1.9      2.68          0.65    69.46     0.65    0.69    0.81    0.43    0.89     80.50   5.99    88.30   77.92   0.83    1190.00    17.86    27.54  
72   TR948TS450_4        450     76.51    100.00  67    N/A       N/A        0.38      N/A        60.06    N/A           34.97    45.53    3.484    3.803    149   1    0     0     71.14  88.59  N/A         N/A          0.00         N/A          88.59  84.314   1.70     18.89       19.7        143      2.3      1.50          0.69    81.54     0.70    0.74    0.93    0.26    0.90     84.30   6.23    89.70   82.48   0.83    1268.00    6.42     35.92  
73   TR948TS220_1        220s    76.34    100.00  73    0.32      -0.53      0.36      -1.05      60.74    -0.55         36.24    46.68    3.515    3.924    149   1    0     0     71.81  87.25  0.01        -1.49        0.04         -1.95        87.92  78.986   1.61     19.22       19.5        142      2.3      1.66          0.69    82.21     0.70    0.73    0.93    0.27    0.90     83.90   6.23    89.83   82.76   0.83    1256.80    7.55     35.48  
74   TR948TS017_4        017     76.34    100.00  73    N/A       N/A        0.36      N/A        60.24    N/A           37.00    52.51    4.791    5.365    149   1    0     0     76.51  84.56  N/A         N/A          0.31         N/A          86.58  82.524   1.33     18.22       18.2        136      2.1      2.21          0.65    67.79     0.64    0.69    0.81    0.41    0.89     79.50   5.99    88.14   78.01   0.82    1181.30    17.56    86.48  
75   TR948TS073_4        073     76.34    100.00  73    N/A       N/A        0.36      N/A        59.73    N/A           39.76    53.25    4.717    5.213    149   1    0     0     79.19  85.23  N/A         N/A          0.46         N/A          87.25  82.786   1.42     17.21       18.2        135      1.9      1.90          0.65    69.80     0.66    0.69    0.81    0.42    0.89     80.20   5.99    88.12   77.56   0.83    1178.60    17.58    87.90  
76   TR948TS017_3        017     76.34    100.00  73    N/A       N/A        0.36      N/A        60.24    N/A           37.25    52.44    4.801    5.376    149   1    0     0     75.84  84.56  N/A         N/A          0.27         N/A          86.58  82.612   1.40     18.38       18.3        134      1.9      2.03          0.65    67.79     0.65    0.69    0.81    0.42    0.89     79.50   5.99    88.16   78.00   0.82    1183.30    17.58    86.39  
77   TR948TS001_2        001     76.34    100.00  73    N/A       N/A        0.36      N/A        59.06    N/A           37.90    51.59    4.428    4.843    149   1    0     0     76.51  82.55  N/A         N/A          0.31         N/A          84.56  83.027   1.51     17.71       18.5        135      2        2.22          0.65    70.81     0.65    0.68    0.84    0.41    0.89     79.17   5.73    87.63   77.03   0.82    1194.90    13.94    N/A    
78   TR948TS011_1        011     76.34    100.00  73    0.32      N/A        0.36      N/A        60.74    N/A           36.24    46.68    3.515    3.924    149   1    0     0     71.81  87.25  0.01        N/A          0.04         N/A          87.92  78.986   1.61     19.22       19.5        142      2.3      1.66          0.69    82.21     0.70    0.73    0.93    0.27    0.90     83.90   6.23    89.83   82.76   0.83    1256.80    7.55     35.48  
79   TR948TS017_2        017     76.34    100.00  73    N/A       N/A        0.36      N/A        60.24    N/A           37.44    52.56    4.798    5.373    149   1    0     0     75.84  84.56  N/A         N/A          0.27         N/A          86.58  82.53    1.33     18.22       18.3        135      2        2.05          0.65    67.79     0.65    0.69    0.81    0.41    0.89     79.50   5.99    88.15   78.01   0.82    1186.70    17.56    86.47  
80   TR948TS188_1        188     76.34    100.00  73    0.32      N/A        0.36      N/A        59.23    N/A           37.44    52.12    4.668    5.208    149   0    0     0     78.52  84.56  0.38        N/A          0.42         N/A          86.58  83.401   1.43     17.38       18          136      2        2.69          0.64    70.13     0.64    0.68    0.82    0.43    0.89     80.20   5.99    87.65   76.89   0.83    1167.60    17.46    N/A    
81   TR948TS017_1        017     76.17    100.00  81    0.31      N/A        0.35      N/A        60.07    N/A           37.24    52.63    4.803    5.379    149   1    0     0     75.84  84.56  0.23        N/A          0.27         N/A          86.58  82.612   1.40     18.38       18.3        136      2.1      1.84          0.65    67.79     0.64    0.69    0.81    0.42    0.89     79.50   5.99    88.15   77.98   0.82    1185.90    17.57    86.48  
82   TR948TS295_5        295     76.17    100.00  81    N/A       N/A        0.35      N/A        58.22    N/A           37.00    51.03    4.449    5.072    149   0    0     0     77.85  85.23  N/A         N/A          0.38         N/A          86.58  82.939   1.38     18.22       18          137      2        2.88          0.57    71.14     0.64    0.69    0.85    0.36    0.88     78.30   5.86    88.64   78.18   0.83    1166.20    15.64    N/A    
83   TR948TS381_5        381     76.17    96.64   81    N/A       N/A        0.35      N/A        61.24    N/A           42.22    52.72    4.659    5.251    144   1    0     0     76.51  81.88  N/A         N/A          0.31         N/A          83.22  80.99    1.46     18.22       17.2        125      1.8      1.94          0.61    66.11     0.65    0.65    0.76    0.00    0.86     73.82   5.86    82.72   75.50   0.81    1068.30    N/A      46.23  
84   TR948TS450_2        450     76.01    100.00  84    N/A       N/A        0.34      N/A        59.56    N/A           33.44    46.04    3.478    3.859    149   0    0     0     72.48  87.25  N/A         N/A          0.08         N/A          87.25  71.667   1.62     19.06       19.6        142      2.2      2.06          0.69    81.54     0.70    0.73    0.93    0.23    0.90     85.50   6.23    89.92   82.94   0.83    1264.00    6.11     35.24  
85   TR948TS011_3        011     75.84    100.00  85    N/A       N/A        0.33      N/A        61.24    N/A           33.82    45.01    3.493    3.882    149   1    0     0     72.48  88.59  N/A         N/A          0.08         N/A          88.59  82.521   1.59     18.22       19.7        142      2.3      1.35          0.69    81.88     0.70    0.73    0.93    0.26    0.90     91.30   6.23    89.58   82.71   0.82    1265.00    7.28     36.04  
86   TR948TS118_4        118     75.84    100.00  85    N/A       N/A        0.33      N/A        57.38    N/A           36.69    51.44    4.125    4.628    149   1    0     0     77.18  83.22  N/A         N/A          0.34         N/A          84.56  80.507   1.32     17.88       17.3        136      2.4      1.92          0.64    73.83     0.65    0.68    0.89    0.33    0.91     87.01   5.86    88.92   79.62   0.82    1125.30    11.34    N/A    
87   TR948TS450_3        450     75.84    100.00  85    N/A       N/A        0.33      N/A        58.89    N/A           32.92    45.55    3.479    3.909    149   0    0     0     71.81  85.23  N/A         N/A          0.04         N/A          86.58  71.879   1.56     18.72       19.4        142      2.3      1.82          0.68    79.87     0.69    0.72    0.93    0.28    0.90     86.50   6.23    89.35   81.96   0.82    1248.70    8.07     37.31  
88   TR948TS011_2        011     75.84    100.00  85    N/A       N/A        0.33      N/A        59.40    N/A           36.53    46.76    3.418    3.78     149   1    0     0     72.48  85.91  N/A         N/A          0.08         N/A          87.25  78.849   1.59     19.22       19.1        141      2.3      1.99          0.69    80.20     0.69    0.74    0.94    0.23    0.90     90.80   6.23    89.85   82.73   0.83    1229.90    5.53     36.73  
89   TR948TS220_2        220s    75.84    100.00  85    N/A       N/A        0.33      -1.38      59.40    N/A           36.53    46.76    3.418    3.78     149   1    0     0     72.48  85.91  N/A         N/A          0.08         -1.72        87.25  78.849   1.59     19.22       19.1        141      2.3      1.99          0.69    80.20     0.69    0.74    0.94    0.23    0.90     90.80   6.23    89.85   82.73   0.83    1229.90    5.53     36.73  
90   TR948TS118_3        118     75.50    100.00  90    N/A       N/A        0.30      N/A        58.89    N/A           37.87    51.84    4.04     4.462    149   1    0     0     79.19  84.56  N/A         N/A          0.46         N/A          85.91  82.335   1.40     18.05       17.5        133      2.1      2.11          0.63    76.85     0.67    0.70    0.87    0.40    0.89     72.41   5.60    87.80   79.35   0.82    1134.00    16.28    N/A    
91   TR948TS381_1        381     75.34    95.97   91    0.24      N/A        0.29      N/A        61.41    N/A           41.14    52.38    4.672    5.234    143   1    0     0     75.84  81.21  0.23        N/A          0.27         N/A          83.89  81.614   1.47     17.21       17.3        128      2        2.17          0.62    66.11     0.65    0.66    0.75    0.00    0.85     74.44   5.86    82.75   75.11   0.81    1095.80    N/A      46.19  
92   TR948TS017_5        017     75.34    100.00  91    N/A       N/A        0.29      N/A        58.73    N/A           36.45    51.51    4.85     5.443    149   1    0     0     76.51  84.56  N/A         N/A          0.31         N/A          86.58  82.115   1.44     17.21       17.8        134      1.9      1.40          0.64    66.78     0.64    0.67    0.81    0.43    0.89     79.07   5.86    86.73   76.28   0.82    1155.30    17.50    86.81  
93   TR948TS102_3        102     75.34    100.00  91    N/A       N/A        0.29      N/A        57.22    N/A           33.87    50.01    4.525    5.026    149   1    0     0     77.85  85.23  N/A         N/A          0.38         N/A          85.23  83.154   1.51     18.22       18.4        136      2        1.87          0.63    70.47     0.65    0.69    0.84    0.39    0.89     78.80   5.86    87.71   77.82   0.82    1188.30    12.28    80.26  
94   TR948TS381_2        381     75.34    95.97   91    N/A       N/A        0.29      N/A        61.41    N/A           41.14    52.38    4.672    5.234    143   1    0     0     75.84  81.21  N/A         N/A          0.27         N/A          83.89  81.614   1.47     17.21       17.3        128      2        2.17          0.62    66.11     0.65    0.66    0.75    0.00    0.85     74.44   5.86    82.75   75.11   0.81    1095.80    N/A      46.19  
95   TR948TS295_4        295     75.17    100.00  95    N/A       N/A        0.27      N/A        55.54    N/A           34.53    48.30    3.784    4.584    149   0    0     0     77.85  83.89  N/A         N/A          0.38         N/A          85.91  80.446   1.40     18.05       17.7        134      1.9      3.12          0.58    70.13     0.62    0.68    0.89    0.39    0.90     78.70   5.86    86.87   75.67   0.81    1148.30    12.06    N/A    
96   TR948TS187_4        187     75.17    100.00  95    N/A       N/A        0.27      N/A        55.54    N/A           34.53    48.30    3.784    4.584    149   0    0     0     77.85  83.89  N/A         N/A          0.38         N/A          85.91  80.446   1.40     18.05       17.7        134      1.9      3.12          0.58    70.13     0.62    0.68    0.89    0.39    0.90     78.70   5.86    86.87   75.67   0.81    1148.30    12.06    N/A    
97   TR948TS393_4        393     75.17    100.00  95    N/A       N/A        0.27      N/A        57.38    N/A           36.78    51.02    3.58     4.209    149   1    0     0     77.18  87.25  N/A         N/A          0.34         N/A          87.25  82.889   1.65     17.88       18.6        136      2.2      3.14          0.67    76.85     0.65    0.71    0.92    0.35    0.90     85.10   6.11    89.68   81.78   0.83    1219.90    6.65     27.73  
98   TR948TS393_5        393     75.17    100.00  95    N/A       N/A        0.27      N/A        56.88    N/A           36.26    50.34    3.525    4.195    149   1    0     0     75.84  86.58  N/A         N/A          0.27         N/A          87.25  82.509   1.63     18.38       18.1        138      2.4      3.06          0.67    76.51     0.66    0.72    0.92    0.31    0.90     84.40   6.11    89.34   81.50   0.82    1188.70    7.75     27.69  
99   TR948TS187_1        187     75.00    100.00  99    0.22      N/A        0.26      N/A        55.20    N/A           36.70    49.83    3.794    4.647    149   0    0     0     76.51  82.55  0.27        N/A          0.31         N/A          84.56  80.313   1.41     17.71       17.3        136      2.2      3.11          0.58    68.12     0.62    0.68    0.88    0.41    0.90     83.70   5.86    87.41   76.07   0.81    1128.60    12.22    N/A    
100  TR948TS279_1        279     75.00    100.00  99    0.22      N/A        0.26      N/A        59.73    N/A           39.44    53.56    5.171    5.708    149   2    0     0     77.85  81.88  0.34        N/A          0.38         N/A          82.55  80.228   1.42     17.88       17.6        130      2.1      1.40          0.65    70.81     0.65    0.68    0.82    0.41    0.86     83.34   5.73    89.78   79.04   0.79    1139.40    12.75    84.19  
101  TR948TS295_3        295     75.00    100.00  99    N/A       N/A        0.26      N/A        55.20    N/A           36.70    49.83    3.794    4.647    149   0    0     0     76.51  82.55  N/A         N/A          0.31         N/A          84.56  80.313   1.41     17.71       17.3        136      2.2      3.11          0.58    68.12     0.62    0.68    0.88    0.41    0.90     83.70   5.86    87.41   76.07   0.81    1128.60    12.22    N/A    
102  TR948TS474_2        474     74.66    100.00  102   N/A       N/A        0.24      N/A        55.87    N/A           24.95    42.39    4.044    4.545    149   1    0     0     72.48  86.58  N/A         N/A          0.08         N/A          88.59  84.084   1.65     18.22       18.8        140      2.1      3.05          0.63    75.17     0.64    0.68    0.90    0.30    0.87     84.80   6.11    88.12   79.29   0.83    1214.80    9.47     79.78  
103  TR948TS446_1        446s    74.66    100.00  102   0.19      -1.18      0.24      -2.16      58.05    -1.36         38.23    50.89    4.795    5.321    149   1    0     0     76.51  82.55  0.27        -0.10        0.31         -0.30        83.89  80.87    1.60     17.54       17.7        135      2.2      0.81          0.64    69.80     0.67    0.69    0.81    0.41    0.89     80.10   5.99    87.94   78.09   0.81    1149.60    16.83    84.33  
104  TR948TS102_4        102     74.50    100.00  104   N/A       N/A        0.22      N/A        56.54    N/A           34.81    50.16    4.923    5.516    149   1    0     0     76.51  81.88  N/A         N/A          0.31         N/A          83.89  81.602   1.51     17.88       17.4        134      2        1.66          0.63    69.46     0.64    0.67    0.81    0.41    0.89     81.70   5.86    86.69   76.57   0.81    1135.00    17.38    79.34  
105  TR948TS060_2        060     74.50    100.00  104   N/A       N/A        0.22      N/A        58.90    N/A           39.10    52.98    7.672    8.261    149   0    0     0     77.85  81.21  N/A         N/A          0.38         N/A          81.21  78.939   1.38     15.86       17.6        130      2.4      0.50          0.64    66.78     0.67    0.68    0.76    0.45    0.87     73.10   4.89    89.51   79.83   0.78    1145.90    26.94    83.94  
106  TR948TS187_5        187     74.16    100.00  106   N/A       N/A        0.20      N/A        56.55    N/A           38.12    50.65    4.293    4.85     149   0    0     0     77.85  85.91  N/A         N/A          0.38         N/A          85.91  82.812   1.47     18.89       17.4        137      2.3      2.57          0.59    71.48     0.65    0.69    0.86    0.37    0.90     83.70   5.73    87.17   77.19   0.82    1133.40    15.78    N/A    
107  TR948TS480_1        480     74.16    100.00  106   0.15      N/A        0.20      N/A        56.38    N/A           32.56    48.73    4.734    5.297    149   1    0     0     76.51  84.56  0.27        N/A          0.31         N/A          85.91  82.594   1.61     17.38       17.6        135      2        3.00          0.61    69.80     0.61    0.65    0.82    0.45    0.89     80.50   5.86    86.84   75.33   0.82    1147.20    16.86    28.05  
108  TR948TS187_2        187     73.83    100.00  108   N/A       N/A        0.17      N/A        54.70    N/A           32.34    47.52    3.892    4.663    149   0    0     0     77.18  83.22  N/A         N/A          0.34         N/A          84.56  80.475   1.48     17.88       17.2        135      2.2      2.88          0.57    69.46     0.63    0.67    0.88    0.38    0.90     81.20   5.86    86.54   75.68   0.81    1118.30    12.00    N/A    
109  TR948TS295_1        295     73.32    100.00  109   0.09      N/A        0.13      N/A        54.20    N/A           35.85    48.35    3.928    4.71     149   0    0     0     75.84  83.22  0.23        N/A          0.27         N/A          83.22  79.716   1.58     18.72       16.7        136      2.5      3.00          0.59    69.46     0.63    0.69    0.88    0.39    0.89     79.50   5.99    86.68   77.84   0.81    1092.40    11.15    N/A    
110  TR948TS480_2        480     73.15    100.00  110   N/A       N/A        0.12      N/A        55.03    N/A           28.99    47.45    4.775    5.267    149   1    0     0     76.51  84.56  N/A         N/A          0.31         N/A          85.91  80.572   1.61     17.38       16.6        134      1.9      3.01          0.60    70.13     0.60    0.63    0.83    0.45    0.89     80.50   5.86    85.53   73.79   0.81    1084.40    15.38    28.85  
111  TR948TS324_3        324     72.82    100.00  111   N/A       N/A        0.10      N/A        54.53    N/A           33.01    46.84    4.774    5.371    149   1    0     0     73.15  83.89  N/A         N/A          0.12         N/A          84.56  81.081   1.55     18.89       17.5        135      2.1      2.65          0.63    70.81     0.64    0.68    0.81    0.46    0.88     80.60   5.86    86.44   76.43   0.80    1136.00    17.42    29.87  
112  TR948TS480_5        480     72.82    100.00  111   N/A       N/A        0.10      N/A        54.87    N/A           30.35    47.76    4.737    5.338    149   0    0     0     75.17  83.89  N/A         N/A          0.23         N/A          85.23  80.658   1.61     17.04       17.1        134      2        3.36          0.59    67.79     0.58    0.63    0.81    0.48    0.89     78.30   5.86    86.33   74.24   0.80    1112.80    18.64    28.99  
113  TR948TS324_5        324     72.48    100.00  113   N/A       N/A        0.07      N/A        54.36    N/A           33.81    46.84    4.817    5.421    149   1    0     0     73.15  83.89  N/A         N/A          0.12         N/A          84.56  80.513   1.57     18.72       17.4        135      2.1      2.63          0.63    70.47     0.64    0.67    0.81    0.46    0.88     73.00   5.86    86.29   76.38   0.80    1131.30    17.78    30.07  
114  TR948TS324_1        324     72.48    100.00  113   0.02      N/A        0.07      N/A        54.36    N/A           35.28    47.14    4.786    5.366    149   1    0     0     73.15  83.89  0.08        N/A          0.12         N/A          84.56  80.546   1.57     17.88       17.4        135      2.1      2.68          0.63    70.13     0.64    0.68    0.81    0.46    0.88     80.60   5.86    86.31   76.38   0.80    1134.40    17.46    29.96  
115  TR948TS118_2        118     72.48    100.00  113   N/A       N/A        0.07      N/A        54.36    N/A           33.30    45.52    3.832    4.416    149   1    0     0     75.17  86.58  N/A         N/A          0.23         N/A          88.59  77.604   1.68     17.88       18.3        141      2.3      1.69          0.62    74.16     0.65    0.68    0.91    0.35    0.89     75.39   6.11    87.28   77.96   0.82    1180.60    10.21    N/A    
116  TR948TS118_1        118     72.48    100.00  113   0.02      N/A        0.07      N/A        52.85    N/A           30.60    44.59    3.877    4.459    149   1    0     0     75.17  85.23  0.19        N/A          0.23         N/A          87.25  82.174   1.78     17.71       18.1        140      2.1      1.80          0.62    73.49     0.65    0.69    0.91    0.33    0.89     86.81   6.11    87.58   79.45   0.82    1176.00    6.97     N/A    
117  TR948TS418_4        418     72.31    100.00  117   N/A       N/A        0.06      N/A        54.19    N/A           30.92    46.10    4.586    5.207    149   1    0     0     77.18  85.23  N/A         N/A          0.34         N/A          86.58  81.968   1.59     18.55       17.1        137      2.2      4.12          0.60    70.81     0.61    0.67    0.82    0.44    0.88     80.80   5.86    86.32   75.35   0.81    1115.90    16.95    48.80  
118  TR948TS324_4        324     72.31    100.00  117   N/A       N/A        0.06      N/A        54.20    N/A           33.36    46.77    4.805    5.392    149   1    0     0     73.15  83.89  N/A         N/A          0.12         N/A          84.56  80.899   1.58     18.72       17.4        135      2.1      2.60          0.63    70.81     0.63    0.68    0.81    0.46    0.88     73.00   5.86    86.35   76.34   0.80    1135.30    17.67    29.96  
119  TR948TS324_2        324     72.31    100.00  117   N/A       N/A        0.06      N/A        54.20    N/A           35.27    47.24    4.808    5.419    149   1    0     0     73.15  83.89  N/A         N/A          0.12         N/A          84.56  80.823   1.60     17.71       17.4        134      2.1      2.73          0.63    69.80     0.64    0.68    0.81    0.46    0.88     73.00   5.86    86.34   76.39   0.80    1131.80    17.75    30.01  
120  TR948TS418_3        418     71.98    100.00  120   N/A       N/A        0.03      N/A        52.52    N/A           31.26    45.72    4.654    5.207    149   0    0     0     79.87  85.91  N/A         N/A          0.50         N/A          87.25  81.352   1.60     18.55       17.5        136      2        3.87          0.62    71.14     0.63    0.69    0.82    0.42    0.89     80.20   5.86    86.12   76.99   0.81    1136.90    17.97    48.17  
121  TR948TS081_4        081     71.98    100.00  120   N/A       N/A        0.03      N/A        55.37    N/A           37.50    49.87    6.656    6.999    149   1    0     0     75.84  81.88  N/A         N/A          0.27         N/A          81.88  78.409   1.60     16.53       17          131      2.4      1.68          0.62    68.79     0.65    0.67    0.75    0.48    0.89     81.60   5.04    87.42   76.76   0.77    1109.60    38.06    78.98  
122  TR948TS295_2        295     71.81    100.00  122   N/A       N/A        0.02      N/A        52.02    N/A           33.54    46.70    3.904    4.686    149   0    0     0     78.52  83.89  N/A         N/A          0.42         N/A          83.89  78.815   1.54     17.88       16.7        136      2.4      2.93          0.58    68.12     0.63    0.68    0.88    0.39    0.89     79.60   5.99    86.71   77.20   0.80    1093.20    10.03    N/A    
123  TR948TS393_3        393     71.64    100.00  123   N/A       N/A        0.01      N/A        54.03    N/A           35.79    46.09    4.882    5.481    149   1    0     0     73.15  83.22  N/A         N/A          0.12         N/A          85.23  80.931   1.69     18.05       17.3        137      2.3      2.75          0.64    71.48     0.64    0.68    0.81    0.46    0.87     80.30   5.86    86.16   76.51   0.80    1142.80    16.61    30.71  
124  TR948TS480_4        480     71.31    100.00  124   N/A       N/A        -0.02     N/A        52.85    N/A           28.35    43.99    4.584    5.139    149   2    0     0     73.83  85.23  N/A         N/A          0.15         N/A          86.58  80.095   1.71     18.22       16.4        134      2        3.24          0.59    70.47     0.60    0.64    0.84    0.43    0.89     80.80   5.86    85.12   73.75   0.80    1076.90    13.72    29.75  
125  TR948TS396_5        396     70.97    100.00  125   N/A       N/A        -0.04     N/A        53.52    N/A           33.63    45.94    4.792    5.429    149   1    0     0     73.83  81.88  N/A         N/A          0.15         N/A          83.22  80.454   1.58     18.38       17.2        137      2.2      0.96          0.64    70.81     0.64    0.69    0.81    0.45    0.87     80.30   5.86    85.74   76.13   0.80    1136.80    16.54    N/A    
126  TR948TS418_2        418     70.97    100.00  125   N/A       N/A        -0.04     N/A        51.85    N/A           32.20    45.06    4.632    5.262    149   0    0     0     72.48  85.91  N/A         N/A          0.08         N/A          87.25  80.878   1.66     18.55       17.2        137      2.2      3.74          0.61    68.12     0.61    0.67    0.82    0.45    0.88     80.30   5.86    84.24   75.07   0.80    1134.20    17.23    49.69  
127  TR948TS480_3        480     70.97    100.00  125   N/A       N/A        -0.04     N/A        52.52    N/A           27.01    43.42    4.699    5.303    149   0    0     0     76.51  83.89  N/A         N/A          0.31         N/A          85.23  79.293   1.60     17.21       16.6        135      2.1      3.37          0.58    69.46     0.59    0.63    0.82    0.44    0.89     80.80   5.86    86.73   74.07   0.80    1084.80    17.33    29.89  
128  TR948TS118_5        118     70.64    100.00  128   N/A       N/A        -0.07     N/A        51.01    N/A           34.38    45.71    4.537    5.054    149   1    0     0     75.17  82.55  N/A         N/A          0.23         N/A          83.89  78.229   1.72     18.05       16.5        135      2.7      1.69          0.62    72.48     0.66    0.67    0.84    0.33    0.90     86.02   5.73    87.63   79.15   0.78    1078.40    11.90    N/A    
129  TR948TS393_2        393     69.46    100.00  129   N/A       N/A        -0.16     N/A        51.01    N/A           30.29    42.43    4.89     5.435    149   1    0     0     73.15  83.22  N/A         N/A          0.12         N/A          84.56  78.364   1.74     18.05       16.8        134      2.2      2.74          0.61    68.79     0.63    0.66    0.80    0.46    0.87     80.20   5.86    85.37   76.00   0.79    1112.00    19.23    31.07  
130  TR948TS396_3        396     69.30    100.00  130   N/A       N/A        -0.17     N/A        50.84    N/A           30.11    42.13    4.841    5.433    149   1    0     0     73.83  83.22  N/A         N/A          0.15         N/A          83.89  77.852   1.72     17.88       16.7        135      2.2      1.10          0.61    68.46     0.62    0.65    0.81    0.45    0.87     80.30   5.86    85.12   75.94   0.78    1105.40    18.81    N/A    
131  TR948TS418_1        418     68.79    100.00  131   -0.26     N/A        -0.21     N/A        49.16    N/A           29.84    43.40    4.72     5.248    149   0    0     0     75.17  84.56  0.19        N/A          0.23         N/A          86.58  79.657   1.71     18.55       16.9        135      2.1      3.61          0.60    68.79     0.61    0.66    0.81    0.44    0.88     80.30   5.86    84.88   75.31   0.80    1106.10    17.56    49.87  
132  TR948TS396_4        396     67.62    100.00  132   N/A       N/A        -0.30     N/A        49.33    N/A           28.66    40.30    4.949    5.597    149   1    0     0     72.48  83.89  N/A         N/A          0.08         N/A          83.89  66.515   1.81     18.72       16.1        134      2.4      0.91          0.60    68.79     0.62    0.65    0.81    0.49    0.87     80.30   5.86    84.85   75.62   0.77    1068.70    18.41    N/A    
133  TR948TS081_5        081     66.28    100.00  133   N/A       N/A        -0.40     N/A        48.32    N/A           26.46    37.40    6.226    6.752    149   1    0     0     70.47  76.51  N/A         N/A          -0.04        N/A          77.18  72.859   1.80     16.03       15.5        131      3.1      1.34          0.56    67.45     0.61    0.62    0.81    0.48    0.85     82.10   4.74    81.57   72.64   0.72    976.70     19.44    78.20  
134  TR948TS257_5        257     65.94    100.00  134   N/A       N/A        -0.42     N/A        44.46    N/A           26.81    34.02    3.868    5.306    149   0    0     0     71.14  86.58  N/A         N/A          0.00         N/A          87.25  71.25    1.97     18.89       15.9        140      2.6      2.96          0.01    48.32     0.59    0.69    0.91    0.29    0.88     25.50   6.11    85.95   76.77   0.78    1044.30    7.74     52.14  
135  TR948TS474_1        474     65.44    100.00  135   -0.52     N/A        -0.46     N/A        44.63    N/A           22.26    36.69    3.806    4.405    149   1    0     0     71.14  83.89  -0.03       N/A          0.00         N/A          84.56  64.896   1.92     18.05       15.6        138      2.6      3.27          0.58    72.48     0.61    0.64    0.92    0.35    0.89     84.10   5.86    85.35   77.40   0.77    1030.40    7.61     78.54  
136  TR948TS162_2        162     65.27    100.00  136   N/A       N/A        -0.47     N/A        51.17    N/A           29.39    42.58    7.409    7.807    149   0    0     0     63.76  70.47  N/A         N/A          -0.42        N/A          73.15  70.461   1.59     13.85       12.1        117      2.2      1.05          0.48    45.30     0.57    0.50    0.71    0.86    0.82     80.20   5.86    60.69   67.24   0.70    824.40     29.62    N/A    
137  TR948TS418_5        418     65.10    100.00  137   N/A       N/A        -0.49     N/A        45.64    N/A           27.23    38.59    4.979    5.515    149   0    0     0     72.48  81.88  N/A         N/A          0.08         N/A          83.22  70.077   1.92     18.38       15.7        135      2.5      3.79          0.58    66.78     0.61    0.65    0.80    0.46    0.88     80.30   5.73    80.77   74.10   0.76    1033.40    19.20    51.15  
138  TR948TS162_3        162     64.26    100.00  138   N/A       N/A        -0.55     N/A        48.66    N/A           28.48    41.21    7.414    7.767    149   0    0     0     65.10  70.47  N/A         N/A          -0.34        N/A          71.14  69.59    1.65     13.85       11.8        116      2.2      1.05          0.48    45.97     0.58    0.50    0.72    0.86    0.82     79.60   5.86    61.80   67.89   0.69    807.90     27.32    N/A    
139  TR948TS162_1        162     64.09    100.00  139   -0.63     N/A        -0.56     N/A        49.33    N/A           28.47    41.19    7.404    7.783    149   0    0     0     63.76  69.80  -0.43       N/A          -0.42        N/A          71.81  69.431   1.66     13.85       12          116      2.2      1.55          0.48    44.30     0.57    0.49    0.71    0.85    0.82     80.60   5.86    61.55   67.69   0.69    818.10     29.05    N/A    
140  TR948TS162_4        162     63.93    100.00  140   N/A       N/A        -0.57     N/A        50.00    N/A           27.98    41.20    7.367    7.744    149   0    0     0     64.43  71.14  N/A         N/A          -0.38        N/A          71.81  69.61    1.66     14.01       12.1        117      2.3      1.22          0.49    45.30     0.58    0.50    0.71    0.83    0.82     80.50   5.86    62.46   67.60   0.70    821.90     28.23    N/A    
141  TR948TS081_3        081     63.93    100.00  140   N/A       N/A        -0.57     N/A        44.97    N/A           24.92    37.45    4.929    5.303    149   1    0     0     68.46  80.54  N/A         N/A          -0.15        N/A          83.22  64.825   1.94     16.53       14.5        136      2.6      1.72          0.55    67.79     0.61    0.62    0.82    0.43    0.89     82.20   5.60    82.62   73.05   0.75    964.60     14.98    86.48  
142  TR948TS162_5        162     62.42    100.00  142   N/A       N/A        -0.69     N/A        47.48    N/A           29.50    40.38    7.416    7.764    149   0    0     0     65.10  71.14  N/A         N/A          -0.34        N/A          72.48  68.604   1.62     13.34       11.8        117      2.3      0.88          0.49    45.64     0.58    0.50    0.71    0.84    0.82     79.60   5.86    62.02   67.55   0.69    807.20     27.49    N/A    
143  TR948TS257_3        257     52.85    100.00  143   N/A       N/A        -1.41     N/A        33.22    N/A           16.38    19.43    6.047    16.045   149   3    0     0     46.98  67.79  N/A         N/A          -1.36        N/A          69.13  47.74    2.45     16.37       9.7         134      3.6      3.00          0.00    3.02      0.53    0.57    0.76    0.58    0.86     39.60   5.46    73.84   65.78   0.64    681.70     24.55    63.48  
144  TR948TS257_2        257     52.85    100.00  143   N/A       N/A        -1.41     N/A        33.22    N/A           17.77    19.24    5.745    21.126   149   5    0     0     51.01  72.48  N/A         N/A          -1.14        N/A          74.50  50.273   2.51     17.38       9.9         134      3.4      3.07          0.00    2.35      0.53    0.56    0.73    0.57    0.83     42.90   5.60    74.78   66.64   0.66    693.10     19.47    59.18  
145  TR948TS330_2        330     49.33    100.00  145   N/A       N/A        -1.68     N/A        28.19    N/A           14.59    20.24    5.134    5.733    149   1    0     0     34.90  66.44  N/A         N/A          -2.05        N/A          74.50  47.293   2.54     18.38       10          134      3.8      0.74          0.51    67.11     0.60    0.57    0.84    0.36    0.82     78.60   5.86    71.52   71.15   0.66    702.40     7.34     65.13  
146  TR948TS257_1        257     47.15    100.00  146   -1.94     N/A        -1.84     N/A        28.52    N/A           13.94    15.86    6.848    13.231   149   5    0     0     43.62  61.74  -1.53       N/A          -1.55        N/A          63.09  43.514   2.37     15.86       6.9         117      3.6      2.93          0.00    3.36      0.52    0.48    0.72    0.66    0.83     41.80   4.58    62.61   62.77   0.58    517.60     25.65    62.12  
147  TR948TS257_4        257     46.64    100.00  147   N/A       N/A        -1.88     N/A        26.68    N/A           13.88    16.20    6.571    21.789   149   6    0     0     33.56  54.36  N/A         N/A          -2.12        N/A          58.39  39.408   2.34     11.66       5.9         114      4        2.89          0.00    2.68      0.53    0.49    0.69    0.62    0.84     54.00   4.07    68.94   63.32   0.58    462.30     24.68    61.15  
148  TR948TS330_5        330     44.97    100.00  148   N/A       N/A        -2.01     N/A        26.68    N/A           9.93     15.39    6.55     7.342    149   1    0     0     32.21  62.42  N/A         N/A          -2.20        N/A          68.46  45.95    2.52     12.67       8.8         127      3.7      1.73          0.46    56.38     0.55    0.51    0.83    0.62    0.75     80.20   5.46    71.77   66.22   0.61    632.00     9.41     67.16  
149  TR948TS330_1        330     32.22    100.00  149   -3.09     N/A        -2.97     N/A        20.98    N/A           6.05     13.01    14.487   15.371   149   1    0     0     0.67   33.56  -3.88       N/A          -3.99        N/A          40.94  28.777   2.37     6.45        4           79       3.4      1.24          0.37    36.58     0.53    0.39    0.44    1.04    0.57     69.10   3.29    39.00   60.67   0.43    335.50     24.81    49.39  
150  TR948TS330_3        330     31.88    100.00  150   N/A       N/A        -3.00     N/A        21.48    N/A           9.89     14.15    12.273   12.869   149   1    0     0     23.49  37.58  N/A         N/A          -2.69        N/A          40.94  29.344   2.13     7.46        2.8         92       7.3      1.24          0.41    42.28     0.55    0.47    0.51    1.06    0.58     69.70   4.25    40.38   60.91   0.39    280.80     21.80    45.24  
151  TR948TS330_4        330     19.63    100.00  151   N/A       N/A        -3.92     N/A        12.92    N/A           3.59     7.64     16.029   16.666   149   5    0     0     0.00   0.67   N/A         N/A          -4.02        N/A          30.20  22.319   2.39     1.24        1.6         86       10.8     1.92          0.35    28.86     0.50    0.36    0.45    1.58    0.43     57.10   3.89    33.91   56.69   0.29    212.30     26.84    38.66  
152  TR948TS399_2        399     18.46    100.00  152   N/A       N/A        -4.01     N/A        13.93    N/A           5.48     7.03     19.878   20.205   149   7    0     0     0.00   0.00   N/A         N/A          -4.02        N/A          27.52  23.508   2.03     2.75        1.9         61       9.4      3.25          0.18    24.83     0.49    0.35    0.36    1.59    0.47     67.70   3.07    29.20   57.65   0.29    162.50     54.53    44.25  
153  TR948TS399_3        399     18.29    100.00  153   N/A       N/A        -4.02     N/A        13.76    N/A           5.48     7.03     19.262   19.564   149   5    0     0     0.00   14.77  N/A         N/A          -4.02        N/A          28.86  22.027   1.97     2.75        1.2         60       9        3.20          0.19    25.17     0.49    0.36    0.38    1.54    0.46     66.80   2.58    27.65   58.38   0.28    157.90     53.51    47.74  
154  TR948TS399_5        399     18.12    100.00  154   N/A       N/A        -4.04     N/A        13.59    N/A           5.48     7.03     21.083   21.313   149   5    0     0     0.00   15.44  N/A         N/A          -4.02        N/A          26.85  25.063   1.87     2.75        1.2         58       8.1      3.15          0.18    23.49     0.49    0.36    0.33    1.63    0.46     66.40   2.30    27.59   57.26   0.28    155.10     83.04    42.22  
155  TR948TS399_1        399     18.12    100.00  154   -4.18     N/A        -4.04     N/A        13.93    N/A           5.31     6.92     22.759   22.627   149   5    0     0     1.34   3.36   -3.85       N/A          -3.95        N/A          27.52  22.148   2.25     2.75        1.5         50       3.1      3.19          0.18    24.16     0.50    0.36    0.31    1.64    0.48     62.00   2.83    27.52   57.91   0.28    130.20     107.79   35.70  
156  TR948TS399_4        399     17.79    100.00  156   N/A       N/A        -4.06     N/A        13.59    N/A           5.53     7.26     20.524   20.641   149   4    0     0     0.00   5.37   N/A         N/A          -4.02        N/A          27.52  22.425   2.09     2.75        1.1         54       6.3      3.15          0.20    25.50     0.50    0.37    0.36    1.57    0.51     61.60   2.58    29.19   57.44   0.28    179.80     85.24    41.06  

