#    Model               GR#     GDT_TS   NP_P    RANK  Z-M1-GDT  Z-M1s-GDT  Z-MA-GDT  Z-MAs-GDT  GDT_HA   Z-M1s-GDT-HA  GDC_SC   GDC_ALL  RMS_CA   RMS_ALL  NP    err  PC01  PC05  AL0_P  AL4_P  Z-M1-AL0_p  Z-M1s-AL0_p  Z-MA-AL0_p   Z-MAs-AL0_p  ALI_P  LGA_S    RMSD[L]  Z-score[M]  Z-Score[D]  Al.Res.  RMSD[D]  MolPrb_Score  LDDT    SphGr     CAD_AA  RPF     CODM    DFM     Handed.  SOV     CE      QCS     CONTS   TMscore  Dali(raw)  FlexE    QSE      CAD_SS    MolPrb_clash  MolPrb_rotout  MolPrb_ramout  MolPrb_ramfv 

1    T0950TS324_2-D1     324s    38.52    100.00  1     N/A       N/A        3.67      3.67       22.44    N/A           11.45    18.37    11.871   12.163   342   5    0     0     33.63  54.68  N/A         N/A          4.24         4.24         56.14  36.226   2.43     24.72       17.1        300      8.4      3.50          0.55    70.61     0.58    0.61    0.89    0.57    0.79     85.50   6.35    78.01   73.24   0.59    1958.80    7.79     75.82    0.26      33.34         17.19         2.85           89.74        
2    T0950TS324_1-D1     324s    36.84    100.00  2     2.88      2.88       3.40      3.40       20.91    3.07          10.31    16.96    12.868   13.151   342   0    0     0     32.16  51.46  3.51        3.51         4.03         4.03         53.22  34.017   2.46     23.56       17.5        306      10.7     3.54          0.56    71.93     0.59    0.62    0.90    0.57    0.79     86.10   6.23    76.43   73.65   0.56    1994.10    7.27     77.27    0.27      37.99         16.56         4.84           89.74        
3    T0950TS324_5-D1     324s    36.26    100.00  3     N/A       N/A        3.31      3.31       20.47    N/A           9.83     16.79    15.046   15.391   342   6    0     0     28.65  51.17  N/A         N/A          3.54         3.54         52.05  33.814   2.51     21.87       16.9        301      12.3     3.57          0.54    68.28     0.58    0.61    0.90    0.60    0.78     72.20   6.23    74.05   72.60   0.55    1939.80    7.08     78.30    0.26      34.20         18.44         3.70           88.32        
4    T0950TS324_4-D1     324s    35.53    100.00  4     N/A       N/A        3.19      3.19       20.18    N/A           9.19     16.50    28.218   28.369   342   3    0     0     32.75  50.00  N/A         N/A          4.12         4.12         50.88  33.457   2.46     20.83       15.5        287      19.5     3.61          0.55    70.47     0.58    0.61    0.71    0.51    0.78     75.10   6.11    58.61   72.71   0.53    1836.00    7.03     78.86    0.28      42.97         17.19         2.85           89.46        
5    T0950TS324_3-D1     324s    34.14    100.00  5     N/A       N/A        2.97      2.97       19.15    N/A           8.23     14.80    21.565   21.799   342   5    0     0     24.85  47.08  N/A         N/A          3.01         3.01         47.37  29.366   2.48     20.18       16.1        289      15       3.46          0.53    68.13     0.58    0.61    0.80    0.58    0.77     62.70   6.11    67.52   72.80   0.52    1851.00    11.05    81.96    0.26      36.61         16.88         2.56           92.02        
6    T0950TS145_2-D1     145s    33.55    100.00  6     N/A       N/A        2.88      2.88       20.03    N/A           6.64     13.06    9.101    9.764    342   0    0     0     0.00   0.29   N/A         N/A          -0.47        -0.47        41.81  29.222   2.32     17.59       10.9        262      9.2      3.73          0.49    62.13     0.55    0.56    0.83    0.61    0.70     80.10   6.81    69.01   73.93   0.51    1382.20    12.58    76.17    0.20      31.29         22.50         11.40          80.63        
7    T0950TS368_1-D1     368s    33.26    100.00  7     2.38      2.38       2.83      2.83       18.57    2.41          9.97     14.78    29.845   29.994   342   2    0     0     28.36  38.60  3.03        3.03         3.50         3.50         56.43  38.574   2.36     15.77       11.4        216      3.2      1.06          0.46    54.68     0.56    0.49    0.56    0.85    0.80     73.90   6.47    51.10   66.24   0.46    1364.90    13.90    49.62    0.21      0.86          0.00          0.85           95.73        
8    T0950TS221_1-D1     221s    28.14    100.00  8     1.67      1.67       2.02      2.02       14.77    1.34          5.57     10.66    26.603   26.857   342   4    0     0     4.39   34.50  0.04        0.04         0.14         0.14         42.98  26.288   2.58     12.92       9.5         223      5.7      3.18          0.45    54.24     0.51    0.49    0.54    0.92    0.77     62.80   5.60    49.30   63.65   0.44    1183.70    15.45    80.83    0.18      87.99         2.50          2.28           92.59        
9    T0950TS116_4-D1     116s    27.92    100.00  9     N/A       N/A        1.99      1.99       16.30    N/A           6.27     10.90    29.911   30.014   342   22   0     0     9.36   19.30  N/A         N/A          0.84         0.84         51.46  34.182   2.27     14.22       12.3        225      9.1      3.54          0.43    50.59     0.53    0.45    0.39    1.01    0.77     71.40   6.23    49.95   68.92   0.40    1555.20    18.98    72.87    0.15      138.36        6.56          1.99           95.44        
10   T0950TS116_1-D1     116s    27.70    100.00  10    1.60      1.60       1.95      1.95       15.13    1.44          6.44     10.88    29.241   29.415   342   3    0     0     10.82  23.10  0.84        0.84         1.04         1.04         55.26  35.165   2.39     10.84       10.8        179      2.8      3.47          0.40    42.84     0.49    0.40    0.38    1.23    0.75     59.90   6.11    47.78   59.93   0.42    1153.90    31.40    72.27    0.14      130.46        4.69          1.42           94.30        
11   T0950TS145_1-D1     145s    27.41    100.00  11    1.56      1.56       1.91      1.91       14.77    1.34          4.91     9.36     15.417   15.751   342   0    0     0     14.62  38.30  1.32        1.32         1.58         1.58         40.64  28.75    2.44     17.33       13.1        264      8.4      3.34          0.52    65.79     0.58    0.60    0.79    0.46    0.74     88.70   5.73    68.90   77.01   0.44    1543.40    11.17    65.71    0.25      17.88         21.25         3.13           88.60        
12   T0950TS261_1-D1     261s    27.19    100.00  12    1.53      1.53       1.87      1.87       14.40    1.23          5.81     9.46     15.398   15.751   342   0    0     0     14.62  37.43  1.32        1.32         1.58         1.58         40.64  28.1     2.34     15.77       11.2        248      9.1      3.40          0.52    65.50     0.57    0.59    0.79    0.48    0.73     76.60   5.60    68.16   75.69   0.44    1414.00    11.90    66.13    0.25      16.16         23.44         5.98           85.47        
13   T0950TS261_3-D1     261s    26.90    100.00  13    N/A       N/A        1.82      1.82       17.18    N/A           6.14     10.06    21.082   21.298   342   0    0     0     0.00   0.00   N/A         N/A          -0.47        -0.47        33.92  24.453   2.38     12.27       9.2         234      13.6     3.45          0.49    61.40     0.55    0.55    0.72    0.76    0.64     79.00   4.25    54.01   71.80   0.39    1147.40    14.24    71.53    0.22      18.39         23.12         8.26           85.19        
14   T0950TS337_5-D1     337s    25.66    100.00  14    N/A       N/A        1.63      1.63       14.77    N/A           6.07     11.40    30.235   30.342   342   1    0     0     6.73   18.71  N/A         N/A          0.47         0.47         41.81  28.448   2.54     9.81        10.5        216      5.5      3.68          0.42    48.98     0.50    0.43    0.49    0.90    0.76     68.50   5.33    44.35   61.41   0.36    1280.20    17.59    77.57    0.17      160.36        5.00          3.13           92.02        
15   T0950TS498_4-D1     498s    25.51    100.00  15    N/A       N/A        1.60      1.60       14.98    N/A           6.12     10.29    37.974   38.184   342   5    0     0     19.30  32.16  N/A         N/A          2.23         2.23         32.75  23.811   2.16     14.35       9.9         270      35.8     3.72          0.51    60.67     0.56    0.58    0.46    0.85    0.67     74.70   5.60    51.22   69.28   0.39    1222.50    18.60    79.86    0.26      32.83         23.12         5.13           83.76        
16   T0950TS145_5-D1     145s    24.20    100.00  16    N/A       N/A        1.40      1.40       13.52    N/A           4.20     5.38     27.787   27.987   342   0    0     0     7.89   27.49  N/A         N/A          0.63         0.63         55.85  36.789   2.31     9.16        10.6        220      4        3.71          0.42    46.64     0.50    0.45    0.53    0.93    0.76     60.10   5.73    51.81   64.92   0.39    1358.80    18.63    75.48    0.17      25.79         20.00         17.09          71.79        
17   T0950TS116_3-D1     116s    24.20    100.00  16    N/A       N/A        1.40      1.40       16.30    N/A           5.38     11.04    31.266   31.542   342   0    0     0     5.26   32.46  N/A         N/A          0.26         0.26         49.12  31.146   2.48     7.08        10.8        207      4.1      3.37          0.36    34.94     0.48    0.38    0.39    1.22    0.67     62.10   5.46    40.41   59.03   0.34    1384.40    53.34    78.74    0.13      118.43        3.75          1.99           94.02        
18   T0950TS498_2-D1     498s    24.12    100.00  18    N/A       N/A        1.38      1.38       14.11    N/A           5.30     9.29     37.484   37.721   342   6    0     0     19.59  31.87  N/A         N/A          2.27         2.27         34.50  22.014   2.47     13.70       5.4         207      33.9     3.83          0.50    61.11     0.56    0.56    0.48    0.98    0.64     73.60   5.33    48.70   69.56   0.38    759.30     13.41    80.11    0.25      52.43         17.19         7.41           82.62        
19   T0950TS261_2-D1     261s    23.83    100.00  19    N/A       N/A        1.34      1.34       13.23    N/A           3.95     5.17     27.734   27.91    342   0    0     0     8.19   26.90  N/A         N/A          0.68         0.68         54.97  37.655   2.25     7.99        11.2        218      3.5      3.75          0.42    46.20     0.51    0.46    0.53    0.92    0.75     55.80   5.73    51.45   63.54   0.39    1348.60    19.54    75.57    0.17      25.96         20.94         18.52          70.09        
20   T0950TS116_2-D1     116s    23.83    100.00  19    N/A       N/A        1.34      1.34       17.40    N/A           5.97     12.48    40.641   41.131   342   2    0     0     0.00   0.00   N/A         N/A          -0.47        -0.47        39.77  29.444   2.47     3.58        9.3         221      6.5      3.34          0.39    40.20     0.52    0.44    0.16    1.66    0.51     68.50   5.33    36.25   66.83   0.30    1131.90    83.50    78.05    0.15      91.97         3.75          4.56           92.31        
21   T0950TS246_4-D1     246s    23.68    100.00  21    N/A       N/A        1.31      1.31       13.08    N/A           1.84     4.03     30.113   30.251   342   0    0     0     1.17   6.14   N/A         N/A          -0.31        -0.31        53.22  34.773   2.38     8.51        10.9        231      16.9     3.16          0.36    35.09     0.49    0.37    0.42    1.01    0.76     64.20   6.11    45.52   59.89   0.35    1408.90    31.93    78.30    0.13      105.36        3.12          0.57           95.73        
22   T0950TS246_5-D1     246s    23.68    100.00  21    N/A       N/A        1.31      1.31       13.08    N/A           1.84     4.03     30.113   30.251   342   0    0     0     1.17   6.14   N/A         N/A          -0.31        -0.31        53.22  34.773   2.38     8.51        10.9        231      16.9     3.16          0.36    35.09     0.49    0.37    0.42    1.01    0.76     64.20   6.11    45.52   59.89   0.35    1408.90    31.93    78.30    0.13      105.36        3.12          0.57           95.73        
23   T0950TS246_1-D1     246s    23.46    100.00  23    1.01      1.01       1.28      1.28       13.01    0.84          3.17     5.03     29.886   30.124   342   0    0     0     0.29   6.43   -0.48       -0.48        -0.43        -0.43        54.09  36.508   2.27     9.81        11.5        201      3.3      2.45          0.33    35.82     0.51    0.39    0.40    0.93    0.75     63.80   6.11    44.15   61.11   0.35    1376.10    38.98    74.98    0.13      49.85         0.62          1.42           96.01        
24   T0950TS498_1-D1     498s    23.03    100.00  24    0.95      0.95       1.21      1.21       12.72    0.76          5.64     8.75     37.326   37.478   342   3    0     0     17.25  28.65  1.64        1.64         1.94         1.94         31.58  21.014   2.36     13.18       7.6         227      37.6     3.70          0.49    61.55     0.56    0.57    0.48    1.01    0.67     69.90   5.46    48.99   68.55   0.38    986.50     13.60    82.16    0.25      38.84         20.31         3.13           86.32        
25   T0950TS498_5-D1     498s    22.95    100.00  25    N/A       N/A        1.20      1.20       13.09    N/A           4.98     8.06     35.36    35.601   342   5    0     0     14.62  26.32  N/A         N/A          1.58         1.58         29.82  20.741   2.30     12.79       5.6         210      33       3.79          0.49    59.80     0.55    0.57    0.48    0.91    0.65     71.40   5.33    48.88   68.89   0.36    779.20     13.73    82.35    0.25      40.23         20.94         5.13           82.05        
26   T0950TS498_3-D1     498s    22.59    100.00  26    N/A       N/A        1.14      1.14       13.45    N/A           5.34     9.27     37.18    37.445   342   4    0     0     18.42  29.53  N/A         N/A          2.11         2.11         33.04  20.801   2.46     12.79       5.4         145      12.6     3.95          0.51    59.80     0.55    0.56    0.53    0.99    0.62     55.70   5.04    49.53   68.19   0.36    569.20     11.48    81.11    0.24      61.54         23.12         4.84           85.19        
27   T0950TS145_3-D1     145s    22.52    100.00  27    N/A       N/A        1.13      1.13       13.45    N/A           5.62     9.72     35.899   36.267   342   0    0     0     20.18  28.36  N/A         N/A          2.35         2.35         28.95  21.043   2.38     12.79       7.6         177      13.4     4.65          0.45    62.87     0.50    0.56    0.54    0.83    0.66     47.20   4.25    42.51   68.01   0.34    809.50     12.81    82.00    0.23      117.78        36.56         23.08          58.12        
28   T0950TS261_5-D1     261s    22.52    100.00  27    N/A       N/A        1.13      1.13       13.38    N/A           5.87     10.25    36.334   36.645   342   0    0     0     19.30  28.36  N/A         N/A          2.23         2.23         29.24  20.62    2.22     12.27       7.6         220      28       4.42          0.47    62.87     0.52    0.56    0.51    0.98    0.65     71.10   3.89    43.12   71.89   0.34    986.90     12.57    81.89    0.23      94.38         31.56         17.66          69.52        
29   T0950TS116_5-D1     116s    22.00    100.00  29    N/A       N/A        1.05      1.05       16.16    N/A           4.62     10.85    40.93    41.404   342   24   0     0     0.00   0.00   N/A         N/A          -0.47        -0.47        34.50  26.143   2.30     4.23        8.7         171      4.5      3.44          0.36    41.08     0.52    0.46    0.17    1.63    0.52     72.90   5.60    34.78   68.19   0.28    848.90     90.59    79.61    0.15      109.68        6.25          3.42           95.16        
30   T0950TS156_1-D1     156s    21.64    100.00  30    0.76      0.76       0.99      0.99       12.35    0.65          4.98     8.18     28.583   28.84    342   0    0     0     16.08  27.49  1.50        1.50         1.78         1.78         50.88  33.216   2.39     9.03        9.5         205      3.6      1.50          0.34    29.97     0.49    0.35    0.31    1.19    0.65     55.50   5.73    37.74   55.00   0.35    1172.10    71.80    49.07    0.13      1.89          0.00          3.13           90.03        
31   T0950TS156_2-D1     156s    21.56    100.00  31    N/A       N/A        0.98      0.98       12.35    N/A           5.92     8.64     28.42    28.7     342   0    0     0     6.43   14.62  N/A         N/A          0.43         0.43         51.75  32.75    2.38     12.40       9.1         210      9.4      1.71          0.34    29.97     0.49    0.35    0.31    1.18    0.66     48.70   5.73    38.40   55.20   0.35    1225.00    70.46    51.45    0.13      3.44          0.00          1.99           89.17        
32   T0950TS156_5-D1     156s    21.27    100.00  32    N/A       N/A        0.93      0.93       11.99    N/A           5.77     8.36     28.446   28.692   342   0    0     0     17.25  27.78  N/A         N/A          1.94         1.94         51.17  32.864   2.39     11.49       9.7         207      3.7      1.55          0.34    30.41     0.49    0.36    0.32    1.17    0.65     50.70   5.73    38.28   55.32   0.34    1185.10    70.62    49.46    0.14      2.23          0.31          1.99           90.03        
33   T0950TS156_4-D1     156s    21.27    100.00  32    N/A       N/A        0.93      0.93       12.36    N/A           5.78     8.56     28.561   28.811   342   0    0     0     16.67  26.61  N/A         N/A          1.86         1.86         50.58  34.219   2.33     15.38       9.2         217      20.8     1.52          0.34    29.24     0.50    0.35    0.31    1.17    0.66     52.80   4.42    37.20   54.73   0.34    1169.60    72.19    51.45    0.14      1.89          0.00          3.13           89.17        
34   T0950TS156_3-D1     156s    21.13    100.00  34    N/A       N/A        0.91      0.91       12.21    N/A           5.56     8.15     28.543   28.786   342   0    0     0     16.67  27.19  N/A         N/A          1.86         1.86         53.51  33.459   2.48     9.16        9.7         173      3.1      1.58          0.34    30.70     0.50    0.35    0.31    1.17    0.65     53.50   4.42    38.11   56.17   0.34    1030.40    69.34    48.22    0.13      2.58          0.31          1.99           90.31        
35   T0950TS368_3-D1     368s    21.13    100.00  34    N/A       N/A        0.91      0.91       14.33    N/A           5.92     9.61     42.251   42.637   342   1    0     0     19.59  21.93  N/A         N/A          2.27         2.27         39.47  31.033   2.08     8.25        6.3         169      3.5      0.83          0.36    35.38     0.54    0.41    0.10    1.22    0.64     81.60   4.89    41.01   66.16   0.29    820.90     351.83   45.13    0.13      0.69          0.00          0.28           97.44        
36   T0950TS441_5-D1     441s    20.83    100.00  36    N/A       N/A        0.86      0.86       11.84    N/A           4.52     8.38     28.989   29.22    342   0    0     0     7.89   16.67  N/A         N/A          0.63         0.63         52.05  32.738   2.48     11.88       9.8         224      13.1     3.40          0.32    29.09     0.47    0.34    0.32    1.18    0.65     49.40   4.89    37.33   52.84   0.33    1243.40    70.09    79.63    0.12      81.30         4.69          3.13           91.17        
37   T0950TS164_5-D1     164s    20.03    100.00  37    N/A       N/A        0.74      0.74       14.54    N/A           7.26     9.78     121.471  122.041  342   0    0     0     0.00   0.00   N/A         N/A          -0.47        -0.47        24.27  22.747   1.63     7.86        3.2         106      15.9     2.03          0.28    26.02     0.53    0.43    0.30    2.31    0.54     62.80   5.04    31.38   63.65   0.25    338.40     8598.87  69.47    0.12      19.08         0.00          1.42           96.30        
38   T0950TS246_2-D1     246s    19.96    100.00  38    N/A       N/A        0.72      0.72       10.67    N/A           3.22     5.55     29.017   29.23    342   1    0     0     4.09   21.35  N/A         N/A          0.10         0.10         45.61  28.99    2.48     11.49       11.6        221      4.2      3.46          0.36    35.97     0.49    0.38    0.40    1.12    0.73     59.90   5.86    43.00   60.36   0.31    1394.20    41.15    73.80    0.13      121.52        5.00          1.42           94.30        
39   T0950TS124_3-D1     124s    19.66    100.00  39    N/A       N/A        0.68      0.68       13.45    N/A           2.17     8.94     34.941   35.427   342   0    0     0     12.87  25.15  N/A         N/A          1.33         1.33         26.90  20.721   2.04     9.81        4.7         120      7        2.86          0.40    44.74     0.54    0.46    0.39    1.16    0.52     78.50   5.33    39.35   68.08   0.28    522.30     37.32    79.39    0.17      108.46        2.50          1.14           97.72        
40   T0950TS124_2-D1     124s    18.71    100.00  40    N/A       N/A        0.53      0.53       12.94    N/A           2.27     8.05     35.308   35.803   342   0    0     0     0.00   0.00   N/A         N/A          -0.47        -0.47        28.36  19.064   2.48     7.99        5.3         139      6        3.13          0.39    45.47     0.52    0.45    0.38    1.25    0.51     72.50   4.42    38.83   66.92   0.26    572.50     34.37    81.24    0.14      127.36        3.44          0.57           97.15        
41   T0950TS124_1-D1     124s    18.35    100.00  41    0.30      0.30       0.47      0.47       12.64    0.74          2.18     7.81     35.712   36.307   342   0    0     0     0.00   3.80   -0.51       -0.51        -0.47        -0.47        26.02  18.698   2.10     7.60        5.1         220      35.4     3.26          0.39    43.71     0.52    0.44    0.39    1.23    0.51     76.90   4.58    39.49   67.44   0.26    730.80     35.00    81.34    0.14      125.64        5.94          1.71           97.44        
42   T0950TS023_5-D1     023s    18.20    100.00  42    N/A       N/A        0.45      0.45       12.06    N/A           1.72     5.56     26.012   26.462   342   0    0     0     0.00   9.06   N/A         N/A          -0.47        -0.47        41.81  30.975   2.36     6.82        8.6         153      6.4      3.34          0.30    24.85     0.48    0.35    0.19    1.58    0.50     56.00   5.86    33.60   58.73   0.24    786.20     171.57   82.62    0.09      100.90        5.31          1.14           95.44        
43   T0950TS058_3-D1     058s    18.20    100.00  42    N/A       N/A        0.45      0.45       12.06    N/A           2.85     6.01     26.012   26.384   342   0    0     0     0.00   9.06   N/A         N/A          -0.47        -0.47        41.81  30.975   2.36     6.82        8.1         194      6.2      2.57          0.30    25.15     0.49    0.34    0.19    1.58    0.50     56.00   5.86    33.60   58.73   0.24    961.10     171.57   65.87    0.09      60.50         0.00          1.14           95.44        
44   T0950TS488_3-D1     488s    17.98    100.00  44    N/A       N/A        0.41      0.41       13.09    N/A           3.41     5.60     35.61    36.037   342   1    0     0     0.00   0.00   N/A         N/A          -0.47        -0.47        28.36  24.513   1.82     5.52        8.3         116      27.5     0.90          0.35    32.60     0.55    0.43    0.16    1.42    0.57     93.00   4.89    36.35   65.75   0.23    604.90     222.53   N/A      0.16      0.52          0.00          0.57           96.58        
45   T0950TS402_2-D1     402s    17.84    100.00  45    N/A       N/A        0.39      0.39       10.96    N/A           2.34     5.96     34.083   34.429   342   3    0     0     0.00   0.00   N/A         N/A          -0.47        -0.47        28.36  20.861   2.25     2.93        5.5         138      18.6     2.69          0.30    34.94     0.49    0.37    0.12    1.76    0.58     54.30   4.58    26.51   56.49   0.26    505.70     289.62   N/A      0.13      65.75         0.00          1.99           94.02        
46   T0950TS004_2-D1     004s    17.62    100.00  46    N/A       N/A        0.35      0.35       9.57     N/A           3.36     5.75     26.838   27.39    342   0    0     0     0.58   33.04  N/A         N/A          -0.39        -0.39        35.96  27.115   1.99     4.10        7.8         113      2.5      1.04          0.31    29.09     0.47    0.34    0.30    1.61    0.54     42.10   5.86    33.75   54.46   0.29    583.20     266.73   29.29    0.10      0.00          1.88          0.28           95.16        
47   T0950TS058_2-D1     058s    17.40    100.00  47    N/A       N/A        0.32      0.32       11.33    N/A           1.90     4.78     25.535   25.922   342   0    0     0     11.11  15.79  N/A         N/A          1.08         1.08         39.47  31.669   2.29     6.95        7.4         174      5.9      2.50          0.30    25.00     0.49    0.34    0.20    1.56    0.49     57.00   5.33    33.97   58.66   0.22    914.60     167.03   66.85    0.09      56.20         0.00          0.57           96.01        
48   T0950TS257_5-D1     257s    16.96    100.00  48    N/A       N/A        0.25      0.25       10.46    N/A           2.28     6.67     112.469  113.15   342   2    0     0     0.29   3.80   N/A         N/A          -0.43        -0.43        24.85  17.48    2.43     7.47        2.6         125      53.9     1.75          0.30    27.05     0.53    0.41    0.32    2.47    0.58     67.50   5.19    30.73   62.08   0.24    393.30     6901.68  80.07    0.11      3.27          2.81          2.28           95.73        
49   T0950TS337_3-D1     337s    16.81    100.00  49    N/A       N/A        0.22      0.22       11.48    N/A           2.42     7.05     32.067   32.46    342   0    0     0     0.00   0.00   N/A         N/A          -0.47        -0.47        37.72  24.124   2.37     3.58        4.6         179      8.4      2.91          0.30    27.92     0.48    0.38    0.10    1.57    0.57     63.40   5.86    39.32   60.60   0.24    673.10     396.63   85.53    0.10      80.78         2.81          1.42           96.87        
50   T0950TS149_1-D1     149s    16.81    100.00  49    0.08      0.08       0.22      0.22       9.87     -0.05         3.52     6.44     21.037   21.412   342   1    0     0     0.00   0.00   -0.51       -0.51        -0.47        -0.47        28.65  17.754   2.54     6.43        5.8         125      14.2     3.38          0.36    41.81     0.50    0.45    0.45    1.12    0.57     58.40   5.04    42.62   60.95   0.28    474.00     93.75    71.68    0.17      110.88        4.38          0.57           94.30        
51   T0950TS432_2-D1     432s    16.30    100.00  51    N/A       N/A        0.14      0.14       9.14     N/A           3.57     6.60     26.884   27.233   342   1    0     0     2.05   10.53  N/A         N/A          -0.18        -0.18        36.84  24.509   2.48     5.14        6.7         213      25.8     3.39          0.29    25.59     0.43    0.31    0.21    1.72    0.52     49.10   5.99    34.12   51.18   0.27    890.20     274.31   37.54    0.08      102.44        5.00          1.99           94.30        
52   T0950TS160_3-D1     160s    16.30    100.00  51    N/A       N/A        0.14      0.14       9.14     N/A           3.04     3.42     28.866   29.071   342   2    0     0     8.48   20.18  N/A         N/A          0.72         0.72         47.66  29.719   2.45     7.34        8.9         242      20.3     3.48          0.31    29.24     0.44    0.33    0.28    1.36    0.63     51.20   5.19    34.74   51.84   0.28    1120.30    82.82    66.99    0.10      112.91        4.06          1.99           91.45        
53   T0950TS470_1-D1     470s    16.23    100.00  53    0.00      0.00       0.13      0.13       9.87     -0.05         4.59     6.66     27.027   27.361   342   0    0     0     0.29   4.68   -0.48       -0.48        -0.43        -0.43        33.92  25.934   2.12     5.26        6.4         187      9.3      1.92          0.30    27.78     0.48    0.33    0.21    1.57    0.56     47.50   5.86    34.66   55.77   0.27    763.80     276.68   23.15    0.10      10.66         0.62          1.42           94.59        
54   T0950TS023_4-D1     023s    15.94    100.00  54    N/A       N/A        0.09      0.09       10.96    N/A           3.00     7.33     137.945  138.669  342   0    0     0     0.00   0.00   N/A         N/A          -0.47        -0.47        23.39  21.876   1.68     5.39        2.6         155      76       2.49          0.26    23.10     0.46    0.37    0.34    2.60    0.56     36.10   5.33    25.19   56.51   0.21    472.60     10326.25  81.91    0.09      49.53         2.19          0.28           97.72        
55   T0950TS312_3-D1     312s    15.94    100.00  54    N/A       N/A        0.09      0.09       12.43    N/A           3.18     7.34     58.809   59.1     342   0    0     0     0.00   1.46   N/A         N/A          -0.47        -0.47        33.63  23.006   2.46     4.36        5.9         106      3.4      3.91          0.25    23.83     0.47    0.34    0.00    1.83    0.51     59.70   5.33    23.74   56.50   0.20    459.70     1412.45  N/A      0.09      148.73        7.50          6.84           87.46        
56   T0950TS402_5-D1     402s    15.72    100.00  56    N/A       N/A        0.05      0.05       8.78     N/A           4.01     5.43     33.106   33.433   342   1    0     0     0.00   0.00   N/A         N/A          -0.47        -0.47        32.16  22.262   2.49     3.45        4.4         165      15.7     2.79          0.29    33.33     0.46    0.34    0.12    1.66    0.53     46.20   4.74    26.72   54.54   0.24    610.40     223.08   N/A      0.11      98.35         0.00          0.85           95.16        
57   T0950TS149_3-D1     149s    15.64    100.00  57    N/A       N/A        0.04      0.04       10.74    N/A           5.04     7.77     38.252   38.454   342   1    0     0     0.00   0.00   N/A         N/A          -0.47        -0.47        28.65  19.301   2.62     3.19        5.4         87       2.9      3.47          0.32    29.09     0.48    0.38    0.14    1.72    0.54     50.10   5.19    27.18   61.02   0.22    412.30     133.02   62.96    0.12      139.66        5.00          1.71           95.16        
58   T0950TS243_3-D1     243s    15.64    100.00  57    N/A       N/A        0.04      0.04       11.04    N/A           1.38     5.17     138.073  138.63   342   0    0     0     0.00   0.00   N/A         N/A          -0.47        -0.47        23.68  20.013   2.08     3.71        2.3         132      64.2     3.40          0.27    24.71     0.48    0.40    0.31    2.50    0.60     54.80   5.04    25.14   60.55   0.20    472.30     10585.21  84.18    0.09      76.14         6.56          0.57           93.45        
59   T0950TS257_1-D1     257s    15.57    100.00  59    -0.09     -0.09      0.03      0.03       10.67    0.18          3.78     7.85     108.56   109.135  342   3    0     0     0.00   0.00   -0.51       -0.51        -0.47        -0.47        20.47  17.756   1.94     6.30        3           81       39.1     2.03          0.29    24.12     0.52    0.40    0.31    2.46    0.50     70.40   4.89    28.88   61.51   0.21    172.70     6613.99  76.46    0.10      3.78          4.69          3.42           94.87        
60   T0950TS041_3-D1     041s    15.42    100.00  60    N/A       N/A        0.00      0.00       9.94     N/A           2.78     6.32     41.529   41.926   342   1    0     0     0.00   0.00   N/A         N/A          -0.47        -0.47        22.81  17.525   2.28     2.28        4.5         114      5.7      3.38          0.34    33.63     0.49    0.40    0.27    1.58    0.51     62.50   4.42    32.99   62.19   0.23    424.40     106.78   N/A      0.12      26.99         11.56         4.27           85.19        
61   T0950TS243_2-D1     243s    15.35    100.00  61    N/A       N/A        -0.01     -0.01      10.23    N/A           2.08     6.82     138.59   139.141  342   0    0     0     0.00   0.00   N/A         N/A          -0.47        -0.47        23.39  21.644   1.69     3.19        2.7         127      64.2     2.81          0.26    23.54     0.46    0.37    0.35    2.67    0.53     42.50   5.60    23.42   56.55   0.19    405.50     10655.69  80.73    0.10      48.47         4.06          0.85           96.87        
62   T0950TS312_2-D1     312s    15.28    100.00  62    N/A       N/A        -0.02     -0.02      9.06     N/A           3.08     4.02     30.53    30.725   342   45   0     0     8.48   21.35  N/A         N/A          0.72         0.72         47.95  36.14    2.23     6.43        8.2         185      8.8      4.56          0.20    28.51     0.43    0.32    0.32    1.30    0.63     52.40   3.89    35.68   50.58   0.26    985.60     90.82    N/A      0.08      285.27        11.56         18.52          69.52        
63   T0950TS160_1-D1     160s    15.06    100.00  63    -0.16     -0.16      -0.05     -0.05      9.79     -0.07         3.52     7.43     31.116   31.364   342   3    0     0     9.94   11.11  0.73        0.73         0.92         0.92         46.78  34.184   2.25     4.88        8.1         145      3        3.60          0.29    23.39     0.42    0.29    0.25    1.45    0.61     50.00   5.04    30.59   49.27   0.23    908.80     77.40    48.33    0.09      111.89        5.94          2.85           91.74        
64   T0950TS488_1-D1     488s    15.06    100.00  63    -0.16     -0.16      -0.05     -0.05      11.55    0.43          1.97     4.75     44.779   45.057   342   4    0     0     0.00   0.58   -0.51       -0.51        -0.47        -0.47        27.78  19.044   2.51     3.32        5.5         146      27.1     1.45          0.29    24.71     0.50    0.34    0.03    1.87    0.53     47.30   5.04    29.75   57.40   0.19    517.60     328.10   N/A      0.11      1.89          0.00          3.70           91.74        
65   T0950TS041_1-D1     041s    14.98    100.00  65    -0.17     -0.17      -0.07     -0.07      8.92     -0.32         2.42     5.44     42.491   42.832   342   0    0     0     0.00   0.00   -0.51       -0.51        -0.47        -0.47        22.81  18.001   2.22     7.08        3.6         125      8        3.04          0.37    36.84     0.51    0.43    0.27    1.44    0.50     77.00   5.46    34.08   65.41   0.24    421.20     100.04   N/A      0.11      16.68         8.75          4.27           88.03        
66   T0950TS085_3-D1     085s    14.91    100.00  66    N/A       N/A        -0.08     -0.08      10.02    N/A           2.40     5.77     48.718   49.083   342   0    0     0     0.00   0.00   N/A         N/A          -0.47        -0.47        36.84  23.439   2.54     3.84        6.7         141      3.8      2.47          0.27    25.88     0.52    0.37    0.00    1.98    0.44     50.60   5.04    31.90   60.96   0.18    662.90     629.11   77.19    0.11      41.95         0.00          1.99           94.59        
67   T0950TS441_4-D1     441s    14.84    100.00  67    N/A       N/A        -0.09     -0.09      10.82    N/A           1.88     4.66     43.689   43.944   342   1    0     0     0.00   0.00   N/A         N/A          -0.47        -0.47        27.49  21.027   2.11     3.97        7           166      26.1     3.39          0.29    25.88     0.49    0.35    0.04    1.88    0.53     72.60   4.74    29.66   59.89   0.19    662.60     307.31   87.18    0.11      101.07        4.69          1.99           93.73        
68   T0950TS337_4-D1     337s    14.84    100.00  67    N/A       N/A        -0.09     -0.09      10.82    N/A           1.88     4.66     43.689   43.944   342   1    0     0     0.00   0.00   N/A         N/A          -0.47        -0.47        27.49  21.027   2.11     3.97        7           166      26.1     3.39          0.29    25.88     0.49    0.35    0.04    1.88    0.53     72.60   4.74    29.66   59.89   0.19    662.60     307.31   87.18    0.11      101.07        4.69          1.99           93.73        
69   T0950TS488_2-D1     488s    14.69    100.00  69    N/A       N/A        -0.11     -0.11      10.89    N/A           3.00     5.06     44.641   44.955   342   6    0     0     0.00   0.00   N/A         N/A          -0.47        -0.47        27.49  19.92    2.27     3.06        5.4         129      17.3     1.44          0.29    25.00     0.50    0.35    0.03    1.79    0.53     48.00   4.89    30.24   58.00   0.19    488.20     332.26   N/A      0.12      1.72          0.00          4.27           91.17        
70   T0950TS312_1-D1     312s    14.69    100.00  69    -0.21     -0.21      -0.11     -0.11      8.84     -0.34         4.62     6.29     49.637   49.972   342   15   0     0     0.00   0.00   -0.51       -0.51        -0.47        -0.47        28.07  18.755   2.41     7.08        5.9         127      3.6      4.34          0.21    25.59     0.47    0.35    -0.00   1.81    0.48     38.40   4.42    27.11   57.65   0.21    609.10     701.11   N/A      0.09      254.82        8.75          13.68          77.78        
71   T0950TS164_2-D1     164s    14.55    100.00  71    N/A       N/A        -0.13     -0.13      9.43     N/A           4.09     7.03     49.186   49.615   342   0    0     0     0.00   0.00   N/A         N/A          -0.47        -0.47        37.43  24.899   2.32     4.10        7.3         140      2.9      2.70          0.26    25.15     0.50    0.35    -0.00   2.02    0.45     54.40   5.33    32.22   58.67   0.18    799.70     638.58   77.85    0.11      58.45         0.62          2.56           92.59        
72   T0950TS149_5-D1     149s    14.55    100.00  71    N/A       N/A        -0.13     -0.13      9.65     N/A           3.47     5.67     37.179   37.48    342   0    0     0     0.29   2.63   N/A         N/A          -0.43        -0.43        24.27  17.855   2.27     3.06        5           103      4        3.74          0.30    27.78     0.47    0.36    0.14    1.84    0.54     53.80   4.89    25.30   58.81   0.21    456.20     139.35   70.36    0.09      159.70        8.12          1.71           94.30        
73   T0950TS337_2-D1     337s    14.33    100.00  73    N/A       N/A        -0.17     -0.17      10.75    N/A           3.17     5.30     58.77    59.125   342   0    0     0     0.00   0.00   N/A         N/A          -0.47        -0.47        30.12  19.701   2.34     4.49        5.6         183      11       3.10          0.28    24.27     0.49    0.35    -0.02   2.11    0.60     79.80   6.11    29.85   58.45   0.17    754.90     1025.76  89.15    0.11      74.94         4.69          0.57           96.30        
74   T0950TS407_2-D1     407s    14.33    100.00  73    N/A       N/A        -0.17     -0.17      9.94     N/A           3.13     7.15     39.91    40.074   342   1    0     0     0.00   0.00   N/A         N/A          -0.47        -0.47        26.32  19.228   2.22     2.93        2.9         101      3.7      2.73          0.35    33.63     0.52    0.40    0.24    1.36    0.56     72.60   3.89    34.76   64.21   0.21    389.00     76.59    43.35    0.12      11.34         7.81          4.56           92.02        
75   T0950TS368_2-D1     368s    14.25    100.00  75    N/A       N/A        -0.18     -0.18      10.30    N/A           2.60     5.20     36.09    36.406   342   1    0     0     0.00   0.00   N/A         N/A          -0.47        -0.47        24.85  18.234   2.37     4.75        5.6         53       15.6     0.76          0.35    31.43     0.54    0.40    0.18    1.43    0.50     91.70   4.74    37.84   66.11   0.19    186.00     159.40   52.84    0.15      0.86          0.62          0.00           98.01        
76   T0950TS402_1-D1     402s    14.25    100.00  75    -0.27     -0.27      -0.18     -0.18      9.21     -0.23         5.40     6.49     35.291   35.622   342   6    0     0     0.88   3.51   -0.40       -0.40        -0.35        -0.35        21.05  14.242   2.44     2.28        4.2         122      25.7     2.86          0.29    34.21     0.48    0.36    0.13    1.63    0.57     50.00   4.89    27.94   54.86   0.21    448.80     200.02   N/A      0.14      95.35         0.31          1.71           93.73        
77   T0950TS246_3-D1     246s    14.25    100.00  75    N/A       N/A        -0.18     -0.18      9.21     N/A           3.28     5.94     47.584   48.025   342   0    0     0     0.00   0.00   N/A         N/A          -0.47        -0.47        31.87  22.696   2.29     5.52        7.1         138      4.4      2.57          0.26    24.56     0.51    0.36    0.01    1.86    0.47     53.20   5.46    28.85   61.16   0.18    639.60     700.83   80.05    0.11      49.17         0.31          1.99           94.02        
78   T0950TS402_3-D1     402s    14.18    100.00  78    N/A       N/A        -0.19     -0.19      8.34     N/A           4.24     5.59     32.051   32.325   342   5    0     0     0.00   0.00   N/A         N/A          -0.47        -0.47        27.19  17.391   2.50     2.67        4.7         64       5.6      2.78          0.28    34.36     0.47    0.35    0.13    1.55    0.54     46.20   5.04    25.55   54.74   0.22    231.70     168.34   N/A      0.12      85.15         0.31          1.99           94.30        
79   T0950TS243_1-D1     243s    14.18    100.00  78    -0.28     -0.28      -0.19     -0.19      9.43     -0.17         2.17     5.59     25.667   26.067   342   4    0     0     2.05   22.22  -0.26       -0.26        -0.18        -0.18        49.71  35.64    2.18     10.19       8.1         190      3.3      3.47          0.29    24.41     0.46    0.34    0.21    1.58    0.49     51.20   5.46    34.37   55.72   0.22    930.20     189.96   85.78    0.10      122.72        3.44          2.28           91.17        
80   T0950TS110_1-D1     110s    14.18    100.00  78    -0.28     -0.28      -0.19     -0.19      8.62     -0.40         3.13     5.42     44.08    44.458   342   0    0     0     0.00   0.29   -0.51       -0.51        -0.47        -0.47        22.51  16.758   2.43     7.21        1.7         94       8.6      3.06          0.23    22.95     0.46    0.37    0.09    2.42    0.50     35.90   5.46    27.76   54.64   0.19    263.80     519.56   N/A      0.08      97.04         0.31          5.41           87.46        
81   T0950TS257_3-D1     257s    14.11    100.00  81    N/A       N/A        -0.20     -0.20      9.36     N/A           2.14     6.13     111.319  111.873  342   5    0     0     0.00   0.00   N/A         N/A          -0.47        -0.47        23.68  17.338   2.14     6.56        3.2         130      55       1.81          0.29    25.59     0.53    0.41    0.32    2.34    0.56     66.50   5.33    29.47   62.30   0.20    407.20     6854.02  80.36    0.12      3.09          2.81          2.85           94.59        
82   T0950TS041_4-D1     041s    14.11    100.00  81    N/A       N/A        -0.20     -0.20      8.92     N/A           0.62     3.66     41.626   42.057   342   2    0     0     0.00   0.00   N/A         N/A          -0.47        -0.47        23.68  13.858   2.64     6.82        4.4         106      15.9     3.39          0.35    31.73     0.49    0.41    0.26    1.43    0.54     74.20   4.58    30.11   62.27   0.22    419.20     98.80    N/A      0.11      29.05         8.75          8.26           80.91        
83   T0950TS257_4-D1     257s    14.11    100.00  81    N/A       N/A        -0.20     -0.20      9.79     N/A           2.20     5.77     112.314  112.853  342   4    0     0     0.00   0.00   N/A         N/A          -0.47        -0.47        21.35  17.374   2.35     5.14        2.7         133      55.8     1.98          0.29    26.75     0.53    0.41    0.31    2.44    0.63     72.00   5.46    29.88   62.45   0.19    356.10     6869.80  79.29    0.11      2.58          5.62          3.42           94.59        
84   T0950TS058_1-D1     058s    14.11    100.00  81    -0.29     -0.29      -0.20     -0.20      8.99     -0.30         3.44     5.34     25.752   26.114   342   3    0     0     2.34   25.15  -0.22       -0.22        -0.14        -0.14        47.08  32.457   2.24     8.64        7.3         158      24.4     2.83          0.29    24.41     0.47    0.33    0.22    1.57    0.49     52.00   5.46    35.14   55.84   0.22    647.90     186.24   66.48    0.10      86.50         0.31          2.28           93.45        
85   T0950TS257_2-D1     257s    14.04    100.00  85    N/A       N/A        -0.21     -0.21      9.29     N/A           2.47     5.92     111.993  112.523  342   4    0     0     0.00   6.14   N/A         N/A          -0.47        -0.47        24.56  18.351   2.29     6.17        2.4         60       4.2      1.84          0.29    24.41     0.52    0.40    0.31    2.56    0.58     71.00   5.04    27.80   61.03   0.19    166.10     6884.69  82.77    0.10      3.44          2.50          5.13           94.02        
86   T0950TS266_4-D1     266s    14.04    100.00  85    N/A       N/A        -0.21     -0.21      11.04    N/A           3.29     7.89     64.569   64.85    342   1    0     0     0.00   0.00   N/A         N/A          -0.47        -0.47        29.82  21.588   2.58     3.58        6.7         172      8.6      2.66          0.25    19.01     0.43    0.32    0.04    2.44    0.56     63.40   5.86    20.07   50.69   0.17    727.00     2555.67  N/A      0.07      59.65         2.19          0.57           97.15        
87   T0950TS378_5-D1     378s    13.96    100.00  87    N/A       N/A        -0.23     -0.23      8.92     N/A           2.70     6.05     62.926   63.354   342   2    0     0     1.17   14.04  N/A         N/A          -0.31        -0.31        20.76  14.111   2.64     4.62        4.3         122      67.4     Inf           0.27    29.53     0.50    0.42    0.22    2.08    0.51     66.20   5.04    32.34   60.91   0.21    474.20     2183.20  24.01    0.12      N/A           10.00         1.42           95.73        
88   T0950TS261_4-D1     261s    13.96    100.00  87    N/A       N/A        -0.23     -0.23      10.23    N/A           2.52     6.38     50.588   50.904   342   0    0     0     0.00   0.00   N/A         N/A          -0.47        -0.47        38.30  25.13    2.48     3.58        6.4         124      3.6      3.13          0.29    25.44     0.52    0.37    0.03    1.85    0.43     66.70   5.04    31.85   61.93   0.19    536.20     644.82   60.38    0.12      10.31         17.19         7.41           84.90        
89   T0950TS368_4-D1     368s    13.96    100.00  87    N/A       N/A        -0.23     -0.23      10.02    N/A           5.94     8.46     34.239   34.564   342   0    0     0     0.00   0.29   N/A         N/A          -0.47        -0.47        20.76  13.702   2.47     4.23        4.7         138      8.8      0.57          0.36    34.06     0.55    0.42    0.19    1.45    0.56     75.90   4.42    37.79   66.52   0.19    488.00     140.51   47.54    0.15      0.17          0.00          0.00           99.15        
90   T0950TS402_4-D1     402s    13.89    100.00  90    N/A       N/A        -0.24     -0.24      8.41     N/A           3.89     5.50     33.718   33.942   342   6    0     0     5.26   9.65   N/A         N/A          0.26         0.26         26.02  17.596   2.64     2.28        5.2         131      21.6     2.77          0.28    34.50     0.47    0.35    0.12    1.52    0.56     43.00   4.74    25.50   54.41   0.22    483.90     165.22   N/A      0.12      83.28         0.00          2.28           94.30        
91   T0950TS441_3-D1     441s    13.89    100.00  90    N/A       N/A        -0.24     -0.24      9.36     N/A           1.77     3.86     45.789   45.956   342   0    0     0     0.00   0.00   N/A         N/A          -0.47        -0.47        28.07  22.513   2.14     3.58        5.8         117      8.7      2.99          0.28    26.61     0.49    0.34    0.01    1.98    0.51     68.60   5.04    28.92   58.35   0.19    472.00     416.17   87.86    0.10      84.91         3.12          1.14           96.58        
92   T0950TS488_5-D1     488s    13.89    100.00  90    N/A       N/A        -0.24     -0.24      10.53    N/A           3.42     5.78     32.17    32.511   342   6    0     0     13.16  13.74  N/A         N/A          1.37         1.37         25.44  19.938   2.31     4.23        5.1         146      12.2     1.44          0.30    27.63     0.49    0.36    0.18    1.78    0.51     40.80   3.89    23.89   57.70   0.20    524.40     145.37   N/A      0.11      2.24          0.00          1.71           93.16        
93   T0950TS337_1-D1     337s    13.89    100.00  90    -0.32     -0.32      -0.24     -0.24      9.36     -0.19         1.77     3.86     45.789   45.956   342   0    0     0     0.00   0.00   -0.51       -0.51        -0.47        -0.47        28.07  22.513   2.14     3.58        5.8         117      8.7      2.99          0.28    26.61     0.49    0.34    0.01    1.98    0.51     68.60   5.04    28.92   58.35   0.19    472.00     416.17   87.86    0.10      84.91         3.12          1.14           96.58        
94   T0950TS378_1-D1     378s    13.82    100.00  94    -0.33     -0.33      -0.25     -0.25      8.12     -0.54         2.65     4.45     55.032   55.344   342   0    0     0     0.00   0.00   -0.51       -0.51        -0.47        -0.47        21.05  15.589   2.06     4.88        5.2         100      30.3     Inf           0.27    30.70     0.51    0.44    0.23    2.15    0.49     62.80   5.19    30.43   62.18   0.22    330.20     1802.74  21.02    0.13      N/A           9.69          1.99           94.02        
95   T0950TS110_5-D1     110s    13.82    100.00  94    N/A       N/A        -0.25     -0.25      9.87     N/A           3.86     7.52     47.26    47.596   342   0    0     0     0.00   0.00   N/A         N/A          -0.47        -0.47        20.18  14.234   2.44     4.75        3.4         41       4.3      3.16          0.23    22.81     0.46    0.36    0.06    2.32    0.52     43.30   4.25    22.11   54.52   0.17    117.70     791.27   N/A      0.09      100.96        0.31          6.27           83.19        
96   T0950TS312_5-D1     312s    13.74    100.00  96    N/A       N/A        -0.26     -0.26      9.65     N/A           2.11     5.76     44.847   45.206   342   22   0     0     0.00   0.00   N/A         N/A          -0.47        -0.47        30.99  24.228   2.27     4.49        6           209      13.3     4.32          0.24    25.88     0.49    0.34    -0.01   2.14    0.56     52.50   5.60    30.22   57.33   0.18    817.40     541.19   N/A      0.09      229.51        11.56         10.26          82.91        
97   T0950TS145_4-D1     145s    13.67    100.00  97    N/A       N/A        -0.27     -0.27      10.09    N/A           3.78     7.38     50.55    50.864   342   0    0     0     0.00   0.00   N/A         N/A          -0.47        -0.47        37.13  24.425   2.29     3.58        6.8         124      3.4      3.02          0.29    25.59     0.51    0.38    0.04    1.84    0.43     52.00   5.04    31.18   62.16   0.19    552.90     642.08   59.51    0.12      9.11          13.12         7.41           83.48        
98   T0950TS041_2-D1     041s    13.52    100.00  98    N/A       N/A        -0.30     -0.30      7.97     N/A           2.22     3.85     42.401   42.839   342   5    0     0     0.00   0.00   N/A         N/A          -0.47        -0.47        23.39  14.953   2.47     5.65        4.5         86       3.2      3.13          0.35    32.31     0.50    0.41    0.27    1.55    0.50     79.50   5.19    33.06   63.12   0.21    343.70     128.01   N/A      0.12      18.22         10.00         5.13           87.18        
99   T0950TS470_3-D1     470s    13.45    100.00  99    N/A       N/A        -0.31     -0.31      10.02    N/A           4.12     6.21     35.596   36.189   342   0    0     0     10.53  13.16  N/A         N/A          1.00         1.00         32.16  24.153   2.06     4.23        6.8         154      7.6      1.95          0.28    22.37     0.47    0.33    0.23    1.93    0.51     58.10   5.60    24.44   54.22   0.21    724.30     196.67   22.96    0.11      8.77          0.94          2.28           92.31        
100  T0950TS058_4-D1     058s    13.45    100.00  99    N/A       N/A        -0.31     -0.31      8.48     N/A           2.72     4.12     25.096   25.596   342   0    0     0     0.00   0.00   N/A         N/A          -0.47        -0.47        30.99  23.466   2.21     4.49        7           137      6.2      2.79          0.28    22.66     0.46    0.32    0.22    1.66    0.48     39.00   5.46    36.11   53.51   0.22    568.60     170.73   68.28    0.09      86.63         0.00          2.56           94.30        
101  T0950TS266_5-D1     266s    13.45    100.00  99    N/A       N/A        -0.31     -0.31      9.72     N/A           4.08     7.66     72.335   72.791   342   2    0     0     0.00   0.00   N/A         N/A          -0.47        -0.47        24.56  20.698   1.98     3.97        6           153      53.5     2.58          0.25    19.30     0.42    0.31    0.09    2.63    0.48     44.50   4.42    22.88   50.39   0.17    585.10     2199.46  N/A      0.08      56.39         0.94          0.57           94.87        
102  T0950TS378_2-D1     378s    13.38    100.00  102   N/A       N/A        -0.32     -0.32      8.55     N/A           2.41     5.04     52.669   52.971   342   1    0     0     0.00   0.00   N/A         N/A          -0.47        -0.47        21.64  16.197   2.38     4.36        4.3         209      50.7     Inf           0.27    28.66     0.51    0.42    0.26    1.93    0.50     72.50   5.33    33.66   62.00   0.20    644.50     624.76   24.25    0.12      N/A           10.94         1.99           95.44        
103  T0950TS407_5-D1     407s    13.23    100.00  103   N/A       N/A        -0.34     -0.34      8.99     N/A           2.61     6.41     41.098   41.274   342   3    0     0     0.00   0.00   N/A         N/A          -0.47        -0.47        19.88  15.118   2.39     2.15        2.6         136      38.8     2.48          0.33    29.24     0.53    0.39    0.20    1.68    0.48     73.70   3.89    31.54   64.28   0.18    470.70     110.07   48.63    0.10      9.28          6.25          2.56           94.30        
104  T0950TS312_4-D1     312s    13.23    100.00  103   N/A       N/A        -0.34     -0.34      9.57     N/A           2.97     5.43     44.951   45.256   342   25   0     0     0.00   0.00   N/A         N/A          -0.47        -0.47        26.61  19.837   2.26     4.23        5.2         72       3.1      4.42          0.19    24.41     0.47    0.32    0.02    1.91    0.52     57.80   4.74    27.51   54.65   0.17    326.90     334.64   N/A      0.09      294.87        9.69          10.83          78.63        
105  T0950TS365_4-D1     365s    13.23    100.00  103   N/A       N/A        -0.34     -0.34      8.41     N/A           2.68     4.64     36.085   36.439   342   0    0     0     0.00   0.00   N/A         N/A          -0.47        -0.47        21.93  15.655   2.27     5.78        1.8         93       11       1.51          0.28    25.88     0.49    0.38    0.17    1.87    0.59     46.46   5.04    26.19   57.16   0.20    280.30     206.78   N/A      0.11      0.17          3.75          2.56           91.45        
106  T0950TS164_3-D1     164s    13.09    100.00  106   N/A       N/A        -0.37     -0.37      9.72     N/A           3.05     6.38     53.875   54.224   342   0    0     0     0.00   0.00   N/A         N/A          -0.47        -0.47        36.55  22.572   2.53     3.97        6.4         134      4.2      2.75          0.27    25.15     0.51    0.37    0.01    1.91    0.45     50.80   5.19    30.76   60.21   0.18    633.30     749.32   78.20    0.10      58.11         1.25          1.42           93.16        
107  T0950TS085_1-D1     085s    13.09    100.00  106   -0.44     -0.44      -0.37     -0.37      10.38    0.10          4.08     7.35     49.299   49.8     342   0    0     0     0.00   0.00   -0.51       -0.51        -0.47        -0.47        37.43  24.875   2.36     3.97        6.4         131      2.9      2.56          0.26    24.12     0.51    0.36    0.00    1.95    0.45     55.50   5.19    29.66   60.63   0.18    682.10     702.65   66.61    0.11      53.64         0.94          1.14           94.87        
108  T0950TS160_5-D1     160s    13.01    100.00  108   N/A       N/A        -0.38     -0.38      9.94     N/A           1.97     5.51     48.963   49.419   342   0    0     0     0.00   0.00   N/A         N/A          -0.47        -0.47        31.29  21.748   2.39     3.71        5.1         138      3.9      3.09          0.27    23.83     0.49    0.34    -0.01   1.99    0.45     55.50   5.04    29.91   60.93   0.17    670.70     700.34   79.22    0.09      108.63        2.81          0.85           96.30        
109  T0950TS470_4-D1     470s    12.94    100.00  109   N/A       N/A        -0.39     -0.39      10.09    N/A           3.91     6.87     47.005   47.19    342   0    0     0     0.00   10.23  N/A         N/A          -0.47        -0.47        31.58  25.176   1.99     3.06        6.2         178      9.4      1.64          0.28    23.68     0.50    0.36    0.04    2.32    0.53     47.20   5.46    24.89   58.98   0.17    758.20     681.82   23.79    0.11      6.70          0.94          0.28           96.01        
110  T0950TS347_3-D1     347s    12.72    30.12   110   N/A       N/A        -0.42     -0.42      8.85     N/A           8.99     4.60     12.384   13.106   103   0    0     0     0.00   7.31   N/A         N/A          -0.47        -0.47        18.13  15.622   2.04     3.93        2.8         77       6.7      3.17          0.09    0.0         0.14    0.11    0.07    3.23    0.50     12.56   4.42    9.44    18.08   0.16    231.60     4.61     64.09    0.03      36.60         4.40          7.92           86.14        
111  T0950TS110_3-D1     110s    12.72    100.00  110   N/A       N/A        -0.42     -0.42      8.48     N/A           1.94     4.76     44.318   44.771   342   0    0     0     0.00   0.00   N/A         N/A          -0.47        -0.47        21.64  15.056   2.63     5.39        2.7         110      32.5     3.06          0.24    23.54     0.48    0.37    0.06    2.28    0.52     54.80   5.04    28.13   55.82   0.17    281.80     521.95   N/A      0.08      95.16         0.31          6.55           87.46        
112  T0950TS110_4-D1     110s    12.65    100.00  112   N/A       N/A        -0.43     -0.43      8.62     N/A           3.00     5.38     38.502   39.049   342   0    0     0     0.29   0.88   N/A         N/A          -0.43        -0.43        22.22  15.139   2.51     3.19        2.1         58       3.2      3.19          0.24    24.85     0.46    0.35    0.12    2.04    0.50     39.10   4.74    28.64   54.86   0.19    387.40     222.10   N/A      0.08      123.00        0.00          6.55           86.04        
113  T0950TS058_5-D1     058s    12.65    100.00  112   N/A       N/A        -0.43     -0.43      8.70     N/A           1.50     4.05     27.544   27.988   342   1    0     0     0.00   0.00   N/A         N/A          -0.47        -0.47        32.75  22.616   2.21     6.56        6.6         91       4.2      2.77          0.28    24.56     0.47    0.33    0.20    1.50    0.50     39.70   5.19    37.32   55.68   0.21    401.80     220.36   66.69    0.09      88.74         0.31          1.71           94.87        
114  T0950TS160_4-D1     160s    12.57    100.00  114   N/A       N/A        -0.45     -0.45      9.57     N/A           2.17     5.86     49.046   49.534   342   1    0     0     0.00   0.00   N/A         N/A          -0.47        -0.47        36.26  22.083   2.51     3.32        6.2         99       3.5      3.10          0.27    23.98     0.49    0.34    -0.01   2.04    0.45     66.60   4.89    29.17   60.68   0.17    451.20     678.28   82.11    0.09      95.57         3.75          0.57           96.58        
115  T0950TS110_2-D1     110s    12.57    100.00  114   N/A       N/A        -0.45     -0.45      7.82     N/A           1.94     4.97     79.938   80.237   342   1    0     0     0.00   0.00   N/A         N/A          -0.47        -0.47        21.05  13.013   2.40     3.84        1.9         107      50.1     3.07          0.22    24.41     0.46    0.36    -0.01   2.70    0.56     35.10   5.19    22.98   54.35   0.18    397.80     2536.15  N/A      0.09      92.65         0.00          5.98           86.32        
116  T0950TS041_5-D1     041s    12.57    100.00  114   N/A       N/A        -0.45     -0.45      7.24     N/A           2.65     4.92     43.662   44.038   342   1    0     0     0.00   0.00   N/A         N/A          -0.47        -0.47        22.51  16.113   2.27     3.71        2.7         140      43.4     3.25          0.35    33.77     0.50    0.41    0.23    1.47    0.54     81.20   4.74    32.13   63.31   0.21    393.60     107.68   N/A      0.11      23.90         10.31         4.84           87.46        
117  T0950TS407_3-D1     407s    12.43    100.00  117   N/A       N/A        -0.47     -0.47      8.26     N/A           1.47     3.97     37.618   37.945   342   0    0     0     0.00   2.05   N/A         N/A          -0.47        -0.47        20.18  14.864   2.35     4.23        2.1         109      7.1      2.76          0.34    29.39     0.51    0.39    0.27    1.57    0.50     72.10   4.42    29.27   62.56   0.19    370.00     86.52    46.03    0.12      11.52         8.12          3.13           91.74        
118  T0950TS365_2-D1     365s    12.35    100.00  118   N/A       N/A        -0.48     -0.48      8.55     N/A           1.51     3.47     55.072   55.358   342   0    0     0     1.46   7.60   N/A         N/A          -0.27        -0.27        23.39  14.905   2.58     2.41        5.5         112      16.9     1.85          0.28    24.85     0.48    0.38    0.20    2.32    0.48     45.37   4.42    26.29   56.96   0.18    333.60     753.36   N/A      0.10      0.17          7.50          3.42           87.18        
119  T0950TS149_4-D1     149s    12.35    100.00  118   N/A       N/A        -0.48     -0.48      8.48     N/A           3.10     5.75     43.183   43.487   342   8    0     0     0.00   0.00   N/A         N/A          -0.47        -0.47        21.05  15.207   2.26     4.36        1.9         89       4        4.00          0.27    22.22     0.39    0.28    0.02    2.35    0.49     44.40   3.07    23.92   45.08   0.18    374.80     164.42   79.08    0.09      204.40        6.56          5.98           87.18        
120  T0950TS488_4-D1     488s    12.28    100.00  120   N/A       N/A        -0.49     -0.49      8.11     N/A           2.90     4.53     47.998   48.064   342   3    0     0     0.00   0.00   N/A         N/A          -0.47        -0.47        28.07  20.56    2.34     5.01        7.2         121      8.7      1.87          0.26    20.61     0.44    0.31    0.05    2.03    0.51     37.10   4.89    21.54   50.49   0.18    440.70     300.17   N/A      0.09      4.30          0.31          5.13           84.90        
121  T0950TS164_1-D1     164s    12.28    100.00  120   -0.55     -0.55      -0.49     -0.49      9.06     -0.28         2.05     4.94     49.14    49.579   342   0    0     0     0.00   0.00   -0.51       -0.51        -0.47        -0.47        31.29  21.905   2.26     3.45        6.2         103      2.6      2.47          0.26    24.71     0.51    0.36    0.01    1.89    0.46     60.30   5.04    29.24   60.22   0.17    502.30     694.96   69.68    0.11      55.53         0.62          1.42           96.30        
122  T0950TS378_3-D1     378s    12.13    100.00  122   N/A       N/A        -0.52     -0.52      8.26     N/A           1.99     5.13     32.929   33.169   342   0    0     0     10.23  13.45  N/A         N/A          0.96         0.96         22.51  15.196   2.37     4.36        6.5         117      22.6     Inf           0.27    29.09     0.50    0.42    0.31    2.06    0.48     57.20   5.04    35.20   60.92   0.19    453.60     445.23   22.18    0.12      N/A           9.69          0.85           96.01        
123  T0950TS378_4-D1     378s    12.13    100.00  122   N/A       N/A        -0.52     -0.52      8.04     N/A           2.97     4.44     43.919   44.389   342   0    0     0     0.00   0.00   N/A         N/A          -0.47        -0.47        18.42  13.003   2.51     4.23        4.9         100      5.3      Inf           0.27    32.02     0.51    0.42    0.11    1.85    0.55     62.40   4.58    29.50   61.81   0.18    400.80     594.63   21.49    0.13      N/A           9.38          1.71           95.44        
124  T0950TS432_4-D1     432s    12.06    100.00  124   N/A       N/A        -0.53     -0.53      8.04     N/A           2.06     4.58     83.199   83.374   342   0    0     0     7.89   10.82  N/A         N/A          0.63         0.63         21.64  16.269   2.34     1.76        5.9         178      11       3.32          0.22    16.08     0.38    0.26    0.07    2.55    0.61     51.50   4.89    18.93   43.72   0.19    713.60     3667.74  50.24    0.06      100.38        3.75          1.14           93.73        
125  T0950TS149_2-D1     149s    12.06    100.00  124   N/A       N/A        -0.53     -0.53      8.62     N/A           1.63     4.66     42.476   42.558   342   7    0     0     0.00   0.00   N/A         N/A          -0.47        -0.47        24.27  16.907   2.43     1.89        3.1         107      4.3      4.17          0.29    25.73     0.40    0.30    0.03    2.07    0.47     59.60   3.29    26.63   49.64   0.17    458.70     156.02   81.03    0.09      241.79        9.38          4.56           88.32        
126  T0950TS368_5-D1     368s    11.99    100.00  126   N/A       N/A        -0.54     -0.54      8.19     N/A           1.64     3.47     60.367   60.68    342   1    0     0     0.00   0.00   N/A         N/A          -0.47        -0.47        31.58  22.211   2.46     2.67        5.4         96       3.7      0.74          0.29    24.56     0.51    0.36    0.01    1.94    0.56     55.80   4.25    24.39   60.94   0.16    412.10     1633.74  49.92    0.10      0.34          0.00          0.00           97.44        
127  T0950TS365_5-D1     365s    11.91    100.00  127   N/A       N/A        -0.55     -0.55      7.82     N/A           1.68     4.62     48.074   48.485   342   0    0     0     0.00   0.00   N/A         N/A          -0.47        -0.47        22.81  15.844   2.33     2.93        1.8         146      31.5     1.47          0.27    26.32     0.48    0.37    0.20    2.24    0.47     40.78   4.89    24.66   56.56   0.17    365.10     1150.62  N/A      0.11      0.00          3.12          3.70           88.03        
128  T0950TS365_3-D1     365s    11.91    100.00  127   N/A       N/A        -0.55     -0.55      8.04     N/A           1.09     3.24     62.404   62.735   342   0    0     0     0.00   0.00   N/A         N/A          -0.47        -0.47        23.98  15.1     2.43     2.41        2           72       16.4     1.80          0.27    23.83     0.48    0.37    0.03    2.52    0.51     45.27   5.04    20.77   56.48   0.16    153.20     1833.26  N/A      0.11      0.34          5.62          3.42           87.46        
129  T0950TS470_5-D1     470s    11.77    100.00  129   N/A       N/A        -0.57     -0.57      9.36     N/A           2.94     6.21     75.923   76.129   342   0    0     0     0.00   0.00   N/A         N/A          -0.47        -0.47        21.35  16.21    2.48     2.15        2.7         158      59.6     1.18          0.26    21.34     0.48    0.35    0.17    2.71    0.60     44.50   4.74    22.44   55.11   0.14    448.60     1682.04  29.44    0.11      2.41          0.31          0.28           97.15        
130  T0950TS407_1-D1     407s    11.77    100.00  129   -0.62     -0.62      -0.57     -0.57      8.70     -0.38         1.89     5.74     42.69    42.907   342   3    0     0     0.00   0.00   -0.51       -0.51        -0.47        -0.47        21.64  16.392   2.40     2.93        4.8         95       3.5      2.46          0.32    29.09     0.52    0.41    0.12    1.89    0.46     73.30   4.89    27.93   63.18   0.17    356.90     239.21   43.41    0.12      7.91          6.25          3.13           93.45        
131  T0950TS365_1-D1     365s    11.62    100.00  131   -0.64     -0.64      -0.60     -0.60      8.19     -0.52         2.67     5.69     42.057   42.518   342   0    0     0     0.00   0.00   -0.51       -0.51        -0.47        -0.47        19.30  13.461   2.51     3.19        1.6         139      16.6     1.89          0.28    24.71     0.47    0.36    0.05    2.36    0.52     41.88   4.74    24.70   56.64   0.17    373.80     867.40   N/A      0.09      0.52          7.50          3.99           90.03        
132  T0950TS347_5-D1     347s    11.55    30.12   132   N/A       N/A        -0.61     -0.61      7.09     N/A           1.58     1.76     13.006   13.787   103   0    0     0     0.00   0.00   N/A         N/A          -0.47        -0.47        18.42  14.477   2.29     6.01        2.7         87       16.7     2.91          0.09    0.0         0.14    0.11    0.08    3.22    0.50     13.10   4.58    8.24    18.67   0.16    211.20     4.07     66.83    0.02      21.84         5.49          1.98           91.09        
133  T0950TS347_2-D1     347s    11.40    30.12   133   N/A       N/A        -0.63     -0.63      6.95     N/A           6.81     3.57     15.584   16.148   103   0    0     0     0.00   0.00   N/A         N/A          -0.47        -0.47        21.35  14.912   2.40     1.29        2.2         77       9.2      2.83          0.09    0.0         0.14    0.11    0.07    3.20    0.50     13.13   4.42    8.40    18.51   0.15    198.00     4.47     68.21    0.03      23.61         4.40          0.00           92.08        
134  T0950TS266_1-D1     266s    11.33    100.00  134   -0.68     -0.68      -0.64     -0.64      8.04     -0.57         2.78     5.25     58.978   59.276   342   1    0     0     0.00   0.00   -0.51       -0.51        -0.47        -0.47        23.68  21.032   1.80     2.54        6.8         119      7.1      2.93          0.24    19.74     0.43    0.31    0.02    2.49    0.55     59.50   4.42    19.47   50.63   0.15    464.30     2071.44  N/A      0.08      58.11         2.81          1.14           94.87        
135  T0950TS432_1-D1     432s    11.33    100.00  134   -0.68     -0.68      -0.64     -0.64      8.34     -0.48         2.94     5.11     89.181   89.54    342   1    0     0     0.00   9.65   -0.51       -0.51        -0.47        -0.47        29.24  20.791   2.30     2.28        5.2         179      9.3      3.33          0.22    16.52     0.40    0.26    -0.02   2.62    0.52     45.40   5.46    19.59   45.14   0.16    737.30     4021.66  42.42    0.06      89.03         4.06          3.42           92.88        
136  T0950TS458_3-D1     458s    11.26    100.00  136   N/A       N/A        -0.66     -0.66      8.26     N/A           1.63     4.84     83.344   83.672   342   5    0     0     0.00   0.00   N/A         N/A          -0.47        -0.47        18.71  13.788   2.40     2.67        2.4         62       42       3.52          0.28    24.71     0.49    0.34    -0.01   2.54    0.49     64.10   4.74    20.59   57.18   0.14    184.80     2362.00  63.03    0.09      35.92         11.25         4.84           83.48        
137  T0950TS243_5-D1     243s    11.18    100.00  137   N/A       N/A        -0.67     -0.67      6.72     N/A           2.51     4.38     37.013   37.223   342   1    0     0     0.00   0.00   N/A         N/A          -0.47        -0.47        19.59  17.536   1.86     3.97        1.9         145      36.9     2.99          0.32    30.26     0.50    0.39    0.20    1.62    0.49     77.80   4.42    27.10   61.83   0.17    349.20     114.44   86.71    0.11      18.73         10.31         2.56           92.88        
138  T0950TS432_3-D1     432s    11.11    100.00  138   N/A       N/A        -0.68     -0.68      8.19     N/A           2.24     6.13     46.689   46.938   342   3    0     0     0.00   0.00   N/A         N/A          -0.47        -0.47        26.90  19.094   2.07     2.02        3.1         88       8.1      3.69          0.22    17.98     0.37    0.26    0.04    2.25    0.43     32.10   5.19    20.66   43.89   0.16    252.10     696.26   42.57    0.06      131.14        4.69          3.13           88.03        
139  T0950TS347_4-D1     347s    11.04    30.12   139   N/A       N/A        -0.69     -0.69      6.87     N/A           6.55     4.27     15.064   15.727   103   0    0     0     0.00   0.00   N/A         N/A          -0.47        -0.47        18.71  14.335   2.28     5.07        2.2         68       7.2      2.94          0.09    0.0         0.14    0.11    0.07    3.21    0.50     12.62   4.74    7.92    18.24   0.14    213.70     4.80     71.07    0.03      33.06         3.30          0.99           90.10        
140  T0950TS266_3-D1     266s    11.04    100.00  139   N/A       N/A        -0.69     -0.69      7.89     N/A           2.65     4.17     58.467   58.624   342   0    0     0     0.00   0.00   N/A         N/A          -0.47        -0.47        27.49  19.953   2.21     3.19        6.4         165      13.3     2.78          0.25    19.59     0.44    0.32    0.02    2.26    0.61     65.80   5.73    18.76   50.70   0.15    656.20     1941.28  N/A      0.09      59.48         2.81          0.57           96.87        
141  T0950TS266_2-D1     266s    11.04    100.00  139   N/A       N/A        -0.69     -0.69      8.99     N/A           2.55     5.84     59.795   59.869   342   2    0     0     0.00   0.00   N/A         N/A          -0.47        -0.47        22.51  19.67    2.00     2.15        6.1         163      55.7     2.80          0.24    19.01     0.42    0.29    -0.02   2.51    0.50     47.50   4.58    19.16   49.05   0.14    579.10     2027.04  N/A      0.08      74.78         1.25          1.14           94.30        
142  T0950TS004_4-D1     004s    10.96    56.14   142   N/A       N/A        -0.70     -0.70      7.82     N/A           3.23     4.33     34.162   34.212   192   0    0     0     0.00   11.99  N/A         N/A          -0.47        -0.47        16.37  13.253   2.04     2.68        0.8         62       5.3      1.34          0.16    0.0         0.25    0.17    0.07    2.97    0.51     19.87   2.58    12.11   30.26   0.16    193.70     77.98    34.65    0.05      0.00          4.73          1.58           95.26        
143  T0950TS004_5-D1     004s    10.89    100.00  143   N/A       N/A        -0.71     -0.71      7.61     N/A           1.14     3.28     41.758   41.943   342   0    0     0     0.00   0.00   N/A         N/A          -0.47        -0.47        20.47  14.23    2.26     2.02        6           80       8.1      1.19          0.26    19.74     0.43    0.28    0.13    1.99    0.52     37.30   3.89    24.37   48.55   0.16    267.00     170.08   29.05    0.08      0.00          2.50          0.28           94.30        
144  T0950TS004_1-D1     004s    10.89    100.00  143   -0.74     -0.74      -0.71     -0.71      7.61     -0.69         1.14     3.28     41.758   41.943   342   0    0     0     0.00   0.00   -0.51       -0.51        -0.47        -0.47        20.47  14.23    2.26     2.02        6.2         53       2.6      1.17          0.26    19.74     0.43    0.28    0.13    1.99    0.52     37.30   3.89    24.37   48.55   0.16    208.70     170.08   29.05    0.08      0.00          2.50          0.28           94.59        
145  T0950TS458_4-D1     458s    10.82    100.00  145   N/A       N/A        -0.73     -0.73      8.04     N/A           2.84     5.51     82.3     82.406   342   3    0     0     0.00   0.00   N/A         N/A          -0.47        -0.47        18.13  14.18    2.33     2.93        2.2         52       42.5     3.44          0.28    23.25     0.48    0.34    0.03    2.56    0.48     62.50   5.19    22.59   57.21   0.15    179.60     2507.87  63.07    0.10      31.80         10.00         6.84           82.62        
146  T0950TS458_1-D1     458s    10.82    100.00  145   -0.75     -0.75      -0.73     -0.73      7.89     -0.61         3.24     5.30     82.392   82.727   342   2    0     0     0.00   0.00   -0.51       -0.51        -0.47        -0.47        17.25  12.226   2.04     2.93        2.8         62       45.3     3.29          0.29    23.83     0.50    0.36    0.04    2.65    0.45     73.10   5.04    23.01   59.36   0.13    164.30     2462.86  57.54    0.09      28.53         8.44          5.41           86.04        
147  T0950TS348_1-D1     348s    10.67    100.00  147   -0.77     -0.77      -0.75     -0.75      5.34     -1.33         1.09     3.10     47.016   47.433   342   71   0     0     0.00   0.00   -0.51       -0.51        -0.47        -0.47        21.64  13.737   2.63     2.80        0           0        N/A      3.56          0.21    12.65     0.30    0.33    0.36    1.98    0.51     1.10    5.46    25.73   37.17   0.17    N/A        186.12   55.82    0.04      156.64        0.31          21.08          61.54        
148  T0950TS458_2-D1     458s    10.67    100.00  147   N/A       N/A        -0.75     -0.75      8.04     N/A           3.44     5.66     82.297   82.573   342   2    0     0     0.00   0.29   N/A         N/A          -0.47        -0.47        18.13  13.628   1.96     2.15        1.4         138      76.2     3.62          0.27    22.37     0.46    0.33    0.01    2.60    0.46     62.00   5.19    22.56   55.90   0.13    321.50     2495.91  60.34    0.07      38.50         12.19         8.26           80.06        
149  T0950TS348_2-D1     348s    10.45    100.00  149   N/A       N/A        -0.78     -0.78      5.19     N/A           1.62     2.58     46.955   47.348   342   56   0     0     0.00   0.00   N/A         N/A          -0.47        -0.47        23.98  14.063   2.52     3.06        0           0        N/A      3.48          0.21    12.67     0.30    0.33    0.36    2.04    0.50     0.50    5.46    26.30   38.59   0.17    N/A        188.08   57.37    0.04      130.68        0.31          16.81          62.11        
150  T0950TS470_2-D1     470s    10.45    100.00  149   N/A       N/A        -0.78     -0.78      7.53     N/A           2.50     5.17     43.973   44.296   342   2    0     0     0.00   0.00   N/A         N/A          -0.47        -0.47        25.15  17.166   2.33     3.06        3.9         115      5.3      2.36          0.26    20.76     0.46    0.33    0.05    2.27    0.43     35.00   4.89    24.42   53.73   0.15    457.50     567.79   30.33    0.09      15.81         1.56          1.42           91.17        
151  T0950TS348_5-D1     348s    10.45    100.00  149   N/A       N/A        -0.78     -0.78      5.04     N/A           1.17     2.83     47.151   47.653   342   38   0     0     0.00   0.00   N/A         N/A          -0.47        -0.47        21.35  13.191   2.60     2.67        0           0        N/A      3.70          0.22    13.67     0.32    0.33    0.36    2.04    0.50     0.50    5.46    24.55   37.69   0.19    N/A        183.56   51.28    0.04      143.30        0.62          47.58          21.94        
152  T0950TS348_4-D1     348s    10.31    100.00  152   N/A       N/A        -0.81     -0.81      5.19     N/A           0.46     2.38     46.888   47.342   342   15   0     0     0.00   0.00   N/A         N/A          -0.47        -0.47        23.10  14.023   2.63     3.97        0           0        N/A      3.60          0.23    14.40     0.36    0.35    0.35    2.03    0.51     6.30    5.46    26.85   40.87   0.17    N/A        178.12   57.46    0.06      130.90        0.94          27.35          39.89        
153  T0950TS085_2-D1     085s    10.23    100.00  153   N/A       N/A        -0.82     -0.82      6.87     N/A           1.71     3.23     54.923   55.195   342   0    0     0     0.00   0.00   N/A         N/A          -0.47        -0.47        23.10  17.782   2.39     3.71        5.5         86       6.9      2.37          0.26    25.00     0.50    0.36    0.04    2.25    0.50     42.60   5.46    21.19   57.92   0.15    312.80     1021.39  84.50    0.11      35.93         0.31          1.71           95.16        
154  T0950TS164_4-D1     164s    10.16    100.00  154   N/A       N/A        -0.83     -0.83      6.87     N/A           1.51     3.19     54.969   55.253   342   0    0     0     0.00   0.00   N/A         N/A          -0.47        -0.47        23.39  17.882   2.14     3.19        5.3         131      28.4     2.56          0.26    24.41     0.49    0.36    0.04    2.26    0.51     40.50   4.89    21.07   57.90   0.15    520.30     1021.97  82.00    0.10      42.81         0.62          2.85           92.88        
155  T0950TS348_3-D1     348s    10.09    100.00  155   N/A       N/A        -0.84     -0.84      4.68     N/A           0.58     2.20     46.93    47.333   342   26   0     0     0.00   0.00   N/A         N/A          -0.47        -0.47        23.10  13.857   2.57     6.04        0           0        N/A      3.38          0.22    12.07     0.32    0.33    0.36    2.04    0.51     1.70    5.33    26.08   38.25   0.18    N/A        182.48   57.80    0.04      97.69         0.00          16.52          58.97        
156  T0950TS407_4-D1     407s    10.02    100.00  156   N/A       N/A        -0.85     -0.85      7.24     N/A           1.26     3.12     42.278   42.401   342   4    0     0     0.00   0.00   N/A         N/A          -0.47        -0.47        18.42  14.02    2.33     3.45        2.3         137      26.1     2.73          0.32    28.80     0.51    0.37    0.14    1.70    0.48     66.10   3.50    25.73   61.49   0.16    416.60     127.20   44.57    0.10      11.52         7.50          3.99           92.02        
157  T0950TS432_5-D1     432s    9.87     100.00  157   N/A       N/A        -0.88     -0.88      7.53     N/A           3.18     5.25     55.141   55.366   342   0    0     0     0.00   0.00   N/A         N/A          -0.47        -0.47        27.78  21.772   1.82     1.37        6.3         145      9.1      3.61          0.22    16.81     0.39    0.24    -0.02   2.07    0.52     50.50   5.04    23.12   42.95   0.12    597.60     1118.59  41.16    0.07      118.43        4.69          3.13           89.46        
158  T0950TS085_4-D1     085s    9.79     100.00  158   N/A       N/A        -0.89     -0.89      6.58     N/A           2.81     4.71     43.492   43.679   342   1    0     0     0.00   6.43   N/A         N/A          -0.47        -0.47        20.18  14.218   2.27     2.02        3.2         62       3.1      2.62          0.26    21.78     0.44    0.31    0.14    1.93    0.51     41.10   2.58    21.46   51.19   0.14    243.10     101.96   N/A      0.10      37.81         1.25          1.71           92.02        
159  T0950TS023_2-D1     023s    9.79     100.00  158   N/A       N/A        -0.89     -0.89      6.29     N/A           1.85     4.24     38.317   38.561   342   13   0     0     0.00   0.58   N/A         N/A          -0.47        -0.47        19.59  12.97    2.53     2.54        1           99       8        4.23          0.30    30.56     0.45    0.33    0.13    1.98    0.51     52.80   3.50    21.65   56.78   0.15    238.30     94.23    83.32    0.10      324.85        10.00         1.14           91.45        
160  T0950TS085_5-D1     085s    9.79     100.00  158   N/A       N/A        -0.89     -0.89      6.58     N/A           2.81     4.71     43.492   43.679   342   1    0     0     0.00   6.43   N/A         N/A          -0.47        -0.47        20.18  14.218   2.27     2.02        3.2         62       3.1      2.62          0.26    21.78     0.44    0.31    0.14    1.93    0.51     41.10   2.58    21.46   51.19   0.14    243.10     101.96   N/A      0.10      37.81         1.25          1.71           92.02        
161  T0950TS160_2-D1     160s    9.79     100.00  158   N/A       N/A        -0.89     -0.89      6.80     N/A           1.52     3.66     62.581   63.085   342   1    0     0     0.00   0.00   N/A         N/A          -0.47        -0.47        19.88  14.678   2.16     1.63        5.2         80       5.2      3.35          0.26    21.05     0.44    0.33    0.05    2.33    0.52     38.80   3.70    21.39   52.67   0.15    314.00     2096.21  89.76    0.08      93.16         5.00          1.71           94.30        
162  T0950TS023_1-D1     023s    9.72     100.00  162   -0.91     -0.91      -0.90     -0.90      6.73     -0.94         2.13     4.29     36.545   36.789   342   10   0     0     0.29   0.00   -0.48       -0.48        -0.43        -0.43        15.79  9.959    2.56     3.32        0.3         98       36.7     4.05          0.30    28.95     0.44    0.31    0.21    1.91    0.53     35.70   3.89    25.64   55.03   0.15    232.90     56.69    82.46    0.09      321.07        5.00          3.42           89.46        
163  T0950TS347_1-D1     347s    9.58     30.12   163   -0.93     -0.93      -0.92     -0.92      6.58     -0.98         6.31     3.70     20.031   20.732   103   0    0     0     0.00   0.00   -0.51       -0.51        -0.47        -0.47        15.50  12.545   2.28     2.99        3.2         58       3.5      2.49          0.09    0.0         0.14    0.11    0.07    3.23    0.50     13.25   3.50    6.65    18.84   0.11    243.10     4.50     74.63    0.02      17.71         2.20          1.98           92.08        
164  T0950TS441_1-D1     441s    9.21     100.00  164   -0.98     -0.98      -0.98     -0.98      5.92     -1.16         1.72     3.74     40.091   40.654   342   14   0     0     0.00   0.58   -0.51       -0.51        -0.47        -0.47        22.51  15.22    2.55     2.41        1.4         85       4.1      4.35          0.26    22.95     0.41    0.26    0.01    2.46    0.50     39.40   4.25    26.60   51.13   0.15    253.20     138.53   91.69    0.08      286.01        10.31         5.70           84.33        
165  T0950TS441_2-D1     441s    9.21     100.00  164   N/A       N/A        -0.98     -0.98      5.41     N/A           1.08     3.24     39.587   40.088   342   14   0     0     0.00   2.05   N/A         N/A          -0.47        -0.47        22.51  15.436   2.51     2.41        0.9         110      10.6     4.40          0.27    23.10     0.40    0.26    0.03    2.43    0.50     30.70   4.07    22.50   50.52   0.15    263.50     101.72   92.81    0.07      309.90        8.75          6.27           79.77        
166  T0950TS497_5-D1     497s    9.21     100.00  164   N/A       N/A        -0.98     -0.98      6.87     N/A           3.25     4.08     56.709   57.093   342   2    0     0     0.00   0.00   N/A         N/A          -0.47        -0.47        13.74  8.041    2.80     1.11        2.3         140      32.8     3.21          0.28    25.29     0.47    0.35    0.03    2.43    0.54     58.10   2.83    20.27   56.02   0.14    380.60     955.05   79.05    0.10      32.49         8.12          3.70           90.88        
167  T0950TS152_4-D1     152s    9.14     100.00  167   N/A       N/A        -0.99     -0.99      5.70     N/A           1.42     2.97     42.345   42.677   342   6    0     0     0.29   0.88   N/A         N/A          -0.43        -0.43        18.13  11.524   2.74     1.50        0           0        N/A      4.24          0.28    25.00     0.43    0.26    0.06    2.30    0.49     47.10   2.83    23.10   52.82   0.15    N/A        62.96    75.89    0.08      102.10        23.44         7.41           80.91        
168  T0950TS152_3-D1     152s    8.92     100.00  168   N/A       N/A        -1.03     -1.03      5.49     N/A           0.61     2.57     41.287   41.51    342   4    0     0     0.88   5.56   N/A         N/A          -0.35        -0.35        21.64  13.756   2.77     2.15        0.7         122      35.1     4.14          0.30    28.07     0.45    0.27    0.18    2.26    0.50     54.20   2.58    23.50   54.09   0.16    280.80     48.15    76.92    0.07      100.72        19.69         9.12           83.19        
169  T0950TS152_1-D1     152s    8.77     100.00  169   -1.04     -1.04      -1.05     -1.05      5.49     -1.29         1.17     2.87     42.423   42.656   342   3    0     0     0.00   6.73   -0.51       -0.51        -0.47        -0.47        18.13  12.801   2.45     1.63        0           0        N/A      4.00          0.29    24.56     0.46    0.28    0.06    2.32    0.53     46.30   3.29    22.77   55.11   0.14    N/A        83.28    75.90    0.07      81.64         17.81         7.12           84.62        
170  T0950TS023_3-D1     023s    8.77     100.00  169   N/A       N/A        -1.05     -1.05      6.21     N/A           1.50     4.23     34.826   35.149   342   11   0     0     0.00   0.00   N/A         N/A          -0.47        -0.47        14.33  10.961   2.28     1.76        1.2         47       5.9      4.31          0.30    27.19     0.44    0.31    0.23    1.75    0.53     49.40   2.83    26.79   55.65   0.15    108.70     52.93    84.17    0.08      319.35        10.00         4.27           88.03        
171  T0950TS152_5-D1     152s    8.77     100.00  169   N/A       N/A        -1.05     -1.05      5.48     N/A           1.55     2.92     40.702   40.981   342   2    0     0     5.85   9.65   N/A         N/A          0.35         0.35         17.25  11.905   1.93     1.76        0.8         90       4.7      4.11          0.29    24.85     0.43    0.26    0.13    2.35    0.55     45.70   2.58    22.98   51.80   0.16    225.50     54.78    77.08    0.07      93.16         17.50         8.26           80.34        
172  T0950TS497_2-D1     497s    8.77     100.00  169   N/A       N/A        -1.05     -1.05      6.58     N/A           2.72     4.99     56.962   57.269   342   3    0     0     0.00   0.00   N/A         N/A          -0.47        -0.47        17.25  11.352   2.22     1.50        2.8         42       4.9      3.13          0.28    24.12     0.48    0.34    0.06    2.47    0.51     59.30   2.83    20.42   56.09   0.11    122.70     910.36   94.72    0.10      25.61         6.56          4.56           87.18        
173  T0950TS497_4-D1     497s    8.70     100.00  173   N/A       N/A        -1.06     -1.06      6.14     N/A           1.38     3.00     56.353   56.719   342   4    0     0     0.29   2.34   N/A         N/A          -0.43        -0.43        15.79  10.758   2.59     1.24        1           95       39.2     3.52          0.27    22.81     0.47    0.33    0.06    2.56    0.53     50.30   2.30    20.09   55.17   0.12    229.50     964.61   84.98    0.09      34.20         11.56         7.69           82.91        
174  T0950TS497_1-D1     497s    8.70     100.00  173   -1.05     -1.05      -1.06     -1.06      6.58     -0.98         1.52     3.83     54.136   54.589   342   5    0     0     0.00   0.29   -0.51       -0.51        -0.47        -0.47        20.47  14.117   2.39     0.98        2.3         83       8.2      3.19          0.28    23.98     0.48    0.36    0.06    2.16    0.51     66.00   3.07    20.29   57.64   0.12    207.40     795.43   94.19    0.09      24.75         8.12          7.69           87.18        
175  T0950TS004_3-D1     004s    8.63     100.00  175   N/A       N/A        -1.07     -1.07      5.92     N/A           1.86     3.02     34.23    34.688   342   0    0     0     0.00   0.00   N/A         N/A          -0.47        -0.47        14.91  11.419   2.63     2.28        1.8         78       9.5      1.19          0.24    19.88     0.44    0.29    0.17    2.26    0.50     32.30   3.50    21.77   49.27   0.12    223.30     271.86   24.11    0.09      0.17          2.50          1.42           95.44        
176  T0950TS243_4-D1     243s    8.55     100.00  176   N/A       N/A        -1.09     -1.09      5.78     N/A           2.00     3.42     35.233   35.533   342   7    0     0     0.00   0.00   N/A         N/A          -0.47        -0.47        16.96  10.529   2.56     2.02        0           0        N/A      4.03          0.30    28.66     0.45    0.33    0.29    1.73    0.46     41.40   2.58    22.77   54.96   0.15    N/A        52.24    88.98    0.09      242.18        6.25          3.42           88.60        
177  T0950TS497_3-D1     497s    8.11     100.00  177   N/A       N/A        -1.16     -1.16      6.00     N/A           1.75     3.70     56.634   57.019   342   1    0     0     0.00   2.05   N/A         N/A          -0.47        -0.47        14.91  11.293   2.24     1.37        1.1         150      67.3     3.34          0.27    20.61     0.47    0.34    0.04    2.38    0.51     62.80   4.07    19.28   55.49   0.12    319.10     967.31   94.75    0.09      30.25         9.69          6.27           86.61        
178  T0950TS152_2-D1     152s    8.11     100.00  177   N/A       N/A        -1.16     -1.16      4.97     N/A           1.35     2.98     41.119   41.559   342   5    0     0     0.00   0.00   N/A         N/A          -0.47        -0.47        15.50  10.602   2.50     0.47        0           0        N/A      4.25          0.27    22.52     0.43    0.25    0.06    2.51    0.50     35.10   3.07    23.22   50.50   0.14    N/A        77.33    74.56    0.07      100.21        21.25         9.97           76.92        
179  T0950TS007_5-D1     007s    8.11     100.00  177   N/A       N/A        -1.16     -1.16      5.33     N/A           1.93     3.19     64.454   64.736   342   0    0     0     0.00   0.00   N/A         N/A          -0.47        -0.47        17.54  13.272   2.16     1.76        3.4         77       4.1      3.27          0.22    16.08     0.37    0.24    -0.01   2.37    0.50     23.70   3.70    17.55   41.63   0.14    272.70     1695.98  93.09    0.06      86.80         4.06          1.99           94.02        
180  T0950TS007_4-D1     007s    7.75     100.00  180   N/A       N/A        -1.21     -1.21      4.75     N/A           1.24     2.19     53.026   53.034   342   8    0     0     0.00   0.29   N/A         N/A          -0.47        -0.47        18.42  11.597   2.59     0.85        0           0        N/A      3.90          0.18    10.82     0.31    0.15    -0.07   2.40    0.49     24.90   3.29    16.62   31.77   0.14    N/A        704.00   92.85    0.05      174.80        5.00          5.70           84.33        
181  T0950TS007_3-D1     007s    6.94     100.00  181   N/A       N/A        -1.34     -1.34      5.26     N/A           1.15     2.96     88.53    88.946   342   0    0     0     0.00   0.00   N/A         N/A          -0.47        -0.47        18.42  13.524   2.56     0.72        0.1         106      57.8     3.46          0.16    12.72     0.31    0.16    -0.06   2.86    0.53     19.50   3.07    13.03   32.19   0.10    192.40     3483.88  94.38    0.04      91.78         6.56          2.28           93.73        
182  T0950TS007_1-D1     007s    6.36     100.00  182   -1.38     -1.38      -1.43     -1.43      4.17     -1.66         0.77     1.97     79.97    80.651   342   2    0     0     1.17   2.92   -0.37       -0.37        -0.31        -0.31        16.37  9.717    2.69     -0.44       0           0        N/A      3.60          0.17    9.36      0.30    0.13    0.01    2.47    0.50     18.70   3.29    19.55   29.53   0.11    N/A        1634.14  94.50    0.03      116.88        4.38          5.70           88.60        
183  T0950TS007_2-D1     007s    6.14     100.00  183   N/A       N/A        -1.47     -1.47      3.65     N/A           1.00     2.22     58.548   59.133   342   105  0     0     0.00   2.05   N/A         N/A          -0.47        -0.47        15.50  10.161   2.52     0.08        0           0        N/A      4.84          0.06    5.26      0.22    0.05    -0.07   2.34    0.49     19.50   2.30    17.76   16.68   0.12    N/A        1652.16  95.35    0.03      302.78        20.31         20.31          60.31        

