#    Model               GR#     GDT_TS   NP_P    RANK  Z-M1-GDT  Z-M1s-GDT  Z-MA-GDT  Z-MAs-GDT  GDT_HA   Z-M1s-GDT-HA  GDC_SC   GDC_ALL  RMS_CA   RMS_ALL  NP    err  PC01  PC05  AL0_P  AL4_P  Z-M1-AL0_p  Z-M1s-AL0_p  Z-MA-AL0_p   Z-MAs-AL0_p  ALI_P  LGA_S    RMSD[L]  Z-score[M]  Z-Score[D]  Al.Res.  RMSD[D]  MolPrb_Score  LDDT    SphGr     CAD_AA  RPF     CODM    DFM     Handed.  SOV     CE      QCS     CONTS   TMscore  Dali(raw)  FlexE    QSE      CAD_SS    MolPrb_clash  MolPrb_rotout  MolPrb_ramout  MolPrb_ramfv 

1    T0978TS324_1-D1     324s    50.91    100.00  1     1.68      1.68       1.76      1.76       33.35    1.64          19.08    29.30    10.749   11.224   413   6    0     0     54.24  66.83  1.57        1.57         1.67         1.67         68.52  53.132   2.05     8.81        28          334      4.1      3.58          0.49    54.96     0.53    0.52    0.81    0.60    0.80     76.80   6.58    72.89   67.92   0.70    3347.10    12.27    84.71    0.26      29.57         18.73         6.08           84.91        
2    T0978TS324_2-D1     324s    50.73    100.00  2     N/A       N/A        1.74      1.74       32.87    N/A           19.25    29.46    11.122   11.597   413   1    0     0     53.75  64.65  N/A         N/A          1.64         1.64         66.10  52.206   1.98     8.06        28.2        345      5.3      3.69          0.50    57.63     0.53    0.53    0.80    0.55    0.81     77.60   6.92    72.73   69.00   0.70    3371.50    12.01    84.96    0.25      34.52         21.49         5.60           84.91        
3    T0978TS324_3-D1     324s    49.15    100.00  3     N/A       N/A        1.62      1.62       32.20    N/A           17.37    28.02    13.051   13.455   413   4    0     0     52.06  63.20  N/A         N/A          1.54         1.54         64.89  51.343   2.01     8.31        26.8        320      3.5      3.47          0.47    53.03     0.53    0.49    0.71    0.67    0.76     76.40   7.02    69.11   67.32   0.68    3208.90    22.80    85.68    0.25      26.26         18.18         5.60           87.83        
4    T0978TS221_1-D1     221s    47.88    100.00  4     1.43      1.43       1.52      1.52       30.27    1.28          16.27    26.05    11.23    11.75    413   4    0     0     47.94  62.95  1.20        1.20         1.29         1.29         66.34  45.985   2.04     8.14        28          322      6        3.28          0.46    51.45     0.51    0.49    0.79    0.68    0.79     75.50   6.92    68.62   65.59   0.68    3148.30    18.52    86.36    0.23      64.86         3.58          4.14           89.05        
5    T0978TS221_2-D1     221s    47.58    100.00  5     N/A       N/A        1.49      1.49       30.45    N/A           14.35    25.80    10.613   11.219   413   11   0     0     50.36  63.20  N/A         N/A          1.43         1.43         65.86  50.248   1.95     8.27        26.3        310      3        3.92          0.46    49.40     0.48    0.46    0.72    0.77    0.78     68.90   6.47    67.06   62.32   0.68    3150.10    21.24    86.85    0.21      196.61        4.68          6.81           84.67        
6    T0978TS324_4-D1     324s    47.46    100.00  6     N/A       N/A        1.48      1.48       30.63    N/A           16.84    26.36    13.499   13.972   413   3    0     0     50.36  60.77  N/A         N/A          1.43         1.43         64.65  47.774   2.07     8.14        24.7        306      3.3      3.49          0.46    50.97     0.51    0.49    0.70    0.73    0.74     74.00   6.70    67.65   65.26   0.67    2977.60    26.20    86.86    0.24      24.61         18.73         4.87           85.89        
7    T0978TS368_2-D1     368s    47.34    100.00  7     N/A       N/A        1.47      1.47       32.27    N/A           17.73    28.05    12.992   13.547   413   10   0     0     49.64  58.35  N/A         N/A          1.39         1.39         64.16  51.295   1.92     7.90        27.8        311      3.4      0.90          0.45    48.18     0.52    0.47    0.61    0.93    0.75     68.60   5.86    64.50   65.25   0.65    3170.80    43.45    72.16    0.25      0.45          0.00          0.49           96.35        
8    T0978TS149_1-D1     149s    47.22    100.00  8     1.38      1.38       1.46      1.46       30.51    1.31          14.36    25.98    21.651   22.014   413   1    0     0     51.33  61.50  1.40        1.40         1.49         1.49         62.47  49.267   2.04     7.65        24.9        300      3.3      3.72          0.45    52.42     0.49    0.50    0.55    0.74    0.82     69.10   6.92    62.97   63.07   0.65    2998.40    69.46    87.24    0.24      137.18        6.89          2.92           91.97        
9    T0978TS221_3-D1     221s    46.55    100.00  9     N/A       N/A        1.41      1.41       28.69    N/A           14.67    24.95    10.116   10.613   413   2    0     0     48.67  62.47  N/A         N/A          1.33         1.33         63.44  47.913   2.09     7.77        27          332      5.1      2.66          0.48    53.99     0.52    0.52    0.84    0.61    0.80     72.70   6.23    70.11   66.86   0.69    3098.30    12.13    85.85    0.24      50.14         0.83          2.68           91.97        
10   T0978TS261_3-D1     261s    45.88    100.00  10    N/A       N/A        1.36      1.36       29.05    N/A           15.30    24.75    11.737   12.216   413   1    0     0     49.15  61.26  N/A         N/A          1.36         1.36         66.10  49.825   2.11     8.56        25.8        324      4.4      3.67          0.43    46.61     0.49    0.44    0.66    0.84    0.75     71.80   6.70    63.08   66.27   0.66    3102.30    19.59    74.37    0.21      25.06         20.39         9.73           75.67        
11   T0978TS124_2-D1     124s    45.64    100.00  11    N/A       N/A        1.34      1.34       26.39    N/A           13.12    19.26    9.333    10.075   413   0    0     0     39.71  62.23  N/A         N/A          0.79         0.79         63.20  42.264   2.46     7.36        22.2        354      4.3      3.34          0.45    52.30     0.51    0.49    0.80    0.71    0.78     73.90   6.35    72.27   66.80   0.70    2701.00    18.60    68.38    0.22      126.37        3.03          1.95           93.92        
12   T0978TS221_4-D1     221s    44.61    100.00  12    N/A       N/A        1.25      1.25       28.69    N/A           15.85    25.11    13.671   14.113   413   3    0     0     47.22  60.77  N/A         N/A          1.24         1.24         67.07  50.203   2.12     8.60        25.8        306      3.4      2.91          0.44    47.34     0.50    0.46    0.77    0.69    0.74     67.50   6.58    67.04   63.24   0.65    3097.00    24.09    87.45    0.22      51.35         2.20          2.43           92.70        
13   T0978TS149_3-D1     149s    44.37    100.00  13    N/A       N/A        1.23      1.23       29.48    N/A           14.24    24.36    11.489   12.224   413   4    0     0     45.76  56.90  N/A         N/A          1.16         1.16         66.34  46.448   2.12     7.36        25          316      4.5      3.92          0.44    46.73     0.46    0.46    0.68    0.82    0.75     71.40   6.92    66.41   60.80   0.62    3014.30    28.04    84.10    0.20      155.04        7.71          5.35           88.08        
14   T0978TS145_5-D1     145s    43.95    100.00  14    N/A       N/A        1.20      1.20       27.48    N/A           13.23    23.20    10.164   10.685   413   0    0     0     45.28  57.38  N/A         N/A          1.13         1.13         63.68  45.758   2.06     7.77        24.7        307      3.4      4.38          0.44    49.27     0.48    0.44    0.63    0.87    0.79     59.00   6.70    64.73   65.74   0.65    2980.80    13.13    86.32    0.20      89.18         25.34         14.11          63.26        
15   T0978TS149_2-D1     149s    43.22    100.00  15    N/A       N/A        1.14      1.14       28.45    N/A           14.59    24.18    11.231   11.826   413   4    0     0     48.18  56.42  N/A         N/A          1.30         1.30         64.16  46.1     2.08     7.94        24.2        314      4.3      3.56          0.44    48.06     0.47    0.46    0.70    0.85    0.76     71.00   6.35    66.28   61.71   0.63    2918.90    30.07    85.51    0.21      158.49        2.75          3.65           89.54        
16   T0978TS368_3-D1     368s    43.22    100.00  15    N/A       N/A        1.14      1.14       29.48    N/A           16.81    24.91    15.316   15.855   413   5    0     0     45.04  54.72  N/A         N/A          1.11         1.11         59.32  47.107   2.00     7.03        24.3        275      4.9      1.03          0.42    48.67     0.52    0.46    0.56    1.01    0.70     69.20   6.81    61.07   64.22   0.59    2750.60    52.33    65.83    0.25      1.20          0.28          0.73           96.84        
17   T0978TS368_5-D1     368s    42.98    100.00  17    N/A       N/A        1.12      1.12       29.11    N/A           16.28    24.44    17.926   18.464   413   4    0     0     45.04  54.24  N/A         N/A          1.11         1.11         58.35  43.131   1.94     7.07        24.9        312      15.9     1.03          0.44    49.88     0.53    0.47    0.57    1.03    0.64     74.50   6.92    60.78   65.06   0.58    2907.20    41.16    65.32    0.25      1.20          0.00          0.73           96.84        
18   T0978TS221_5-D1     221s    42.37    100.00  18    N/A       N/A        1.08      1.08       26.69    N/A           15.86    22.50    11.106   11.776   413   1    0     0     42.86  57.38  N/A         N/A          0.98         0.98         61.74  43.077   2.14     7.77        23.3        309      5.4      2.61          0.44    45.40     0.50    0.45    0.77    0.74    0.77     72.20   6.23    65.16   62.53   0.63    2827.30    24.38    87.86    0.21      54.20         1.10          1.46           94.65        
19   T0978TS266_3-D1     266s    42.13    100.00  19    N/A       N/A        1.06      1.06       26.75    N/A           13.50    22.58    16.063   16.627   413   1    0     0     40.92  55.21  N/A         N/A          0.87         0.87         61.99  43.562   2.12     7.56        22.5        304      3.7      3.49          0.39    40.07     0.46    0.40    0.47    1.10    0.69     57.00   6.70    55.83   56.04   0.62    2723.10    80.72    N/A      0.19      124.27        4.13          1.95           92.46        
20   T0978TS368_1-D1     368s    41.65    100.00  20    0.94      0.94       1.02      1.02       29.00    1.14          18.05    26.28    15.984   16.507   413   6    0     0     44.31  51.33  0.98        0.98         1.07         1.07         62.23  51.344   1.95     7.65        25.6        215      2.3      1.31          0.42    47.70     0.53    0.45    0.44    1.01    0.69     75.40   6.81    57.90   63.10   0.56    2265.00    93.97    72.97    0.27      1.95          0.00          0.73           94.89        
21   T0978TS266_4-D1     266s    41.65    100.00  20    N/A       N/A        1.02      1.02       26.33    N/A           12.77    21.82    15.82    16.497   413   4    0     0     42.13  56.42  N/A         N/A          0.94         0.94         62.23  45.953   2.10     7.85        22.2        304      4.2      3.34          0.39    38.62     0.45    0.40    0.43    1.17    0.71     56.80   6.23    56.26   55.46   0.62    2696.30    110.20   N/A      0.18      102.36        3.03          2.68           91.48        
22   T0978TS266_1-D1     266s    41.59    100.00  22    0.93      0.93       1.01      1.01       25.48    0.73          12.89    21.73    14.303   15.108   413   7    0     0     41.89  57.87  0.84        0.84         0.92         0.92         62.71  43.129   2.13     7.61        21.9        313      4.1      3.39          0.38    39.95     0.45    0.39    0.47    1.14    0.72     55.30   6.35    56.54   55.52   0.63    2665.20    80.02    N/A      0.17      103.26        3.58          1.46           91.97        
23   T0978TS498_2-D1     498s    40.98    100.00  23    N/A       N/A        0.96      0.96       26.33    N/A           14.80    21.25    13.759   14.296   413   8    0     0     42.86  52.06  N/A         N/A          0.98         0.98         54.00  38.298   2.17     6.12        20.4        210      3.2      3.93          0.44    52.30     0.49    0.47    0.64    0.87    0.72     70.90   6.81    62.71   62.24   0.59    1852.70    24.06    86.23    0.23      52.99         21.49         7.30           81.02        
24   T0978TS266_5-D1     266s    40.98    100.00  23    N/A       N/A        0.96      0.96       25.91    N/A           13.24    21.82    16.049   16.636   413   3    0     0     41.89  55.45  N/A         N/A          0.92         0.92         61.74  43.17    2.13     7.73        21.1        298      3.3      3.45          0.38    36.68     0.44    0.38    0.44    1.19    0.69     52.90   6.35    52.56   54.09   0.61    2578.70    82.39    N/A      0.18      123.67        3.58          2.92           92.21        
25   T0978TS266_2-D1     266s    40.92    100.00  25    N/A       N/A        0.96      0.96       25.73    N/A           13.77    22.28    16.985   17.761   413   5    0     0     38.98  55.69  N/A         N/A          0.75         0.75         61.26  44.464   2.13     7.77        21.9        299      3.6      3.47          0.38    37.53     0.45    0.39    0.42    1.15    0.71     52.60   6.35    54.67   54.76   0.60    2663.20    97.25    N/A      0.18      123.67        3.31          2.43           91.00        
26   T0978TS498_3-D1     498s    40.80    100.00  26    N/A       N/A        0.95      0.95       24.82    N/A           14.59    20.72    15.123   15.61    413   9    0     0     38.98  53.51  N/A         N/A          0.75         0.75         57.38  39.442   2.47     6.74        20.1        303      4.5      3.92          0.43    49.64     0.49    0.47    0.63    0.77    0.71     76.00   6.35    64.84   62.10   0.61    2464.70    24.71    87.53    0.21      51.33         20.66         7.54           79.56        
27   T0978TS337_4-D1     337s    40.74    100.00  27    N/A       N/A        0.94      0.94       25.79    N/A           13.31    22.27    16.539   17.316   413   8    0     0     41.16  55.69  N/A         N/A          0.88         0.88         61.02  47.706   2.01     7.77        22.3        292      3.1      4.04          0.38    38.86     0.45    0.39    0.42    1.03    0.70     59.50   6.58    58.44   55.47   0.60    2707.40    71.30    66.39    0.19      156.78        10.19         6.08           87.10        
28   T0978TS441_2-D1     441s    40.74    100.00  27    N/A       N/A        0.94      0.94       25.79    N/A           13.31    22.27    16.539   17.316   413   8    0     0     41.16  55.69  N/A         N/A          0.88         0.88         61.02  47.706   2.01     7.77        22.3        292      3.1      4.04          0.38    38.86     0.45    0.39    0.42    1.03    0.70     59.50   6.58    58.44   55.47   0.60    2707.40    71.30    66.39    0.19      156.78        10.19         6.08           87.10        
29   T0978TS004_2-D1     004s    40.68    100.00  29    N/A       N/A        0.94      0.94       27.00    N/A           16.18    24.02    16.022   16.537   413   2    0     0     45.04  52.30  N/A         N/A          1.11         1.11         63.68  48.405   1.97     7.81        27.3        301      3.3      1.65          0.40    45.04     0.50    0.42    0.41    1.12    0.68     76.20   6.81    56.95   61.31   0.55    3074.60    74.06    59.33    0.22      0.75          4.68          0.97           93.92        
30   T0978TS149_5-D1     149s    40.25    100.00  30    N/A       N/A        0.91      0.91       26.88    N/A           12.72    22.16    13.336   13.897   413   18   0     0     40.68  51.57  N/A         N/A          0.85         0.85         55.69  43.01    2.00     6.36        20          282      4.7      4.41          0.32    45.76     0.45    0.46    0.50    0.99    0.71     87.10   6.81    62.43   65.28   0.58    2459.00    23.11    74.32    0.19      343.54        14.60         2.92           90.51        
31   T0978TS368_4-D1     368s    40.13    100.00  31    N/A       N/A        0.90      0.90       26.93    N/A           16.48    23.86    17.718   18.256   413   10   0     0     41.89  52.06  N/A         N/A          0.92         0.92         56.90  45.888   2.06     6.82        22.4        275      3.7      1.05          0.43    47.34     0.53    0.48    0.48    0.93    0.72     83.40   6.81    63.49   65.10   0.56    2501.70    117.43   70.73    0.24      1.05          0.00          0.49           96.35        
32   T0978TS498_4-D1     498s    39.53    100.00  32    N/A       N/A        0.85      0.85       24.94    N/A           14.62    20.81    14.156   14.679   413   9    0     0     41.40  49.64  N/A         N/A          0.89         0.89         51.82  38.474   2.08     5.70        19.9        206      3.1      3.71          0.42    50.73     0.50    0.46    0.69    0.89    0.71     79.40   6.58    62.50   60.56   0.59    1812.70    24.07    87.72    0.22      33.32         20.39         7.30           82.00        
33   T0978TS164_1-D1     164s    39.53    100.00  32    0.77      0.77       0.85      0.85       26.39    0.83          15.24    23.01    17.563   18.048   413   0    0     0     42.37  50.36  0.87        0.87         0.95         0.95         62.47  46.852   2.10     8.14        23.2        305      3.4      3.18          0.35    40.92     0.49    0.42    0.50    1.17    0.62     68.50   6.81    55.80   61.35   0.56    2806.00    67.48    68.71    0.20      99.16         1.38          3.41           87.35        
34   T0978TS156_2-D1     156s    39.47    100.00  34    N/A       N/A        0.84      0.84       26.33    N/A           16.89    23.73    16.125   16.754   413   0    0     0     41.89  50.85  N/A         N/A          0.92         0.92         55.21  42.971   2.00     6.78        24.6        208      2.4      1.26          0.41    42.86     0.52    0.42    0.52    1.12    0.70     73.30   6.47    57.91   61.82   0.56    2139.50    66.42    66.79    0.23      0.90          0.00          0.73           91.97        
35   T0978TS124_3-D1     124s    39.35    100.00  35    N/A       N/A        0.83      0.83       23.85    N/A           10.42    18.46    11.315   11.883   413   0    0     0     32.93  48.43  N/A         N/A          0.39         0.39         53.51  37.332   2.36     5.45        18.4        206      3.6      3.41          0.41    48.55     0.49    0.46    0.72    0.78    0.77     75.90   6.70    67.15   64.11   0.58    1617.00    29.01    58.81    0.18      122.32        3.58          2.43           93.19        
36   T0978TS004_1-D1     004s    39.23    100.00  36    0.74      0.74       0.82      0.82       25.91    0.78          14.18    20.86    15.875   16.413   413   2    0     0     42.62  49.88  0.88        0.88         0.97         0.97         59.81  40.991   2.33     7.56        25.5        299      3.6      1.08          0.39    43.95     0.50    0.40    0.43    1.11    0.68     68.10   6.81    56.76   59.94   0.55    2876.30    69.49    57.52    0.21      0.00          3.03          0.24           96.59        
37   T0978TS124_1-D1     124s    39.10    100.00  37    0.73      0.73       0.81      0.81       25.36    0.71          10.56    19.07    10.57    11.231   413   0    0     0     33.90  48.91  0.36        0.36         0.44         0.44         53.51  38.85    2.20     5.16        18.9        323      7.9      3.53          0.43    51.45     0.49    0.47    0.79    0.74    0.74     74.30   6.23    67.52   64.90   0.59    2336.40    14.83    59.77    0.19      136.12        3.86          2.68           91.97        
38   T0978TS156_4-D1     156s    38.86    100.00  38    N/A       N/A        0.79      0.79       26.52    N/A           15.77    23.20    19.696   20.229   413   0    0     0     39.95  48.91  N/A         N/A          0.81         0.81         54.48  41.786   1.99     6.16        23          257      6.3      1.11          0.40    41.16     0.51    0.42    0.43    1.25    0.73     69.00   6.47    55.32   60.96   0.54    2429.50    110.44   67.02    0.23      0.30          0.00          0.73           91.73        
39   T0978TS498_1-D1     498s    38.80    100.00  39    0.71      0.71       0.79      0.79       24.52    0.62          14.05    20.55    13.708   14.211   413   8    0     0     39.47  49.39  0.69        0.69         0.78         0.78         52.06  36.554   2.18     6.07        19.9        290      5.4      3.85          0.42    49.64     0.49    0.45    0.69    0.85    0.72     78.20   6.58    62.92   60.50   0.58    2243.90    24.28    87.55    0.21      39.92         20.39         7.30           76.89        
40   T0978TS124_5-D1     124s    38.68    100.00  40    N/A       N/A        0.78      0.78       23.07    N/A           9.71     17.70    9.502    10.042   413   0    0     0     34.62  49.88  N/A         N/A          0.49         0.49         52.06  37.577   2.23     5.62        19.7        335      6.6      3.33          0.44    53.75     0.50    0.48    0.79    0.62    0.79     76.00   6.11    69.48   65.88   0.62    2412.60    16.89    60.66    0.21      115.11        3.58          1.95           94.40        
41   T0978TS156_1-D1     156s    38.56    100.00  41    0.69      0.69       0.77      0.77       26.03    0.79          15.98    23.23    13.944   14.587   413   0    0     0     39.95  48.91  0.72        0.72         0.81         0.81         54.24  41.444   2.04     6.53        23.8        288      7.3      1.14          0.40    40.92     0.51    0.41    0.57    1.00    0.69     71.70   6.47    57.20   60.65   0.54    2540.60    48.81    65.26    0.22      0.30          0.00          1.46           90.75        
42   T0978TS156_3-D1     156s    38.56    100.00  41    N/A       N/A        0.77      0.77       26.21    N/A           15.79    23.01    15.225   15.822   413   0    0     0     40.44  48.91  N/A         N/A          0.84         0.84         54.72  41.625   1.99     6.41        23.8        266      4.6      1.10          0.40    41.77     0.51    0.41    0.54    1.11    0.69     70.40   6.47    57.32   60.96   0.54    2446.90    54.20    64.30    0.23      0.30          0.00          0.97           91.97        
43   T0978TS145_2-D1     145s    38.56    100.00  41    N/A       N/A        0.77      0.77       25.55    N/A           13.66    21.27    15       15.488   413   0    0     0     39.71  47.22  N/A         N/A          0.79         0.79         51.82  43.487   2.01     5.99        20.4        325      13.3     3.27          0.47    59.32     0.53    0.52    0.68    0.65    0.65     72.80   6.92    65.41   69.64   0.55    2509.70    26.38    75.73    0.26      10.06         16.80         12.41          73.24        
44   T0978TS498_5-D1     498s    38.50    100.00  44    N/A       N/A        0.77      0.77       23.85    N/A           14.15    20.63    14.219   14.948   413   10   0     0     40.68  50.12  N/A         N/A          0.85         0.85         52.54  38.606   2.17     5.99        21          200      3        4.11          0.43    47.34     0.48    0.44    0.65    0.90    0.73     76.10   7.02    61.16   60.44   0.59    1758.00    20.78    87.68    0.21      60.33         24.24         9.73           74.21        
45   T0978TS261_4-D1     261s    38.38    100.00  45    N/A       N/A        0.76      0.76       24.70    N/A           12.35    20.70    12.452   12.904   413   0    0     0     38.74  48.43  N/A         N/A          0.73         0.73         52.06  42.125   1.95     5.78        20.8        302      7.4      3.36          0.46    56.78     0.52    0.52    0.68    0.64    0.73     81.90   6.35    64.10   69.33   0.57    2369.10    18.60    70.59    0.24      12.76         18.18         8.52           75.67        
46   T0978TS261_2-D1     261s    38.08    100.00  46    N/A       N/A        0.73      0.73       24.09    N/A           12.97    20.47    14.161   14.555   413   1    0     0     39.23  48.43  N/A         N/A          0.76         0.76         64.16  45.385   2.15     8.27        24.2        295      2.9      4.36          0.41    41.65     0.46    0.40    0.53    1.16    0.66     66.60   6.47    58.69   63.32   0.58    2919.80    18.91    77.12    0.18      87.21         28.93         12.17          69.59        
47   T0978TS156_5-D1     156s    38.02    100.00  47    N/A       N/A        0.73      0.73       25.55    N/A           15.82    22.79    20.647   21.171   413   0    0     0     40.44  49.39  N/A         N/A          0.84         0.84         54.48  41.331   1.96     6.36        23          258      4        1.12          0.40    42.13     0.52    0.42    0.41    1.25    0.73     70.80   6.47    56.01   60.89   0.53    2435.50    126.42   67.25    0.23      0.30          0.00          0.49           91.48        
48   T0978TS145_1-D1     145s    37.29    100.00  48    0.59      0.59       0.67      0.67       24.94    0.67          11.91    20.62    18.101   18.375   413   0    0     0     40.68  47.70  0.76        0.76         0.85         0.85         55.69  43.579   2.10     6.36        23.4        328      14.9     3.07          0.44    54.72     0.53    0.50    0.57    0.78    0.62     75.90   6.47    57.63   70.23   0.53    2547.00    42.02    71.46    0.24      7.20          15.98         7.79           77.86        
49   T0978TS149_4-D1     149s    37.23    100.00  49    N/A       N/A        0.66      0.66       25.36    N/A           12.14    21.15    17.089   17.729   413   9    0     0     42.62  47.22  N/A         N/A          0.97         0.97         47.94  39.33    1.93     5.49        20.3        205      2.9      4.31          0.32    46.25     0.45    0.47    0.53    0.97    0.60     85.20   6.58    62.55   65.90   0.52    1947.50    28.92    74.27    0.19      303.94        12.40         4.87           90.27        
50   T0978TS261_1-D1     261s    36.86    100.00  50    0.55      0.55       0.63      0.63       24.40    0.60          11.95    20.91    17.747   18       413   0    0     0     39.95  47.94  0.72        0.72         0.81         0.81         54.72  43.946   2.12     6.49        23.4        225      2.5      3.29          0.45    52.78     0.52    0.49    0.53    0.80    0.62     83.10   6.58    57.72   69.99   0.53    2230.30    33.31    67.10    0.23      12.76         15.70         8.52           77.13        
51   T0978TS124_4-D1     124s    36.62    100.00  51    N/A       N/A        0.62      0.62       23.00    N/A           9.88     17.85    10.63    11.278   413   0    0     0     31.72  45.28  N/A         N/A          0.31         0.31         48.91  35.895   2.27     4.96        18.3        332      8        3.23          0.42    50.00     0.49    0.45    0.76    0.69    0.75     75.10   5.99    68.22   64.08   0.57    2256.40    18.64    56.77    0.19      130.87        2.75          1.70           95.38        
52   T0978TS004_3-D1     004s    35.96    100.00  52    N/A       N/A        0.56      0.56       23.36    N/A           14.05    20.50    17.899   18.428   413   2    0     0     35.84  46.97  N/A         N/A          0.56         0.56         62.23  43.188   2.16     7.85        23.3        296      3.1      1.62          0.37    37.05     0.47    0.37    0.44    1.11    0.64     66.70   6.81    55.41   58.40   0.53    2816.60    79.40    56.20    0.18      0.45          4.68          0.97           92.94        
53   T0978TS145_4-D1     145s    35.77    100.00  53    N/A       N/A        0.55      0.55       22.28    N/A           11.35    18.72    14.297   14.776   413   0    0     0     35.35  47.46  N/A         N/A          0.53         0.53         64.65  43.573   2.26     8.10        23.6        296      3        4.43          0.39    39.23     0.45    0.38    0.54    1.19    0.65     62.60   6.70    57.74   61.82   0.55    2859.20    20.33    75.18    0.17      97.55         26.45         15.82          63.26        
54   T0978TS441_3-D1     441s    35.47    100.00  54    N/A       N/A        0.52      0.52       24.09    N/A           10.63    19.10    35.667   36.774   413   9    0     0     36.08  44.07  N/A         N/A          0.57         0.57         60.77  45.961   2.16     7.48        22.1        283      2.9      3.69          0.34    34.26     0.43    0.34    0.16    1.53    0.62     62.70   6.70    49.63   53.92   0.50    2691.10    481.33   63.18    0.15      145.28        4.41          3.65           89.05        
55   T0978TS337_5-D1     337s    35.47    100.00  54    N/A       N/A        0.52      0.52       24.09    N/A           10.63    19.10    35.667   36.774   413   9    0     0     36.08  44.07  N/A         N/A          0.57         0.57         60.77  45.961   2.16     7.48        22.1        283      2.9      3.69          0.34    34.26     0.43    0.34    0.16    1.53    0.62     62.70   6.70    49.63   53.92   0.50    2691.10    481.33   63.18    0.15      145.28        4.41          3.65           89.05        
56   T0978TS160_1-D1     160s    35.35    100.00  56    0.43      0.43       0.51      0.51       23.73    0.52          13.06    19.69    16.164   16.553   413   0    0     0     36.80  45.28  0.53        0.53         0.62         0.62         63.68  46.348   2.12     7.90        24.7        302      3        3.33          0.33    33.41     0.46    0.34    0.49    1.28    0.60     73.10   6.23    55.58   55.95   0.52    2982.80    45.82    73.10    0.17      99.67         2.20          4.14           87.59        
57   T0978TS160_3-D1     160s    35.35    100.00  56    N/A       N/A        0.51      0.51       23.36    N/A           12.29    20.07    15.681   16.093   413   0    0     0     37.29  46.25  N/A         N/A          0.65         0.65         65.62  45.696   2.18     8.31        25          303      2.9      3.24          0.32    35.47     0.46    0.35    0.46    1.32    0.63     61.80   6.47    53.96   56.55   0.52    3011.50    60.70    77.68    0.17      100.11        1.38          4.87           84.18        
58   T0978TS023_3-D1     023s    35.35    100.00  56    N/A       N/A        0.51      0.51       23.67    N/A           11.90    19.45    18.913   19.391   413   2    0     0     34.38  45.28  N/A         N/A          0.47         0.47         62.71  41.579   2.20     7.90        23.7        289      2.9      3.54          0.37    34.87     0.46    0.38    0.38    1.32    0.59     64.90   6.70    49.80   58.10   0.50    2865.00    72.34    64.86    0.18      155.79        3.03          3.65           90.75        
59   T0978TS116_1-D1     116s    35.23    100.00  59    0.42      0.42       0.50      0.50       23.25    0.47          11.39    19.34    17.061   17.574   413   8    0     0     37.53  43.83  0.58        0.58         0.66         0.66         62.47  46.671   2.06     7.56        23.8        290      3.1      3.65          0.34    30.27     0.44    0.32    0.37    1.48    0.61     60.70   6.47    50.19   53.61   0.51    2865.60    88.53    62.81    0.15      131.32        4.68          3.16           89.54        
60   T0978TS243_2-D1     243s    35.23    100.00  59    N/A       N/A        0.50      0.50       23.55    N/A           12.78    19.65    19.118   19.676   413   2    0     0     33.90  45.04  N/A         N/A          0.44         0.44         62.47  42.106   2.18     7.90        25.2        288      2.9      3.33          0.37    34.02     0.46    0.37    0.39    1.30    0.60     66.30   6.70    49.77   58.13   0.50    2855.60    73.99    62.99    0.18      139.88        1.93          4.14           91.24        
61   T0978TS164_2-D1     164s    35.23    100.00  59    N/A       N/A        0.50      0.50       22.64    N/A           12.08    19.68    13.764   14.277   413   0    0     0     36.08  45.76  N/A         N/A          0.57         0.57         63.92  44.298   2.21     8.23        22.9        304      3.1      3.30          0.34    34.75     0.46    0.36    0.49    1.24    0.67     65.90   6.47    55.62   57.12   0.52    2773.70    57.17    80.26    0.17      111.68        1.38          4.62           83.70        
62   T0978TS058_4-D1     058s    35.17    100.00  62    N/A       N/A        0.50      0.50       23.67    N/A           12.86    19.28    19.447   20.003   413   4    0     0     34.62  44.55  N/A         N/A          0.49         0.49         61.99  41.617   2.23     7.81        25.4        289      2.9      3.37          0.37    34.99     0.46    0.37    0.38    1.31    0.59     64.30   6.81    49.77   58.15   0.50    2874.10    76.20    62.11    0.18      124.42        2.48          3.16           91.24        
63   T0978TS243_1-D1     243s    35.17    100.00  62    0.42      0.42       0.50      0.50       23.30    0.47          12.29    19.18    18.712   19.244   413   6    0     0     33.66  45.04  0.35        0.35         0.43         0.43         62.95  41.248   2.29     8.02        23.8        293      3        3.62          0.37    34.99     0.46    0.37    0.38    1.35    0.60     63.40   6.70    49.67   57.84   0.50    2878.60    72.49    64.11    0.18      147.68        4.13          3.16           91.00        
64   T0978TS023_4-D1     023s    35.17    100.00  62    N/A       N/A        0.50      0.50       23.49    N/A           10.92    18.82    18.293   18.8     413   6    0     0     33.90  43.34  N/A         N/A          0.44         0.44         61.74  41.301   2.22     7.94        23.6        294      3.1      3.75          0.36    35.47     0.45    0.35    0.39    1.36    0.60     61.80   6.70    49.76   56.45   0.50    2858.50    69.78    64.94    0.16      179.05        4.41          2.92           89.78        
65   T0978TS058_3-D1     058s    35.17    100.00  62    N/A       N/A        0.50      0.50       23.67    N/A           12.06    19.34    19.503   20.089   413   3    0     0     33.66  44.31  N/A         N/A          0.43         0.43         62.47  41.031   2.21     7.85        25.4        290      2.9      3.39          0.37    34.62     0.47    0.38    0.38    1.31    0.59     61.30   6.81    49.81   58.21   0.50    2875.70    76.97    62.04    0.19      131.17        2.20          3.65           90.02        
66   T0978TS023_1-D1     023s    35.11    100.00  66    0.41      0.41       0.50      0.50       23.43    0.49          12.01    19.26    18.385   18.916   413   6    0     0     33.90  44.79  0.36        0.36         0.44         0.44         62.95  41.032   2.28     7.90        25.4        293      3        3.39          0.36    35.11     0.45    0.36    0.39    1.37    0.60     62.70   6.70    48.53   56.07   0.50    2872.60    70.92    64.22    0.17      151.43        2.20          2.92           91.97        
67   T0978TS058_2-D1     058s    35.11    100.00  66    N/A       N/A        0.50      0.50       23.36    N/A           12.28    19.13    18.152   18.671   413   8    0     0     34.87  44.55  N/A         N/A          0.50         0.50         61.74  41.447   2.17     7.85        23.6        292      2.9      3.87          0.37    35.59     0.46    0.36    0.36    1.38    0.60     66.40   6.70    49.56   57.78   0.50    2858.70    64.62    64.58    0.17      187.90        5.23          4.14           88.32        
68   T0978TS243_5-D1     243s    35.05    100.00  68    N/A       N/A        0.49      0.49       23.48    N/A           13.04    19.67    19.74    20.334   413   5    0     0     34.87  45.52  N/A         N/A          0.50         0.50         63.20  43.486   2.21     7.77        25.3        291      2.9      3.20          0.35    36.68     0.47    0.38    0.38    1.29    0.60     65.80   6.70    49.67   58.18   0.50    2865.00    79.62    62.96    0.19      162.24        0.28          1.95           90.75        
69   T0978TS243_4-D1     243s    35.05    100.00  68    N/A       N/A        0.49      0.49       23.18    N/A           12.66    19.03    19.314   19.893   413   5    0     0     33.90  44.79  N/A         N/A          0.44         0.44         61.99  42.635   2.22     7.85        25          292      3        3.41          0.37    34.75     0.47    0.38    0.38    1.32    0.59     64.40   6.70    49.58   57.65   0.50    2841.60    83.58    63.65    0.18      132.82        2.20          3.41           89.29        
70   T0978TS058_1-D1     058s    34.87    100.00  70    0.39      0.39       0.48      0.48       23.18    0.46          10.91    18.86    19.201   19.692   413   4    0     0     34.87  45.04  0.42        0.42         0.50         0.50         62.71  41.398   2.20     7.85        25.1        290      2.9      3.58          0.37    35.47     0.46    0.38    0.37    1.33    0.60     65.90   6.70    49.37   57.82   0.50    2848.20    79.18    63.93    0.18      151.73        3.86          1.95           91.73        
71   T0978TS058_5-D1     058s    34.75    100.00  71    N/A       N/A        0.47      0.47       23.43    N/A           12.64    19.45    18.191   18.683   413   15   0     0     34.62  43.34  N/A         N/A          0.49         0.49         61.26  40.183   2.17     7.61        23.6        290      3        3.88          0.37    35.59     0.46    0.36    0.35    1.44    0.59     60.80   6.58    49.91   57.21   0.51    2845.60    51.91    65.18    0.17      216.57        4.41          2.92           88.08        
72   T0978TS337_3-D1     337s    34.75    100.00  71    N/A       N/A        0.47      0.47       23.91    N/A           11.86    19.61    36.209   37.261   413   6    0     0     36.56  44.07  N/A         N/A          0.60         0.60         62.23  46.014   2.06     7.98        23.6        287      2.8      3.63          0.33    31.36     0.43    0.33    0.15    1.45    0.61     66.30   6.23    48.09   52.55   0.49    2855.10    486.14   63.92    0.14      142.58        4.68          3.89           91.48        
73   T0978TS023_5-D1     023s    34.69    100.00  73    N/A       N/A        0.46      0.46       23.18    N/A           11.56    19.07    16.56    17.039   413   9    0     0     33.41  44.55  N/A         N/A          0.41         0.41         62.71  42.811   2.20     7.81        23.6        290      3        4.00          0.36    34.26     0.44    0.35    0.39    1.46    0.60     58.10   6.47    49.42   56.17   0.50    2852.00    66.50    65.91    0.16      211.77        6.89          2.92           88.56        
74   T0978TS246_2-D1     246s    34.62    100.00  74    N/A       N/A        0.46      0.46       23.07    N/A           13.17    19.96    16.959   17.356   413   0    0     0     36.32  43.34  N/A         N/A          0.59         0.59         61.50  44.754   2.11     7.94        22.4        290      2.9      3.62          0.32    33.78     0.44    0.33    0.47    1.46    0.59     60.30   6.58    52.30   54.22   0.50    2720.20    55.00    79.24    0.16      94.10         4.41          5.84           83.21        
75   T0978TS243_3-D1     243s    34.50    100.00  75    N/A       N/A        0.45      0.45       23.06    N/A           12.59    19.39    18.122   18.606   413   11   0     0     35.35  46.25  N/A         N/A          0.53         0.53         63.44  41.975   2.11     7.98        23.6        291      3        3.92          0.37    36.32     0.45    0.36    0.33    1.40    0.58     64.10   6.70    49.61   57.53   0.50    2845.00    57.91    65.50    0.17      233.38        5.51          2.43           90.51        
76   T0978TS110_1-D1     110s    34.50    100.00  75    0.36      0.36       0.45      0.45       22.52    0.38          12.89    19.89    18.107   18.771   413   54   0     0     35.84  43.83  0.48        0.48         0.56         0.56         60.53  43.779   2.13     7.40        22.4        272      2.8      3.68          0.23    34.75     0.43    0.35    0.20    1.29    0.61     58.00   6.47    51.14   57.13   0.50    2552.40    77.52    N/A      0.15      302.08        0.83          10.22          79.08        
77   T0978TS023_2-D1     023s    34.50    100.00  75    N/A       N/A        0.45      0.45       22.82    N/A           11.61    18.85    18.783   19.298   413   6    0     0     34.62  45.04  N/A         N/A          0.49         0.49         62.71  41.306   2.21     7.77        25.1        289      3        3.65          0.36    35.23     0.45    0.36    0.38    1.35    0.59     64.10   6.70    49.19   56.09   0.50    2843.60    71.80    64.10    0.17      161.34        4.13          2.68           91.24        
78   T0978TS110_4-D1     110s    34.38    100.00  78    N/A       N/A        0.44      0.44       22.64    N/A           13.50    19.94    16.846   17.342   413   17   0     0     35.59  44.07  N/A         N/A          0.55         0.55         59.81  45.7     2.11     7.40        20.5        272      2.8      3.80          0.24    35.11     0.44    0.35    0.41    1.38    0.58     61.50   6.47    51.83   55.77   0.50    2509.00    67.96    N/A      0.15      335.85        1.10          13.69          75.55        
79   T0978TS441_1-D1     441s    34.32    100.00  79    0.35      0.35       0.43      0.43       23.61    0.51          11.29    18.88    36.755   37.772   413   4    0     0     35.84  43.10  0.48        0.48         0.56         0.56         62.23  45.69    2.13     8.02        23.4        277      2.9      3.74          0.34    33.90     0.43    0.33    0.16    1.48    0.62     62.60   6.35    48.03   53.35   0.49    2648.20    485.98   64.32    0.15      139.58        6.34          2.68           90.75        
80   T0978TS337_1-D1     337s    34.32    100.00  79    0.35      0.35       0.43      0.43       23.61    0.51          11.29    18.88    36.755   37.772   413   4    0     0     35.84  43.10  0.48        0.48         0.56         0.56         62.23  45.69    2.13     8.02        23.4        277      2.9      3.74          0.34    33.90     0.43    0.33    0.16    1.48    0.62     62.60   6.35    48.03   53.35   0.49    2648.20    485.98   64.32    0.15      139.58        6.34          2.68           90.75        
81   T0978TS337_2-D1     337s    34.32    100.00  79    N/A       N/A        0.43      0.43       23.55    N/A           11.65    19.44    36.187   37.194   413   6    0     0     36.08  43.58  N/A         N/A          0.57         0.57         61.26  45.3     2.08     7.52        23.3        288      2.9      3.42          0.33    31.96     0.43    0.32    0.15    1.44    0.61     65.50   6.70    48.63   52.71   0.49    2808.40    462.94   64.09    0.15      131.17        3.03          2.43           92.21        
82   T0978TS488_4-D1     488s    34.08    100.00  82    N/A       N/A        0.41      0.41       23.36    N/A           14.38    21.06    17.149   17.837   413   5    0     0     37.77  42.86  N/A         N/A          0.68         0.68         61.02  44.524   2.09     7.61        22.6        282      4.1      1.04          0.35    34.75     0.47    0.35    0.41    1.39    0.61     55.40   5.86    48.06   55.14   0.48    2589.20    82.13    N/A      0.19      1.65          0.00          0.24           97.32        
83   T0978TS246_1-D1     246s    34.02    100.00  83    0.32      0.32       0.41      0.41       22.70    0.41          13.14    19.17    18.2     18.751   413   0    0     0     37.77  42.86  0.59        0.59         0.68         0.68         58.11  42.929   2.22     6.70        19.6        275      3.3      3.43          0.33    34.99     0.46    0.34    0.44    1.37    0.57     68.10   5.86    53.13   54.30   0.49    2414.50    56.28    81.09    0.17      86.30         2.48          4.62           80.54        
84   T0978TS110_2-D1     110s    34.02    100.00  83    N/A       N/A        0.41      0.41       22.58    N/A           12.51    19.19    19.885   20.426   413   14   0     0     34.87  43.10  N/A         N/A          0.50         0.50         57.38  43.099   2.15     6.99        20.7        263      2.8      3.60          0.24    34.26     0.45    0.36    0.38    1.30    0.60     62.10   6.47    50.72   55.26   0.49    2376.40    119.31   N/A      0.16      238.53        0.00          9.78           77.51        
85   T0978TS160_4-D1     160s    33.96    100.00  85    N/A       N/A        0.40      0.40       21.73    N/A           11.92    18.25    13.61    14.101   413   0    0     0     33.66  43.58  N/A         N/A          0.43         0.43         61.02  41.578   2.20     7.40        22.6        303      3.5      3.32          0.33    35.35     0.45    0.35    0.49    1.35    0.68     65.70   6.11    56.75   55.95   0.52    2740.90    51.04    82.88    0.16      94.85         1.93          5.84           84.91        
86   T0978TS110_5-D1     110s    33.84    100.00  86    N/A       N/A        0.39      0.39       21.98    N/A           11.72    18.58    18.091   18.708   413   35   0     0     35.35  42.62  N/A         N/A          0.53         0.53         57.38  43.591   2.06     6.82        20.4        265      2.9      3.79          0.20    32.69     0.42    0.33    0.31    1.44    0.59     64.04   6.70    50.16   54.77   0.49    2354.10    80.57    N/A      0.14      376.42        0.28          11.00          77.75        
87   T0978TS441_4-D1     441s    33.66    100.00  87    N/A       N/A        0.38      0.38       22.52    N/A           11.97    19.27    35.738   36.857   413   7    0     0     36.32  44.07  N/A         N/A          0.59         0.59         60.05  42.843   2.11     7.36        20.9        277      2.9      3.59          0.33    31.72     0.42    0.33    0.14    1.48    0.62     61.50   6.35    48.53   52.23   0.49    2554.00    474.67   64.29    0.14      148.73        3.03          3.65           88.32        
88   T0978TS488_3-D1     488s    33.66    100.00  87    N/A       N/A        0.38      0.38       21.91    N/A           13.03    18.82    18.177   19.013   413   6    0     0     35.11  42.86  N/A         N/A          0.52         0.52         59.56  40.269   2.07     7.56        21.6        277      4.1      1.42          0.35    36.80     0.46    0.35    0.34    1.27    0.62     60.50   6.47    51.44   55.58   0.49    2473.30    147.95   N/A      0.18      2.10          0.00          0.97           93.19        
89   T0978TS246_4-D1     246s    33.66    100.00  87    N/A       N/A        0.38      0.38       22.28    N/A           11.54    18.89    32.604   33.555   413   3    0     0     35.59  44.31  N/A         N/A          0.55         0.55         60.77  42.648   2.14     7.77        20.5        276      2.8      3.69          0.34    32.69     0.43    0.33    0.19    1.45    0.63     63.40   6.47    48.99   53.74   0.49    2513.00    356.20   79.70    0.15      148.43        4.13          3.41           88.32        
90   T0978TS246_3-D1     246s    33.66    100.00  87    N/A       N/A        0.38      0.38       22.28    N/A           11.54    18.89    32.604   33.555   413   3    0     0     35.59  44.31  N/A         N/A          0.55         0.55         60.77  42.648   2.14     7.77        20.5        276      2.8      3.69          0.34    32.69     0.43    0.33    0.19    1.45    0.63     63.40   6.47    48.99   53.74   0.49    2513.00    356.20   79.70    0.15      148.43        4.13          3.41           88.32        
91   T0978TS116_5-D1     116s    33.60    100.00  91    N/A       N/A        0.37      0.37       21.73    N/A           9.44     17.47    17.066   17.656   413   4    0     0     36.56  45.28  N/A         N/A          0.60         0.60         62.71  43.509   2.19     7.65        22.7        292      3.1      3.66          0.34    31.72     0.45    0.33    0.36    1.42    0.61     65.10   6.35    51.11   55.66   0.51    2750.20    84.56    63.57    0.15      159.09        4.13          4.87           90.75        
92   T0978TS110_3-D1     110s    33.48    100.00  92    N/A       N/A        0.36      0.36       22.34    N/A           12.37    19.21    24.462   25.24    413   18   0     0     35.59  43.10  N/A         N/A          0.55         0.55         58.11  42.935   2.04     7.11        19.4        261      2.7      3.60          0.24    33.53     0.45    0.37    0.34    1.32    0.58     61.00   6.70    48.64   55.54   0.48    2387.90    150.86   N/A      0.15      236.49        0.55          8.80           77.02        
93   T0978TS164_4-D1     164s    33.35    100.00  93    N/A       N/A        0.35      0.35       22.09    N/A           12.49    19.16    16.157   16.569   413   0    0     0     36.32  44.31  N/A         N/A          0.59         0.59         64.16  45.557   2.20     8.23        23.2        300      2.9      3.46          0.31    29.18     0.44    0.31    0.44    1.40    0.62     64.10   6.58    49.42   52.23   0.50    2807.60    63.24    80.10    0.15      103.57        2.75          5.60           85.64        
94   T0978TS116_4-D1     116s    33.29    100.00  94    N/A       N/A        0.35      0.35       21.00    N/A           9.22     16.84    17.076   17.6     413   12   0     0     35.35  43.58  N/A         N/A          0.53         0.53         62.23  41.78    2.16     7.44        22.3        292      3.1      3.63          0.33    30.75     0.44    0.33    0.37    1.45    0.61     69.20   6.47    50.00   55.67   0.50    2704.50    86.24    63.89    0.15      168.39        2.75          5.11           87.59        
95   T0978TS488_1-D1     488s    33.17    100.00  95    0.26      0.26       0.34      0.34       22.09    0.33          14.22    17.84    17.593   18.288   413   6    0     0     30.99  41.40  0.19        0.19         0.27         0.27         58.35  40.057   2.28     7.15        20.9        282      4.6      1.30          0.36    37.65     0.48    0.37    0.36    1.26    0.61     65.30   5.86    51.34   55.64   0.47    2553.40    114.86   N/A      0.21      1.95          0.00          0.97           95.13        
96   T0978TS261_5-D1     261s    33.11    100.00  96    N/A       N/A        0.34      0.34       21.12    N/A           10.65    17.00    15.236   15.795   413   0    0     0     33.17  39.71  N/A         N/A          0.40         0.40         46.25  33.739   2.14     4.75        15.5        186      2.8      3.48          0.42    47.82     0.50    0.45    0.60    0.86    0.68     73.40   5.86    58.50   63.40   0.51    1475.80    30.36    71.73    0.21      13.21         21.21         14.84          69.34        
97   T0978TS164_5-D1     164s    33.05    100.00  97    N/A       N/A        0.33      0.33       21.49    N/A           10.54    17.88    17.084   17.61    413   0    0     0     32.93  43.83  N/A         N/A          0.39         0.39         65.86  44.872   2.30     8.72        23.4        301      3        3.44          0.29    28.21     0.43    0.30    0.44    1.46    0.58     71.10   6.58    49.98   51.42   0.49    2830.70    69.24    79.59    0.14      94.10         2.75          5.84           84.67        
98   T0978TS160_2-D1     160s    33.05    100.00  97    N/A       N/A        0.33      0.33       21.37    N/A           10.77    17.59    17.176   17.651   413   0    0     0     34.38  44.55  N/A         N/A          0.47         0.47         63.68  41.774   2.23     8.27        23.1        300      3        3.18          0.30    30.02     0.43    0.30    0.41    1.46    0.59     65.20   6.58    49.30   52.33   0.50    2804.90    68.22    78.27    0.14      111.21        0.83          3.91           84.35        
99   T0978TS004_5-D1     004s    32.81    100.00  99    N/A       N/A        0.31      0.31       20.22    N/A           10.70    15.79    17.381   17.924   413   2    0     0     30.51  49.39  N/A         N/A          0.24         0.24         62.71  43.718   2.24     8.23        23.6        301      3        1.65          0.35    34.75     0.45    0.34    0.42    1.20    0.65     65.10   6.35    53.34   54.33   0.52    2853.80    83.55    55.17    0.15      0.30          5.23          1.22           91.73        
100  T0978TS164_3-D1     164s    32.45    100.00  100   N/A       N/A        0.28      0.28       21.07    N/A           11.45    17.80    16.114   16.634   413   0    0     0     33.41  43.10  N/A         N/A          0.41         0.41         65.86  44.637   2.20     8.52        23.8        304      2.9      3.50          0.30    28.81     0.44    0.29    0.45    1.49    0.60     66.40   6.35    50.68   50.49   0.50    2879.80    56.39    79.33    0.14      93.80         3.03          4.87           82.73        
101  T0978TS145_3-D1     145s    32.45    100.00  100   N/A       N/A        0.28      0.28       19.86    N/A           8.79     15.97    11.86    12.596   413   0    0     0     31.23  37.77  N/A         N/A          0.28         0.28         49.39  35.953   2.22     5.16        17          313      6.9      3.36          0.40    43.83     0.49    0.42    0.66    0.91    0.70     75.90   6.47    59.19   61.39   0.49    2111.70    36.31    76.82    0.21      9.46          20.94         12.90          67.88        
102  T0978TS246_5-D1     246s    32.45    100.00  100   N/A       N/A        0.28      0.28       20.82    N/A           10.89    18.18    17.531   18.117   413   1    0     0     33.41  42.13  N/A         N/A          0.41         0.41         55.93  37.918   2.20     6.45        18.4        270      3.2      3.54          0.32    32.20     0.43    0.33    0.42    1.34    0.59     59.80   5.73    50.77   53.43   0.49    2274.30    65.54    80.20    0.16      83.75         3.31          6.57           78.59        
103  T0978TS402_4-D1     402s    32.38    100.00  103   N/A       N/A        0.28      0.28       19.79    N/A           9.24     14.17    14.123   14.664   413   14   0     0     27.12  39.23  N/A         N/A          0.04         0.04         43.34  31.106   2.26     4.58        17.2        238      4.6      4.11          0.38    37.17     0.45    0.36    0.38    1.26    0.67     61.00   5.99    53.85   56.80   0.51    1876.90    73.49    66.85    0.16      219.87        7.16          5.35           84.67        
104  T0978TS116_2-D1     116s    32.20    100.00  104   N/A       N/A        0.26      0.26       21.37    N/A           11.16    18.00    17.523   18.091   413   9    0     0     34.14  41.89  N/A         N/A          0.46         0.46         64.41  44.988   2.16     8.27        24          297      3.1      3.85          0.33    30.75     0.44    0.31    0.30    1.52    0.59     62.60   6.70    47.50   54.30   0.48    2886.60    103.01   65.48    0.15      165.39        5.51          4.87           87.59        
105  T0978TS085_1-D1     085s    32.02    100.00  105   0.16      0.16       0.25      0.25       20.34    0.13          10.95    17.28    16.241   16.771   413   0    0     0     34.38  44.55  0.39        0.39         0.47         0.47         65.86  45.094   2.24     8.39        22.9        302      3.1      3.31          0.30    27.97     0.43    0.29    0.41    1.48    0.61     59.70   6.70    48.31   49.22   0.49    2768.00    72.21    N/A      0.13      95.15         1.65          6.08           82.24        
106  T0978TS402_3-D1     402s    31.66    100.00  106   N/A       N/A        0.22      0.22       19.67    N/A           7.98     14.02    15.38    16.057   413   9    0     0     25.91  38.50  N/A         N/A          -0.04        -0.04        41.89  30.961   2.11     3.84        17          239      4.8      3.95          0.37    35.96     0.44    0.36    0.42    1.22    0.67     65.90   5.99    51.95   55.44   0.49    1845.20    79.11    68.18    0.17      174.70        6.06          4.14           85.40        
107  T0978TS402_1-D1     402s    31.48    100.00  107   0.12      0.12       0.21      0.21       19.07    -0.02         7.28     13.52    15.066   15.73    413   19   0     0     25.67  38.01  -0.13       -0.13        -0.05        -0.05        42.86  30.856   2.22     4.17        16.1        165      3.1      4.13          0.36    36.32     0.42    0.35    0.37    1.38    0.66     64.20   5.99    50.93   55.12   0.49    1312.90    72.88    68.03    0.15      229.18        6.34          6.57           82.24        
108  T0978TS402_2-D1     402s    31.36    100.00  108   N/A       N/A        0.20      0.20       18.95    N/A           9.66     14.12    14.22    14.85    413   12   0     0     24.94  38.50  N/A         N/A          -0.09        -0.09        43.10  32.818   2.07     3.92        16.6        172      3.2      3.90          0.37    36.32     0.44    0.36    0.43    1.27    0.67     66.80   5.99    53.46   55.51   0.51    1385.50    71.25    68.19    0.17      196.91        4.41          4.14           84.91        
109  T0978TS116_3-D1     116s    31.23    100.00  109   N/A       N/A        0.19      0.19       20.34    N/A           9.71     16.82    17.357   17.862   413   9    0     0     33.17  41.65  N/A         N/A          0.40         0.40         63.20  42.83    2.16     7.90        23.4        296      3.2      3.62          0.32    31.23     0.44    0.30    0.31    1.54    0.59     58.70   6.23    47.05   53.24   0.47    2832.30    100.86   66.29    0.14      150.08        3.31          3.41           88.56        
110  T0978TS402_5-D1     402s    30.69    100.00  110   N/A       N/A        0.14      0.14       18.77    N/A           7.89     13.22    15.282   15.796   413   14   0     0     25.18  35.35  N/A         N/A          -0.08        -0.08        39.23  31.31    2.12     4.33        16.7        252      5.5      4.07          0.37    36.08     0.44    0.35    0.39    1.29    0.66     60.10   6.11    51.37   56.10   0.48    1768.70    73.92    69.81    0.16      211.62        6.61          5.84           84.67        
111  T0978TS004_4-D1     004s    30.27    100.00  111   N/A       N/A        0.11      0.11       17.55    N/A           10.82    14.73    17.85    18.465   413   2    0     0     25.91  46.73  N/A         N/A          -0.04        -0.04        59.56  40.255   2.22     7.44        22.9        296      3.6      1.56          0.33    32.20     0.45    0.32    0.43    1.19    0.64     65.10   6.47    52.65   52.61   0.50    2618.30    78.58    52.85    0.14      0.30          4.68          1.70           93.19        
112  T0978TS085_2-D1     085s    30.09    100.00  112   N/A       N/A        0.09      0.09       19.98    N/A           9.02     16.32    16.863   17.372   413   0    0     0     30.75  38.98  N/A         N/A          0.25         0.25         61.74  43.361   2.21     7.81        23.1        288      3.3      3.55          0.27    26.15     0.42    0.27    0.40    1.59    0.59     62.80   6.23    46.65   48.42   0.46    2635.80    71.74    N/A      0.13      100.42        3.31          5.35           82.97        
113  T0978TS160_5-D1     160s    29.30    100.00  113   N/A       N/A        0.03      0.03       18.89    N/A           9.69     15.93    17.266   17.694   413   0    0     0     29.30  39.71  N/A         N/A          0.17         0.17         61.02  40.221   2.25     7.56        20.7        292      3.3      3.50          0.28    26.51     0.42    0.27    0.46    1.50    0.57     57.00   6.11    45.95   49.72   0.47    2530.30    47.37    79.00    0.13      102.24        2.75          5.84           82.73        
114  T0978TS085_4-D1     085s    28.45    100.00  114   N/A       N/A        -0.04     -0.04      18.71    N/A           10.24    16.07    23.18    23.606   413   0    0     0     29.78  37.05  N/A         N/A          0.20         0.20         59.08  42.108   2.18     7.19        21          288      3.4      3.11          0.28    28.21     0.45    0.31    0.37    1.44    0.57     60.60   6.47    46.90   51.61   0.44    2412.40    110.23   N/A      0.16      103.94        1.65          1.46           92.70        
115  T0978TS085_5-D1     085s    28.03    100.00  115   N/A       N/A        -0.07     -0.07      18.52    N/A           9.33     14.77    21.731   22.112   413   0    0     0     28.57  38.01  N/A         N/A          0.12         0.12         49.15  36.642   2.15     5.58        14.2        224      4        3.15          0.28    28.33     0.44    0.30    0.41    1.60    0.53     62.00   6.47    45.69   48.82   0.41    1724.30    116.56   N/A      0.13      98.53         2.20          0.97           93.43        
116  T0978TS085_3-D1     085s    27.97    100.00  116   N/A       N/A        -0.08     -0.08      17.92    N/A           9.74     14.90    17.384   17.843   413   0    0     0     28.81  36.80  N/A         N/A          0.14         0.14         61.26  40.353   2.30     7.65        20.7        289      3.3      3.62          0.27    26.03     0.41    0.27    0.37    1.55    0.59     61.10   6.11    43.49   47.96   0.44    2528.80    87.94    N/A      0.12      103.11        3.86          6.81           82.97        
117  T0978TS441_5-D1     441s    26.70    100.00  117   N/A       N/A        -0.18     -0.18      18.40    N/A           8.66     14.40    24.524   24.908   413   10   0     0     25.91  33.41  N/A         N/A          -0.04        -0.04        49.15  34.605   2.30     5.20        18.4        237      14.1     4.07          0.31    30.99     0.42    0.30    0.22    1.61    0.52     56.60   6.11    42.89   50.71   0.38    1983.90    108.88   73.33    0.14      199.55        6.61          6.33           83.21        
118  T0978TS365_4-D1     365s    26.03    100.00  118   N/A       N/A        -0.23     -0.23      13.74    N/A           5.20     9.70     22.197   22.876   413   2    0     0     20.82  35.11  N/A         N/A          -0.34        -0.34        38.50  24.379   2.57     3.51        8.3         215      4        2.38          0.29    29.06     0.41    0.30    0.26    1.48    0.68     50.90   6.23    42.99   45.00   0.46    1063.80    303.01   N/A      0.13      1.50          7.44          10.22          72.02        
119  T0978TS152_1-D1     152s    25.67    100.00  119   -0.34     -0.34      -0.26     -0.26      14.71    -0.52         7.28     11.40    26.043   26.687   413   7    0     0     18.16  32.45  -0.58       -0.58        -0.50        -0.50        37.29  24.838   2.53     2.97        10.7        237      5.5      3.55          0.31    31.48     0.43    0.32    0.20    1.48    0.65     74.00   6.11    48.39   51.71   0.43    1420.10    385.85   79.14    0.14      28.37         11.57         11.44          74.21        
120  T0978TS348_3-D1     348s    24.58    100.00  120   N/A       N/A        -0.35     -0.35      11.08    N/A           3.43     6.62     16.251   16.804   413   41   0     0     15.25  37.77  N/A         N/A          -0.68        -0.68        46.73  26.775   2.65     -0.80       9.4         260      4.3      4.24          0.26    19.20     0.34    0.28    0.38    1.39    0.64     14.90   6.11    46.11   40.95   0.47    1317.10    76.08    77.27    0.08      253.14        3.03          24.82          40.88        
121  T0978TS348_4-D1     348s    23.91    100.00  121   N/A       N/A        -0.40     -0.40      9.87     N/A           4.24     6.77     16.25    16.783   413   35   0     0     14.04  36.08  N/A         N/A          -0.75        -0.75        45.04  26.334   2.66     -0.01       0           0        N/A      3.81          0.26    16.81     0.34    0.27    0.40    1.52    0.64     13.20   6.11    46.15   38.57   0.47    N/A        74.23    77.34    0.07      226.86        0.55          24.57          43.31        
122  T0978TS348_1-D1     348s    23.73    100.00  122   -0.50     -0.50      -0.41     -0.41      9.99     -1.07         3.29     6.60     16.312   16.818   413   45   0     0     10.17  37.53  -1.05       -1.05        -0.98        -0.98        46.73  25.947   2.73     -1.13       7.1         186      3.9      4.16          0.26    16.04     0.33    0.28    0.38    1.52    0.64     19.90   5.86    46.21   39.82   0.47    896.00     73.36    77.50    0.07      247.41        2.48          23.11          41.36        
123  T0978TS152_3-D1     152s    23.73    100.00  122   N/A       N/A        -0.41     -0.41      13.08    N/A           5.43     10.11    23.656   24.281   413   6    0     0     21.07  30.75  N/A         N/A          -0.33        -0.33        34.62  22.212   2.51     2.43        8.4         214      16.2     3.81          0.29    27.12     0.42    0.28    0.19    1.56    0.63     67.50   5.99    46.02   48.16   0.41    903.10     331.53   78.89    0.12      36.17         16.25         15.33          69.10        
124  T0978TS365_3-D1     365s    23.55    100.00  124   N/A       N/A        -0.43     -0.43      12.16    N/A           3.91     8.54     20.994   21.557   413   3    0     0     18.89  34.62  N/A         N/A          -0.46        -0.46        38.26  22.983   2.62     2.80        6.4         208      4.5      2.52          0.27    26.51     0.41    0.28    0.24    1.67    0.66     50.70   5.99    42.03   43.67   0.43    914.10     279.49   N/A      0.12      1.80          9.37          10.95          69.59        
125  T0978TS365_1-D1     365s    23.49    100.00  125   -0.52     -0.52      -0.43     -0.43      12.04    -0.83         4.69     8.19     20.638   21.266   413   4    0     0     17.68  31.96  -0.60       -0.60        -0.53        -0.53        35.35  22.624   2.52     2.64        5.2         154      3.7      2.41          0.27    25.67     0.40    0.27    0.31    1.51    0.61     48.20   6.11    42.96   42.76   0.42    672.90     112.08   N/A      0.13      1.65          7.71          9.25           71.78        
126  T0978TS348_2-D1     348s    23.25    100.00  126   N/A       N/A        -0.45     -0.45      9.45     N/A           3.00     6.01     16.266   16.78    413   36   0     0     10.90  36.08  N/A         N/A          -0.94        -0.94        44.79  25.572   2.69     3.96        0           0        N/A      4.11          0.26    13.57     0.34    0.27    0.39    1.53    0.64     8.00    6.11    44.68   39.10   0.46    N/A        73.22    78.20    0.08      221.96        2.75          21.65          49.15        
127  T0978TS365_2-D1     365s    23.18    100.00  127   N/A       N/A        -0.46     -0.46      11.44    N/A           4.14     8.05     21.54    22.18    413   3    0     0     16.71  34.38  N/A         N/A          -0.59        -0.59        37.53  20.65    2.56     3.05        6.3         194      3.8      2.25          0.27    27.48     0.40    0.26    0.29    1.55    0.61     51.50   6.11    40.10   41.65   0.43    873.30     139.81   N/A      0.13      0.90          7.44          10.22          72.51        
128  T0978TS365_5-D1     365s    22.52    100.00  128   N/A       N/A        -0.51     -0.51      11.56    N/A           5.13     8.32     17.559   18.083   413   4    0     0     15.74  29.54  N/A         N/A          -0.65        -0.65        33.17  20.314   2.53     2.39        5.6         181      3.9      2.65          0.28    26.75     0.41    0.27    0.30    1.51    0.61     52.30   6.35    42.12   44.64   0.43    760.70     115.38   N/A      0.13      4.20          7.44          9.49           75.91        
129  T0978TS152_5-D1     152s    20.88    100.00  129   N/A       N/A        -0.64     -0.64      11.50    N/A           4.13     7.16     25.263   25.892   413   9    0     0     15.01  27.60  N/A         N/A          -0.69        -0.69        31.96  20.578   2.54     2.64        8.7         179      5.9      3.68          0.30    28.93     0.42    0.30    0.18    1.47    0.60     67.00   5.86    46.19   50.86   0.38    976.20     300.15   77.83    0.12      30.32         13.77         14.60          69.34        
130  T0978TS152_2-D1     152s    20.88    100.00  129   N/A       N/A        -0.64     -0.64      11.44    N/A           3.71     8.06     26.559   27.186   413   9    0     0     15.74  28.81  N/A         N/A          -0.65        -0.65        34.14  21.059   2.40     2.51        7.4         177      6        3.69          0.29    28.45     0.43    0.29    0.15    1.44    0.63     66.70   4.58    43.30   50.12   0.39    905.30     386.42   75.76    0.11      34.07         13.22         14.60          72.51        
131  T0978TS497_1-D1     497s    19.86    100.00  131   -0.81     -0.81      -0.72     -0.72      10.05    -1.06         3.10     5.66     26.015   26.701   413   7    0     0     6.05   17.68  -1.30       -1.30        -1.23        -1.23        31.72  18.705   2.67     0.03        6.3         202      5.3      3.21          0.26    21.67     0.40    0.27    0.30    1.76    0.63     53.80   5.04    42.87   44.88   0.37    859.00     318.87   80.26    0.08      15.31         8.54          10.22          72.51        
132  T0978TS152_4-D1     152s    19.73    100.00  132   N/A       N/A        -0.73     -0.73      10.47    N/A           3.71     6.94     26.899   27.438   413   7    0     0     15.01  25.91  N/A         N/A          -0.69        -0.69        29.30  17.626   2.67     2.59        5.4         147      4.4      3.74          0.28    26.03     0.41    0.28    0.18    1.63    0.56     68.80   3.70    43.45   48.63   0.37    659.10     389.68   78.24    0.10      38.12         13.22         12.90          71.29        
133  T0978TS282_2-D1     282s    19.13    100.00  133   N/A       N/A        -0.78     -0.78      11.08    N/A           4.18     8.01     20.027   20.398   413   4    0     0     16.22  24.94  N/A         N/A          -0.62        -0.62        32.45  20.274   2.54     2.26        6.8         192      4.9      3.66          0.29    27.24     0.42    0.30    0.44    1.32    0.57     55.40   5.46    45.14   47.43   0.34    970.10     61.07    38.47    0.12      27.32         15.15         9.25           70.07        
134  T0978TS407_5-D1     407s    18.40    100.00  134   N/A       N/A        -0.84     -0.84      11.32    N/A           4.17     6.78     21.429   21.892   413   0    0     0     13.80  21.55  N/A         N/A          -0.76        -0.76        25.67  18.744   2.37     1.23        6.5         178      13.9     3.08          0.28    35.84     0.47    0.32    0.55    1.49    0.53     68.20   4.42    46.87   52.49   0.31    706.00     72.24    56.74    0.15      53.88         6.89          0.49           96.35        
135  T0978TS407_3-D1     407s    17.07    100.00  135   N/A       N/A        -0.95     -0.95      10.84    N/A           4.64     7.12     27.584   27.803   413   2    0     0     0.00   0.73   N/A         N/A          -1.59        -1.59        22.28  14.263   2.61     1.15        7.7         111      3.4      3.06          0.27    32.20     0.47    0.34    0.28    1.81    0.53     71.10   4.07    44.98   53.62   0.25    595.40     309.09   54.91    0.16      52.38         7.16          0.73           96.59        
136  T0978TS282_1-D1     282s    16.89    100.00  136   -1.05     -1.05      -0.96     -0.96      9.20     -1.16         4.42     6.79     19.87    20.352   413   3    0     0     10.90  21.31  -1.01       -1.01        -0.94        -0.94        30.75  18.312   2.42     2.72        4.4         195      5.4      3.59          0.27    24.09     0.40    0.27    0.41    1.50    0.55     56.10   4.89    41.68   44.76   0.33    722.60     72.31    40.59    0.09      26.11         14.60         9.73           74.70        
137  T0978TS407_2-D1     407s    16.77    100.00  137   N/A       N/A        -0.97     -0.97      10.65    N/A           4.89     8.10     28.068   28.444   413   2    0     0     15.01  20.10  N/A         N/A          -0.69        -0.69        26.15  18.226   2.28     1.31        5.8         116      5.7      3.26          0.28    30.27     0.46    0.32    0.29    1.66    0.54     81.50   5.04    44.43   52.33   0.29    528.30     196.03   51.70    0.15      85.12         10.47         0.73           97.57        
138  T0978TS407_4-D1     407s    16.28    100.00  138   N/A       N/A        -1.01     -1.01      10.47    N/A           5.83     8.74     21.394   21.866   413   0    0     0     0.00   0.00   N/A         N/A          -1.59        -1.59        23.49  15.52    2.39     0.77        6           136      14       2.90          0.27    30.14     0.46    0.31    0.35    1.65    0.54     76.50   4.42    41.52   51.71   0.27    527.00     134.94   52.59    0.14      54.97         7.99          0.00           98.30        
139  T0978TS497_5-D1     497s    15.44    100.00  139   N/A       N/A        -1.08     -1.08      7.62     N/A           2.26     4.72     24.739   25.49    413   3    0     0     0.48   1.21   N/A         N/A          -1.56        -1.56        25.18  15.537   2.60     0.90        4.3         184      6.1      3.00          0.26    24.21     0.41    0.28    0.32    1.76    0.61     70.90   5.60    42.09   45.98   0.32    637.40     267.22   76.83    0.09      15.16         5.23          11.44          77.62        
140  T0978TS282_4-D1     282s    15.38    100.00  140   N/A       N/A        -1.08     -1.08      7.69     N/A           3.24     4.80     18.917   19.438   413   7    0     0     9.69   18.64  N/A         N/A          -1.01        -1.01        29.78  16.498   2.64     1.97        3.4         162      5.1      3.88          0.28    22.76     0.40    0.26    0.43    1.42    0.56     60.90   4.07    39.69   43.80   0.33    688.00     53.31    41.22    0.11      43.67         16.80         11.44          70.56        
141  T0978TS282_3-D1     282s    15.25    100.00  141   N/A       N/A        -1.09     -1.09      8.11     N/A           2.86     5.07     33.376   34.139   413   5    0     0     10.65  20.34  N/A         N/A          -0.95        -0.95        26.39  14.194   2.62     0.98        3.5         145      7.3      3.19          0.25    22.76     0.41    0.27    0.22    1.89    0.56     62.20   4.07    44.61   45.54   0.28    477.80     495.28   40.15    0.10      16.06         9.09          9.73           78.59        
142  T0978TS497_4-D1     497s    14.53    100.00  142   N/A       N/A        -1.15     -1.15      7.39     N/A           2.18     3.98     29.794   30.312   413   9    0     0     3.63   16.71  N/A         N/A          -1.38        -1.38        21.07  11.98    2.83     0.65        3.2         175      11       3.11          0.26    21.55     0.41    0.26    0.29    1.80    0.46     57.40   4.58    38.72   46.12   0.29    554.80     258.27   73.32    0.09      16.66         6.06          10.22          74.70        
143  T0978TS497_3-D1     497s    13.74    100.00  143   N/A       N/A        -1.21     -1.21      7.57     N/A           2.61     5.11     30.991   31.587   413   5    0     0     9.69   15.50  N/A         N/A          -1.01        -1.01        19.13  12.336   2.51     0.36        2.6         147      11.3     3.30          0.26    19.98     0.40    0.26    0.28    1.82    0.42     68.30   3.29    36.60   46.09   0.26    431.20     315.19   70.09    0.09      15.61         12.12         9.73           75.91        
144  T0978TS497_2-D1     497s    11.86    100.00  144   N/A       N/A        -1.36     -1.36      6.05     N/A           1.73     3.05     31.082   31.659   413   6    0     0     0.00   0.00   N/A         N/A          -1.59        -1.59        18.16  11.34    2.70     -0.01       1.9         170      26       3.27          0.25    17.80     0.40    0.24    0.31    2.07    0.43     62.10   3.50    35.89   43.59   0.24    501.90     308.87   67.30    0.08      13.66         12.67         10.95          75.91        
145  T0978TS282_5-D1     282s    11.80    100.00  145   N/A       N/A        -1.37     -1.37      7.39     N/A           3.21     5.27     56.437   57.723   413   9    0     0     0.24   1.21   N/A         N/A          -1.58        -1.58        17.43  11.247   2.53     -0.39       2           96       7.4      3.04          0.22    19.49     0.41    0.25    0.25    2.33    0.46     62.20   4.07    38.41   43.18   0.20    285.30     1488.23  38.22    0.09      11.41         9.09          9.00           80.05        
146  T0978TS407_1-D1     407s    11.20    100.00  146   -1.50     -1.50      -1.42     -1.42      7.14     -1.40         2.27     3.33     25.377   25.83    413   0    0     0     6.30   11.86  -1.28       -1.28        -1.21        -1.21        17.19  11.305   2.43     -0.64       1.5         67       11.4     2.98          0.24    23.49     0.45    0.28    0.33    2.03    0.53     71.50   3.07    36.19   49.10   0.20    201.30     267.46   45.19    0.13      46.83         6.06          0.24           96.35        
147  T0978TS378_2-D1     378s    11.14    100.00  147   N/A       N/A        -1.42     -1.42      5.75     N/A           1.13     2.17     33.597   34.437   413   1    0     0     1.21   1.94   N/A         N/A          -1.52        -1.52        16.22  10.506   2.56     -0.26       2.4         83       5.7      4.20          0.16    20.94     0.38    0.24    0.34    2.13    0.54     54.40   4.74    34.03   41.90   0.22    269.10     442.08   22.06    0.07      245.57        12.40         3.41           90.75        
148  T0978TS488_2-D1     488s    11.08    100.00  148   N/A       N/A        -1.42     -1.42      7.02     N/A           3.35     4.57     24.415   24.717   413   2    0     0     5.57   10.90  N/A         N/A          -1.26        -1.26        16.46  10.354   2.61     -0.59       2.5         71       7.7      0.93          0.27    28.81     0.46    0.30    0.35    1.75    0.47     68.20   2.58    35.87   51.14   0.21    195.70     135.68   N/A      0.15      1.20          0.00          0.24           97.57        
149  T0978TS312_2-D1     312s    10.41    100.00  149   N/A       N/A        -1.48     -1.48      5.08     N/A           1.69     3.00     63.933   65.74    413   3    0     0     0.00   0.00   N/A         N/A          -1.59        -1.59        15.50  8.402    2.72     -0.93       15.4        259      15.7     5.00          0.08    9.69      0.36    0.31    0.17    2.32    0.30     31.10   6.58    35.91   45.45   0.24    1937.00    2515.75  N/A      0.10      361.10        20.11         29.68          44.53        
150  T0978TS378_5-D1     378s    10.41    100.00  149   N/A       N/A        -1.48     -1.48      6.54     N/A           2.43     4.34     36.754   37.204   413   0    0     0     0.00   1.94   N/A         N/A          -1.59        -1.59        12.35  7.896    2.35     -0.35       0.8         150      39.2     4.10          0.15    15.50     0.38    0.21    0.39    2.38    0.47     53.00   1.99    32.83   40.03   0.19    315.50     281.95   22.01    0.07      185.35        11.85         4.62           89.78        
151  T0978TS312_1-D1     312s    10.41    100.00  149   -1.57     -1.57      -1.48     -1.48      5.20     -1.63         1.51     3.00     64.001   65.846   413   21   0     0     0.00   0.00   -1.66       -1.66        -1.59        -1.59        15.98  9.016    2.83     -0.47       14.7        252      15       5.09          0.07    8.72      0.35    0.31    0.17    2.26    0.30     31.10   6.11    35.58   44.31   0.24    1867.20    2519.46  N/A      0.11      404.19        20.66         33.01          35.45        
152  T0978TS312_3-D1     312s    10.29    100.00  152   N/A       N/A        -1.49     -1.49      5.08     N/A           1.53     2.96     63.886   65.743   413   24   0     0     0.00   0.00   N/A         N/A          -1.59        -1.59        17.43  9.466    2.87     -0.55       15.1        258      15.5     5.17          0.06    7.99      0.35    0.31    0.17    2.23    0.30     29.40   6.47    35.69   45.33   0.24    1904.80    2516.62  N/A      0.11      419.63        23.97         34.15          31.94        
153  T0978TS312_4-D1     312s    10.23    100.00  153   N/A       N/A        -1.49     -1.49      5.02     N/A           1.63     2.98     64       65.805   413   11   0     0     0.00   0.00   N/A         N/A          -1.59        -1.59        15.74  9.199    2.86     -0.47       15          258      15.5     5.09          0.07    9.69      0.35    0.30    0.16    2.31    0.29     25.50   6.58    35.52   44.37   0.24    1902.50    2520.56  N/A      0.10      395.36        22.87         30.90          41.12        
154  T0978TS488_5-D1     488s    10.17    100.00  154   N/A       N/A        -1.50     -1.50      6.17     N/A           1.28     2.87     22.961   23.483   413   5    0     0     1.21   0.00   N/A         N/A          -1.52        -1.52        16.95  10.953   2.54     -0.18       0.9         100      9.5      1.31          0.23    21.55     0.41    0.22    0.26    1.77    0.53     67.30   2.83    36.12   44.38   0.23    271.00     164.70   N/A      0.11      1.35          0.00          0.73           92.94        
155  T0978TS312_5-D1     312s    10.05    100.00  155   N/A       N/A        -1.51     -1.51      4.84     N/A           1.50     2.94     64.665   66.464   413   8    0     0     0.00   0.48   N/A         N/A          -1.59        -1.59        13.80  7.89     2.67     -0.68       14.9        258      15.4     5.06          0.09    9.44      0.35    0.30    0.16    2.31    0.30     22.70   6.23    35.35   43.33   0.24    1881.90    2572.32  N/A      0.09      406.14        19.01         30.41          38.20        
156  T0978TS348_5-D1     348s    10.05    100.00  155   N/A       N/A        -1.51     -1.51      4.60     N/A           0.71     2.21     22.463   22.854   413   40   0     0     0.48   0.24   N/A         N/A          -1.56        -1.56        15.74  9.219    2.72     -1.26       0           0        N/A      3.94          0.26    12.22     0.34    0.27    0.40    2.18    0.36     11.20   5.99    36.62   39.29   0.25    N/A        73.60    73.68    0.07      245.10        1.38          22.87          47.20        
157  T0978TS378_4-D1     378s    9.62     100.00  157   N/A       N/A        -1.54     -1.54      5.81     N/A           1.43     3.43     32.509   33.066   413   0    0     0     0.00   3.63   N/A         N/A          -1.59        -1.59        14.53  7.857    2.85     -0.84       1.1         136      20.1     4.11          0.17    18.77     0.39    0.23    0.41    2.16    0.48     52.30   2.83    35.62   41.67   0.19    318.50     350.47   20.88    0.08      233.63        10.74         1.95           91.48        
158  T0978TS458_2-D1     458s    9.38     100.00  158   N/A       N/A        -1.56     -1.56      5.63     N/A           0.80     2.23     67.922   69.092   413   3    0     0     0.00   0.00   N/A         N/A          -1.59        -1.59        12.59  7.76     2.69     -0.68       0.9         46       7.6      3.55          0.21    16.71     0.40    0.20    0.12    2.05    0.51     57.70   1.99    29.71   41.00   0.18    107.80     1614.07  60.21    0.08      39.02         8.54          12.17          77.13        
159  T0978TS458_5-D1     458s    9.08     100.00  159   N/A       N/A        -1.58     -1.58      5.08     N/A           0.66     2.01     67.334   68.628   413   8    0     0     1.21   7.75   N/A         N/A          -1.52        -1.52        14.53  9.085    2.60     -0.22       0.4         138      57.6     4.16          0.20    14.53     0.37    0.18    0.10    2.10    0.54     52.50   3.07    30.46   39.29   0.19    263.20     1670.59  61.24    0.07      58.83         24.24         15.09          67.40        
160  T0978TS458_3-D1     458s    8.90     100.00  160   N/A       N/A        -1.60     -1.60      4.96     N/A           0.66     1.66     68.782   70.045   413   8    0     0     0.48   0.00   N/A         N/A          -1.56        -1.56        13.80  7.53     2.82     -1.09       0.9         136      81.5     3.40          0.21    15.01     0.39    0.19    0.13    2.18    0.51     56.40   1.99    30.17   41.57   0.19    247.70     1649.63  62.12    0.07      29.12         7.71          10.95          76.64        
161  T0978TS458_1-D1     458s    8.84     100.00  161   -1.69     -1.69      -1.60     -1.60      5.08     -1.64         0.98     2.93     69.128   70.285   413   6    0     0     0.24   1.21   -1.64       -1.64        -1.58        -1.58        13.08  7.255    2.79     -1.22       0.9         92       52       3.33          0.21    15.01     0.40    0.19    0.12    2.13    0.48     58.90   1.64    29.73   41.38   0.19    184.70     1718.85  56.93    0.08      24.16         8.26          9.49           78.10        
162  T0978TS007_2-D1     007s    8.78     100.00  162   N/A       N/A        -1.61     -1.61      5.21     N/A           1.01     3.17     59.283   60.29    413   53   0     0     0.00   0.00   N/A         N/A          -1.59        -1.59        14.29  8.675    2.91     -0.39       0.4         87       12.8     4.77          0.07    5.57      0.25    0.05    0.02    2.59    0.49     25.90   2.30    22.98   21.87   0.17    215.40     2045.11  91.29    0.04      309.14        16.80         16.79          63.10        
163  T0978TS378_3-D1     378s    8.78     100.00  162   N/A       N/A        -1.61     -1.61      5.51     N/A           0.55     1.94     28.922   29.549   413   1    0     0     0.00   0.00   N/A         N/A          -1.59        -1.59        15.25  10.117   2.60     -0.68       1           131      28.5     4.21          0.16    16.46     0.39    0.22    0.34    2.19    0.48     55.60   3.89    34.78   41.39   0.19    314.80     276.58   19.01    0.07      222.67        10.74         4.38           87.10        
164  T0978TS007_1-D1     007s    8.60     100.00  164   -1.71     -1.71      -1.62     -1.62      5.21     -1.63         1.47     3.14     25.673   26.319   413   10   0     0     0.48   0.00   -1.63       -1.63        -1.56        -1.56        19.85  11.905   2.67     -0.10       0           0        N/A      3.91          0.17    6.90      0.30    0.08    0.00    2.43    0.51     28.60   1.99    28.26   28.15   0.20    N/A        143.78   90.72    0.04      196.31        4.41          5.35           84.18        
165  T0978TS041_5-D1     041s    8.41     100.00  165   N/A       N/A        -1.64     -1.64      6.05     N/A           1.85     3.74     35.506   35.851   413   4    0     0     0.24   6.30   N/A         N/A          -1.58        -1.58        10.17  7.964    2.16     -1.05       1.1         62       7.6      2.90          0.21    15.86     0.41    0.22    0.35    2.32    0.46     58.10   1.64    30.12   42.86   0.13    170.10     504.18   N/A      0.07      10.51         6.61          10.46          79.81        
166  T0978TS041_4-D1     041s    8.35     100.00  166   N/A       N/A        -1.64     -1.64      5.39     N/A           1.71     3.79     34.592   34.845   413   7    0     0     0.00   0.00   N/A         N/A          -1.59        -1.59        12.59  7.511    2.69     -1.17       1.8         73       5.7      2.76          0.21    16.59     0.42    0.23    0.38    2.09    0.54     58.60   3.29    31.80   44.17   0.15    208.60     491.57   N/A      0.08      8.25          5.79          8.76           80.29        
167  T0978TS041_3-D1     041s    8.23     100.00  167   N/A       N/A        -1.65     -1.65      5.39     N/A           1.44     3.81     34.968   35.286   413   7    0     0     0.00   0.00   N/A         N/A          -1.59        -1.59        9.69   7.921    2.10     -1.09       1.3         66       10.6     2.97          0.21    16.10     0.41    0.22    0.33    2.21    0.53     63.30   3.07    30.17   43.18   0.14    179.40     462.06   N/A      0.09      10.81         7.16          9.00           76.89        
168  T0978TS041_1-D1     041s    8.11     100.00  168   -1.75     -1.75      -1.66     -1.66      5.69     -1.57         1.76     4.02     35.005   35.378   413   4    0     0     0.00   0.48   -1.66       -1.66        -1.59        -1.59        9.20   5.405    2.63     -0.93       0.4         53       8.7      3.02          0.21    16.34     0.41    0.21    0.34    2.23    0.52     63.30   1.24    31.52   43.76   0.13    108.70     505.65   N/A      0.09      10.06         7.99          11.68          73.48        
169  T0978TS458_4-D1     458s    7.99     100.00  169   N/A       N/A        -1.67     -1.67      5.09     N/A           1.42     3.87     68.284   69.565   413   9    0     0     0.24   0.24   N/A         N/A          -1.58        -1.58        15.98  8.997    2.73     -0.35       0.2         43       9        3.56          0.20    13.44     0.39    0.18    0.11    2.16    0.50     52.00   1.64    28.14   40.07   0.17    127.60     1635.55  60.04    0.07      29.87         12.12         12.41          76.16        
170  T0978TS041_2-D1     041s    7.75     100.00  170   N/A       N/A        -1.69     -1.69      5.33     N/A           1.37     3.67     33.567   33.754   413   7    0     0     1.69   2.42   N/A         N/A          -1.49        -1.49        16.95  10.374   2.52     -1.46       0.5         53       9.6      3.04          0.20    15.25     0.40    0.22    0.38    2.05    0.56     63.50   1.24    31.93   43.56   0.14    112.00     444.48   N/A      0.08      10.51         8.82          10.22          76.40        
171  T0978TS257_5-D1     257s    7.20     100.00  171   N/A       N/A        -1.73     -1.73      6.00     N/A           1.99     3.90     172.509  175.389  413   7    0     0     0.00   0.00   N/A         N/A          -1.59        -1.59        9.93   6.183    2.58     -1.42       0.2         106      88.5     2.21          0.16    14.04     0.40    0.21    0.42    2.77    0.40     61.20   1.24    26.03   41.76   0.08    200.40     8463.98  82.84    0.08      2.10          4.68          10.95          81.27        
172  T0978TS257_1-D1     257s    7.14     100.00  172   -1.83     -1.83      -1.74     -1.74      6.00     -1.53         2.40     3.85     172.243  175.162  413   7    0     0     0.00   0.00   -1.66       -1.66        -1.59        -1.59        9.69   7.903    2.20     -1.38       0.2         55       8.1      2.31          0.16    12.59     0.39    0.20    0.42    2.93    0.63     59.10   1.64    23.24   40.39   0.08    111.70     8379.32  83.54    0.06      2.70          5.23          12.65          82.00        
173  T0978TS257_2-D1     257s    7.14     100.00  172   N/A       N/A        -1.74     -1.74      5.75     N/A           2.36     4.18     172.488  175.362  413   6    0     0     0.00   0.00   N/A         N/A          -1.59        -1.59        9.20   7.516    2.08     -1.38       1           83       30.6     2.17          0.16    13.07     0.40    0.20    0.42    2.91    0.41     56.10   1.64    24.51   41.17   0.08    205.30     8482.36  82.66    0.08      2.25          3.86          9.73           81.27        
174  T0978TS257_3-D1     257s    7.02     100.00  174   N/A       N/A        -1.75     -1.75      5.93     N/A           1.82     3.61     172.617  175.409  413   8    0     0     0.00   0.00   N/A         N/A          -1.59        -1.59        9.44   7.489    1.96     -1.34       0.4         56       9        2.25          0.16    13.68     0.40    0.21    0.43    2.65    0.54     60.60   2.30    25.57   40.98   0.08    109.30     8451.81  84.07    0.07      2.55          4.68          9.98           82.48        
175  T0978TS257_4-D1     257s    6.96     100.00  175   N/A       N/A        -1.75     -1.75      5.81     N/A           2.45     4.41     173.056  175.869  413   5    0     0     0.00   7.26   N/A         N/A          -1.59        -1.59        9.93   7.844    2.25     -1.30       0.5         54       9.2      2.23          0.17    13.92     0.40    0.20    0.42    2.84    0.52     58.80   2.83    24.95   41.56   0.08    122.40     8431.26  84.40    0.07      1.95          4.96          11.44          79.56        
176  T0978TS378_1-D1     378s    6.78     100.00  176   -1.86     -1.86      -1.77     -1.77      4.30     -1.73         0.70     2.13     27.628   28.115   413   8    0     0     0.24   0.73   -1.64       -1.64        -1.58        -1.58        16.95  9.301    2.70     -1.22       0           0        N/A      4.50          0.12    13.44     0.36    0.13    0.09    2.24    0.50     47.90   2.58    28.45   36.49   0.18    N/A        181.19   16.44    0.05      313.12        9.37          16.55          72.75        
177  T0978TS007_5-D1     007s    4.60     100.00  177   N/A       N/A        -1.94     -1.94      2.97     N/A           0.21     0.93     58.757   58.878   413   120  0     0     0.00   3.39   N/A         N/A          -1.59        -1.59        11.86  7.604    2.76     -1.51       0           0        N/A      4.74          0.04    2.42      0.21    -0.02   -0.04   2.69    0.50     13.90   0.73    14.81   12.42   0.10    N/A        2674.13  95.94    0.03      331.19        14.88         12.89          65.26        
178  T0978TS007_4-D1     007s    3.63     100.00  178   N/A       N/A        -2.02     -2.02      2.36     N/A           0.22     0.80     214.162  216.172  413   0    0     0     0.00   0.00   N/A         N/A          -1.59        -1.59        7.75   4.705    2.50     -2.09       0           0        N/A      2.64          0.09    3.63      0.26    0.04    0.36    3.33    0.49     3.40    1.24    13.79   19.47   0.07    N/A        10542.78  97.14    0.03      36.47         4.13          0.49           97.32        
179  T0978TS007_3-D1     007s    3.03     100.00  179   N/A       N/A        -2.07     -2.07      1.94     N/A           0.24     1.16     161.359  161.663  413   42   0     0     0.00   0.00   N/A         N/A          -1.59        -1.59        7.02   4.411    2.53     -2.13       0           0        N/A      4.41          0.05    2.42      0.17    -0.04   0.29    3.24    0.47     4.80    0.00    10.81   9.82    0.05    N/A        11697.54  97.60    0.01      168.10        15.43         13.33          71.73        

