#    Model               GR#     GDT_TS   NP_P    RANK  Z-M1-GDT  Z-M1s-GDT  Z-MA-GDT  Z-MAs-GDT  GDT_HA   Z-M1s-GDT-HA  GDC_SC   GDC_ALL  RMS_CA   RMS_ALL  NP    err  PC01  PC05  AL0_P  AL4_P  Z-M1-AL0_p  Z-M1s-AL0_p  Z-MA-AL0_p   Z-MAs-AL0_p  ALI_P  LGA_S    RMSD[L]  Z-score[M]  Z-Score[D]  Al.Res.  RMSD[D]  MolPrb_Score  LDDT    SphGr     CAD_AA  RPF     CODM    DFM     Handed.  SOV     CE      QCS     CONTS   TMscore  Dali(raw)  FlexE    QSE      CAD_SS    MolPrb_clash  MolPrb_rotout  MolPrb_ramout  MolPrb_ramfv 

1    T0974s2TS368_3-D1   368s    98.44    100.00  1     N/A       N/A        0.92      0.92       92.81    N/A           68.03    85.24    1.157    1.448    80    0    0     0     97.50  97.50  N/A         N/A          0.76         0.76         97.50  98.388   0.65     12.21       16.8        80       1.2      0.50          0.90    96.25     0.84    0.91    0.99    0.06    0.96     95.20   5.60    97.66   96.28   0.96    641.70     0.50     97.78    0.73      0.00          0.00          0.00           98.85        
2    T0974s2TS058_3-D1   058s    98.44    100.00  1     N/A       N/A        0.92      0.92       88.75    N/A           64.23    82.67    1.159    1.662    80    0    0     0     97.50  98.75  N/A         N/A          0.76         0.76         98.75  98.47    0.65     12.21       16          80       1.2      1.98          0.88    96.25     0.80    0.88    0.99    0.06    0.96     100.00  5.60    97.60   95.81   0.96    636.80     0.64     85.96    0.63      31.17         0.00          0.00           98.92        
3    T0974s2TS441_4-D1   441s    98.44    100.00  1     N/A       N/A        0.92      0.92       89.69    N/A           59.26    80.76    1.253    1.578    80    0    0     0     97.50  97.50  N/A         N/A          0.76         0.76         97.50  98.388   0.70     12.21       16          80       1.3      2.28          0.87    96.25     0.83    0.89    0.99    0.07    0.96     100.00  5.60    97.70   96.12   0.96    635.40     0.63     12.54    0.70      33.77         2.25          0.00           100.00       
4    T0974s2TS007_1-D1   007s    98.44    100.00  1     0.82      0.82       0.92      0.92       89.38    0.92          61.08    81.79    1.145    1.613    80    0    0     0     97.50  97.50  0.68        0.68         0.76         0.76         97.50  98.47    0.67     12.21       16.1        80       1.1      2.05          0.88    96.25     0.82    0.90    0.99    0.06    0.96     100.00  5.60    97.59   95.85   0.96    646.50     0.59     12.41    0.69      37.01         0.00          0.00           98.92        
5    T0974s2TS007_2-D1   007s    98.44    100.00  1     N/A       N/A        0.92      0.92       89.38    N/A           61.08    81.79    1.145    1.613    80    0    0     0     97.50  97.50  N/A         N/A          0.76         0.76         97.50  98.47    0.67     12.21       16.1        80       1.1      2.05          0.88    96.25     0.82    0.90    0.99    0.06    0.96     100.00  5.60    97.59   95.85   0.96    646.50     0.59     12.41    0.69      37.01         0.00          0.00           98.92        
6    T0974s2TS368_4-D1   368s    98.44    100.00  1     N/A       N/A        0.92      0.92       91.25    N/A           66.63    84.24    1.14     1.492    80    0    0     0     97.50  98.75  N/A         N/A          0.76         0.76         98.75  98.388   0.66     12.21       16.5        80       1.1      0.73          0.90    96.88     0.83    0.91    0.99    0.06    0.96     100.00  5.60    97.42   95.66   0.96    636.10     0.60     97.86    0.71      0.70          0.00          0.00           100.00       
7    T0974s2TS368_5-D1   368s    98.44    100.00  1     N/A       N/A        0.92      0.92       92.50    N/A           68.16    84.87    1.155    1.454    80    0    0     0     97.50  97.50  N/A         N/A          0.76         0.76         97.50  98.388   0.66     12.21       16.7        80       1.2      0.50          0.90    96.88     0.84    0.91    0.99    0.07    0.96     95.20   5.60    97.52   96.12   0.96    640.50     0.52     97.82    0.72      0.00          0.00          0.00           100.00       
8    T0974s2TS368_2-D1   368s    98.44    100.00  1     N/A       N/A        0.92      0.92       92.81    N/A           69.14    85.59    1.151    1.446    80    0    0     0     97.50  98.75  N/A         N/A          0.76         0.76         98.75  98.388   0.63     12.21       16.8        80       1.2      0.50          0.91    96.25     0.84    0.92    0.99    0.06    0.97     100.00  5.60    97.81   96.52   0.96    644.00     0.47     97.83    0.73      0.00          0.00          0.00           100.00       
9    T0974s2TS441_1-D1   441s    98.44    100.00  1     0.82      0.82       0.92      0.92       90.62    0.97          58.72    82.30    1.152    1.587    80    0    0     0     98.75  98.75  0.72        0.72         0.80         0.80         98.75  98.47    0.63     12.21       16.1        80       1.2      2.20          0.88    96.25     0.82    0.90    0.99    0.06    0.96     100.00  5.60    97.66   95.87   0.96    643.60     0.57     12.32    0.68      29.87         1.12          2.15           96.77        
10   T0974s2TS441_3-D1   441s    98.44    100.00  1     N/A       N/A        0.92      0.92       89.69    N/A           62.11    81.64    1.155    1.535    80    0    0     0     98.75  98.75  N/A         N/A          0.80         0.80         98.75  98.47    0.65     12.21       16          80       1.2      2.36          0.88    97.50     0.83    0.91    0.99    0.06    0.96     95.20   5.60    97.59   95.94   0.96    651.40     0.54     12.41    0.70      29.87         3.37          1.08           98.92        
11   T0974s2TS058_2-D1   058s    98.44    100.00  1     N/A       N/A        0.92      0.92       89.38    N/A           64.74    82.61    1.163    1.605    80    0    0     0     97.50  98.75  N/A         N/A          0.76         0.76         98.75  98.388   0.67     12.21       16          80       1.2      1.91          0.88    96.25     0.80    0.88    0.99    0.06    0.96     100.00  5.60    97.56   95.69   0.96    635.40     0.66     85.94    0.62      26.62         0.00          1.08           98.92        
12   T0974s2TS266_1-D1   266s    98.44    100.00  1     0.82      0.82       0.92      0.92       88.44    0.88          59.58    81.61    1.179    1.666    80    0    0     0     97.50  97.50  0.68        0.68         0.76         0.76         97.50  98.388   0.71     12.21       16.1        80       1.2      2.48          0.89    95.62     0.84    0.90    0.99    0.06    0.96     100.00  5.60    97.81   96.31   0.96    638.00     0.59     N/A      0.73      51.30         0.00          2.15           95.70        
13   T0974s2TS023_5-D1   023s    98.12    100.00  13    N/A       N/A        0.90      0.90       88.44    N/A           56.88    79.41    1.21     1.846    80    0    0     0     97.50  97.50  N/A         N/A          0.76         0.76         97.50  98.372   0.72     12.21       15.9        80       1.2      3.01          0.86    95.62     0.80    0.89    0.99    0.07    0.96     100.00  5.60    97.51   95.66   0.95    629.80     0.64     85.55    0.66      50.65         6.74          3.23           96.77        
14   T0974s2TS266_3-D1   266s    98.12    100.00  13    N/A       N/A        0.90      0.90       89.69    N/A           62.97    82.04    1.159    1.647    80    0    0     0     97.50  98.75  N/A         N/A          0.76         0.76         98.75  98.289   0.66     12.21       16.2        80       1.2      2.73          0.89    96.25     0.83    0.90    0.99    0.06    0.97     100.00  5.60    97.88   96.25   0.96    639.80     0.62     N/A      0.69      62.38         2.25          3.23           96.77        
15   T0974s2TS243_1-D1   243s    98.12    100.00  13    0.81      0.81       0.90      0.90       90.31    0.96          67.37    83.94    1.223    1.592    80    0    0     0     97.50  96.25  0.68        0.68         0.76         0.76         97.50  98.279   0.68     12.21       16.2        80       1.2      1.76          0.89    96.25     0.83    0.89    0.99    0.07    0.96     100.00  5.60    97.64   95.80   0.96    639.80     0.63     80.14    0.65      18.18         0.00          0.00           98.92        
16   T0974s2TS058_5-D1   058s    98.12    100.00  13    N/A       N/A        0.90      0.90       89.69    N/A           63.56    82.06    1.244    1.693    80    0    0     0     97.50  98.75  N/A         N/A          0.76         0.76         98.75  98.196   0.71     12.21       16          80       1.2      2.40          0.87    95.62     0.80    0.89    0.99    0.07    0.96     100.00  5.60    97.56   95.61   0.95    633.50     0.63     85.32    0.61      53.25         0.00          1.08           96.77        
17   T0974s2TS058_1-D1   058s    98.12    100.00  13    0.81      0.81       0.90      0.90       88.44    0.88          61.06    81.68    1.169    1.618    80    1    0     0     97.50  97.50  0.68        0.68         0.76         0.76         98.75  98.289   0.68     12.21       16          80       1.2      1.97          0.88    96.25     0.80    0.88    0.99    0.06    0.96     100.00  5.60    97.50   95.59   0.95    633.20     0.65     86.02    0.62      30.52         0.00          0.00           100.00       
18   T0974s2TS023_3-D1   023s    98.12    100.00  13    N/A       N/A        0.90      0.90       89.69    N/A           63.73    83.39    1.136    1.524    80    0    0     0     98.75  98.75  N/A         N/A          0.80         0.80         98.75  98.372   0.64     12.21       16.2        80       1.1      2.27          0.89    96.25     0.84    0.91    0.99    0.06    0.96     100.00  5.60    97.65   95.96   0.96    640.90     0.61     85.62    0.72      35.06         1.12          0.00           96.77        
19   T0974s2TS023_4-D1   023s    98.12    100.00  13    N/A       N/A        0.90      0.90       88.44    N/A           56.88    79.41    1.21     1.846    80    0    0     0     97.50  97.50  N/A         N/A          0.76         0.76         97.50  98.372   0.72     12.21       15.9        80       1.2      3.01          0.86    95.62     0.80    0.89    0.99    0.07    0.96     100.00  5.60    97.51   95.66   0.95    629.80     0.64     85.55    0.66      50.65         6.74          3.23           96.77        
20   T0974s2TS023_1-D1   023s    98.12    100.00  13    0.81      0.81       0.90      0.90       90.31    0.96          61.38    82.13    1.223    1.676    80    0    0     0     97.50  96.25  0.68        0.68         0.76         0.76         97.50  98.279   0.68     12.21       16.2        80       1.2      2.44          0.88    96.25     0.83    0.91    0.99    0.07    0.96     100.00  5.60    97.64   95.80   0.96    639.80     0.63     85.10    0.71      35.71         3.37          0.00           98.92        
21   T0974s2TS266_4-D1   266s    98.12    100.00  13    N/A       N/A        0.90      0.90       90.00    N/A           63.05    82.92    1.139    1.619    80    0    0     0     97.50  96.25  N/A         N/A          0.76         0.76         98.75  98.289   0.66     12.21       16.2        80       1.1      2.62          0.88    96.25     0.83    0.90    0.99    0.06    0.97     92.00   5.60    97.79   96.09   0.96    640.40     0.66     N/A      0.70      64.33         1.12          1.08           95.70        
22   T0974s2TS337_2-D1   337s    98.12    100.00  13    N/A       N/A        0.90      0.90       88.75    N/A           59.07    80.53    1.199    1.748    80    0    0     0     97.50  97.50  N/A         N/A          0.76         0.76         97.50  98.289   0.70     12.21       15.9        79       0.7      2.85          0.87    95.00     0.83    0.89    0.99    0.06    0.96     100.00  5.60    97.59   95.88   0.95    643.60     0.64     12.59    0.71      48.05         4.49          0.00           96.77        
23   T0974s2TS337_3-D1   337s    98.12    100.00  13    N/A       N/A        0.90      0.90       88.75    N/A           59.07    80.53    1.199    1.748    80    0    0     0     97.50  97.50  N/A         N/A          0.76         0.76         97.50  98.289   0.70     12.21       15.9        79       0.7      2.85          0.87    95.00     0.83    0.89    0.99    0.06    0.96     100.00  5.60    97.59   95.88   0.95    643.60     0.64     12.59    0.71      48.05         4.49          0.00           96.77        
24   T0974s2TS266_2-D1   266s    98.12    100.00  13    N/A       N/A        0.90      0.90       89.38    N/A           65.82    83.83    1.145    1.581    80    0    0     0     97.50  98.75  N/A         N/A          0.76         0.76         98.75  98.388   0.66     12.21       16.1        80       1.1      2.45          0.90    95.62     0.84    0.91    0.99    0.06    0.96     100.00  5.60    97.82   96.24   0.96    637.60     0.56     N/A      0.73      59.78         0.00          2.15           96.77        
25   T0974s2TS441_2-D1   441s    98.12    100.00  13    N/A       N/A        0.90      0.90       89.06    N/A           62.38    82.59    1.169    1.589    80    0    0     0     98.75  98.75  N/A         N/A          0.80         0.80         98.75  98.372   0.66     12.21       16          80       1.2      2.41          0.88    96.25     0.83    0.90    0.99    0.07    0.96     95.20   5.60    97.63   95.79   0.96    633.00     0.61     12.45    0.70      28.57         2.25          0.00           96.77        
26   T0974s2TS023_2-D1   023s    98.12    100.00  13    N/A       N/A        0.90      0.90       89.69    N/A           63.73    83.39    1.136    1.524    80    0    0     0     98.75  98.75  N/A         N/A          0.80         0.80         98.75  98.372   0.64     12.21       16.2        80       1.1      2.27          0.89    96.25     0.84    0.91    0.99    0.06    0.96     100.00  5.60    97.65   95.96   0.96    640.90     0.61     85.62    0.72      35.06         1.12          0.00           96.77        
27   T0974s2TS058_4-D1   058s    97.81    100.00  27    N/A       N/A        0.89      0.89       89.69    N/A           61.87    81.24    1.193    1.748    80    0    0     0     97.50  97.50  N/A         N/A          0.76         0.76         98.75  98.289   0.69     12.21       16          80       1.2      2.08          0.87    95.62     0.79    0.87    0.99    0.06    0.96     100.00  5.60    97.50   95.34   0.95    632.90     0.70     85.88    0.60      36.36         0.00          1.08           97.85        
28   T0974s2TS368_1-D1   368s    97.50    100.00  28    0.78      0.78       0.88      0.88       90.94    0.98          70.76    85.55    1.164    1.436    80    0    0     0     97.50  97.50  0.68        0.68         0.76         0.76         97.50  98.289   0.67     12.21       16.6        80       1.2      0.73          0.91    96.88     0.85    0.92    0.99    0.07    0.96     95.20   5.60    97.48   96.08   0.96    650.00     0.53     97.69    0.74      0.70          0.00          0.00           100.00       
29   T0974s2TS156_2-D1   156s    97.19    100.00  29    N/A       N/A        0.86      0.86       88.75    N/A           61.01    81.41    2.044    2.41     80    0    0     0     96.25  96.25  N/A         N/A          0.72         0.72         96.25  96.151   0.51     12.00       15.5        77       0.5      0.79          0.88    92.50     0.84    0.87    0.94    0.09    0.95     96.20   5.60    96.75   94.09   0.94    617.30     2.54     94.57    0.72      0.65          1.12          0.00           97.85        
30   T0974s2TS470_2-D1   470s    96.88    100.00  30    N/A       N/A        0.85      0.85       88.12    N/A           62.97    81.60    2.071    2.469    80    0    0     0     96.25  96.25  N/A         N/A          0.72         0.72         96.25  96.053   0.54     12.00       16.9        77       0.5      1.08          0.88    92.50     0.84    0.87    0.93    0.09    0.95     91.60   5.60    96.79   94.10   0.94    624.10     2.65     94.51    0.71      0.65          0.00          2.15           94.62        
31   T0974s2TS156_5-D1   156s    96.88    100.00  30    N/A       N/A        0.85      0.85       86.25    N/A           61.62    80.22    2.136    2.526    80    0    0     0     96.25  96.25  N/A         N/A          0.72         0.72         96.25  96.053   0.58     12.00       16.8        77       0.6      0.54          0.88    92.50     0.83    0.87    0.92    0.09    0.94     91.60   5.60    95.59   94.07   0.94    625.20     2.63     94.56    0.68      0.00          0.00          0.00           97.85        
32   T0974s2TS156_1-D1   156s    96.88    100.00  30    0.76      0.76       0.85      0.85       88.12    0.87          62.97    81.60    2.071    2.469    80    0    0     0     96.25  96.25  0.64        0.64         0.72         0.72         96.25  96.053   0.54     12.00       16.9        77       0.5      1.08          0.88    92.50     0.84    0.87    0.93    0.09    0.95     91.60   5.60    96.79   94.10   0.94    625.00     2.65     94.51    0.71      0.65          0.00          2.15           94.62        
33   T0974s2TS470_5-D1   470s    96.88    100.00  30    N/A       N/A        0.85      0.85       88.12    N/A           62.97    81.60    2.071    2.469    80    0    0     0     96.25  96.25  N/A         N/A          0.72         0.72         96.25  96.053   0.54     12.00       16.9        77       0.5      1.08          0.88    92.50     0.84    0.87    0.93    0.09    0.95     91.60   5.60    96.79   94.10   0.94    616.50     2.65     94.51    0.71      0.65          0.00          2.15           94.62        
34   T0974s2TS470_4-D1   470s    96.88    100.00  30    N/A       N/A        0.85      0.85       88.12    N/A           62.97    81.60    2.071    2.469    80    0    0     0     96.25  96.25  N/A         N/A          0.72         0.72         96.25  96.053   0.54     12.00       16.9        77       0.5      1.08          0.88    92.50     0.84    0.87    0.93    0.09    0.95     91.60   5.60    96.79   94.10   0.94    616.80     2.65     94.51    0.71      0.65          0.00          2.15           94.62        
35   T0974s2TS470_3-D1   470s    96.88    100.00  30    N/A       N/A        0.85      0.85       88.12    N/A           62.97    81.60    2.071    2.469    80    0    0     0     96.25  96.25  N/A         N/A          0.72         0.72         96.25  96.053   0.54     12.00       16.9        77       0.5      1.08          0.88    92.50     0.84    0.87    0.93    0.09    0.95     91.60   5.60    96.79   94.10   0.94    618.10     2.65     94.51    0.71      0.65          0.00          2.15           94.62        
36   T0974s2TS156_3-D1   156s    96.88    100.00  30    N/A       N/A        0.85      0.85       87.81    N/A           61.20    81.34    2.042    2.447    80    0    0     0     96.25  96.25  N/A         N/A          0.72         0.72         96.25  96.053   0.53     12.00       16.9        77       0.5      0.95          0.88    92.50     0.83    0.87    0.93    0.09    0.95     91.60   5.60    96.73   93.99   0.94    615.60     2.61     94.69    0.69      0.65          1.12          1.08           96.77        
37   T0974s2TS470_1-D1   470s    96.88    100.00  30    0.76      0.76       0.85      0.85       88.12    0.87          62.97    81.60    2.071    2.469    80    0    0     0     96.25  96.25  0.64        0.64         0.72         0.72         96.25  96.053   0.54     12.00       16.9        77       0.5      1.08          0.88    92.50     0.84    0.87    0.93    0.09    0.95     91.60   5.60    96.79   94.10   0.94    617.70     2.65     94.51    0.71      0.65          0.00          2.15           94.62        
38   T0974s2TS156_4-D1   156s    96.56    100.00  38    N/A       N/A        0.84      0.84       89.06    N/A           59.88    82.38    2.137    2.481    80    0    0     0     96.25  96.25  N/A         N/A          0.72         0.72         96.25  95.959   0.54     12.00       15.5        77       0.5      0.54          0.87    92.50     0.82    0.87    0.92    0.09    0.95     91.60   5.60    96.71   93.88   0.94    615.90     2.75     94.35    0.68      0.00          1.12          0.00           98.92        
39   T0974s2TS347_3-D1   347s    95.94    98.75   39    N/A       N/A        0.81      0.81       82.81    N/A           58.41    76.20    1.857    2.307    79    1    0     0     93.75  95.00  N/A         N/A          0.64         0.64         95.00  95.696   0.81     12.00       16          77       0.8      2.71          0.82    90.35     0.77    0.85    0.94    0.12    0.92     98.75   5.46    94.52   91.99   0.92    588.60     2.58     96.88    0.59      32.23         4.05          0.00           96.15        
40   T0974s2TS221_1-D1   221s    95.94    100.00  39    0.72      0.72       0.81      0.81       86.56    0.81          62.36    80.44    1.769    2.266    80    0    0     0     95.00  95.00  0.60        0.60         0.68         0.68         95.00  96.283   0.76     12.00       15.1        78       1.2      2.13          0.86    90.00     0.81    0.87    0.98    0.11    0.94     100.00  5.60    96.48   93.20   0.93    604.70     1.50     93.45    0.68      21.44         2.25          1.08           97.85        
41   T0974s2TS324_1-D1   324s    95.94    100.00  39    0.72      0.72       0.81      0.81       86.56    0.81          62.36    80.44    1.769    2.266    80    0    0     0     95.00  95.00  0.60        0.60         0.68         0.68         95.00  96.283   0.76     12.00       15.1        78       1.2      2.13          0.86    90.00     0.81    0.87    0.98    0.11    0.94     100.00  5.60    96.48   93.20   0.93    604.70     1.50     93.45    0.68      21.44         2.25          1.08           97.85        
42   T0974s2TS488_2-D1   488s    95.00    100.00  42    N/A       N/A        0.77      0.77       86.25    N/A           54.40    76.78    2.246    2.595    80    0    0     0     96.25  96.25  N/A         N/A          0.72         0.72         96.25  95.296   0.80     12.00       14.8        77       0.6      0.71          0.84    92.50     0.79    0.86    0.92    0.11    0.94     96.20   5.46    95.89   91.70   0.93    593.90     2.97     N/A      0.63      0.65          0.00          0.00           100.00       
43   T0974s2TS347_1-D1   347s    95.00    98.75   42    0.68      0.68       0.77      0.77       82.19    0.63          58.63    75.62    1.651    2.145    79    1    0     0     95.00  96.25  0.60        0.60         0.68         0.68         96.25  95.576   0.77     12.00       15.9        77       0.8      2.66          0.82    92.60     0.77    0.85    0.95    0.12    0.93     98.75   5.46    93.87   91.52   0.92    584.90     2.25     97.38    0.57      31.47         2.70          2.56           94.87        
44   T0974s2TS312_5-D1   312s    94.69    100.00  44    N/A       N/A        0.76      0.76       82.19    N/A           42.48    67.53    1.509    2.245    80    0    0     0     97.50  97.50  N/A         N/A          0.76         0.76         97.50  96.875   1.05     12.21       14.9        80       1.5      4.21          0.62    95.62     0.71    0.84    0.99    0.07    0.95     100.00  5.46    96.19   93.21   0.92    595.30     1.00     N/A      0.47      195.58        7.87          8.60           76.34        
45   T0974s2TS347_2-D1   347s    94.69    98.75   44    N/A       N/A        0.76      0.76       81.56    N/A           59.25    73.86    1.727    2.148    79    1    0     0     95.00  95.00  N/A         N/A          0.68         0.68         95.00  95.395   0.87     12.00       15.7        77       0.9      2.45          0.83    90.35     0.78    0.86    0.94    0.12    0.93     98.75   5.46    93.96   91.55   0.91    578.30     2.31     97.09    0.61      30.70         0.00          0.00           92.31        
46   T0974s2TS312_1-D1   312s    94.69    100.00  44    0.66      0.66       0.76      0.76       82.19    0.63          43.39    67.68    1.506    2.269    80    0    0     0     97.50  97.50  0.68        0.68         0.76         0.76         97.50  96.968   1.04     12.21       14.9        80       1.5      4.22          0.63    95.00     0.71    0.83    0.99    0.07    0.95     100.00  5.46    96.25   93.27   0.92    595.50     0.98     N/A      0.46      189.73        7.87          8.60           74.19        
47   T0974s2TS347_5-D1   347s    94.69    98.75   44    N/A       N/A        0.76      0.76       82.19    N/A           59.40    76.25    1.835    2.197    79    1    0     0     95.00  95.00  N/A         N/A          0.68         0.68         95.00  95.499   0.82     12.00       16          77       0.8      2.72          0.84    90.97     0.79    0.86    0.94    0.12    0.93     98.75   5.46    95.48   91.80   0.92    588.60     2.62     97.07    0.64      22.26         4.05          2.56           93.59        
48   T0974s2TS347_4-D1   347s    94.69    98.75   44    N/A       N/A        0.76      0.76       83.44    N/A           59.48    75.18    1.362    1.783    79    0    0     0     95.00  96.25  N/A         N/A          0.68         0.68         96.25  96.102   0.95     12.21       15.9        78       1        2.59          0.83    92.85     0.77    0.85    0.96    0.11    0.94     98.75   5.46    94.05   91.31   0.92    585.90     1.12     97.81    0.60      26.09         2.70          0.00           94.87        
49   T0974s2TS312_3-D1   312s    94.69    100.00  44    N/A       N/A        0.76      0.76       81.88    N/A           44.87    67.85    1.516    2.229    80    0    0     0     97.50  97.50  N/A         N/A          0.76         0.76         97.50  96.875   1.06     12.21       14.8        80       1.5      4.19          0.66    95.62     0.72    0.83    0.99    0.07    0.95     100.00  5.46    96.11   92.98   0.92    592.40     1.03     N/A      0.51      174.37        8.99          7.53           77.42        
50   T0974s2TS261_2-D1   261s    94.38    100.00  50    N/A       N/A        0.75      0.75       82.50    N/A           47.10    73.03    2.18     2.61     80    0    0     0     96.25  96.25  N/A         N/A          0.72         0.72         96.25  95.093   0.79     12.00       14.7        77       0.8      2.44          0.81    92.50     0.78    0.84    0.93    0.09    0.94     96.20   5.46    94.43   90.94   0.92    587.90     2.97     89.95    0.63      1.30          14.61         5.38           82.80        
51   T0974s2TS261_3-D1   261s    93.75    100.00  51    N/A       N/A        0.72      0.72       84.69    N/A           49.58    74.61    2.282    2.655    80    0    0     0     93.75  93.75  N/A         N/A          0.64         0.64         93.75  94.633   0.85     12.00       14.5        77       1.1      1.99          0.83    91.88     0.78    0.86    0.93    0.11    0.94     96.20   5.60    95.09   90.23   0.91    582.10     3.18     91.17    0.66      0.00          12.36         2.15           84.95        
52   T0974s2TS488_3-D1   488s    93.75    100.00  51    N/A       N/A        0.72      0.72       80.31    N/A           52.24    72.54    1.487    2.069    80    0    0     0     98.75  98.75  N/A         N/A          0.80         0.80         98.75  96.645   0.98     12.41       14.8        79       1        0.71          0.80    96.88     0.76    0.83    0.98    0.09    0.95     100.00  5.46    91.80   91.66   0.92    592.70     0.79     N/A      0.51      0.65          0.00          0.00           100.00       
53   T0974s2TS488_1-D1   488s    93.75    100.00  51    0.62      0.62       0.72      0.72       80.62    0.56          54.67    73.09    2.25     2.689    80    0    0     0     95.00  96.25  0.60        0.60         0.68         0.68         96.25  95.197   0.87     12.00       14.2        77       1        0.50          0.82    91.88     0.78    0.85    0.93    0.11    0.94     96.20   5.46    90.39   90.38   0.91    575.10     2.84     N/A      0.61      0.00          0.00          0.00           98.92        
54   T0974s2TS149_1-D1   149s    93.44    100.00  54    0.61      0.61       0.71      0.71       81.25    0.59          48.77    68.76    2.261    2.909    80    0    0     0     91.25  92.50  0.47        0.47         0.56         0.56         92.50  93.942   1.11     12.00       14          77       1.4      3.48          0.80    87.50     0.76    0.84    0.94    0.10    0.93     100.00  5.46    93.11   87.57   0.89    566.20     2.88     91.80    0.61      84.09         4.49          5.38           88.17        
55   T0974s2TS145_3-D1   145s    93.44    100.00  54    N/A       N/A        0.71      0.71       84.69    N/A           46.59    69.74    2.249    2.707    80    0    0     0     93.75  95.00  N/A         N/A          0.64         0.64         95.00  94.304   1.05     12.00       14.3        77       1        2.61          0.79    91.88     0.75    0.83    0.94    0.11    0.94     96.20   5.46    94.36   88.67   0.90    575.80     3.43     91.87    0.59      1.95          17.98         6.45           82.80        
56   T0974s2TS337_4-D1   337s    93.44    100.00  54    N/A       N/A        0.71      0.71       82.19    N/A           45.26    68.88    2.246    2.95     80    0    0     0     91.25  92.50  N/A         N/A          0.56         0.56         92.50  93.942   1.11     12.00       14          77       1.4      2.65          0.80    87.50     0.75    0.84    0.94    0.10    0.93     100.00  5.46    93.00   87.57   0.90    564.70     2.87     17.29    0.59      40.26         2.25          1.08           95.70        
57   T0974s2TS261_4-D1   261s    93.12    100.00  57    N/A       N/A        0.69      0.69       81.88    N/A           47.49    71.77    2.086    2.538    80    0    0     0     93.75  96.25  N/A         N/A          0.64         0.64         96.25  94.32    1.05     12.00       14.2        77       1        2.46          0.80    91.25     0.76    0.84    0.94    0.08    0.94     91.30   5.46    94.46   89.58   0.91    571.30     3.64     72.16    0.58      3.25          8.99          6.45           87.10        
58   T0974s2TS261_5-D1   261s    92.81    100.00  58    N/A       N/A        0.68      0.68       83.75    N/A           44.72    68.37    2.166    2.768    80    0    0     0     92.50  95.00  N/A         N/A          0.60         0.60         95.00  94.161   1.11     12.00       14.2        77       1.1      2.89          0.79    88.12     0.75    0.81    0.94    0.10    0.94     96.20   5.46    91.56   88.98   0.90    575.00     3.64     74.89    0.54      5.85          16.85         5.38           86.02        
59   T0974s2TS488_4-D1   488s    92.81    100.00  58    N/A       N/A        0.68      0.68       78.75    N/A           49.61    68.21    1.56     1.941    80    0    0     0     96.25  98.75  N/A         N/A          0.72         0.72         98.75  96.168   1.11     12.41       14.5        80       1.6      0.50          0.81    97.50     0.79    0.86    0.99    0.10    0.94     100.00  5.46    94.89   91.98   0.90    580.30     0.70     N/A      0.62      0.00          0.00          0.00           100.00       
60   T0974s2TS337_5-D1   337s    92.81    100.00  58    N/A       N/A        0.68      0.68       82.50    N/A           48.18    72.90    2.602    3.277    80    0    0     0     93.75  93.75  N/A         N/A          0.64         0.64         93.75  93.405   0.80     12.00       13.9        75       0.8      2.65          0.79    84.38     0.75    0.82    0.91    0.12    0.94     100.00  5.46    93.13   87.59   0.90    560.60     5.64     16.98    0.58      47.40         4.49          0.00           100.00       
61   T0974s2TS145_1-D1   145s    92.81    100.00  58    0.58      0.58       0.68      0.68       80.62    0.56          46.98    69.98    2.353    2.971    80    0    0     0     95.00  96.25  0.60        0.60         0.68         0.68         96.25  95.285   0.94     12.00       14.4        77       0.9      3.07          0.79    88.75     0.74    0.82    0.92    0.10    0.93     95.00   5.46    94.93   91.55   0.90    582.40     2.61     90.00    0.53      9.10          15.73         8.60           83.87        
62   T0974s2TS261_1-D1   261s    92.50    100.00  62    0.57      0.57       0.67      0.67       84.69    0.73          49.46    70.30    2.507    2.99     80    0    0     0     92.50  91.25  0.51        0.51         0.60         0.60         93.75  94.227   1.13     12.00       14.2        77       1.3      2.60          0.81    87.50     0.76    0.83    0.92    0.12    0.93     96.20   5.46    95.26   90.51   0.90    571.70     2.77     86.46    0.59      4.55          11.24         2.15           89.25        
63   T0974s2TS145_4-D1   145s    92.50    100.00  62    N/A       N/A        0.67      0.67       84.69    N/A           48.92    72.13    2.151    2.697    80    0    0     0     92.50  93.75  N/A         N/A          0.60         0.60         93.75  94.057   1.12     12.00       14.4        77       1.2      2.33          0.80    88.75     0.75    0.82    0.94    0.10    0.94     96.20   5.60    91.83   89.48   0.91    578.00     3.61     74.74    0.57      0.65          19.10         5.38           86.02        
64   T0974s2TS164_2-D1   164s    91.56    100.00  64    N/A       N/A        0.63      0.63       77.19    N/A           47.47    66.50    2.858    3.276    80    0    0     0     88.75  90.00  N/A         N/A          0.48         0.48         90.00  91.321   0.98     12.21       12.6        76       1.6      2.51          0.72    86.88     0.73    0.82    0.91    0.16    0.92     100.00  5.46    93.06   85.56   0.87    512.50     4.86     85.62    0.54      55.23         0.00          1.08           95.70        
65   T0974s2TS243_2-D1   243s    91.25    100.00  65    N/A       N/A        0.61      0.61       83.44    N/A           53.02    69.39    3.385    3.775    80    0    0     0     90.00  91.25  N/A         N/A          0.52         0.52         91.25  90.488   0.72     11.80       13.7        74       1.2      1.85          0.79    84.38     0.74    0.79    0.89    0.13    0.91     100.00  5.46    93.87   86.93   0.88    552.80     8.15     83.74    0.51      22.73         0.00          0.00           98.92        
66   T0974s2TS243_5-D1   243s    91.25    100.00  65    N/A       N/A        0.61      0.61       83.44    N/A           53.02    69.39    3.385    3.775    80    0    0     0     90.00  91.25  N/A         N/A          0.52         0.52         91.25  90.488   0.72     11.80       13.7        74       1.2      1.85          0.79    84.38     0.74    0.79    0.89    0.13    0.91     100.00  5.46    93.87   86.93   0.88    552.80     8.15     83.74    0.51      22.73         0.00          0.00           98.92        
67   T0974s2TS243_3-D1   243s    91.25    100.00  65    N/A       N/A        0.61      0.61       83.44    N/A           53.02    69.39    3.385    3.775    80    0    0     0     90.00  91.25  N/A         N/A          0.52         0.52         91.25  90.488   0.72     11.80       13.7        74       1.2      1.85          0.79    84.38     0.74    0.79    0.89    0.13    0.91     100.00  5.46    93.87   86.93   0.88    552.80     8.15     83.74    0.51      22.73         0.00          0.00           98.92        
68   T0974s2TS243_4-D1   243s    91.25    100.00  65    N/A       N/A        0.61      0.61       83.44    N/A           53.02    69.39    3.385    3.775    80    0    0     0     90.00  91.25  N/A         N/A          0.52         0.52         91.25  90.488   0.72     11.80       13.7        74       1.2      1.85          0.79    84.38     0.74    0.79    0.89    0.13    0.91     100.00  5.46    93.87   86.93   0.88    552.80     8.15     83.74    0.51      22.73         0.00          0.00           98.92        
69   T0974s2TS160_5-D1   160s    91.25    100.00  65    N/A       N/A        0.61      0.61       78.44    N/A           48.03    69.89    2.96     3.559    80    0    0     0     91.25  91.25  N/A         N/A          0.56         0.56         91.25  91.316   0.98     11.59       12.9        75       1.5      2.32          0.69    83.12     0.72    0.79    0.91    0.17    0.92     100.00  5.46    92.89   85.90   0.88    526.30     6.54     79.37    0.51      34.42         0.00          1.08           95.70        
70   T0974s2TS488_5-D1   488s    91.25    100.00  65    N/A       N/A        0.61      0.61       78.12    N/A           51.40    69.63    2.488    2.829    80    0    0     0     92.50  93.75  N/A         N/A          0.60         0.60         95.00  95.016   1.02     12.21       14          76       1        0.85          0.78    90.00     0.75    0.82    0.94    0.13    0.93     88.40   5.46    95.06   90.25   0.89    563.40     4.30     N/A      0.56      1.30          0.00          0.00           100.00       
71   T0974s2TS004_1-D1   004s    91.25    100.00  65    0.51      0.51       0.61      0.61       76.56    0.40          51.40    69.50    2.783    3.333    80    0    0     0     88.75  90.00  0.38        0.38         0.48         0.48         93.75  94.095   1.14     12.21       14.5        76       1.3      0.77          0.78    84.38     0.74    0.79    0.92    0.15    0.92     92.30   5.46    89.71   86.07   0.87    544.80     4.72     90.13    0.53      0.00          2.25          0.00           100.00       
72   T0974s2TS007_4-D1   007s    91.25    100.00  65    N/A       N/A        0.61      0.61       79.38    N/A           52.24    69.61    3.573    4.046    80    3    0     0     88.75  88.75  N/A         N/A          0.48         0.48         93.75  94.457   1.08     11.80       14.1        77       1.3      2.45          0.80    81.88     0.76    0.81    0.86    0.16    0.92     100.00  5.46    92.81   86.89   0.87    567.40     10.73    19.98    0.62      55.19         1.12          0.00           96.77        
73   T0974s2TS004_2-D1   004s    91.25    100.00  65    N/A       N/A        0.61      0.61       76.56    N/A           51.40    69.50    2.783    3.333    80    0    0     0     88.75  90.00  N/A         N/A          0.48         0.48         93.75  94.095   1.14     12.21       14.5        76       1.3      0.77          0.78    84.38     0.74    0.79    0.92    0.15    0.92     92.30   5.46    89.71   86.07   0.87    544.80     4.72     90.13    0.53      0.00          2.25          0.00           100.00       
74   T0974s2TS145_2-D1   145s    91.25    100.00  65    N/A       N/A        0.61      0.61       78.12    N/A           47.15    66.94    2.545    3.011    80    0    0     0     92.50  91.25  N/A         N/A          0.60         0.60         93.75  93.558   1.29     12.00       13.8        77       1.4      3.31          0.79    88.12     0.73    0.83    0.92    0.12    0.92     96.20   5.46    94.15   89.64   0.88    555.40     3.05     87.03    0.54      20.14         11.24         4.30           81.72        
75   T0974s2TS145_5-D1   145s    90.94    100.00  75    N/A       N/A        0.60      0.60       82.50    N/A           48.50    72.52    3.863    4.262    80    0    0     0     90.00  90.00  N/A         N/A          0.52         0.52         90.00  90.334   0.82     11.39       13.8        74       1.2      2.26          0.79    82.50     0.76    0.80    0.87    0.17    0.88     96.20   5.60    94.32   87.80   0.89    557.30     9.43     85.88    0.60      1.30          10.11         5.38           86.02        
76   T0974s2TS085_4-D1   085s    90.94    100.00  75    N/A       N/A        0.60      0.60       81.25    N/A           52.04    72.51    4.184    4.516    80    0    0     0     90.00  90.00  N/A         N/A          0.52         0.52         90.00  89.523   0.68     11.39       13.4        73       1.4      2.12          0.75    83.12     0.75    0.80    0.88    0.24    0.86     93.80   5.46    93.92   87.20   0.88    543.00     9.84     N/A      0.57      27.27         0.00          1.08           96.77        
77   T0974s2TS164_5-D1   164s    90.94    100.00  75    N/A       N/A        0.60      0.60       75.62    N/A           45.09    63.54    2.927    3.356    80    0    0     0     90.00  90.00  N/A         N/A          0.52         0.52         90.00  91.299   0.94     12.00       12.6        74       1.3      2.73          0.68    85.62     0.71    0.80    0.92    0.13    0.92     100.00  5.46    92.51   85.64   0.87    512.60     4.26     81.49    0.51      51.33         1.12          2.15           91.40        
78   T0974s2TS246_1-D1   246s    90.94    100.00  75    0.50      0.50       0.60      0.60       82.50    0.64          54.79    73.45    3.091    3.496    80    0    0     0     90.00  91.25  0.43        0.43         0.52         0.52         91.25  90.932   0.81     10.57       13.7        75       1.6      2.28          0.81    84.38     0.77    0.83    0.90    0.14    0.92     100.00  5.46    93.85   86.72   0.88    553.70     6.35     90.68    0.61      58.44         1.12          0.00           100.00       
79   T0974s2TS246_2-D1   246s    90.94    100.00  75    N/A       N/A        0.60      0.60       82.50    N/A           54.79    73.45    3.091    3.496    80    0    0     0     90.00  91.25  N/A         N/A          0.52         0.52         91.25  90.932   0.81     10.57       13.7        75       1.6      2.28          0.81    84.38     0.77    0.83    0.90    0.14    0.92     100.00  5.46    93.85   86.72   0.88    553.70     6.35     90.68    0.61      58.44         1.12          0.00           100.00       
80   T0974s2TS246_3-D1   246s    90.94    100.00  75    N/A       N/A        0.60      0.60       82.50    N/A           54.79    73.45    3.091    3.496    80    0    0     0     90.00  91.25  N/A         N/A          0.52         0.52         91.25  90.932   0.81     10.57       13.7        75       1.6      2.28          0.81    84.38     0.77    0.83    0.90    0.14    0.92     100.00  5.46    93.85   86.72   0.88    553.70     6.35     90.68    0.61      58.44         1.12          0.00           100.00       
81   T0974s2TS246_4-D1   246s    90.94    100.00  75    N/A       N/A        0.60      0.60       82.50    N/A           54.79    73.45    3.091    3.496    80    0    0     0     90.00  91.25  N/A         N/A          0.52         0.52         91.25  90.932   0.81     10.57       13.7        75       1.6      2.28          0.81    84.38     0.77    0.83    0.90    0.14    0.92     100.00  5.46    93.85   86.72   0.88    553.70     6.35     90.68    0.61      58.44         1.12          0.00           100.00       
82   T0974s2TS160_1-D1   160s    90.94    100.00  75    0.50      0.50       0.60      0.60       77.50    0.44          49.21    67.84    3.199    3.561    80    0    0     0     90.00  91.25  0.43        0.43         0.52         0.52         91.25  90.976   1.08     11.80       13          75       1.4      2.08          0.73    83.75     0.74    0.81    0.89    0.17    0.92     100.00  5.46    93.38   86.42   0.87    529.50     7.36     90.09    0.57      33.14         1.12          0.00           97.85        
83   T0974s2TS164_1-D1   164s    90.62    100.00  83    0.49      0.49       0.59      0.59       75.94    0.37          38.28    61.31    2.869    3.547    80    0    0     0     88.75  90.00  0.38        0.38         0.48         0.48         90.00  91.08    1.33     12.00       12.5        76       1.6      2.87          0.64    84.38     0.68    0.76    0.91    0.12    0.92     100.00  5.46    91.36   85.35   0.87    511.10     4.44     90.12    0.41      50.68         2.25          2.15           93.55        
84   T0974s2TS085_3-D1   085s    90.31    100.00  84    N/A       N/A        0.57      0.57       81.25    N/A           53.54    72.75    3.873    4.095    80    0    0     0     90.00  90.00  N/A         N/A          0.52         0.52         90.00  89.523   0.66     11.19       13.3        73       1.3      1.97          0.74    82.50     0.76    0.81    0.90    0.27    0.87     95.00   5.46    90.34   87.54   0.88    540.30     5.73     N/A      0.60      30.52         0.00          0.00           98.92        
85   T0974s2TS246_5-D1   246s    90.31    100.00  84    N/A       N/A        0.57      0.57       81.56    N/A           45.77    70.08    3.149    3.519    80    0    0     0     90.00  90.00  N/A         N/A          0.52         0.52         90.00  90.899   1.18     11.80       13.8        75       1.6      2.51          0.79    85.00     0.76    0.82    0.92    0.12    0.90     100.00  5.46    94.15   87.53   0.88    555.70     5.47     91.51    0.61      50.00         1.12          2.15           95.70        
86   T0974s2TS116_3-D1   116s    89.69    100.00  86    N/A       N/A        0.55      0.55       76.88    N/A           29.93    59.99    4.498    5.075    80    0    0     0     90.00  90.00  N/A         N/A          0.52         0.52         90.00  89.792   0.73     11.39       14.4        73       1.1      2.57          0.68    81.88     0.64    0.72    0.84    0.17    0.88     100.00  5.46    91.79   85.79   0.87    534.00     13.88    20.17    0.34      72.73         1.12          0.00           96.77        
87   T0974s2TS160_2-D1   160s    89.69    100.00  86    N/A       N/A        0.55      0.55       75.94    N/A           41.67    63.26    3.132    3.792    80    0    0     0     90.00  91.25  N/A         N/A          0.52         0.52         91.25  90.702   0.98     11.80       12.7        75       1.3      2.61          0.67    82.50     0.67    0.77    0.87    0.17    0.92     83.20   5.46    92.67   84.54   0.87    517.60     8.41     82.67    0.46      51.33         0.00          1.08           93.55        
88   T0974s2TS160_4-D1   160s    89.69    100.00  86    N/A       N/A        0.55      0.55       75.62    N/A           40.25    64.40    3.451    3.936    80    0    0     0     90.00  91.25  N/A         N/A          0.52         0.52         91.25  90.197   0.81     12.00       12.8        75       1.5      2.43          0.64    81.25     0.68    0.75    0.87    0.19    0.91     100.00  5.46    91.43   85.56   0.87    521.00     9.19     82.13    0.42      41.59         1.12          0.00           95.70        
89   T0974s2TS164_4-D1   164s    89.69    100.00  86    N/A       N/A        0.55      0.55       74.38    N/A           43.12    65.86    3.141    3.654    80    0    0     0     90.00  90.00  N/A         N/A          0.52         0.52         90.00  90.186   1.06     11.59       12.3        73       1.1      2.32          0.67    83.12     0.72    0.78    0.90    0.19    0.91     99.20   5.46    92.58   86.12   0.86    506.50     5.01     84.30    0.53      39.64         1.12          1.08           96.77        
90   T0974s2TS164_3-D1   164s    89.69    100.00  86    N/A       N/A        0.55      0.55       73.12    N/A           40.88    61.43    2.97     3.409    80    0    0     0     88.75  88.75  N/A         N/A          0.48         0.48         88.75  90.055   1.05     12.00       11.9        76       1.8      2.56          0.67    86.88     0.68    0.78    0.92    0.13    0.91     100.00  5.33    92.20   84.12   0.85    488.30     4.37     81.35    0.44      46.13         0.00          3.23           93.55        
91   T0974s2TS085_2-D1   085s    89.38    100.00  91    N/A       N/A        0.53      0.53       75.00    N/A           48.62    67.70    3.168    3.654    80    0    0     0     90.00  91.25  N/A         N/A          0.52         0.52         91.25  90.493   1.14     12.00       12.7        75       1.4      2.02          0.70    83.12     0.73    0.80    0.89    0.18    0.92     100.00  5.46    92.70   85.98   0.87    516.70     6.99     N/A      0.55      31.82         0.00          0.00           97.85        
92   T0974s2TS007_3-D1   007s    89.38    100.00  91    N/A       N/A        0.53      0.53       81.56    N/A           48.89    72.37    4.455    4.769    80    3    0     0     88.75  87.50  N/A         N/A          0.48         0.48         95.00  94.068   1.21     10.57       14.1        78       1.5      2.72          0.78    81.25     0.74    0.79    0.81    0.18    0.88     100.00  5.46    91.79   84.06   0.87    569.00     15.82    20.57    0.61      61.04         2.25          0.00           96.77        
93   T0974s2TS110_3-D1   110s    89.06    100.00  93    N/A       N/A        0.52      0.52       79.06    N/A           47.37    70.85    3.69     4.117    80    1    0     0     88.75  90.00  N/A         N/A          0.48         0.48         90.00  89.09    0.84     11.39       13          72       0.8      2.73          0.76    82.50     0.74    0.78    0.84    0.23    0.93     100.00  5.46    88.35   84.14   0.87    527.30     25.02    N/A      0.56      55.88         0.00          4.30           91.40        
94   T0974s2TS116_1-D1   116s    89.06    100.00  93    0.42      0.42       0.52      0.52       75.94    0.37          30.64    60.73    4.36     5.002    80    1    0     0     90.00  90.00  0.43        0.43         0.52         0.52         90.00  88.925   0.78     10.57       14.3        73       1.2      3.17          0.68    78.12     0.64    0.71    0.85    0.16    0.89     100.00  5.46    91.45   84.78   0.86    530.20     13.95    20.33    0.35      81.17         4.49          0.00           95.70        
95   T0974s2TS110_4-D1   110s    88.75    100.00  95    N/A       N/A        0.51      0.51       76.88    N/A           45.09    68.14    3.778    4.217    80    1    0     0     87.50  90.00  N/A         N/A          0.44         0.44         90.00  88.196   1.08     11.39       12.5        72       0.9      2.64          0.73    80.62     0.71    0.75    0.84    0.24    0.92     100.00  5.46    87.19   82.44   0.86    511.40     24.18    N/A      0.50      55.27         0.00          2.15           93.55        
96   T0974s2TS160_3-D1   160s    88.75    100.00  95    N/A       N/A        0.51      0.51       72.19    N/A           39.85    62.29    2.844    3.522    80    0    0     0     90.00  92.50  N/A         N/A          0.52         0.52         92.50  91.924   1.30     11.19       12.3        76       1.3      2.29          0.66    81.25     0.67    0.76    0.90    0.18    0.92     96.20   5.33    89.05   83.32   0.86    502.20     7.17     83.74    0.45      29.24         1.12          1.08           95.70        
97   T0974s2TS110_5-D1   110s    88.44    100.00  97    N/A       N/A        0.49      0.49       77.50    N/A           47.25    69.64    3.731    4.138    80    1    0     0     87.50  90.00  N/A         N/A          0.44         0.44         90.00  89.013   0.92     11.39       12.6        72       0.8      2.72          0.75    81.25     0.73    0.77    0.84    0.25    0.93     100.00  5.46    89.94   83.00   0.86    515.70     24.14    N/A      0.53      47.46         0.00          4.30           89.25        
98   T0974s2TS116_5-D1   116s    88.44    100.00  97    N/A       N/A        0.49      0.49       75.62    N/A           32.02    60.32    4.08     4.609    80    0    0     0     88.75  88.75  N/A         N/A          0.48         0.48         88.75  88.777   0.91     11.80       13          74       1.8      2.40          0.70    80.62     0.66    0.73    0.87    0.17    0.88     100.00  5.46    91.84   85.96   0.86    532.30     9.22     21.00    0.39      72.73         1.12          1.08           97.85        
99   T0974s2TS110_1-D1   110s    88.44    100.00  97    0.39      0.39       0.49      0.49       76.25    0.39          45.85    68.76    3.732    4.145    80    1    0     0     87.50  90.00  0.34        0.34         0.44         0.44         90.00  88.761   1.00     11.39       12.7        72       0.8      2.70          0.73    82.50     0.72    0.76    0.84    0.23    0.93     100.00  5.46    91.38   83.17   0.86    518.20     24.11    N/A      0.49      40.29         0.00          4.30           87.10        
100  T0974s2TS085_5-D1   085s    88.12    100.00  100   N/A       N/A        0.48      0.48       70.62    N/A           43.49    63.20    3.121    3.64     80    0    0     0     88.75  90.00  N/A         N/A          0.48         0.48         90.00  89.978   1.13     11.80       12.2        75       1.4      2.37          0.68    83.12     0.69    0.77    0.89    0.19    0.92     100.00  5.33    91.86   85.04   0.85    500.50     6.72     N/A      0.47      33.12         0.00          1.08           94.62        
101  T0974s2TS116_4-D1   116s    87.81    100.00  101   N/A       N/A        0.47      0.47       74.69    N/A           30.79    59.47    4.7      5.27     80    0    0     0     88.75  90.00  N/A         N/A          0.48         0.48         90.00  88.377   0.92     10.37       14          73       1.3      2.84          0.67    73.12     0.63    0.69    0.85    0.27    0.86     100.00  5.46    89.66   83.57   0.85    517.80     13.01    21.10    0.34      57.79         1.12          4.30           89.25        
102  T0974s2TS110_2-D1   110s    87.81    100.00  101   N/A       N/A        0.47      0.47       76.25    N/A           43.10    67.13    3.796    4.19     80    1    0     0     87.50  88.75  N/A         N/A          0.44         0.44         88.75  88.816   1.00     11.39       12.5        72       0.9      2.83          0.70    81.25     0.70    0.74    0.85    0.26    0.92     100.00  5.46    88.61   83.00   0.86    511.00     23.23    N/A      0.45      58.52         0.00          3.23           88.17        
103  T0974s2TS441_5-D1   441s    87.50    100.00  103   N/A       N/A        0.45      0.45       76.56    N/A           52.36    68.36    3.291    3.546    80    0    0     0     90.00  91.25  N/A         N/A          0.52         0.52         91.25  88.788   1.04     11.59       12.8        74       1.3      2.80          0.76    83.75     0.76    0.82    0.88    0.16    0.91     86.30   5.46    87.78   85.00   0.86    520.60     9.48     54.48    0.61      27.92         4.49          3.23           94.62        
104  T0974s2TS337_1-D1   337s    87.50    100.00  103   0.35      0.35       0.45      0.45       76.56    0.40          52.36    68.36    3.291    3.546    80    0    0     0     90.00  91.25  0.43        0.43         0.52         0.52         91.25  88.788   1.04     11.59       12.8        74       1.3      2.80          0.76    83.75     0.76    0.82    0.88    0.16    0.91     86.30   5.46    87.78   85.00   0.86    520.60     9.48     54.48    0.61      27.92         4.49          3.23           94.62        
105  T0974s2TS116_2-D1   116s    87.50    100.00  103   N/A       N/A        0.45      0.45       75.31    N/A           32.51    61.39    4.003    4.667    80    0    0     0     87.50  88.75  N/A         N/A          0.44         0.44         88.75  89.962   0.94     11.80       12.8        73       1.4      3.41          0.68    75.62     0.63    0.70    0.85    0.14    0.90     100.00  5.46    91.20   84.40   0.85    521.60     12.01    20.88    0.35      75.32         4.49          3.23           89.25        
106  T0974s2TS312_4-D1   312s    86.56    100.00  106   N/A       N/A        0.42      0.42       73.12    N/A           36.24    61.49    5.401    5.844    80    0    0     0     88.75  88.75  N/A         N/A          0.48         0.48         88.75  88.279   0.95     11.39       12.3        73       1.2      4.08          0.60    79.38     0.63    0.74    0.73    0.15    0.91     90.20   5.33    88.97   81.41   0.85    503.00     28.40    N/A      0.37      206.63        6.74          6.45           83.87        
107  T0974s2TS085_1-D1   085s    86.25    100.00  107   0.30      0.30       0.40      0.40       68.44    0.07          42.24    62.06    2.839    3.623    80    0    0     0     91.25  92.50  0.47        0.47         0.56         0.56         92.50  89.879   1.24     11.80       12.5        75       1.2      2.13          0.67    84.38     0.68    0.76    0.90    0.17    0.92     96.20   5.33    91.40   85.45   0.86    515.50     6.66     N/A      0.46      41.56         0.00          0.00           97.85        
108  T0974s2TS312_2-D1   312s    86.25    100.00  107   N/A       N/A        0.40      0.40       72.81    N/A           37.40    61.57    5.407    5.801    80    0    0     0     88.75  88.75  N/A         N/A          0.48         0.48         88.75  88.279   0.95     11.39       12.3        73       1.2      4.15          0.58    78.12     0.64    0.73    0.73    0.16    0.92     90.20   5.33    89.05   81.49   0.85    503.50     28.43    N/A      0.37      193.76        8.99          6.45           83.87        
109  T0974s2TS152_2-D1   152s    75.94    100.00  109   N/A       N/A        -0.03     -0.03      56.25    N/A           29.88    48.31    4.986    5.465    80    1    0     0     81.25  87.50  N/A         N/A          0.23         0.23         87.50  82.314   1.50     11.19       9.4         73       1.9      3.40          0.61    70.62     0.61    0.67    0.77    0.30    0.82     100.00  5.19    83.54   72.82   0.76    399.70     14.04    87.65    0.38      16.87         15.73         8.60           77.42        
110  T0974s2TS124_4-D1   124s    75.00    100.00  110   N/A       N/A        -0.07     -0.07      55.94    N/A           23.29    47.50    4.796    5.285    80    0    0     0     85.00  87.50  N/A         N/A          0.36         0.36         87.50  83.136   1.61     11.39       9.7         73       1.8      3.38          0.62    73.75     0.61    0.69    0.80    0.29    0.84     87.90   5.19    86.63   77.88   0.76    413.60     13.19    84.94    0.34      111.69        5.62          1.08           95.70        
111  T0974s2TS152_1-D1   152s    74.69    100.00  111   -0.20     -0.20      -0.09     -0.09      55.31    -0.47         31.20    46.80    4.967    5.497    80    1    0     0     83.75  88.75  0.22        0.22         0.31         0.31         88.75  81.968   1.68     10.17       9.4         73       2        2.83          0.62    73.12     0.61    0.68    0.80    0.27    0.83     100.00  5.19    82.98   75.22   0.74    400.80     14.10    88.04    0.34      17.53         2.25          13.98          72.04        
112  T0974s2TS498_4-D1   498s    74.38    100.00  112   N/A       N/A        -0.10     -0.10      54.38    N/A           22.68    43.21    3.334    3.986    80    0    0     0     76.25  88.75  N/A         N/A          0.07         0.07         88.75  81.796   1.98     12.00       9.2         74       2.2      3.44          0.62    76.88     0.64    0.67    0.91    0.27    0.88     100.00  5.04    78.64   75.72   0.72    395.80     7.10     89.28    0.37      22.73         15.73         5.38           83.87        
113  T0974s2TS152_4-D1   152s    73.75    100.00  113   N/A       N/A        -0.13     -0.13      54.06    N/A           24.72    44.20    5.182    5.666    80    0    0     0     85.00  88.75  N/A         N/A          0.36         0.36         88.75  81.387   1.74     11.19       9.2         72       1.7      2.98          0.60    73.75     0.59    0.66    0.76    0.33    0.81     100.00  5.19    83.34   73.72   0.73    395.80     13.81    88.09    0.31      17.53         4.49          4.30           79.57        
114  T0974s2TS124_5-D1   124s    73.75    100.00  113   N/A       N/A        -0.13     -0.13      54.38    N/A           23.81    45.19    5.238    5.606    80    0    0     0     85.00  87.50  N/A         N/A          0.36         0.36         87.50  81.25    1.52     10.78       9.3         73       2        3.25          0.60    73.75     0.59    0.65    0.74    0.38    0.81     100.00  5.19    82.54   76.12   0.74    399.50     16.61    85.33    0.30      98.05         4.49          1.08           95.70        
115  T0974s2TS004_4-D1   004s    73.44    100.00  115   N/A       N/A        -0.14     -0.14      55.94    N/A           31.92    45.65    4.591    5.47     80    0    0     0     76.25  86.25  N/A         N/A          0.07         0.07         86.25  80.658   1.68     10.98       9.4         71       2        0.68          0.59    61.88     0.62    0.63    0.80    0.33    0.86     87.10   4.89    73.99   71.22   0.71    372.90     16.16    84.20    0.36      0.00          1.30          0.00           97.53        
116  T0974s2TS498_3-D1   498s    72.81    100.00  116   N/A       N/A        -0.17     -0.17      53.12    N/A           24.30    43.37    3.434    3.996    80    0    0     0     77.50  87.50  N/A         N/A          0.11         0.11         87.50  81.462   1.93     11.39       9.4         75       2.4      3.54          0.63    79.38     0.63    0.69    0.91    0.28    0.88     100.00  5.04    81.20   77.09   0.72    400.80     6.32     89.62    0.39      27.92         14.61         5.38           80.65        
117  T0974s2TS152_5-D1   152s    72.81    100.00  116   N/A       N/A        -0.17     -0.17      53.12    N/A           25.50    44.04    5.215    5.694    80    0    0     0     81.25  86.25  N/A         N/A          0.23         0.23         86.25  80.866   1.66     11.39       8.9         73       2.2      3.32          0.59    70.62     0.58    0.64    0.75    0.32    0.82     100.00  5.04    83.80   72.65   0.73    382.50     16.67    87.13    0.28      15.58         14.61         9.68           79.57        
118  T0974s2TS124_2-D1   124s    72.81    100.00  116   N/A       N/A        -0.17     -0.17      54.69    N/A           23.39    43.50    5.536    5.882    80    0    0     0     86.25  87.50  N/A         N/A          0.40         0.40         87.50  79.825   1.60     10.98       8.9         71       1.7      2.96          0.60    70.00     0.58    0.66    0.72    0.48    0.80     100.00  5.19    80.81   75.74   0.72    382.10     15.96    84.98    0.29      107.79        2.25          1.08           96.77        
119  T0974s2TS152_3-D1   152s    72.50    100.00  119   N/A       N/A        -0.18     -0.18      52.81    N/A           26.83    45.27    5.101    5.508    80    1    0     0     85.00  88.75  N/A         N/A          0.36         0.36         88.75  80.236   1.68     11.39       9.5         73       2.2      3.44          0.62    76.25     0.63    0.68    0.78    0.31    0.82     96.20   5.19    82.68   75.92   0.73    405.10     12.53    87.15    0.38      18.18         14.61         7.53           74.19        
120  T0974s2TS498_2-D1   498s    72.50    100.00  119   N/A       N/A        -0.18     -0.18      52.81    N/A           23.51    41.90    3.644    4.234    80    2    0     0     77.50  88.75  N/A         N/A          0.11         0.11         88.75  80.624   1.98     11.59       9           76       2.6      3.51          0.62    75.00     0.62    0.67    0.90    0.27    0.88     100.00  5.04    78.22   74.25   0.71    385.80     7.46     89.13    0.36      22.73         15.73         5.38           78.49        
121  T0974s2TS149_2-D1   149s    72.50    100.00  119   N/A       N/A        -0.18     -0.18      52.50    N/A           21.06    40.94    3.965    4.929    80    0    0     0     73.75  87.50  N/A         N/A          -0.01        -0.01        87.50  79.534   1.89     10.37       8.5         72       2.1      4.10          0.55    68.75     0.59    0.65    0.86    0.29    0.88     90.90   4.89    65.98   74.03   0.70    371.50     9.92     89.44    0.33      146.39        12.36         8.60           86.02        
122  T0974s2TS498_5-D1   498s    72.19    100.00  122   N/A       N/A        -0.19     -0.19      53.12    N/A           24.74    43.52    3.736    4.217    80    0    0     0     75.00  88.75  N/A         N/A          0.03         0.03         88.75  80.988   1.93     9.76        9.2         75       2.5      3.33          0.62    76.25     0.64    0.68    0.89    0.28    0.87     100.00  5.04    80.39   74.87   0.72    394.60     8.56     88.54    0.39      21.43         14.61         6.45           87.10        
123  T0974s2TS498_1-D1   498s    72.19    100.00  122   -0.31     -0.31      -0.19     -0.19      52.19    -0.60         24.79    42.41    3.52     4.144    80    1    0     0     77.50  88.75  0.00        0.00         0.11         0.11         88.75  80.824   1.94     11.59       9.1         75       2.3      3.39          0.62    76.88     0.64    0.68    0.91    0.25    0.88     100.00  5.04    80.11   74.38   0.72    390.00     6.41     88.92    0.40      22.08         12.36         7.53           80.65        
124  T0974s2TS149_4-D1   149s    71.88    100.00  124   N/A       N/A        -0.21     -0.21      54.06    N/A           26.90    43.56    4.112    4.912    80    0    0     0     75.00  82.50  N/A         N/A          0.03         0.03         82.50  79.749   1.73     10.57       8           69       2.4      3.96          0.52    64.38     0.57    0.62    0.83    0.36    0.85     86.70   4.58    61.93   71.44   0.70    353.60     10.04    87.82    0.34      125.16        8.99          6.45           83.87        
125  T0974s2TS124_3-D1   124s    71.56    100.00  125   N/A       N/A        -0.22     -0.22      51.88    N/A           23.56    44.41    5.735    6.046    80    0    0     0     83.75  87.50  N/A         N/A          0.31         0.31         87.50  80.28    1.64     10.98       9.1         72       1.9      3.10          0.60    71.25     0.60    0.67    0.72    0.45    0.79     100.00  5.19    80.86   75.22   0.73    392.30     16.26    84.60    0.29      108.44        3.37          2.15           96.77        
126  T0974s2TS282_1-D1   282s    71.25    100.00  126   -0.35     -0.35      -0.23     -0.23      50.00    -0.69         21.62    37.95    3.12     3.98     80    0    0     0     81.25  90.00  0.13        0.13         0.23         0.23         90.00  79.937   1.99     12.00       8.2         75       2.1      3.21          0.57    75.00     0.58    0.66    0.90    0.30    0.89     100.00  4.89    77.98   71.27   0.71    357.80     6.62     60.57    0.28      18.83         10.11         4.30           83.87        
127  T0974s2TS124_1-D1   124s    70.62    100.00  127   -0.38     -0.38      -0.26     -0.26      50.31    -0.67         20.30    41.23    4.76     5.323    80    0    0     0     83.75  88.75  0.22        0.22         0.31         0.31         88.75  81.157   1.69     11.59       8.9         73       1.9      3.43          0.57    71.25     0.57    0.63    0.78    0.33    0.84     100.00  5.04    80.35   75.15   0.72    382.30     13.57    85.93    0.27      138.96        6.74          1.08           96.77        
128  T0974s2TS407_2-D1   407s    69.69    100.00  128   N/A       N/A        -0.30     -0.30      49.69    N/A           26.63    39.09    3.63     4.246    80    0    0     0     75.00  92.50  N/A         N/A          0.03         0.03         92.50  77.411   2.07     11.80       9.2         77       2.6      1.12          0.63    79.38     0.65    0.70    0.89    0.31    0.85     87.40   5.04    82.77   77.99   0.69    395.40     8.56     85.51    0.41      3.25          0.00          0.00           98.92        
129  T0974s2TS266_5-D1   266s    69.69    100.00  128   N/A       N/A        -0.30     -0.30      52.19    N/A           23.56    41.98    4.617    5.292    80    2    0     0     72.50  75.00  N/A         N/A          -0.05        -0.05        80.00  76.586   1.70     9.76        7.8         69       2.5      2.71          0.56    63.75     0.55    0.60    0.79    0.41    0.84     86.70   4.58    57.98   70.04   0.67    348.20     9.56     N/A      0.28      80.57         1.12          1.08           95.70        
130  T0974s2TS149_3-D1   149s    69.38    100.00  130   N/A       N/A        -0.31     -0.31      49.69    N/A           22.24    39.78    4.384    5.176    80    0    0     0     72.50  81.25  N/A         N/A          -0.05        -0.05        81.25  68.423   1.81     10.98       7.3         71       2.6      3.89          0.52    60.00     0.54    0.61    0.84    0.44    0.83     90.20   4.74    64.74   69.04   0.68    326.90     10.11    79.64    0.27      158.82        5.62          7.53           84.95        
131  T0974s2TS004_3-D1   004s    69.06    100.00  131   N/A       N/A        -0.32     -0.32      50.31    N/A           26.93    35.50    4.579    5.004    80    0    0     0     67.50  80.00  N/A         N/A          -0.21        -0.21        80.00  70.701   1.91     10.98       9.1         74       3        1.16          0.59    69.38     0.63    0.66    0.83    0.33    0.86     97.50   5.04    76.40   72.36   0.65    369.00     13.69    81.58    0.38      0.00          2.60          0.00           95.06        
132  T0974s2TS282_4-D1   282s    68.75    100.00  132   N/A       N/A        -0.34     -0.34      47.50    N/A           22.97    36.99    3.6      4.386    80    1    0     0     78.75  85.00  N/A         N/A          0.15         0.15         85.00  75.298   1.93     12.00       7           74       2.4      3.78          0.56    74.38     0.56    0.66    0.82    0.38    0.86     90.20   4.89    83.58   72.03   0.69    318.40     9.04     61.39    0.24      47.40         12.36         10.75          74.19        
133  T0974s2TS149_5-D1   149s    68.12    100.00  133   N/A       N/A        -0.36     -0.36      48.44    N/A           23.22    38.87    4.658    5.566    80    0    0     0     71.25  78.75  N/A         N/A          -0.09        -0.09        78.75  64.37    1.72     11.19       7.2         69       2.3      4.37          0.49    60.00     0.53    0.59    0.81    0.40    0.84     90.00   4.74    63.06   66.63   0.67    322.30     13.98    88.08    0.25      157.65        17.98         6.45           78.49        
134  T0974s2TS282_2-D1   282s    67.50    100.00  134   N/A       N/A        -0.39     -0.39      46.25    N/A           21.06    36.92    3.664    4.511    80    0    0     0     73.75  87.50  N/A         N/A          -0.01        -0.01        87.50  70.471   2.04     11.59       7.6         75       2.4      3.56          0.55    65.00     0.56    0.64    0.84    0.39    0.86     100.00  4.89    75.83   71.08   0.68    337.80     8.70     59.43    0.21      27.27         13.48         7.53           76.34        
135  T0974s2TS004_5-D1   004s    66.56    100.00  135   N/A       N/A        -0.43     -0.43      49.06    N/A           24.84    41.25    4.777    5.582    80    0    0     0     70.00  75.00  N/A         N/A          -0.13        -0.13        81.25  73.886   1.85     9.96        7.9         70       2.6      0.98          0.59    61.25     0.61    0.62    0.84    0.39    0.83     86.60   4.74    63.48   71.05   0.66    345.90     9.25     79.16    0.37      0.65          2.25          0.00           98.92        
136  T0974s2TS497_2-D1   497s    65.31    100.00  136   N/A       N/A        -0.48     -0.48      46.25    N/A           25.65    37.58    4.602    5.743    80    2    0     0     67.50  73.75  N/A         N/A          -0.21        -0.21        73.75  62.502   1.85     10.37       7.1         71       2.8      2.67          0.54    65.00     0.56    0.59    0.82    0.40    0.83     90.50   4.74    71.11   71.02   0.65    330.10     11.18    84.44    0.28      7.79          6.74          9.68           87.10        
137  T0974s2TS497_4-D1   497s    65.00    100.00  137   N/A       N/A        -0.50     -0.50      44.38    N/A           18.28    35.67    3.5      4.542    80    0    0     0     67.50  87.50  N/A         N/A          -0.21        -0.21        87.50  66.393   2.26     11.80       7.1         76       2.5      3.11          0.53    65.00     0.56    0.60    0.88    0.35    0.88     90.50   4.74    73.16   70.03   0.66    323.10     8.16     84.23    0.27      10.39         11.24         10.75          76.34        
138  T0974s2TS282_3-D1   282s    65.00    100.00  137   N/A       N/A        -0.50     -0.50      44.06    N/A           18.08    33.26    4.293    4.719    80    1    0     0     72.50  83.75  N/A         N/A          -0.05        -0.05        83.75  66.994   2.25     11.59       7.3         75       2.8      2.98          0.55    68.12     0.57    0.62    0.83    0.36    0.85     100.00  4.89    78.45   68.29   0.64    326.40     13.20    59.71    0.27      20.78         5.62          7.53           88.17        
139  T0974s2TS407_1-D1   407s    64.38    100.00  139   -0.65     -0.65      -0.52     -0.52      44.06    -0.93         25.06    35.28    4.373    4.782    80    0    0     0     70.00  86.25  -0.25       -0.25        -0.13        -0.13        86.25  69.817   2.33     11.39       7.4         75       2.8      1.25          0.59    79.38     0.65    0.67    0.85    0.32    0.83     100.00  4.89    80.52   75.62   0.64    329.60     8.88     80.76    0.37      2.60          0.00          1.08           96.77        
140  T0974s2TS497_1-D1   497s    62.81    100.00  140   -0.71     -0.71      -0.59     -0.59      41.56    -1.03         16.78    32.23    3.66     4.615    80    0    0     0     61.25  78.75  -0.54       -0.54        -0.42        -0.42        78.75  60.108   2.03     11.80       6.3         77       3.4      2.87          0.53    73.75     0.55    0.60    0.88    0.35    0.87     80.20   4.74    70.45   71.36   0.62    294.40     5.68     87.78    0.26      9.09          6.74          5.38           78.49        
141  T0974s2TS497_5-D1   497s    62.19    100.00  141   N/A       N/A        -0.61     -0.61      41.25    N/A           14.52    29.96    4.121    5.047    80    2    0     0     62.50  81.25  N/A         N/A          -0.38        -0.38        81.25  61.13    2.22     11.80       6.2         74       2.7      2.96          0.50    58.12     0.53    0.55    0.82    0.41    0.84     88.40   4.74    65.65   67.55   0.62    290.80     14.40    85.28    0.23      14.29         5.62          6.45           80.65        
142  T0974s2TS497_3-D1   497s    60.00    100.00  142   N/A       N/A        -0.71     -0.71      38.12    N/A           13.12    26.80    3.952    4.861    80    1    0     0     55.00  80.00  N/A         N/A          -0.62        -0.62        80.00  55.428   2.33     9.76        5.3         71       2.9      2.79          0.51    62.50     0.54    0.58    0.84    0.50    0.82     88.40   4.58    69.36   66.65   0.59    258.30     7.70     84.95    0.25      15.58         4.49          6.45           88.17        
143  T0974s2TS282_5-D1   282s    58.44    100.00  143   N/A       N/A        -0.77     -0.77      38.12    N/A           14.79    27.97    5.084    5.548    80    0    0     0     50.00  67.50  N/A         N/A          -0.78        -0.78        67.50  53.013   2.31     10.98       5.6         70       3        2.71          0.49    60.62     0.56    0.54    0.82    0.50    0.82     100.00  4.58    71.40   66.26   0.57    266.50     12.78    57.84    0.23      7.14          7.87          4.30           86.02        
144  T0974s2TS407_5-D1   407s    57.50    100.00  144   N/A       N/A        -0.81     -0.81      37.19    N/A           17.05    27.36    5.473    5.93     80    0    0     0     35.00  71.25  N/A         N/A          -1.27        -1.27        71.25  50.122   2.52     9.96        5.6         70       3        1.00          0.53    65.00     0.61    0.59    0.80    0.36    0.80     87.40   4.58    68.67   72.22   0.55    264.60     14.77    73.45    0.28      1.95          0.00          0.00           97.85        
145  T0974s2TS407_4-D1   407s    55.31    100.00  145   N/A       N/A        -0.91     -0.91      40.31    N/A           26.22    31.55    6.501    6.835    80    0    0     0     53.75  61.25  N/A         N/A          -0.66        -0.66        76.25  63.758   2.08     7.92        5.4         70       3.3      0.96          0.54    63.75     0.64    0.57    0.69    0.59    0.76     89.50   3.89    56.32   75.19   0.53    270.30     10.98    68.59    0.34      1.95          0.00          0.00           98.92        
146  T0974s2TS378_2-D1   378s    54.69    100.00  146   N/A       N/A        -0.93     -0.93      35.00    N/A           15.82    26.29    4.925    5.807    80    0    0     0     55.00  71.25  N/A         N/A          -0.62        -0.62        71.25  52.464   2.30     10.17       3.9         60       2.8      3.84          0.39    56.25     0.54    0.55    0.79    0.36    0.82     82.50   4.42    61.17   64.20   0.53    211.20     10.83    68.05    0.21      257.79        7.87          3.23           95.70        
147  T0974s2TS407_3-D1   407s    53.44    100.00  147   N/A       N/A        -0.98     -0.98      34.69    N/A           15.72    22.77    5.742    6.011    80    0    0     0     45.00  66.25  N/A         N/A          -0.95        -0.95        71.25  50.007   2.42     9.55        4.5         68       3.5      0.96          0.54    68.75     0.61    0.61    0.76    0.42    0.78     93.50   4.58    57.37   72.83   0.48    233.60     13.95    65.79    0.30      1.95          0.00          0.00           100.00       
148  T0974s2TS378_1-D1   378s    52.19    100.00  148   -1.17     -1.17      -1.04     -1.04      33.12    -1.38         11.52    19.17    5.475    5.879    80    0    0     0     37.50  61.25  -1.35       -1.35        -1.19        -1.19        63.75  50.161   2.23     9.15        2.4         54       2.8      4.41          0.38    56.25     0.51    0.52    0.70    0.57    0.81     85.30   3.70    51.84   64.39   0.46    170.40     11.92    60.73    0.20      285.25        15.73         3.23           88.17        
149  T0974s2TS378_4-D1   378s    50.94    100.00  149   N/A       N/A        -1.09     -1.09      29.06    N/A           8.70     16.14    5.377    6.054    80    0    0     0     22.50  56.25  N/A         N/A          -1.68        -1.68        58.75  42.15    2.46     7.92        2.1         57       3.2      4.31          0.32    48.75     0.51    0.47    0.76    0.49    0.81     85.70   3.07    46.71   58.06   0.44    148.50     15.65    59.12    0.17      212.10        14.61         4.30           86.02        
150  T0974s2TS378_3-D1   378s    45.62    100.00  150   N/A       N/A        -1.31     -1.31      25.31    N/A           9.29     12.20    5.704    6.369    80    0    0     0     25.00  45.00  N/A         N/A          -1.60        -1.60        56.25  43.108   2.47     6.29        1.8         54       3.6      3.94          0.35    53.75     0.54    0.51    0.77    0.47    0.78     85.30   3.70    46.29   63.66   0.37    146.00     9.61     51.46    0.22      241.07        7.87          0.00           93.55        
151  T0974s2TS007_5-D1   007s    45.00    100.00  151   N/A       N/A        -1.34     -1.34      30.31    N/A           9.68     15.16    8.241    8.795    80    0    0     0     35.00  43.75  N/A         N/A          -1.27        -1.27        70.00  64.433   1.80     4.25        5.3         60       2.1      2.93          0.39    36.25     0.49    0.41    0.48    1.02    0.70     70.20   4.07    49.92   53.83   0.39    259.70     68.44    62.54    0.19      78.57         2.25          1.08           95.70        
152  T0974s2TS378_5-D1   378s    42.81    100.00  152   N/A       N/A        -1.43     -1.43      23.12    N/A           4.23     8.87     6.326    6.77     80    0    0     0     11.25  52.50  N/A         N/A          -2.05        -2.05        52.50  36.102   2.46     6.08        1.1         50       3.3      4.63          0.30    51.88     0.51    0.48    0.63    0.77    0.73     84.20   3.70    49.29   60.18   0.36    106.10     17.92    52.94    0.19      359.51        15.73         6.45           81.72        
153  T0974s2TS402_2-D1   402s    40.62    100.00  153   N/A       N/A        -1.53     -1.53      27.81    N/A           14.20    20.79    12.248   12.547   80    0    0     0     38.75  42.50  N/A         N/A          -1.15        -1.15        47.50  42.588   2.05     4.66        1.9         41       2.9      2.81          0.32    35.62     0.49    0.39    0.48    1.10    0.69     82.90   3.07    36.15   55.01   0.39    111.20     83.46    61.33    0.13      68.18         1.12          1.08           92.47        
154  T0974s2TS402_5-D1   402s    40.62    100.00  153   N/A       N/A        -1.53     -1.53      28.12    N/A           10.96    18.39    10.817   11.158   80    0    0     0     38.75  43.75  N/A         N/A          -1.15        -1.15        50.00  38.449   2.40     5.47        1.3         41       3        3.19          0.33    34.38     0.49    0.41    0.52    1.11    0.69     82.90   3.29    36.75   56.58   0.39    104.30     79.19    59.81    0.15      64.94         3.37          1.08           91.40        
155  T0974s2TS041_1-D1   041s    40.31    100.00  155   -1.68     -1.68      -1.54     -1.54      25.94    -1.67         9.88     16.92    9.724    10.198   80    1    0     0     33.75  45.00  -1.47       -1.47        -1.31        -1.31        50.00  40.253   2.39     6.49        1.5         47       3.6      3.12          0.40    41.25     0.50    0.43    0.58    1.10    0.56     100.00  3.29    38.53   61.44   0.39    135.50     16.98    N/A      0.13      16.89         7.87          6.45           81.72        
156  T0974s2TS402_3-D1   402s    40.31    100.00  155   N/A       N/A        -1.54     -1.54      26.25    N/A           8.01     15.15    10.373   10.799   80    0    0     0     28.75  51.25  N/A         N/A          -1.48        -1.48        55.00  39.598   2.40     6.49        1.6         43       3.2      3.04          0.33    35.00     0.47    0.40    0.53    1.01    0.76     82.90   3.29    39.67   56.52   0.37    109.60     83.63    59.54    0.16      55.84         3.37          4.30           93.55        
157  T0974s2TS041_5-D1   041s    40.00    100.00  157   N/A       N/A        -1.55     -1.55      26.88    N/A           10.05    15.25    10.146   10.58    80    0    0     0     30.00  50.00  N/A         N/A          -1.44        -1.44        57.50  45.625   2.28     5.88        1.5         49       3.2      2.91          0.39    38.75     0.50    0.43    0.54    1.20    0.56     100.00  3.07    38.12   61.61   0.38    127.90     18.61    N/A      0.12      13.65         5.62          10.75          82.80        
158  T0974s2TS365_5-D1   365s    39.38    100.00  158   N/A       N/A        -1.58     -1.58      27.81    N/A           11.84    16.90    9.631    10.087   80    1    0     0     35.00  47.50  N/A         N/A          -1.27        -1.27        50.00  36.479   2.43     5.68        1.4         44       3.1      1.92          0.35    31.88     0.48    0.38    0.47    1.14    0.64     75.10   3.29    37.66   53.16   0.37    97.70      68.94    N/A      0.16      0.65          4.49          1.08           81.72        
159  T0974s2TS402_1-D1   402s    39.06    100.00  159   -1.74     -1.74      -1.59     -1.59      25.62    -1.68         8.62     16.42    10.232   10.565   80    0    0     0     32.50  43.75  -1.52       -1.52        -1.35        -1.35        48.75  38.585   2.42     5.68        1.5         43       3.6      3.08          0.34    38.12     0.49    0.41    0.52    1.11    0.69     78.90   3.07    41.20   57.66   0.36    107.30     83.11    61.79    0.12      68.18         2.25          3.23           91.40        
160  T0974s2TS402_4-D1   402s    38.75    100.00  160   N/A       N/A        -1.61     -1.61      26.25    N/A           10.15    18.91    11.208   11.648   80    0    0     0     35.00  43.75  N/A         N/A          -1.27        -1.27        48.75  40.44    2.15     5.06        0.3         30       4.8      3.23          0.32    36.25     0.48    0.38    0.50    1.19    0.68     78.90   2.30    38.79   55.31   0.37    61.20      74.33    61.20    0.13      65.58         3.37          1.08           90.32        
161  T0974s2TS365_3-D1   365s    38.44    100.00  161   N/A       N/A        -1.62     -1.62      26.25    N/A           10.22    14.82    9.586    9.981    80    0    0     0     27.50  36.25  N/A         N/A          -1.52        -1.52        41.25  36.483   2.17     5.27        1           34       3.8      2.38          0.35    33.75     0.48    0.37    0.42    1.16    0.63     74.60   2.30    36.81   53.74   0.34    79.10      61.27    N/A      0.17      1.95          10.11         5.38           84.95        
162  T0974s2TS365_4-D1   365s    38.12    100.00  162   N/A       N/A        -1.63     -1.63      26.88    N/A           10.66    15.14    9.738    10.184   80    1    0     0     23.75  40.00  N/A         N/A          -1.64        -1.64        45.00  34.023   2.24     5.47        0.9         42       3.8      2.18          0.34    31.25     0.48    0.38    0.47    1.14    0.64     75.90   3.29    38.01   53.15   0.35    83.50      61.15    N/A      0.16      1.95          4.49          4.30           80.65        
163  T0974s2TS365_1-D1   365s    38.12    100.00  162   -1.78     -1.78      -1.63     -1.63      27.50    -1.61         9.46     15.09    9.674    10.168   80    0    0     0     30.00  45.00  -1.60       -1.60        -1.44        -1.44        48.75  33.419   2.67     5.27        0.4         46       4.7      1.98          0.34    31.88     0.48    0.37    0.45    1.18    0.64     74.80   3.07    37.81   53.22   0.34    88.00      61.57    N/A      0.16      0.65          6.74          5.38           86.02        
164  T0974s2TS041_4-D1   041s    37.50    100.00  164   N/A       N/A        -1.66     -1.66      24.38    N/A           8.13     13.43    8.985    9.425    80    1    0     0     18.75  42.50  N/A         N/A          -1.80        -1.80        53.75  36.724   2.63     6.08        1           45       3.5      3.36          0.40    40.00     0.49    0.44    0.59    1.14    0.57     87.40   3.50    40.68   60.60   0.35    112.30     14.95    N/A      0.13      15.59         13.48         13.98          74.19        
165  T0974s2TS365_2-D1   365s    36.56    100.00  165   N/A       N/A        -1.70     -1.70      24.06    N/A           8.70     13.41    9.876    10.331   80    0    0     0     32.50  45.00  N/A         N/A          -1.35        -1.35        52.50  35.13    2.62     5.06        0.8         45       3.9      2.00          0.34    31.88     0.48    0.37    0.43    1.18    0.63     75.90   2.58    37.76   53.00   0.33    96.90      69.88    N/A      0.14      0.65          6.74          2.15           84.95        
166  T0974s2TS348_5-D1   348s    34.38    100.00  166   N/A       N/A        -1.79     -1.79      16.56    N/A           2.91     7.65     7.243    8.612    80    1    0     0     1.25   3.75   N/A         N/A          -2.37        -2.37        46.25  28.568   2.48     2.21        0           0        N/A      4.16          0.28    14.26     0.36    0.32    0.56    1.57    0.63     15.20   3.89    41.44   40.80   0.31    N/A        28.14    63.97    0.09      294.97        3.37          7.53           70.97        
167  T0974s2TS041_2-D1   041s    32.81    100.00  167   N/A       N/A        -1.86     -1.86      22.19    N/A           2.85     9.40     11.689   12.093   80    1    0     0     1.25   3.75   N/A         N/A          -2.37        -2.37        43.75  28.939   2.40     3.64        0.6         43       4.2      3.35          0.37    37.50     0.48    0.40    0.59    1.24    0.48     100.00  3.07    32.56   59.51   0.27    93.00      18.37    N/A      0.09      16.89         13.48         15.05          77.42        
168  T0974s2TS041_3-D1   041s    31.25    100.00  168   N/A       N/A        -1.92     -1.92      20.00    N/A           2.75     7.20     10.805   11.559   80    0    0     0     0.00   0.00   N/A         N/A          -2.41        -2.41        55.00  38.031   2.30     2.00        0.7         47       3.4      3.19          0.37    26.88     0.47    0.37    0.49    1.45    0.49     100.00  3.70    28.96   57.00   0.27    95.80      22.97    N/A      0.10      13.65         8.99          18.28          72.04        
169  T0974s2TS348_1-D1   348s    31.25    100.00  168   -2.08     -2.08      -1.92     -1.92      17.50    -2.01         3.37     8.93     10.163   10.946   80    0    0     0     0.00   0.00   -2.61       -2.61        -2.41        -2.41        47.50  30.062   2.55     4.04        0           0        N/A      4.36          0.28    17.41     0.36    0.34    0.61    1.95    0.34     15.70   3.70    38.99   40.38   0.28    N/A        24.02    56.70    0.06      330.91        4.49          9.68           63.44        
170  T0974s2TS348_2-D1   348s    27.19    100.00  170   N/A       N/A        -2.09     -2.09      14.38    N/A           3.53     7.38     10.853   11.781   80    0    0     0     0.00   0.00   N/A         N/A          -2.41        -2.41        48.75  32.068   2.91     -0.85       0           0        N/A      3.12          0.30    14.32     0.35    0.28    0.56    1.73    0.35     4.10    3.70    29.01   35.47   0.25    N/A        35.62    52.41    0.08      43.07         1.12          16.13          50.54        
171  T0974s2TS458_2-D1   458s    27.19    100.00  170   N/A       N/A        -2.09     -2.09      18.12    N/A           2.48     11.10    15.312   15.631   80    0    0     0     0.00   3.75   N/A         N/A          -2.41        -2.41        32.50  26.914   1.95     1.39        0           0        N/A      3.98          0.27    20.62     0.41    0.35    0.29    1.38    0.56     85.20   2.58    32.68   47.69   0.25    N/A        150.79   44.91    0.06      30.56         31.46         18.28          65.59        
172  T0974s2TS458_3-D1   458s    26.56    100.00  172   N/A       N/A        -2.12     -2.12      18.44    N/A           2.63     6.31     15.64    16.158   80    0    0     0     2.50   30.00  N/A         N/A          -2.33        -2.33        32.50  24.815   2.24     0.98        0.3         32       4        2.86          0.28    18.75     0.47    0.31    0.31    1.66    0.53     97.50   1.99    33.17   52.12   0.21    67.20      158.33   56.51    0.10      9.09          7.87          8.60           82.80        
173  T0974s2TS348_3-D1   348s    26.25    100.00  173   N/A       N/A        -2.13     -2.13      12.81    N/A           2.43     5.47     11.038   12.059   80    0    0     0     0.00   0.00   N/A         N/A          -2.41        -2.41        47.50  31.158   2.58     0.58        0           0        N/A      2.32          0.28    10.55     0.36    0.25    0.59    1.86    0.37     4.10    3.07    29.03   36.18   0.23    N/A        30.60    52.73    0.08      7.95          0.00          9.68           64.52        
174  T0974s2TS348_4-D1   348s    25.94    100.00  174   N/A       N/A        -2.15     -2.15      12.19    N/A           4.20     6.31     11.484   12.313   80    0    0     0     0.00   0.00   N/A         N/A          -2.41        -2.41        30.00  21.018   2.53     -0.45       0           0        N/A      2.68          0.27    8.68      0.34    0.24    0.57    2.05    0.35     4.10    3.29    25.43   30.07   0.24    N/A        46.47    51.93    0.04      16.57         0.00          9.68           52.69        
175  T0974s2TS458_1-D1   458s    25.62    100.00  175   -2.32     -2.32      -2.16     -2.16      18.44    -1.98         5.65     9.06     15.743   16.51    80    0    0     0     0.00   0.00   -2.61       -2.61        -2.41        -2.41        35.00  26.989   2.05     0.78        0.3         38       7.6      3.18          0.27    20.00     0.45    0.30    0.29    1.78    0.53     87.00   1.64    28.38   50.37   0.21    75.20      142.04   46.77    0.08      16.88         6.74          8.60           72.04        
176  T0974s2TS257_5-D1   257s    25.31    100.00  176   N/A       N/A        -2.17     -2.17      20.62    N/A           7.25     13.98    30.215   30.488   80    0    0     0     26.25  26.25  N/A         N/A          -1.56        -1.56        26.25  25.411   1.74     0.98        0           0        N/A      2.31          0.26    20.62     0.50    0.35    0.36    1.67    0.57     89.50   2.83    27.13   55.50   0.24    N/A        950.08   56.77    0.12      2.60          5.62          6.45           82.80        
177  T0974s2TS257_2-D1   257s    25.00    100.00  177   N/A       N/A        -2.19     -2.19      19.06    N/A           6.17     9.12     29.621   29.881   80    2    0     0     13.75  26.25  N/A         N/A          -1.97        -1.97        26.25  25.273   1.61     1.39        0.2         30       5.8      2.37          0.26    18.75     0.47    0.33    0.34    1.75    0.56     89.90   2.83    29.33   52.79   0.22    58.60      911.49   69.44    0.10      1.95          7.87          11.83          80.65        
178  T0974s2TS458_4-D1   458s    24.69    100.00  178   N/A       N/A        -2.20     -2.20      17.50    N/A           3.86     8.57     16.287   17.024   80    0    0     0     0.00   0.00   N/A         N/A          -2.41        -2.41        38.75  28.128   2.24     0.17        0.4         39       10.9     2.94          0.28    16.88     0.44    0.29    0.26    1.82    0.51     80.60   2.58    29.40   50.06   0.20    78.80      178.13   52.56    0.08      8.44          8.99          4.30           78.49        
179  T0974s2TS458_5-D1   458s    24.69    100.00  178   N/A       N/A        -2.20     -2.20      19.06    N/A           6.93     9.80     16.038   16.61    80    0    0     0     0.00   0.00   N/A         N/A          -2.41        -2.41        33.75  26.12    1.93     0.37        0.1         33       5.6      2.79          0.28    20.00     0.50    0.31    0.30    1.61    0.53     100.00  1.64    27.80   53.82   0.23    62.20      155.64   51.64    0.13      9.74          5.62          10.75          81.72        
180  T0974s2TS257_4-D1   257s    23.44    100.00  180   N/A       N/A        -2.25     -2.25      17.50    N/A           2.16     7.18     30.662   30.835   80    2    0     0     0.00   0.00   N/A         N/A          -2.41        -2.41        22.50  18.193   2.14     0.98        0           0        N/A      2.12          0.25    20.00     0.47    0.32    0.37    1.61    0.59     88.40   2.30    26.49   52.36   0.19    N/A        939.45   66.80    0.11      1.30          6.74          9.68           86.02        
181  T0974s2TS257_1-D1   257s    22.81    100.00  181   -2.44     -2.44      -2.28     -2.28      18.44    -1.98         3.61     7.81     32.346   32.578   80    2    0     0     0.00   0.00   -2.61       -2.61        -2.41        -2.41        28.75  24.033   2.29     0.37        0           0        N/A      2.18          0.26    19.38     0.50    0.33    0.36    1.75    0.56     100.00  2.58    26.17   55.10   0.20    N/A        1114.10  67.60    0.11      1.30          6.74          6.45           82.80        
182  T0974s2TS257_3-D1   257s    21.25    100.00  182   N/A       N/A        -2.34     -2.34      16.25    N/A           4.89     9.32     28.591   28.911   80    0    0     0     0.00   0.00   N/A         N/A          -2.41        -2.41        26.25  21.394   2.34     0.58        0           0        N/A      2.52          0.26    18.12     0.48    0.33    0.32    1.69    0.50     90.50   2.83    28.67   51.67   0.19    N/A        853.16   67.57    0.11      3.90          6.74          10.75          81.72        

